0.125 0.125 0.125 0.125 0.125 0.125 0.125 0.125
0.11301829483647666 0.08900190718372537 0.135621953803772 0.10680228862047045 0.14127286854559584 0.11125238397965673 0.169527442254715 0.13350286077558807
0.08769198837691987 0.1551473640514736 0.07644942576449425 0.13525667635256677 0.10523038605230386 0.18617683686176836 0.0917393109173931 0.1623080116230801
0.12083955277981201 0.08821710308970589 0.13442606185098038 0.10586052370764706 0.1400271477614379 0.11027137886213234 0.16803257731372548 0.1323256546345588
0.08654057628750815 0.15311025035482212 0.07544563060962249 0.13348073107856287 0.11697887721787535 0.18373230042578656 0.09053475673154698 0.16017687729427546
0.15160996453947015 0.10503453209880789 0.16005262034104062 0.1260414385185695 0.116277544692209 0.09156856644511457 0.13953305363065077 0.10988227973413749
0.09688824679686801 0.12337592256873385 0.08883066424948838 0.14805110708248062 0.09253194192655038 0.1542199032109173 0.11103833031186047 0.18506388385310077
0.061659214937232115 0.10908938027356453 0.053754187381176724 0.09510356228977421 0.13374737564612357 0.24893078013022707 0.10750837476235345 0.19020712457954841
0.10952123689323323 0.07668693734346896 0.194760475792937 0.15337387468693792 0.09530045512973835 0.0668552787096909 0.16979118402461177 0.1337105574193818
0.11236438404014866 0.15246551382069842 0.09747959072776734 0.13721896243862855 0.12464405740473537 0.190581892275873 0.10291422182897143 0.08233137746317713
0.08791296525207887 0.11836767745892464 0.09319433510712401 0.14204121295070954 0.09939084543102639 0.17501053789871765 0.10653090971303217 0.1775515161883869
0.10540846956291104 0.1481861300160713 0.08715329205285147 0.13336751701446417 0.1295994854888835 0.21623895789529193 0.10002563776084814 0.08002051020867851
0.08126344869280173 0.14377379384111078 0.07084505783475023 0.12534125616917352 0.10942115084884817 0.23393171580860692 0.08501406940170027 0.15040950740300818
0.09299271935506863 0.07506641200951324 0.18598543871013726 0.15013282401902647 0.09244186587305296 0.10087430357695418 0.16738689483912353 0.13511954161712383
0.11057342498286951 0.0727040850430685 0.217729577574445 0.145408170086137 0.09630309453820914 0.06954272919212158 0.16097282158497864 0.1267660969981707
0.0868062159832293 0.11656513235116488 0.11548532467182054 0.13987815882139787 0.10578673175734687 0.15572211877224484 0.10490861911604839 0.1748476985267473
0.08326391432264552 0.11690517629505259 0.10075781337262572 0.1402862115540631 0.10986016938261202 0.1683542919648749 0.10521465866554731 0.17535776444257886
0.08263797468506753 0.11677292833304757 0.09853457550945312 0.1401275139996571 0.11170160638900922 0.16997037308445131 0.10509563549974282 0.17515939249957133
0.10068388053938622 0.1420946061576652 0.08983987015877266 0.12788514554189867 0.13688974028515125 0.22996181083556305 0.095913859156424 0.0767310873251392
0.0665866377402763 0.1178071283097196 0.09047047324915244 0.14725891038714947 0.09049021552817384 0.21079598571053457 0.09987995661041445 0.17671069246457938
0.09161401652225237 0.07395348321675796 0.19920013666834216 0.14790696643351592 0.08964162993044973 0.09966226769846318 0.16490522974005428 0.1331162697901643
0.12055305282166856 0.07897090439620177 0.16222013978294209 0.09476508527544214 0.15419117288082923 0.12042251797013402 0.15042077027847955 0.11845635659430266
0.126847787775326 0.07658443523136145 0.1508002411731414 0.09190132227763373 0.17115908662425763 0.12195535934483508 0.14587511472640274 0.11487665284704215
0.07500396195205687 0.09453071255970213 0.06500575660680634 0.08507764130373192 0.166267829574566 0.24186564583119444 0.1020931695644783 0.17015528260746385
0.09473123409508812 0.13251430363899175 0.08002981836381906 0.11926287327509258 0.14454617745241485 0.2679107142532186 0.08944715495631944 0.07155772396505555
0.05475686431992868 0.09687752918141229 0.05436241148621634 0.08445733313251329 0.12522653408976359 0.3199311545057765 0.09547350701936284 0.16891466626502658
0.10122155012328701 0.06987688897696259 0.19515837643413553 0.13975377795392518 0.10401494787259155 0.11342465464561648 0.15471317705929039 0.1218366269341912
0.06738787007527636 0.11922469321010433 0.112040311455201 0.1490308665126304 0.08900806746040853 0.18338934635830834 0.10108180511291454 0.17883703981515647
0.10385634980486104 0.07005573954445117 0.22255441875851892 0.14011147908890234 0.09591934789316182 0.09024502904105984 0.15510916691974533 0.12214846894929947
0.06768631258400695 0.11975270687939693 0.11640035907593882 0.14969088359924615 0.08875227057621292 0.17655893809009238 0.10152946887601044 0.17962906031909537
0.10875817946620472 0.08234027406731748 0.15287368690526218 0.10292534258414685 0.133032473697944 0.1435541975306706 0.153005434647478 0.1235104111009762
0.10945658315989566 0.0674045659583228 0.2382726239784035 0.1348091319166456 0.10186405959432819 0.08142787488010032 0.14923925063625396 0.11752590987605002
0.10594516758787254 0.1378946468591757 0.12211949434744712 0.12410518217325814 0.1323256427148862 0.21006787038346192 0.09307888662994361 0.07446310930395487
0.08200858960318529 0.10714590575833711 0.10283575327319765 0.12857508691000455 0.1099801850645356 0.21230430557073068 0.0964313151825034 0.16071885863750568
0.10795728779406072 0.08053319286810613 0.147142266286948 0.10066649108513265 0.14275295095807744 0.15050052152522927 0.14964750018028677 0.12079978930215918
0.12165431160300054 0.07491500498081553 0.15962459570667964 0.08989800597697864 0.16585004554507418 0.1329902811337224 0.14269524758250576 0.11237250747122329
0.12378711758863949 0.07397846633598879 0.16198339941638387 0.08877415960318655 0.17240624784782752 0.12719154525448814 0.14091136444950245 0.11096769950398318
0.09411786394694246 0.1364924293403729 0.08661647342897649 0.11899339993776098 0.1209396693895057 0.2193395171168208 0.08070856691430744 0.14279207992531318
0.08056086103789264 0.10817799043775427 0.0960073261599333 0.12981358852530508 0.10843270974383094 0.21738034704467357 0.09736019139397882 0.16226698565663136
0.0868113672287942 0.13448445849704954 0.07748671317201596 0.11724286125383805 0.1086567861652162 0.2551051351541381 0.07952124502434232 0.14069143350460567
0.1407163895310385 0.10328066923990363 0.16684480760845383 0.1083700847191139 0.1308237541731707 0.13551767205663354 0.1199701385575864 0.0944764841140993
0.07528491777275093 0.10164531162307416 0.07270697097392241 0.08230153466934019 0.15095319569127982 0.2537431583277439 0.09876184160320821 0.16460306933868038
0.11084856942527925 0.07884696148513114 0.13799688769678128 0.09855870185641391 0.14890575378252457 0.16005855360231017 0.14651412992386306 0.1182704422276967
0.10890443100556235 0.07205171170018541 0.2341423123718615 0.13287775699716736 0.10474981422926055 0.08433068736294395 0.14710113920728335 0.11584214712573565
0.07295360472959572 0.10201537623188385 0.08483478395362873 0.08529237213470568 0.1473328630840043 0.2346354090351235 0.10235084656164682 0.17058474426941136
0.07162081202733159 0.11202227422741676 0.09121646988916916 0.14002784278427097 0.10139524741742136 0.22070853590306386 0.09497540641020118 0.16803341134112512
0.08459553431145109 0.13284310317891157 0.10899697501002158 0.1660538789736395 0.08288014934033962 0.19071098184885768 0.08447088626050357 0.14944849107627553
0.1054996544911359 0.07777002831420224 0.22576775641059404 0.13655280228989414 0.09301806290217784 0.09117609740987731 0.1511695654165698 0.11904603276554873
0.08356878910156047 0.11840938403518506 0.12873577808256728 0.13130453948169638 0.10350392572464598 0.17186850461095196 0.0984784046112723 0.16413067435212048
0.06702131062370996 0.10336078396661014 0.06750795504170876 0.08271645896160468 0.14223089209432593 0.2724699306349057 0.09925975075392558 0.16543291792320935
0.07207147154450112 0.11051780689876332 0.08765892859414115 0.13814725862345417 0.09941979015605341 0.23270815407294693 0.09369987976199501 0.165776710348145
0.10143508490346305 0.07042948613925418 0.2018224104156655 0.14085897227850835 0.0980700113074094 0.10356371767810807 0.15704724222693392 0.12677307505065752
0.1433848573075486 0.09616048427287174 0.21340688314907144 0.10743564889713476 0.12628881674111048 0.10072578218502269 0.11893567969076374 0.09366184775647646
0.08512558326140884 0.11310975302108332 0.11934458720477961 0.14138719127635416 0.10157735171304842 0.17389350469121687 0.09589739930048369 0.16966462953162498
0.07985166048740308 0.12110651170994281 0.1039109469219116 0.12989680977383442 0.10421279017282471 0.2012276613864144 0.09742260733037583 0.16237101221729303
0.06622513235456601 0.1023483157674112 0.0632900045745028 0.0816781575853451 0.140799835996474 0.2842884494485967 0.09801378910241411 0.1633563151706902
0.059537685598089425 0.09131124730530875 0.05159836359147429 0.07960467713796146 0.14062840855287542 0.32812236764328084 0.08998789589508688 0.15920935427592292
0.06934630836045023 0.10764323674991597 0.08526530019022388 0.13455404593739495 0.10104821492014962 0.24941529451597572 0.0912627442010157 0.16146485512487393
0.10129382011793077 0.06952831838209578 0.20586051956215173 0.13905663676419155 0.09835889572076459 0.10571306373397227 0.155037772631121 0.1251509730877724
0.10646036513010289 0.07061265020738651 0.2635952215323267 0.13156926161333488 0.0929871142641561 0.07442139866334244 0.14565258102900724 0.11470140756034324
0.08175976875028151 0.1136851816238973 0.1344924791380961 0.14210647702987164 0.09633595074703523 0.1647071075938419 0.09638526268113035 0.17052777243584596
0.14061509002937767 0.10157544134035774 0.19028308399181432 0.10889657674480516 0.12754601427084472 0.11559532958810669 0.12055298687255596 0.09493547716213784
0.10249195322679791 0.1328434375742979 0.09779138861466483 0.11581222762887508 0.12204024671155514 0.21149517087131325 0.07855090221784569 0.1389746731546501
0.10706857709563311 0.06841448383077119 0.2120901790807889 0.13682896766154237 0.1018812923000028 0.09801634131024355 0.15255408782563007 0.12314607089538812
0.08494316563859158 0.11703367888480123 0.12559219485433407 0.13095096621612257 0.10539435752755848 0.17418370444634718 0.09821322466209192 0.16368870777015318
0.07990080709095973 0.12114328373258935 0.10504782162229499 0.12938976156365084 0.1048637503968771 0.20087505246632623 0.09704232117273814 0.16173720195456354
0.07621687140619439 0.11212300972668011 0.10133880275827874 0.14015376215835015 0.09770352752625006 0.20921869923986716 0.09506081259435924 0.16818451459002015
0.10477650347309239 0.07621782840742836 0.2223377528473163 0.13634252581865391 0.09617796761757466 0.09434792630060866 0.15093678071906333 0.1188627148162624
0.10486930249362021 0.1463051324246447 0.11903120358709347 0.12183269655128884 0.12913932973458322 0.21434819486452955 0.09137452241346664 0.0730996179307733
0.09301397811363148 0.12926696520410969 0.08438731677701372 0.11269427735742897 0.11954463117158462 0.24942357999184317 0.07643611855547357 0.13523313282891478
0.11752597188317686 0.0764692941112802 0.14550812679402064 0.09558661763910024 0.15184705458459846 0.15626306670367374 0.14209592711722963 0.1147039411669203
0.12213736585091316 0.07547629049470635 0.1633261340595259 0.09434536311838293 0.16050167111472616 0.1307480207153436 0.14025071890434238 0.1132144357420595
0.1241779625229281 0.075098689089853 0.1683514699055745 0.09387336136231625 0.16261692913927628 0.12368449775293344 0.13954905659233877 0.11264803363477949
0.08415550616976085 0.11106154708289577 0.11470190449155153 0.13882693385361972 0.11023542827447917 0.18026548262872033 0.09416087687462903 0.16659232062434365
0.1418263621090032 0.10122009330688106 0.18259594611433397 0.10873156104269625 0.1314140646933101 0.11905004770748755 0.12037030770701417 0.09479161731927366
0.0762093340407298 0.09651065636542412 0.07135565888984717 0.08413749529293386 0.14992194233971007 0.2584779712847795 0.09511195120070784 0.16827499058586773
0.11414387230298771 0.07600217127585963 0.14059610399872557 0.09500271409482454 0.1609807887353033 0.15804317739724824 0.14122791528126158 0.11400325691378946
0.10877739300078432 0.06653743316681703 0.22840252378680112 0.13307486633363405 0.10821437087103902 0.08685748813882613 0.1483685450018278 0.11976737970027064
0.10560170683472557 0.06555427155192761 0.26485386285497475 0.13110854310385522 0.09530893829947458 0.07339874722040855 0.14617624134116394 0.11799768879346968
0.10367256785452222 0.06474804120704505 0.2792489995653746 0.1294960824140901 0.09157967015561388 0.07032969662570991 0.14437846800496315 0.1165464741726811
0.10270913706456149 0.06437812689500273 0.28492139372188297 0.12875625379000546 0.09034659538380263 0.06945425043353992 0.1435536143002001 0.11588062841100491
0.13690021247736522 0.08596639180382078 0.24024879494537116 0.10745798975477598 0.12033647343409831 0.09257030748166183 0.11980763932360843 0.09671219077929837
0.11056241608731733 0.06419821973965407 0.26867424229064846 0.12839643947930815 0.09631570173635712 0.07314373693975085 0.14315244819558684 0.11555679553137733
0.08328855784252424 0.11243676203441627 0.1398293047321281 0.14054595254302035 0.09705300010060111 0.16286445970998475 0.09532681998570076 0.16865514305162443
0.10531130165278108 0.0752783852964678 0.23803770362702809 0.13462497042320257 0.09482632040146677 0.08552058347589116 0.14903537629267843 0.11736535883048427
0.08255913649196815 0.11294618021349874 0.1330755042473453 0.14118272526687342 0.09699374781619981 0.16806471763676983 0.09575871800709676 0.16941927032024812
0.11798311768563988 0.08452126549227834 0.1580984806112338 0.09065634042874342 0.15255310731480168 0.13896830986987616 0.1438989530614975 0.11332042553592928
0.08352542220769567 0.11080500350154916 0.11354282232646563 0.13850625437693642 0.10783607598216251 0.1856335438189446 0.09394337253392211 0.16620750525232372
0.07973220416878239 0.12024674234210729 0.10228794806420127 0.12919051457077355 0.1052574662694187 0.20490409544316954 0.09689288592808018 0.16148814321346694
0.07699331772673045 0.11169073735261677 0.10130594695164286 0.13961342169077096 0.09789282398243064 0.2102733254679256 0.0946943207989577 0.16753610602892516
0.1051879666462245 0.07612956583912701 0.22224818595306176 0.13622395684505972 0.09615775288738618 0.09448770484473683 0.15080551999127487 0.11875934699312898
0.07356666878190594 0.1021497935979903 0.08314081869151976 0.08506559736845701 0.14428523322969755 0.23958197675136694 0.1020787168421484 0.17013119473691402
0.07481473139929376 0.10966244016368887 0.095658166094542 0.1370780502046111 0.10468720522334392 0.22063106913890293 0.09297467753008405 0.16449366024553333
0.07593430706267375 0.11128183517971864 0.0995177852037402 0.13910229397464827 0.09744613376745621 0.21544724917242344 0.09434764286976145 0.16692275276957794
0.10305217852892655 0.0687600474875686 0.21734075625508323 0.1375200949751372 0.09737807676400519 0.09885611730803265 0.15332464320362313 0.1237680854776235
0.1396388705091738 0.08754655317910197 0.21805215374962986 0.10943319147387746 0.12422520921946047 0.10060430770497349 0.12200984183729324 0.0984898723264897
0.11214559401907742 0.06467840818850923 0.26038512931768926 0.12935681637701846 0.09779133833341709 0.0749983822583558 0.1442231967666161 0.11642113473931662
0.10538910839744188 0.0646083848299506 0.27797682026415327 0.1292167696599012 0.09196191537947142 0.07048485364689262 0.14406705512827792 0.11629509269391108
0.10339551927950541 0.0643156405726098 0.28468049319858424 0.1286312811452196 0.09036612573352205 0.06942850791228061 0.14341427912758065 0.11576815303069762
0.1202902576652613 0.07513844454861385 0.210145178345607 0.0939230556857673 0.14028006654446462 0.10789239984553796 0.1396229305418272 0.11270766682292074
0.12416556382258143 0.07458676195645728 0.1849809779087403 0.09323345244557159 0.1554061841324244 0.11714912779089832 0.13859778900864075 0.1118801429346859
0.08484823974734866 0.1107644495808825 0.1197448993016014 0.13845556197610312 0.10858825217650127 0.17754293298418664 0.09390898986205257 0.16614667437132374
0.10629303198649749 0.07548401776730375 0.22951242003076608 0.1351673439788996 0.09769356842514755 0.0883756143822403 0.1496358061142071 0.1178381973149381
0.12222643801140334 0.07602714520660017 0.19354204700957206 0.09503393150825022 0.1439999408502174 0.11385545754104578 0.1412743220630108 0.11404071780990026
0.12494094046250856 0.07477919510935009 0.17984016172627298 0.09347399388668762 0.1569098921248146 0.11893165400971284 0.13895537001662814 0.11216879266402513
0.08498402831281468 0.11077165582052481 0.11858407118294913 0.13846456977565602 0.10890624448461075 0.1782168471926471 0.09391509950001017 0.1661574837307872
0.08012074584403815 0.12038233776932171 0.10351656906240055 0.12933860352339605 0.1056247236858456 0.20233981306820584 0.09700395264254703 0.16167325440424504
0.09107265048646612 0.13182496207799987 0.08362645069862504 0.11492432591415376 0.11563348857475958 0.24706025792228076 0.07794867322873036 0.1379091910969845
0.1062360668969589 0.06823659596439764 0.20895157001184078 0.13647319192879528 0.10089891777612 0.10422036025192666 0.1521574244340449 0.12282587273591576
0.08266743320516157 0.11270437054040135 0.12628909821104856 0.14088046317550168 0.09807373086570371 0.1747746427334148 0.09555370545816637 0.169056555810602
0.10574039497082989 0.07562132849168911 0.23257289106306997 0.13520667776620968 0.09544704727169209 0.08785982189385094 0.14967935023365495 0.11787248830900329
0.08276395505578787 0.11294497756590888 0.13186882436432495 0.1411812219573861 0.09712129452300469 0.16894456181362735 0.09575769837109667 0.16941746634886332
0.10559625327109867 0.07552094804191546 0.23488607763429611 0.13500173498008552 0.09509531701840129 0.08675337867033009 0.14945247014482402 0.11769382023904892
0.07224831795094248 0.10628803717539226 0.08076475239359555 0.08577969559562561 0.14121069405265735 0.24518076009765452 0.09696835154288112 0.17155939119125121
0.11278919814447261 0.08405465664652821 0.14385349129099312 0.09431071655979181 0.1575139722446238 0.1541058907738512 0.14019921446798903 0.11317285987175016
0.1080717304071413 0.07181639394081174 0.2307992431082712 0.13166787381760395 0.10675261908251046 0.08559119986192203 0.14679985334589574 0.11850108643584356
0.10512936006264927 0.06990063287346543 0.2664114474502432 0.12986734965479507 0.09436161805130552 0.07265657394638718 0.14479240327183868 0.11688061468931557
0.08197444988132413 0.11995559605817113 0.13872179210037663 0.13953152998711868 0.09606379682670174 0.1616762223009371 0.09463877686082833 0.16743783598454243
0.09620114997170222 0.14683420056924604 0.130431694514069 0.15645546072298008 0.0865882442107543 0.16525394069509147 0.08183824099355883 0.13639706832259804
0.12166694851970429 0.08708192850288629 0.15710292754851354 0.09047171470851761 0.14886222924736167 0.13811871172464332 0.14360589636272636 0.11308964338564702
0.09875269073203741 0.14154009142292553 0.09262196469772849 0.11278143651850055 0.12540662347183582 0.21706423413091908 0.07649523520385253 0.13533772382220066
0.13886742738885324 0.10065163963686591 0.17123171956207103 0.10918432064383506 0.1324548826071529 0.12761175214752432 0.12173236943424592 0.09826588857945154
0.12890544803371032 0.08235031978249505 0.171932108735169 0.09280925349193196 0.15267188896553574 0.12199268802775871 0.13796718877308095 0.11137110419031834
0.08505369573074582 0.1194119863239556 0.11596391686300929 0.13703550111030915 0.10718407809424878 0.17796240240097674 0.09294581814438362 0.16444260133237099
0.10387929832845949 0.07618366475577876 0.22235841473877285 0.13532069848095257 0.0981969074091013 0.09139990740740375 0.150872480246674 0.12178862863285732
0.10470551603564951 0.07060820687970693 0.2636698375585666 0.13066501614126172 0.09307152921917407 0.07399963776160642 0.14568174187689925 0.11759851452713553
0.1034003659778549 0.06915337650532277 0.27890253501616946 0.12862055851586363 0.09069352181625769 0.0700688153082094 0.14340232419604496 0.11575850266427726
0.13698012753291378 0.09170484555335279 0.237450459448829 0.10673852222458904 0.1198400059008978 0.09221588261823077 0.11900548671905674 0.09606467000213013
0.11035534697123553 0.07008402325827928 0.26683974177092884 0.1274366358055086 0.09578974115727629 0.07271920008537376 0.14208233872644016 0.11469297222495771
0.10438655735779001 0.06888115036145968 0.2797449231811971 0.12814887083470788 0.09098351705979053 0.06964456982168812 0.14287642763212954 0.11533398375123709
0.08179344228648933 0.1197129739268723 0.14168549268988603 0.13937052089237228 0.09526617849158862 0.16039719594972693 0.09452957069221773 0.16724462507084673
0.07989235619807745 0.12194165704600954 0.10899778620403842 0.12995774172755628 0.10295079004963334 0.19634418531957243 0.09746830629566722 0.16244717715944537
0.08976729816686144 0.146337254989713 0.08350293343053374 0.11302166364414198 0.11344098053646558 0.2416457009963307 0.07665817186298324 0.13562599637297035
0.10512303117296942 0.07810449383786747 0.20725673284567764 0.13498061775736675 0.09972577713370609 0.10283347565174837 0.15049331561903426 0.12148255598163009
0.10544095602873255 0.07104566303179442 0.25785623291920934 0.13122796509474177 0.09378756638285136 0.07622706000848943 0.14630938794891357 0.1181051685852676
0.12087045695979999 0.0807512207086282 0.20148735918962246 0.0938337665609471 0.14135746787528664 0.10960901257182813 0.1394901962607512 0.1126005198731365
0.08378938781180348 0.11948690160487542 0.12282095662439235 0.137350957934768 0.10496212936815905 0.17360873696982868 0.09315978016445135 0.1648211495217216
0.10600960305402278 0.07607160683946806 0.23087738524056592 0.13511732684871833 0.09687910264302108 0.08766994764181953 0.1495804350950402 0.1177945926373442
0.08216825685452842 0.1208258904903268 0.13066439370011743 0.13974229238314154 0.09664339243617567 0.167483294529114 0.09478172874682644 0.16769075085976984
0.1415924293493685 0.10213046777295114 0.18871410354867407 0.10873857862977435 0.12752059909054306 0.1161280099286063 0.12037807646438184 0.09479773521570072
0.12939799802296623 0.0822823533264674 0.1774165997344209 0.09258398816163141 0.1507945740042857 0.11879138422644268 0.13763231672982817 0.1111007857939577
0.110682782951742 0.07081392496430607 0.24374934923779848 0.13002942855765948 0.1041051090699107 0.07861981036359787 0.14497310915309194 0.1170264857018935
0.08294711821056071 0.12001874470027989 0.13356337998872955 0.13948190901187354 0.09812248996577325 0.16388294641352505 0.09460512089500989 0.16737829081424824
0.11822860559182452 0.08505700607348562 0.15823225487695872 0.09062415447022647 0.15289519920354727 0.13783472245771966 0.1438478642384547 0.11328019308778306
0.09803483377191831 0.1412385745722473 0.0928232819988922 0.11276412089654528 0.12641808374392768 0.21692066924556688 0.07648349069504809 0.13531694507585432
0.11951674889400489 0.0867289008992776 0.1476562013842803 0.09410646302378604 0.15254735435899675 0.14662099794291583 0.13989557786819537 0.11292775562854325
0.10953227063049902 0.07191844413349993 0.2322893938943339 0.1315098565197195 0.10556434499487795 0.08420314310823182 0.14662367585109026 0.11835887086774756
0.1399739085695818 0.09276613561623664 0.22152992897931484 0.10770581478490858 0.12489503342940626 0.09610999957633307 0.12008394573780104 0.0969352333064177
0.12851625614766324 0.08121238476162382 0.18769508208532754 0.09220883540639667 0.1494220222262125 0.11322018992275532 0.1370746269623449 0.11065060248767601
0.12581977450838983 0.08054809621296952 0.1769136550291786 0.09253259115273375 0.1576447948841367 0.11794606720524717 0.13755591162406391 0.11103910938328052
0.08452570507599692 0.11920480969809892 0.11711047596753742 0.13703476267992817 0.10827961757062952 0.176457596495944 0.09294531729595129 0.16444171521591378
0.13477987776757028 0.10718183296809346 0.1810786970940187 0.10960702694057675 0.12791738305976538 0.11858520251358952 0.12220365540986693 0.09864632424651908
0.11143344393570301 0.0777786393022442 0.24448558756175448 0.1291053854772089 0.09884860434642928 0.07821062237034362 0.1439428700768284 0.116194846929488
0.12199070874611763 0.0855234359917148 0.19659070832837108 0.09327765388496893 0.14238481508499692 0.10963599588480959 0.1386634974170583 0.11193318466196271
0.14215929501480246 0.09847898107467047 0.2061912716585878 0.10583394545949501 0.13355172619396088 0.10053727855323225 0.11799695113170564 0.0952505509135455
0.11204511220010295 0.07589733893791209 0.2538046962924257 0.127639740033519 0.09904322047261552 0.07438534124961782 0.14230878478363984 0.1148757660301671
0.10484739226009032 0.07316494785379951 0.27431348911544934 0.12804361095856054 0.09169571591895082 0.06993652330500502 0.1427590707254399 0.1152392498627045
0.10267919929312597 0.07246414625547833 0.28220579933921186 0.1273917991066177 0.08972761046940333 0.06884647718700776 0.1420323491531991 0.11465261919595592
0.08101152971874856 0.12575312947291212 0.14162613414468742 0.1383182255326083 0.09441856266333912 0.15907470790210976 0.09381583992646476 0.16598187063912997
0.10488977873161504 0.07620000541410012 0.2388659506356613 0.13459264444624586 0.0942462890809473 0.08486856437452074 0.1489995901073621 0.11733717720954767
0.12065771897615862 0.08562334909667364 0.19524225397946346 0.09367551472315824 0.14140159279116843 0.11173400849056443 0.13925494427502327 0.11241061766778988
0.12342218288578463 0.08576427239245311 0.17907014127789925 0.09216159708291673 0.15472622634688052 0.11725725949279692 0.13700440402176872 0.11059391649950005
0.10886528959382327 0.07519955983137555 0.24372019633100306 0.12922765438375558 0.10455781983228413 0.07804540029929571 0.14407919078308273 0.11630488894538002
0.10449615612761433 0.07335666455320522 0.2706073233345048 0.12855277442562726 0.09316091229888131 0.07080192228315696 0.14332674999394562 0.11569749698306454
0.1198611707658873 0.08468782187324375 0.20480145786171886 0.09302761059690068 0.14023203861593828 0.10746497629463767 0.13829179127539265 0.11163313271628081
0.10734386319167023 0.07459653349519275 0.25407457452573945 0.12843664807639288 0.10086017320817514 0.07589794645338127 0.14319727778069474 0.1155929832687536
0.10382214073865094 0.07304649510533363 0.27452274165605184 0.1281217549158004 0.09211009113613426 0.07022100161768478 0.14284619540612373 0.11530957942422038
0.08124036397078405 0.1259222906185801 0.13991329799000368 0.1383852090242512 0.09496159097437366 0.15965372438515302 0.09386127220775299 0.16606225082910142
0.1050015022959515 0.07625379963698788 0.2381708437705873 0.13466814277534686 0.09441070830719217 0.0850088370870575 0.14908316986118986 0.11740299626568704
0.09709737278988556 0.15099683501551683 0.1094218878685788 0.11520530528712597 0.11380499082960929 0.19708799132215976 0.0781392505425724 0.13824636634455115
0.1186125719120603 0.09613182280081914 0.15240302440470246 0.09337252788645593 0.1477194413015595 0.14090904423825235 0.13880453399240317 0.1120470334637471
0.1087752970184483 0.0772355982316819 0.2334486430137405 0.13056497500271666 0.10406028047290412 0.08283652528488551 0.1455702034731781 0.11750847750244497
0.10486059457068281 0.07388766369290437 0.266820268022302 0.1290785359281264 0.09340279543480667 0.0718665251825649 0.14391293483329912 0.11617068233531376
0.08145639474183848 0.12615863582440487 0.13820014716162277 0.13847156285620707 0.09527695341511246 0.16035058794046023 0.09391984263290568 0.16616587542744848
0.07984683513718568 0.12268938099155592 0.10823806953246745 0.12997904474814345 0.10295956053933908 0.19632901955502172 0.0974842835611076 0.16247380593517932
0.07546953770113066 0.13367442113090422 0.10055858290070323 0.13594641691561693 0.09542577577974244 0.2035824303217003 0.09220713495146192 0.1631357002987403
0.11555797555805844 0.09357437412155406 0.14682376738009387 0.08989149946022167 0.15120184454039703 0.14790124483626818 0.14268491977812964 0.1123643743252771
0.09634373113925301 0.15030816185526946 0.08970932233801743 0.11121512567728047 0.1245842284730559 0.21894841185371008 0.07543286785067717 0.13345815081273654
0.07709453109306261 0.13704222728376284 0.09491327802723282 0.13311785848400204 0.09845870262182779 0.20934333785929085 0.09028863445001876 0.15974143018080242
0.10160793996115376 0.08902030679039452 0.21174491491623604 0.13425363962547196 0.09604887735734705 0.09681325643240103 0.14968278925407094 0.12082827566292476
0.10663624195640846 0.07594001132097344 0.26516682902056515 0.13025222119910698 0.09182248792830423 0.07243442694254662 0.14419456315082252 0.11355321848127274
0.08145190791541415 0.13017310473233276 0.1374156709824202 0.13776624369862892 0.09454867526851106 0.15988345271657253 0.0934414522477657 0.1653194924383547
0.13997488395254828 0.11119345995852638 0.18966844404622357 0.10740813607927956 0.12571719792983216 0.11349479394020082 0.11890522187042749 0.09363786222296167
0.1279071063851619 0.09289783280827141 0.17647171529458486 0.09134598022010214 0.14891965432120893 0.11705059993159049 0.13579193477495782 0.10961517626412257
0.10970404874371852 0.07890219614261501 0.24214634477885255 0.1287701409852169 0.10316083633723115 0.07785420863916769 0.14356909748650304 0.11589312688669523
0.10449762628613626 0.0761393718626125 0.2696243352784125 0.12816795642086512 0.09269996450587355 0.07062187823092393 0.14289770663639734 0.11535116077877859
0.1195726005416297 0.08763411577973625 0.20418422852726634 0.09270063239945871 0.13973407691626946 0.10712787073261619 0.13780571622367294 0.11124075887935043
0.10703651651773899 0.07757031421003373 0.2533817368528494 0.1279637300772056 0.10054782590660866 0.07566250986208968 0.14267000950398895 0.11516735706948505
0.13751719945793076 0.10051001011399917 0.22736250542684372 0.10601241079698617 0.12199480910489048 0.09299596871736267 0.11819592666469951 0.09541116971728754
0.11008899251404208 0.07871569841852806 0.26171512680417325 0.12641305696506694 0.09585076434142281 0.07250348498237832 0.14094112470582834 0.11377175126856022
0.10391200167814568 0.0756044123963348 0.27692281202382724 0.1272632166617794 0.09060092207652508 0.06927075084487723 0.14188898932290925 0.11453689499560146
0.11928598147472991 0.08743621641119273 0.20642031186983442 0.09257690502585804 0.13891003295958204 0.1066564790550051 0.13762178717276807 0.11109228603102964
0.14063928520597083 0.10194408892860067 0.2090674128174975 0.1051457201016808 0.13196999797355383 0.09937271566333959 0.11722963121784413 0.09463114809151273
0.11130700928309017 0.07928402417348687 0.2544109057082392 0.1269467265276406 0.09836352525825239 0.07389962873240312 0.14153612644201122 0.11425205387487654
0.10441748659656623 0.07586038793140785 0.27416223004525136 0.12756079019444694 0.0913168094137038 0.06965682303876825 0.1422207616048535 0.11480471117500222
0.11946659790029836 0.0875180064042779 0.20557142223147104 0.09262036653350475 0.13919314433902993 0.1067996271282709 0.13768639562294138 0.1111444398402057
0.0826266553510584 0.13124005280088152 0.12258928453246104 0.1353411199026527 0.10339804843589781 0.17059890942076172 0.09179658567310359 0.16240934388318323
0.1050990595575671 0.08339701464084442 0.22957207828341644 0.13398702385286662 0.09601291489077092 0.0867935652773276 0.14832914321522064 0.11680920028198628
0.09649680141908341 0.15711854899549366 0.10722070904539481 0.11433628574415645 0.1134755909424002 0.19659869236879524 0.07754982859168871 0.13720354289298772
0.10482496712429054 0.09108150749477291 0.21478723859926485 0.13191976709362102 0.09800264216756505 0.0935753915855775 0.1470806955506491 0.11872779038425892
0.08095548779550055 0.13390198179186433 0.12575228645471637 0.13761740346386092 0.09568389763420863 0.16760755896251045 0.09334049974070567 0.1651408841566331
0.1047521844841331 0.08377350173769763 0.23118708283584274 0.13412821631680485 0.09442864289223096 0.08631263150850237 0.14848544907680472 0.11693229114798373
0.07146615525779035 0.11654032093141979 0.0796889156987449 0.08474644133365289 0.13967578626298055 0.2425891728622372 0.09580032498586849 0.16949288266730578
0.1294880495774658 0.11080927785867722 0.16507220206558842 0.10812227149699703 0.13572394535113752 0.13292594540991612 0.12054826389292057 0.09731004434729731
0.11035297983275058 0.08189351023956334 0.23744301765891387 0.1289960421202657 0.10063756007321176 0.08075949177326693 0.14382096039378875 0.11609643790823912
0.10480946540036423 0.07671852877714669 0.2678695672523073 0.12838134968055423 0.09232467792968879 0.07121757205135937 0.14313562419608059 0.1155432147124988
0.10266269375893876 0.07527844905492524 0.2794864184103455 0.1272654581490885 0.08984124313113624 0.0690353367474025 0.14189148841398372 0.11453891233417964
0.1356905277363045 0.0996716055674607 0.2364309934735721 0.10560101195428889 0.11863311322417046 0.09119458962884512 0.11773724765649819 0.09504091075886
0.10938315299664114 0.07837949146569659 0.26523700718514015 0.12606772071617459 0.09490404104040535 0.07201153739170985 0.14055610055967524 0.11346094864455714
0.10363747865331928 0.0754680107584567 0.2782440030894384 0.1271116262856484 0.09030681064131778 0.069111629548498 0.14171997736623784 0.11440046365708359
0.13598509708002085 0.0997085718680826 0.23596922267530285 0.1055971395084819 0.11875925019451893 0.09121036294754734 0.11773293016841191 0.09503742555763371
0.12630791358812446 0.09045745254188937 0.1911506480792816 0.09092726532163016 0.14606752702896778 0.1108069880984135 0.13516948695573677 0.10911271838595621
0.1428318541959336 0.10257549068895229 0.20334223278061153 0.1051229243024206 0.13399048147797793 0.10032216907907741 0.11720421560284804 0.09461063187217854
0.12830289089118124 0.09108633340398128 0.18054305036158752 0.09104042759069153 0.15113502785202218 0.113306046522559 0.13533771026914743 0.10924851310882984
0.12494853787551148 0.08946409656481909 0.17358891241642432 0.09157443909103484 0.15724027205670457 0.1171628608554119 0.1361315542308518 0.1098893269092418
0.10909855793947355 0.07842887491702913 0.24098751648435718 0.128876194293225 0.10499731955975031 0.07793562293175632 0.14368733901050607 0.11598857486390249
0.10439501482769711 0.0760938103030689 0.2691826806241165 0.12821477080985172 0.09311042291858498 0.0706601056013081 0.1429499011865063 0.11539329372886654
0.10252053220759663 0.07514720945564611 0.27996546771035585 0.12719952631948037 0.08995962237356814 0.06891008890156401 0.14181797934425644 0.11447957368753232
0.1017529356157055 0.07474607303457043 0.283987588286113 0.12674041176658238 0.08901394185682997 0.06838657797021934 0.14130610088005524 0.11406637058992414
0.1014477991062263 0.07458602275120021 0.285476589563847 0.12656178666014553 0.0887052727010667 0.06820997400677317 0.14110694721661 0.11390560799413098
0.10132977437134365 0.07452470974798074 0.286026540313622 0.12649488688739477 0.08859917218178563 0.06814715933670475 0.14103235896251323 0.11384539819865529
0.11846262921738186 0.0871370072432698 0.20923333592824783 0.0924494481395991 0.138108527725449 0.10623740002772657 0.13743231395080702 0.1109393377675189
0.08244090016307683 0.1311282587148364 0.12340570263448708 0.13532291330302074 0.10315829265502298 0.17037219971692566 0.09178423684900537 0.16238749596362484
0.07894112194094523 0.13260703654720307 0.10368358602437017 0.12784980148676978 0.10339206805937845 0.19782678296779393 0.09588735111507732 0.1598122518584622
0.07468290624716714 0.1416505006205328 0.09877115602198358 0.13458354716098947 0.09475903321832439 0.20276984641123114 0.09128275372658418 0.16150025659318737
0.07708981965753808 0.13393486109325034 0.09774109575236328 0.12713906329472813 0.10090420938626221 0.20891282422640176 0.09535429747104608 0.15892382911841013
0.07418760680231958 0.1416700597581173 0.0972483687042352 0.13425732157953002 0.09402215752215519 0.2064442120581776 0.09106148768002906 0.161108785895436
0.07346206951130693 0.14722401929677859 0.0968629105419226 0.13380462786103223 0.09231212779121538 0.2050142483196316 0.09075444324487403 0.16056555343323864
0.1038429892587843 0.08619470293228342 0.2191337254376497 0.13525334784222562 0.09454883224852864 0.0933822113123148 0.14973101592627336 0.11791317504194028
0.0806933267261825 0.13494536333769386 0.12661187311239988 0.13742996156421353 0.09483956082554654 0.1673505953220497 0.09321336523485789 0.16491595387705624
0.07876558678611675 0.13360301553645182 0.10455251406524167 0.12814473642830532 0.10167641893877637 0.19696825538849722 0.09610855232122899 0.16018092053538166
0.08717333983498853 0.17014792918392976 0.08061061173828848 0.10952586628584073 0.11024988685543537 0.2365742172515902 0.07428710930691805 0.13143103954300886
0.11494085721036604 0.10784392229392843 0.14145711410547507 0.09218671247546574 0.14541945629449715 0.15048614291006102 0.13704173973964756 0.11062405497055887
0.10779154522660049 0.08395911800693628 0.22814299999799428 0.13007626479587184 0.10350892609503656 0.08442717949781875 0.1450253280634571 0.11706863831628467
0.10443174651620254 0.07859571936085945 0.2641972754079549 0.1285950847916394 0.09310251625286706 0.07196815846344196 0.1433739228945591 0.11573557631247543
0.1025742332064844 0.0768610461650801 0.27793363932735415 0.1271966574762856 0.08999421880264222 0.0691484324953094 0.14181478079818707 0.11447699172865705
0.08051104378416586 0.13225394276737454 0.14003998674807835 0.13727742699783035 0.09389973548193782 0.15817504481599276 0.09310990700722405 0.1647329123973964
0.1041613530849196 0.08318242837858324 0.23701579615314322 0.13349503411671212 0.0936202506859667 0.0843603610745887 0.14778449035305533 0.1163802861530311
0.08079929540369721 0.1341397751704204 0.13072956842901262 0.13745095574903568 0.09469460063245315 0.16401705294762714 0.09322760476891118 0.16494114689884282
0.0788275121405493 0.1335152728789447 0.105510014384682 0.12821220843499898 0.10169899785366467 0.19581157743716235 0.09615915632624925 0.1602652605437487
0.07442491920635856 0.1452182155007776 0.09887345999327832 0.13405698963260082 0.09411745212071 0.2015149656276506 0.09092561035950318 0.16086838755912097
0.07703835129767567 0.13463193477667718 0.09775773093136736 0.12712890725973794 0.10075453021240148 0.20843073100266452 0.09534668044480346 0.15891113407467244
0.06313636887067109 0.12399491972222836 0.05773994076912636 0.07963378157132782 0.13335744787580722 0.29284918148929107 0.09002079655889232 0.15926756314265564
0.09819320484473376 0.08924914260233459 0.19375098387943754 0.1336390284290151 0.10380596243868681 0.11208900858314992 0.14899754363652876 0.12027512558611358
0.11889879456743772 0.09247399413870641 0.18046122113964827 0.093564046970963 0.14447379770857122 0.11876204913477274 0.139089239974745 0.1122768563651556
0.10752796951502966 0.08037159658400467 0.2438641150174174 0.1286861523506703 0.10216069997948429 0.07809647301099831 0.14347545642679208 0.11581753711560328
0.1038380709212696 0.07757874350374327 0.2701161435476219 0.12788917384734236 0.09234810417501291 0.07054262267081268 0.14258688487158916 0.1151002564626081
0.11922173157740837 0.08924927941973784 0.20416275387333646 0.09250508065606028 0.13940855507194533 0.10693148719120049 0.1375150154230389 0.11100609678727234
0.08237901648471849 0.13390787461540343 0.12201434538567404 0.1349016403573321 0.10319893954174204 0.17021771129179303 0.09149850389453829 0.16188196842879848
0.1328757901685829 0.11739222099957627 0.18144399026805497 0.10832405312657045 0.12539340040026226 0.11630566187147542 0.12077323535156437 0.0974916478139134
0.08435522844124761 0.14128540948930504 0.11630535975683166 0.13398203162802808 0.0996199161729419 0.17279884727987121 0.09087476927814078 0.16077843795363367
0.11775723951955094 0.09447162470885058 0.1516815925542743 0.08971407312300302 0.15235874147404574 0.13947084654508837 0.14240329067143334 0.11214259140375375
0.08162860142218736 0.13593796534978747 0.10959618527917563 0.13409387857561056 0.10535721189975528 0.1815228724966848 0.0909506306860663 0.16091265429073268
