Action: 0
[0.1540438848354199, 0.1064141916984172, 0.2815107116662444, 0.08851918733385106, 0.10395446246451293, 0.08851918733385249, 0.08851918733385106, 0.08851918733385106]
[0.24027516414281444, 0.08980500882647006, 0.1886789243834217, 0.08980500882647006, 0.12202086734141354, 0.08980500882647006, 0.08980500882647006, 0.08980500882647006]
[0.19451850438134952, 0.09207906051224403, 0.20722843217978487, 0.09206209334798363, 0.0947443793126695, 0.13524334357000112, 0.09206209334798363, 0.09206209334798363]
[0.125, 0.125, 0.125, 0.125, 0.125, 0.125, 0.125, 0.125]
[0.16387142200926563, 0.08671517266813862, 0.20583724697289127, 0.08671517212768412, 0.16015295600549412, 0.12327768596115797, 0.08671517212768412, 0.08671517212768412]
[0.14520202228279155, 0.09281788311943301, 0.2953445784735823, 0.09281788311943301, 0.09535955826661884, 0.0928223084992752, 0.09281788311943301, 0.09281788311943301]
[0.125, 0.125, 0.125, 0.125, 0.125, 0.125, 0.125, 0.125]
[0.125, 0.125, 0.125, 0.125, 0.125, 0.125, 0.125, 0.125]

Action: 1
[0.09327978117354639, 0.09327978117354639, 0.09327978117354639, 0.09327978117354639, 0.20328904820787766, 0.237032264750844, 0.09327978117354639, 0.09327978117354639]
[0.10185691219185172, 0.10185691219185172, 0.10185691219185172, 0.10185691219185172, 0.18514470246518622, 0.20371382438370345, 0.10185691219185172, 0.10185691219185172]
[0.09541243558815989, 0.09431734804516441, 0.09431731737005708, 0.09431731737005708, 0.2162793922257196, 0.21672155466072787, 0.09431731737005708, 0.09431731737005708]
[0.125, 0.125, 0.125, 0.125, 0.125, 0.125, 0.125, 0.125]
[0.09047937887597485, 0.1384987103160088, 0.08990276132643112, 0.08990276132643112, 0.16922434507643616, 0.2421865204258557, 0.08990276132643112, 0.08990276132643112]
[0.18581452130919276, 0.09609677346957267, 0.09290726065459638, 0.09290726065459638, 0.17732914419318804, 0.169130518409661, 0.09290726065459638, 0.09290726065459638]
[0.125, 0.125, 0.125, 0.125, 0.125, 0.125, 0.125, 0.125]
[0.125, 0.125, 0.125, 0.125, 0.125, 0.125, 0.125, 0.125]

