0.125 0.125 0.125 0.125 0.125 0.125 0.125 0.125
0.11178451178451179 0.09023569023569024 0.13973063973063973 0.1127946127946128 0.13414141414141414 0.10828282828282829 0.16767676767676767 0.13535353535353534
0.099626400996264 0.07845579078455792 0.199252801992528 0.15691158156911583 0.08685378548392246 0.06839735606858895 0.17370757096784492 0.1367947121371779
0.08697847737800758 0.15388499843801343 0.07582739053467329 0.13415615248442198 0.11251073141635351 0.18466199812561612 0.09099286864160792 0.16098738298130635
0.09507862980892026 0.07675021924334527 0.19015725961784052 0.15350043848669054 0.09442088347585455 0.08080064107327098 0.17114153365605644 0.13815039463802148
0.07046305599323667 0.1246654067572649 0.10359665371817522 0.15583175844658112 0.09195269883886195 0.16079773212012788 0.10569458398985501 0.1869981101358973
0.09917171488752381 0.0751152944348282 0.20409753500383904 0.1502305888696564 0.09093393089783591 0.0777475105719342 0.16749589535169154 0.13520752998269078
0.11024288010639326 0.0868162680837847 0.1568486725862909 0.10417952170054165 0.13780360013299162 0.10852033510473089 0.1653643201595899 0.13022440212567707
0.07390291646778638 0.12317152744631063 0.1014663451144663 0.14780583293557276 0.10407730285683013 0.15396440930788827 0.11085437470167957 0.1847572911694659
0.07421924892555823 0.12276284481291576 0.10122243852930868 0.15345355601614472 0.09143035324136622 0.16868574891394783 0.10408154234138511 0.18414426721937363
0.10252019345941288 0.07369214827141611 0.21321195075253174 0.14738429654283222 0.08928726985635524 0.07693578241174526 0.1643224918171577 0.132645866888549
0.09470483872195068 0.07967847128725274 0.2268728527499875 0.14916012098707232 0.08940178796057432 0.06501851427641615 0.16512638546391398 0.1300370285528323
0.07202991958480676 0.12912247191930337 0.11893354395081362 0.1440598391696135 0.09767221456788824 0.15006233246834744 0.10804487937721016 0.18007479896201692
0.07226175875582731 0.13508558806210386 0.10368866322269088 0.14452351751165463 0.1048481066831072 0.1505453307413069 0.10839263813374098 0.18065439688956828
0.09036581632567288 0.16986596851711866 0.09527473291734553 0.13554872448850933 0.13769186234671424 0.18826211734515183 0.10166154336638199 0.08132923469310559
0.07860226911705713 0.12070898726008804 0.10255241360255381 0.15088623407511004 0.09273010046770112 0.17111628625815287 0.10234022832920507 0.18106348089013202
0.07214505045206354 0.13394571001196537 0.10122045008978847 0.14429010090412708 0.1095162982920024 0.15030218844179902 0.10821757567809531 0.18036262613015883
0.07169162471101061 0.13471384329650696 0.10050616123443179 0.14338324942202121 0.11358107101071505 0.1493575514812721 0.10753743706651592 0.1792290617775265
0.11544431746753862 0.08312758915293356 0.1563112417260681 0.10390948644116695 0.13713843876971343 0.12490911212302634 0.15446843059015264 0.12469138372940033
0.09148388498249158 0.07782689756921211 0.23122348913389504 0.14408711884742426 0.10744662895343703 0.06280720565144134 0.15951036355921608 0.12561441130288267
0.11987508880805588 0.0806323318875521 0.18800650916664796 0.10079041485944013 0.1326316280381808 0.10728380821476156 0.14983172119403337 0.12094849783132813
0.08404370465245917 0.15115013845752343 0.14188699010897998 0.16808740930491833 0.09825658662585617 0.12211478453776117 0.08792264486718807 0.14653774144531342
0.0663587530351813 0.11729446180298171 0.07206511248151094 0.09199009273852173 0.15350085487070875 0.20442242830782603 0.11038811128622605 0.18398018547704345
0.07573474828999847 0.11700638681839733 0.0957004217806912 0.14625798352299665 0.10046282330957858 0.19012698896557895 0.09920106708516294 0.17550958022759597
0.1025203777170006 0.07920319652677324 0.2127830634783141 0.14180772956210666 0.09293382876391634 0.08501981155062945 0.1581050357953637 0.127626956605896
0.10324337022537512 0.07320700057004781 0.2568421407985546 0.13549482584374836 0.0880123878781066 0.07018831216318196 0.151066619261612 0.12194534325937353
0.10129366340377438 0.07121678800100995 0.2755238195257985 0.13244232795694133 0.08553129548002873 0.06713069855502796 0.1476633119161719 0.1191980951612472
0.09447240638252438 0.07234849514234341 0.27658727124832433 0.13499589198790682 0.09163078242595284 0.06283042475222252 0.14944600171229405 0.11768872634843158
0.09464399190396265 0.14803312877161096 0.11882347226963395 0.12005831147499332 0.10889413685147604 0.18404613021877064 0.08143085473956067 0.14406997376999195
0.10333537420661025 0.07910127880082442 0.22472050816014916 0.13719758327809983 0.09153228326037566 0.08767008061418713 0.15296506672946353 0.12347782495028986
0.09033375550357216 0.1472266054481572 0.1526161730274064 0.16363014239893078 0.0885724771590818 0.1293777760397278 0.08559115140867149 0.14265191901445246
0.06878793926524704 0.11359181242384363 0.0735036211979509 0.0890548719725051 0.1464527373167998 0.22363342751163723 0.1068658463670061 0.1781097439450102
0.11274834865406198 0.0879254812894648 0.1462926330471313 0.09842608848296532 0.1478104171312212 0.14236873397823369 0.14631699123736336 0.11811130617955837
0.11662111386800422 0.0832192401290316 0.15936408779280722 0.09152449363696137 0.16967694684929407 0.11991152665077695 0.1452769740269228 0.11440561704620171
0.08384705566808848 0.11962278626243938 0.11167663584353707 0.13200623102133505 0.12106203568091159 0.16777279348101842 0.09900467326600128 0.16500778877666877
0.07866349346295104 0.12366241388904806 0.10164594135094203 0.13205536840258028 0.10963046238464945 0.19023158370466856 0.09904152630193522 0.16506921050322532
0.0772149671972691 0.12303776172674696 0.09880181363080671 0.13083664263948433 0.10619012272249358 0.20224540680423067 0.09812748197961327 0.16354580329935542
0.07482673185341585 0.12689240728720058 0.10100660521311502 0.14077004761123488 0.09482385686327062 0.197277479136748 0.09547881490153325 0.16892405713348185
0.10264650610297014 0.07809610284177788 0.2202552454678857 0.13801086523618045 0.09610840096120359 0.09178201379034483 0.1527837010347622 0.12031716456487525
0.0792875108994853 0.12272240322573671 0.12890922700821708 0.14185481201757438 0.09585539978815562 0.16493030448869114 0.09621456815105045 0.17022577442108924
0.07749681426191678 0.1232282223812006 0.10574695450764467 0.13114547596671838 0.1033759004702474 0.19671568047883534 0.0983591069750388 0.163931844958398
0.08762735496060865 0.1484921991951685 0.08374125496725382 0.1147465746597978 0.11278086599673902 0.23708774912029026 0.07782811150838459 0.13769588959175735
0.10180840459340151 0.0789408079396845 0.20868631721685488 0.13642173843887148 0.09830003955084309 0.1009630700327679 0.15210005763259252 0.12277956459498433
0.1059241401386912 0.07158941910076852 0.26231992404292087 0.13221977271145702 0.09299016961682238 0.07331533103439344 0.1463727235552149 0.11526851979973174
0.07931356874244705 0.12106531113801394 0.13805552539666816 0.14070260485421376 0.09469172859233792 0.16189506433275255 0.09543307111851021 0.1688431258250565
0.10351634507841298 0.07634037586209813 0.23718542389192826 0.13554084645581171 0.09447931107264144 0.08472459407046419 0.15004928870973047 0.11816381485891277
0.07103781805673161 0.10716430359097685 0.0813550765365563 0.08646836712594874 0.1394606136075322 0.2438302370358061 0.09774684979455074 0.17293673425189748
0.10245708680341992 0.07584270914726834 0.21253625410885071 0.13614760143487767 0.10470416906953252 0.09889840728449394 0.15072099141345838 0.11869278073809847
0.08021639734684609 0.12121722587190766 0.12652343494998666 0.14030897907192408 0.09670109660777663 0.17149600111211888 0.09516609015313111 0.1683707748863089
0.10397324670604642 0.07653729702263323 0.23318838080779686 0.13585793483533104 0.09513161400515098 0.08647095716053445 0.15040031858042344 0.11844025088208346
0.08053252727008456 0.12137000142207616 0.13126840342821403 0.14037063253103824 0.09579902614356882 0.16700674288585055 0.09520790728192159 0.16844475903724587
0.10387892813759678 0.07642718766380982 0.23521800828662245 0.13564256194890054 0.09479606582135694 0.08562286629574097 0.1501618919418028 0.11825248990416971
0.09604783052390921 0.1447463995944203 0.10960585018933656 0.11675966804209784 0.11469590836945717 0.19883922765388226 0.0791935139763794 0.1401116016505174
0.08977288609645921 0.1465797238725504 0.11759371026174227 0.15872353172707793 0.08530755218976692 0.1784294468107805 0.08074197048725268 0.1428511785543701
0.10624850978314185 0.07845252374821524 0.22945020961030535 0.13602302291526305 0.09292791048927697 0.0877305717590442 0.15058307787119066 0.11858417382356266
0.09737280933019131 0.14480237045105304 0.10839936600042503 0.11656469726485222 0.1140593007605056 0.19986254654768523 0.07906127292746497 0.13987763671782266
0.10550687358162864 0.07761823724083855 0.21782716313074782 0.1344351927278177 0.09888955535634186 0.09484609709314189 0.14988520741444747 0.12099167345503592
0.10440300373963432 0.07088632030460133 0.26196111630546126 0.13101171345552687 0.09307154542667409 0.07468747514875687 0.14606828350937098 0.11791054210997418
0.09341979510205356 0.1383164675437356 0.15839421667641426 0.16077175993881698 0.08241078258806261 0.1402084989327575 0.0817838952732243 0.14469458394493528
0.10566002202528696 0.07684574130637832 0.24592667533570592 0.13423556540609252 0.09112442668316939 0.08057740277840063 0.14860428893144959 0.11702587753351655
0.08188416228790775 0.12108647071082707 0.13415082275685594 0.13994378457855586 0.09518957974707178 0.16489424540601585 0.09491839301849875 0.167932541494267
0.07897207577490134 0.12257985982832315 0.10766377378065707 0.13055869700901132 0.1029013325547785 0.19620686703430584 0.09791902275675851 0.16319837126126419
0.07593197323576914 0.12452454829188948 0.10148647705586424 0.13784753118323187 0.09606380916723424 0.20523203727837566 0.09349658636775726 0.1654170374198782
0.11613960807975379 0.08585813770886705 0.14857265937065295 0.09113306068476203 0.15237361910400424 0.14735093731543272 0.14465565188057464 0.11391632585595252
0.09704024154143036 0.14121155096708246 0.09089524030265193 0.11267397848873364 0.12579522302212087 0.22075264086435925 0.07642235062714108 0.1352087741864804
0.07789538605716 0.12464227188360001 0.0963783993904033 0.1352630060579841 0.09979156151353222 0.21197016371884586 0.09174360410889358 0.1623156072695809
0.10256714143063579 0.07707661877255773 0.21452791557111772 0.1362396672255948 0.09724753198866452 0.09782836269120121 0.15189706181719298 0.12261570050303532
0.13841488377195602 0.0940797353945996 0.2162451961625539 0.10873353498410604 0.12356405813632085 0.0998726330003992 0.12122977706436898 0.09786018148569543
0.11124296797442691 0.07080264408148981 0.25885367508002777 0.12848013230409086 0.09722342206499178 0.07451927997180477 0.14324575944948637 0.11563211907368179
0.10470351786552747 0.06915382436371359 0.2768336173780953 0.1285795613096186 0.09151629060779462 0.07013496792601905 0.14335661537057479 0.11572160517865675
0.08173966536262928 0.11981119659956178 0.14105594599060436 0.13945572968231815 0.09538900533712072 0.16061421692880298 0.09458736448018103 0.16734687561878178
0.10489477198251794 0.07592039915081437 0.2389004331071936 0.13488966613758654 0.09424916228030567 0.08422104281535234 0.14932840532935915 0.11759611919687034
0.12098275576679825 0.08150199034319223 0.19584843759808865 0.09427656213186146 0.14204027191610205 0.11206966606880714 0.14014844161691645 0.11313187455823374
0.10811902323714791 0.07054018686935627 0.25137465374434287 0.12965382073179466 0.10188968073777463 0.07717986156328097 0.14455433445768745 0.11668843865861517
0.10427316217068647 0.06933049817143609 0.2741129500555487 0.12895196108932952 0.09273976536346887 0.07076308483520967 0.14377181333392408 0.11605676498039656
0.0816709342626502 0.11985152048272188 0.14045002502550807 0.13948189810786282 0.09568892192523888 0.1608733089673366 0.0946051134992461 0.1673782777294354
0.11776414988261408 0.08525153340447986 0.1607588676432046 0.09087806455845111 0.15183879540217693 0.13566011228648392 0.14425089612452555 0.11359758069806387
0.07144213754039436 0.10326799204456326 0.06818188339023921 0.08243841392608298 0.15366292338006446 0.2629385713413525 0.09319125052513728 0.16487682785216595
0.10087984745105692 0.07516859168643487 0.20046100227685057 0.13526574299916308 0.10876017558035135 0.10691426232126236 0.15081120898563408 0.1217391686992468
0.13828469456128764 0.09393364401331816 0.21110593520718784 0.10875235102337984 0.12683412058236337 0.10196138314744416 0.12125075554397721 0.09787711592104184
0.11148489181459681 0.070872260074614 0.25683216754281113 0.12862074287084205 0.09805675062335513 0.07497198875193516 0.14340252973808806 0.11575866858375783
0.13969296865329134 0.09212356345087781 0.2297328124163143 0.10704676662065468 0.12217343531610689 0.09353920736680882 0.1193491562173568 0.09634208995858921
0.14693924579996467 0.09287760387059052 0.21795534186938106 0.10551331772053826 0.12751264199689483 0.09660038766393426 0.11763947513021206 0.09496198594848444
0.0883836606712499 0.12065696141670822 0.1265003468989663 0.13695023895689928 0.10187913810808594 0.1684013790377404 0.09288798816207083 0.16434028674827914
0.10675016630452316 0.07617181830984551 0.2326002387750757 0.1351917785330059 0.09605172961260905 0.08571191306100322 0.14966285617003502 0.11785949923390258
0.12171922747212212 0.08155298659817307 0.19383879970124032 0.0943126162015182 0.14268617385370283 0.1125130183184184 0.1402020384130032 0.11317513944182185
0.14290989771936236 0.09291781583630264 0.20619493587330828 0.1067320191309665 0.13440384043518241 0.10178443753203495 0.11899823625497308 0.09605881721786984
0.11264790152876522 0.07075809981489857 0.2545968604534821 0.12851147394343634 0.0996214160709955 0.07492321860090116 0.14328070303842827 0.11566032654909271
0.10530268208967006 0.06920381334446903 0.2751650032616098 0.12867483212720093 0.09211424643736323 0.07026923860278957 0.14346283522241654 0.11580734891448083
0.10309073610199783 0.06873319752060575 0.2830376677471447 0.12799597307087413 0.09010363471715253 0.06913645704270265 0.14270595803573577 0.11519637576378672
0.09365993844778228 0.13744832860502015 0.1635613731421843 0.16003976137886652 0.0818847768848627 0.1379585055119242 0.08141153078837993 0.14403578524097985
0.10679186035566683 0.07650200142444655 0.24764932950461654 0.13368661884691577 0.09086069633129508 0.07996560227385015 0.14799658252487216 0.11654730873833681
0.0726804394061611 0.10671423136298733 0.0828030859776218 0.08603305892512306 0.14032153806367526 0.24212676615100281 0.09725476226318257 0.17206611785024611
0.10116904031135814 0.07534346836692939 0.20719647143614145 0.1352098173479868 0.10564652319807503 0.10299698766819247 0.15074885605812852 0.12168883561318809
0.08117248129223703 0.1205777599755054 0.12513371297224168 0.1395724937433604 0.0983689692756033 0.17302102927526214 0.09466656097375749 0.16748699249203244
0.10527976859268866 0.07635140923708544 0.23241933550363703 0.1355606248255626 0.09552666996687602 0.08660995015584104 0.150071184178075 0.11818105754023409
0.08207235655168613 0.12091806752577104 0.1310507395465721 0.13981609933957134 0.09639196939298215 0.16713965931865704 0.09483178911727448 0.1677793192074856
0.10530823288047109 0.07624334353142996 0.23485393816973307 0.13532954863066093 0.09494788469812798 0.08552207225959188 0.1498153733314602 0.11797960649852492
0.07226172089915894 0.10644153983181115 0.08080729428452497 0.08584571525551117 0.14125740173570822 0.24465191501951136 0.09704298246275175 0.17169143051102234
0.10111412847933748 0.07535458904409674 0.2063306423485551 0.13526023831755438 0.10589897245234449 0.10350214319587545 0.15080507167643747 0.12173421448579894
0.10454308699172907 0.07086271778069593 0.25748455573716494 0.13124025534485925 0.09507991722894486 0.07635014644562088 0.14632309066061175 0.11811622981037333
0.12063210150206571 0.08073050352308661 0.20135177804594287 0.09382647180367246 0.14175669139190195 0.10963133545480737 0.13947935211411608 0.11259176616440696
0.08374713511384213 0.11948225159681293 0.12278881683013299 0.13734828477804456 0.10504604694965274 0.17361155593101363 0.09315796706684762 0.16481794173365347
0.11814689407275997 0.08508728680900748 0.15486485067534353 0.09071048042432966 0.15506376920889867 0.1387537287168205 0.14398488956242803 0.11338810053041207
0.09798760799030388 0.14119819849883802 0.09217255325618871 0.11272969581197745 0.12692255554401535 0.2172536124170492 0.07646014150725426 0.13527563497437292
0.13864718370813015 0.1006149214973135 0.17105147370972318 0.10917718903089092 0.13287522312077937 0.12765012058733785 0.12172441821802314 0.09825947012780183
0.14829964048063682 0.09475953515656954 0.1977806669410135 0.10679782886831568 0.13187979559256016 0.10529287777847714 0.119071609200943 0.0961180459814841
0.11417656711950941 0.0710623268790486 0.25129391483553376 0.12883474264150596 0.09933361012111436 0.07570644651368644 0.1436411235122462 0.11595126837735535
0.10576637655168612 0.06930004214624315 0.27392464611280776 0.12881829363612035 0.09215071307686877 0.07048068010498665 0.14362278409877896 0.11593646427250831
0.1377930732419073 0.09178083972417578 0.23571274336447107 0.1068131107582269 0.12031379877848623 0.09236598708257424 0.11908864736775447 0.0961317996824042
0.12774778198423153 0.08099260063896982 0.19213770343511924 0.09203887856124561 0.14773649502246475 0.11207791138745855 0.13682197469701585 0.11044665427349472
0.10980720596519622 0.07039182126587958 0.24950562377512114 0.1294098068335496 0.1030021879339122 0.07713225090500993 0.14428227717113665 0.11646882615019465
0.1048602432092738 0.06931748252881766 0.27331744226399945 0.12894079772675865 0.09298034407400788 0.07077760522531543 0.14375936701774433 0.11604671795408279
0.10306423833642657 0.068788032636928 0.2823658429197976 0.12808607903825905 0.09033864276345256 0.06927327370565899 0.14280641946504405 0.11527747113443315
0.11974675356803983 0.0801833319920519 0.20888892463413863 0.09335792007704809 0.13966250261581428 0.10734824451785262 0.13878281850259686 0.1120295040924577
0.10757308939637374 0.07010889997868475 0.25633478214953 0.12901006267202542 0.1009569516303666 0.07607056550550559 0.14383659226269102 0.11610905640482287
0.10414770418337953 0.06915689472600935 0.2759113949607313 0.12867382809112446 0.09237996183795327 0.07046205512167084 0.14346171579711936 0.11580644528201202
0.10281942812568298 0.0687176226883463 0.283328800973306 0.1279725790539964 0.0901425703940673 0.06916380216326495 0.14267987545273925 0.11517532114859676
0.11966412510956836 0.08016392058901908 0.20918185185274868 0.09334098717582605 0.13957907363029642 0.10730321042390427 0.1387576466076459 0.11200918461099124
0.1075445498702773 0.07010104743631168 0.2564484227290641 0.1289978304264123 0.10093086570387229 0.07605628222860467 0.14382295422168656 0.11609804738377108
0.10413745549719003 0.06915368545487395 0.2759538502831556 0.12866872724190115 0.09237130662625195 0.07045709164802068 0.14345602873089575 0.11580185451771102
0.10281568808128116 0.06871638368053648 0.283344458630787 0.12797062543602097 0.09013958069375527 0.0691620032707113 0.14267769731448904 0.11517356289241887
0.10228033416266334 0.06851883957165801 0.28607947871111444 0.1276509015577421 0.08947681170475741 0.06878659383989782 0.14232122905019903 0.11488581140196788
0.09346734963322209 0.13736211258354286 0.16430718265088037 0.15996864763109578 0.08173985385591973 0.13780771524327382 0.08137535553407917 0.1439717828679862
0.09846751095148308 0.14933703786025232 0.13726595570011443 0.1565874235120941 0.08385367535339412 0.1560690161339973 0.08190726768324921 0.13651211280541534
0.08290851292268744 0.12547557760361194 0.10816989057959772 0.13011726228233542 0.10040742179888712 0.19268681024820936 0.09758794671175157 0.16264657785291928
0.0797282146412195 0.12210460946282954 0.10124698730056304 0.12943827037301456 0.10362009257702677 0.20498528489931753 0.09707870277976091 0.16179783796626818
0.0760969590846676 0.12410581550390398 0.09983314156319514 0.13740506689670917 0.09633862538171899 0.20813783113772524 0.09319648015602883 0.164886080276051
0.10243370498451768 0.07702223290291846 0.21612829935533545 0.13623326341077094 0.09651169901704114 0.09717094121816154 0.15188992204156102 0.12260993706969382
0.12098593995980259 0.08192070157609098 0.1889065178689233 0.09468003043732101 0.14329949735497105 0.11584305192650654 0.1407482243515996 0.11361603652478519
0.09684636450880439 0.13826187043767368 0.13864127856346922 0.15876598521382965 0.09132087128342486 0.15251067690896858 0.08076356639138292 0.1428893866924467
0.10860599480620142 0.07704943289445121 0.23734265609440564 0.1345198800077642 0.09349058986245391 0.0827986679066613 0.14891903688283212 0.1172737415452303
0.09864082357249956 0.14435606527028771 0.1099923143481485 0.11632588589468598 0.11449059401589812 0.19770395730498294 0.07889929651987396 0.13959106307362315
0.1388808483011926 0.10097176045306124 0.17799612134222795 0.10930677437647206 0.1294111541891295 0.1231883481912939 0.12186889620779795 0.09837609693882485
0.14824785586059264 0.09471683494377676 0.2002683541362137 0.10671477411287997 0.13081565673979748 0.10421421815839924 0.11897900934674827 0.09604329670159198
0.1308194727322609 0.08142374170730643 0.180797675123263 0.09226537614435439 0.15142655528854365 0.11539004906421511 0.1371586785668313 0.11071845137322525
0.11086976025247766 0.07065001637606105 0.2450064361131643 0.12983283029531714 0.1040998181581457 0.0779376747769563 0.14475391676209237 0.1168495472657854
0.10524948862006467 0.06943827240666468 0.27162502801442867 0.12913698331625795 0.09333625228240053 0.07101259106623109 0.14397809930932043 0.11622328498463215
0.10320901731505222 0.06883652005021873 0.2817401140073799 0.12816304964129868 0.09046107713160449 0.06935124123391864 0.14289223594335837 0.11534674467716882
0.10242277157126417 0.06856525900606976 0.28548913701435286 0.12772412196023297 0.08958924068273129 0.068854895666372 0.14240286433476723 0.1149517097642097
0.093503148651101 0.13737928743532438 0.1641621475247758 0.15998220173507957 0.08176624029854142 0.1378407423457613 0.08138225044784483 0.1439839815615716
0.12101081402614049 0.08642183317715829 0.16808568331750323 0.09061046407878884 0.14726659560991895 0.12951539623360914 0.14382613345839498 0.11326308009848604
0.09887557526907578 0.14179522051716334 0.09487289266981043 0.11305854625851011 0.12530962021758876 0.21373470166056313 0.0766831878970764 0.1356702555102121
0.11976986406054337 0.08679459021218557 0.14837244145215217 0.09413408310923323 0.15221862791480112 0.14581285653971177 0.139936636980293 0.11296089973107985
0.10957182831879059 0.07190937045151108 0.2325790112998629 0.13148528520136366 0.10547353875061995 0.08404792863182056 0.14659628066480393 0.1183367566812273
0.1054223306275885 0.069859334532427 0.26706126945283704 0.1297768011590042 0.09403724636380718 0.07235244836485023 0.1446914484563823 0.11679912104310378
0.09428902801050318 0.1378549171297808 0.15960365008120306 0.16035698162454295 0.08274322561352052 0.13925801473022367 0.08157289934813707 0.14432128346208864
0.08255504791779614 0.12459675393369189 0.11344154983505182 0.13058534381351994 0.10049705547131935 0.18715356140158107 0.09793900786013994 0.1632316797668999
0.09800466728366376 0.1500126012478384 0.09442620287944978 0.1193653174061052 0.12748684212162265 0.24956119056307802 0.08952398805457891 0.07161919044366312
0.06531798205045325 0.10462249873992116 0.05648223025898555 0.07837771821685663 0.13936151829896226 0.3104817171472701 0.08860089885383791 0.15675543643371326
0.09971502595003902 0.07537393036203606 0.1951381309443692 0.13537403819719235 0.10592834254372373 0.11570194757546105 0.15093195004970547 0.1218366343774731
0.08075740589043903 0.12034842800085667 0.12220022916266028 0.13930454909691037 0.09823741097694291 0.1775016933510373 0.09448482460486096 0.16716545891629245
0.09595588274219313 0.14690700014739516 0.12607683586420246 0.15649262842700745 0.08697876274375943 0.16930173657725747 0.08185768256181929 0.13642947093636548
0.07017602761594083 0.1063671960038122 0.06737880584236239 0.08288769343584317 0.137525484740673 0.2704241733666704 0.09946523212301178 0.16577538687168633
0.11221061646763035 0.08402023491927402 0.13932600624279157 0.0942434861929111 0.156316835945192 0.1606913647885591 0.14009927201214845 0.11309218343149333
0.10810538990709355 0.07191220807722204 0.22898869962043392 0.13184663053851717 0.10664796954962695 0.08683798107278072 0.1469991537496602 0.11866196748466545
0.12181633785321622 0.08098578594863486 0.19228399548006966 0.09403124603032623 0.14571647830568657 0.11254489839014524 0.13978376275552973 0.11283749523639146
0.0839433000524029 0.11949421102981284 0.12072577345255586 0.1373307140457347 0.1058753172874938 0.17468777775044605 0.09314604952667221 0.16479685685488157
0.10290679655123562 0.08198103013646663 0.22321215643091186 0.13408668088977976 0.09728446732263536 0.09035421314478777 0.14949664272338128 0.12067801280080177
0.08110672916784856 0.12792287670314095 0.12827381620260292 0.13867566683358318 0.09612165068486804 0.16743018183357403 0.0940582783740825 0.16641080020029977
0.10540162771707869 0.07672033914119432 0.23352953787723346 0.1352609210273785 0.09501286218730803 0.08641553499033837 0.14973939975354883 0.11791977730591971
0.08128100744970068 0.1305152197703964 0.1302732857837059 0.13802626225228048 0.09530543641188888 0.16534946097122258 0.09361781265806851 0.16563151470273657
0.10537272236984974 0.07685240289129819 0.2343366452072925 0.1351676922847283 0.09477830986482719 0.08601753471275346 0.1496361917030773 0.11783850096617339
0.08127579460334337 0.1305488172765612 0.13045586387171415 0.138023266289383 0.09525484394141491 0.16519771385665516 0.09361578061366847 0.1656279195472596
0.10536580638862136 0.07685067841087251 0.23441186215970825 0.13516052625234665 0.0947626126536485 0.08598800186825432 0.14962825861065643 0.11783225365589196
0.09671800344301475 0.15535451862282107 0.10828722582614349 0.11455354281423026 0.11335073654340151 0.19657453581235645 0.07769718556095616 0.1374642513770763
0.10485089545089431 0.09077547349063461 0.21524210957641624 0.1318891538361103 0.0979501237244745 0.09354544141587462 0.1470465640530961 0.11870023845249926
0.10441419611118015 0.07874570629085642 0.2597038465531194 0.12956531009750266 0.09254162985688835 0.07396488029697737 0.14445565170572314 0.11660877908775241
0.10287454012639535 0.07581636994802056 0.2765069336852359 0.12768155316723204 0.0901527006878725 0.06969910122738805 0.14235540330734678 0.11491339785050884
0.1019551292694451 0.07494019222591451 0.28272262020424926 0.12690860732046672 0.0891610961772419 0.06860098184353308 0.14149362637072932 0.11421774658842004
0.13538920592125195 0.09953598726875705 0.2375221324593436 0.10552303121003963 0.11837052764914759 0.0910380824563058 0.11765030494611879 0.09497072808903564
0.1441862712928462 0.10335523900620153 0.21907471375112875 0.1039253689663321 0.12510756970837564 0.0949489744325062 0.11586903077291055 0.09353283206969888
0.14700980081086623 0.1042196170195174 0.2123020881998669 0.10398169882063181 0.12707380313941477 0.0958976287144 0.11593183435673428 0.09358352893856862
0.08732223383842956 0.13511939942893486 0.12384563159102491 0.13458700616056124 0.10047989564419957 0.16585632611353485 0.09128509983064155 0.1615044073926735
0.10313432543418266 0.08792235914584273 0.22357656837396328 0.13310227256629423 0.09562674515637193 0.08844658310767768 0.14839910090600264 0.11979204530966481
0.10383875972305125 0.0781763679290953 0.2630406477746636 0.12937477359416372 0.0919019447546097 0.07298699226602683 0.14424321772364224 0.11643729623474736
0.08095662042823472 0.13078111875221524 0.13692632074466543 0.13780658485185746 0.09457606162421443 0.16011657770315 0.09346881407343377 0.16536790182222894
0.105071477745791 0.07670744854527732 0.2370388611167914 0.13487669867219404 0.09442536809852249 0.0849812817822673 0.14931404981211546 0.11758481422704094
0.07162309709084322 0.1150842729567704 0.08060846675995996 0.08487984287790189 0.13988384505312038 0.242209662774059 0.09595112673154126 0.16975968575580377
0.10003423867458038 0.08533681484310678 0.2044050648901165 0.13359734970941659 0.10485584901734923 0.10258199315242698 0.14895107497452864 0.1202376147384749
0.10371041481443688 0.078221877296695 0.2556541975115057 0.13011847954677408 0.09434207811317499 0.07577392676495824 0.14507239436035854 0.11710663159209665
0.1367248772948211 0.10081878305806781 0.22847954893730743 0.10623849973027019 0.12049654568802684 0.09317909658126079 0.11844799895300272 0.09561464975724317
0.1448305078115112 0.10379442660284888 0.21596863195513488 0.10412262440629554 0.12589927082881092 0.09558522056181804 0.1160889558679146 0.09371036196566598
0.11200652872414134 0.07936873545730175 0.25701206432736606 0.12659786713593202 0.09685412116165418 0.07307542851672676 0.14114717425453913 0.11393808042233881
0.10448399011699255 0.07580328695845454 0.2751230875773531 0.12743548133519492 0.0909247848424019 0.06945638438973255 0.14208105157819495 0.11469193320167544
0.1363223787903759 0.09983874093622626 0.23491143698065994 0.10566934040347156 0.11899947361971362 0.09134279412822936 0.11781342877819889 0.0951024063631244
0.12641284438818218 0.09049216088589238 0.1908195170184678 0.09094048460202303 0.14616212964613706 0.11085514363296707 0.1351891383039029 0.10912858152242765
0.1088865943851002 0.07818548451458755 0.24781518891796175 0.128195123104019 0.10214329129999779 0.07647071152396699 0.14292799546074955 0.1153756107936171
0.10412084139622903 0.07588745327210139 0.27175675709659985 0.12791441839048578 0.09232145729491165 0.07026106534496204 0.14261503065327294 0.1151229765514372
0.08098212613965565 0.13012195990052633 0.13888949533709885 0.1377087879166594 0.0946336848138089 0.15901091815313428 0.09340248223912549 0.16525054549999124
0.10500171551220921 0.07660414661838595 0.2378155085250832 0.13477315201886986 0.09436977905225749 0.08474173607712399 0.14919941941038908 0.11749454278568142
0.08120641041377767 0.130474599977962 0.13123960293248516 0.1380042684956373 0.09516283789860719 0.16470426293320312 0.0936028951535627 0.16560512219476473
0.10532243206033125 0.07682575939680002 0.2347302890146717 0.13512536592465313 0.09471943304787508 0.08588578481058788 0.14958933468256266 0.1178016010625181
0.07163612436084574 0.11507132269159225 0.08025710989103894 0.0848537098772488 0.1399254600874574 0.24262726825869022 0.09592158507862908 0.1697074197544976
0.10004611271651033 0.08534232836031597 0.20425345246147422 0.1336080804688539 0.10487453207901543 0.10266518252136335 0.14896303897049828 0.12024727242196849
0.10371813487945528 0.07822653182995472 0.255595949271321 0.13012506841513222 0.0943504810148993 0.07579153255874735 0.14507974045687128 0.11711256157361898
0.10286096357793036 0.07584751482507378 0.2749921822375497 0.12787871557604902 0.09065223681331482 0.07010231827207325 0.1425752246795651 0.11509084401844413
0.10200396073428299 0.07498429881726809 0.28216563215841367 0.1269795189596383 0.08930899818619184 0.06870333652403841 0.14157268755649224 0.11428156706367447
0.08057024940811619 0.12982331095647506 0.14120654922520173 0.13762149383834638 0.09394507165669087 0.158344258227493 0.09334327408166104 0.16514579260601567
0.07973293895814187 0.12319029545662515 0.10896199769624952 0.1300740546944505 0.1026876101681144 0.19520499363751762 0.09755554102083787 0.1625925683680631
0.08799178788957208 0.16373404565596603 0.08195224157509373 0.1104226697870084 0.11125612239750181 0.2372405529209988 0.07489537602944915 0.13250720374441008
0.10347940653087326 0.0927864974947411 0.20403748080363537 0.13270611796421303 0.09819530362295263 0.10140226932733447 0.1479574180884584 0.11943550616779172
0.10448949197821386 0.07935611086086633 0.25546074935459306 0.13008241129381606 0.0929414117577441 0.07556347364036103 0.14503218094997106 0.11707417016443446
0.1030409543071282 0.07602261363388409 0.2749401467260615 0.12788449827131615 0.0903666645842079 0.0700674020799741 0.14258167195324353 0.11509604844418454
0.1359484238162546 0.09993273190599589 0.23492507100142182 0.10573009089753327 0.1189035284179386 0.09152191110761708 0.1178811610454587 0.09515708180777992
0.10949402910899346 0.07845765644262216 0.26466133930674857 0.12613271577498927 0.09500517168909844 0.07210107828018168 0.1406285651998761 0.11351944419749034
0.10368196242373764 0.07549437098575214 0.2780293979955053 0.1271375331132723 0.09034446877725993 0.06913962535683446 0.14174886154569316 0.11442377980194508
0.08087898683599716 0.12997082755315578 0.14028289363445307 0.1376399011388268 0.09417711781721803 0.15852663262046576 0.09335575903329123 0.16516788136659216
0.14098743236620542 0.10286514537118858 0.19218181714840193 0.10859585361904701 0.12661458062915007 0.11386178857223146 0.1202200740105038 0.09467330828327175
0.12816631411388202 0.09141184768740473 0.17728588114900823 0.09135873571989976 0.14919670839843963 0.11713913338536625 0.13581089668211963 0.10963048286387972
0.10973446831666239 0.07864773478993624 0.24246196259880087 0.12873192424209845 0.10319099905261633 0.07784769051207535 0.1435264886699217 0.1158587318178886
0.10449264009173247 0.0760914306249273 0.26974061838549995 0.12815153218508282 0.09269551811313612 0.07061248679385745 0.14287939483918932 0.11533637896657452
0.09297030659856254 0.1493260628414199 0.15879008976499814 0.15797405126100247 0.08148476068957104 0.13691736967677298 0.08036071303277083 0.1421766461349022
0.10708606447761719 0.07738005420256702 0.24558364033557295 0.13373318231286926 0.09094339416450921 0.08063763178192719 0.14804813019576896 0.11658790252916808
0.08158601190336501 0.13067690690389477 0.13301411044349512 0.13798043886891256 0.0944309837982504 0.16314828898916817 0.09358673245021895 0.16557652664269504
0.10534773996471823 0.07678818206765192 0.23543326898873596 0.135030143875555 0.09450426737892932 0.08569389079606266 0.14948391995991434 0.11771858696843257
0.08126895704238005 0.13052665939581196 0.13070085182632227 0.13801441198926706 0.09519292887925176 0.16506912139147412 0.09360977508837244 0.16561729438712045
0.10534776007591722 0.07683314821891138 0.23449045228447665 0.13512804662529068 0.09473227696612438 0.08607207541732881 0.1495923023283641 0.11780393808358675
0.07163431253879966 0.11506372743289095 0.0802175605427366 0.08484689451229838 0.13991817618498467 0.24271165901066 0.09591388075303293 0.16969378902459675
0.1295345063325884 0.1104957620643005 0.16527077496639278 0.10811827021442079 0.13578480861036119 0.13294563185750635 0.12054380276145124 0.09730644319297871
0.11035629790671105 0.08183852314120692 0.23752034007141085 0.12898628158254727 0.10064352774066695 0.08075729801053337 0.14381007812263108 0.11608765342429256
0.10480731152942176 0.07670789999409061 0.2678981784165537 0.12837734540306145 0.09232332028965633 0.07121517377895799 0.14313115972550283 0.1155396108627553
0.10266117599760469 0.07527605260407576 0.279496917968947 0.12726403560038738 0.08984005582465424 0.06903422758564004 0.14188990237834234 0.11453763204034866
0.10180133560022696 0.0747781477459685 0.28381624576861336 0.12676323290866776 0.08900412621232996 0.06841845739598242 0.14133154475041015 0.11408690961780098
0.101464614279601 0.07459532560883055 0.2854136846297578 0.126569855527206 0.08870843870884691 0.06821926787004434 0.14111594340122816 0.11391286997448538
0.08045887353617204 0.12969317408040082 0.14192624458605327 0.13758219489494827 0.09379770347929377 0.15812655640305515 0.09331661914613884 0.16509863387393794
0.10476663226020708 0.07648887976206817 0.2390266128714828 0.1346161283291325 0.09409460760640616 0.08462390110141446 0.14902558773107058 0.1173576503382181
0.08115783665893408 0.13043222537851157 0.13150427447538704 0.13798767960368302 0.09509580865912529 0.16464531614265868 0.09359164355728067 0.16558521552441963
0.11509296406073859 0.10125801712838169 0.16075991083608435 0.09415014345399654 0.1426013568985537 0.1331969237159859 0.1399605117614635 0.11298017214479585
0.14030535302354147 0.10775430148953906 0.1929408212086091 0.10585028946802236 0.1338903231149498 0.10597847769260642 0.11801517348151148 0.09526526052122011
0.14627952037904263 0.10784760208153883 0.2029879066989159 0.10426822772373243 0.12988439176569777 0.09863965369877575 0.11625129270093748 0.09384140495135918
0.1125941758591897 0.08199262652435724 0.2516116918052858 0.1267585392013614 0.09789705991132637 0.07373690980021398 0.14132631161704023 0.11408268528122527
0.0822456000289556 0.13364057680435093 0.13402499942139626 0.13715549105655406 0.09552632811189883 0.15979321267931673 0.09302720262966274 0.16458658926786485
0.08001354057796449 0.1235834276852754 0.10735119933667107 0.13003193801187163 0.10301162355906406 0.19594439480541004 0.09752395350890374 0.16253992251483954
0.07477133992939164 0.14264400098020516 0.09945290275497458 0.13434830420439528 0.0945621628887775 0.20188012656269605 0.09112319763428549 0.1612179650452743
0.10077167532791895 0.09218764491173992 0.21335403930159913 0.13380914322443144 0.09495616911403919 0.09530589027999904 0.149187208938284 0.12042822890198827
0.10351619211522914 0.08055030479237953 0.2589724827925456 0.12959347496031615 0.09195722496769954 0.07428913948164102 0.1444870534259047 0.11663412746428453
0.10257697242812186 0.07735500817590736 0.2760595802193922 0.12749281772853224 0.08994678734380536 0.06968032077063123 0.1421449773779307 0.114743535955679
0.11881769375976925 0.08915087042135164 0.20603246572415163 0.09244170815111552 0.1385617420199131 0.10664466220428394 0.1374208079380762 0.11093004978133861
0.14024844543133075 0.10408460514101521 0.20862594016079744 0.10487768012418432 0.1316538964205522 0.09918873396443532 0.11693078664591894 0.09438991211176588
0.11106755231736536 0.081257625495156 0.253948125774587 0.12664106868315297 0.09816139866089987 0.07375192649830653 0.14119534075569443 0.11397696181483767
0.10424116484245853 0.0774151955362636 0.2737736199060903 0.12732296364036286 0.09116310645575848 0.06953767959743962 0.14195560274530006 0.11459066727632658
0.13605308828303736 0.10171743187072749 0.23419045052860937 0.10545485143765457 0.1188861877312756 0.09121433426685434 0.11757428958795217 0.0949093662938891
0.09781144295010932 0.15744148883568385 0.14760767565978153 0.15415206489595093 0.08483836096425777 0.14099562310165958 0.07841648518620113 0.13873685840635583
0.10849734859762492 0.07812645813984956 0.2408402480940911 0.13400585379015215 0.09185214754905818 0.08150233897463731 0.14834998872983876 0.11682561612474804
0.08167907345233354 0.13284203714812495 0.13174340972318238 0.13763842899750114 0.09443553327726589 0.16314064206715526 0.09335476053743555 0.16516611479700136
0.10541685287907306 0.07697537174464032 0.23492017872686846 0.13509112132516968 0.09454538439327896 0.0857279196314273 0.14955142450324033 0.11777174679630178
0.12041261872218048 0.08974061319403366 0.19353430349434048 0.09323357501648598 0.1410283001467673 0.11157232818787163 0.13859797121853734 0.11188029001978317
0.08257711655091439 0.13403476606569142 0.11959733596952814 0.13491168653399155 0.103524838188295 0.1719549150277347 0.09150531782305513 0.16189402384078982
0.1019538670633943 0.09005418748886906 0.22149976799866816 0.1329239890646136 0.09623794767112064 0.08949832244881413 0.14820032810636774 0.11963159015815227
0.08034395272228367 0.1360416053438442 0.12713494958425334 0.13738919987047124 0.0951869552738532 0.16585057918771362 0.09318571817301527 0.16486703984456547
0.10527331504680254 0.07733499881848874 0.23308809136704436 0.13533065838112832 0.09486156216013496 0.08631419838226342 0.14981660187084617 0.11798057397329136
0.08101789394236909 0.13355770968443476 0.12986949471588385 0.13750220940099916 0.09498513995327931 0.16480253290637453 0.0932623681154603 0.16500265128119898
