0.125 0.125 0.125 0.125 0.125 0.125 0.125 0.125
0.561373785194368 0.14163058014454402 0.14671516278354227 0.036057383390894426 0.07204686033439847 0.019092104900139753 0.018342234159715864 0.004741889092397506
0.5589674409045117 0.11994197333695342 0.16245037861331235 0.03429971882634684 0.07911574173026234 0.01760060451703909 0.02266747394165821 0.0049566681299162
0.6559149791996548 0.06328017269395957 0.16912992656434928 0.01603484303508248 0.06937201460353536 0.006938844570242712 0.017601268117209034 0.0017279512159667043
0.586282637441323 0.05384911475639467 0.24468520133068725 0.02219544278329387 0.06019091244110572 0.005682856862219006 0.024803496531492514 0.0023103378534841492
0.5648164665038523 0.05072749542800841 0.2694125428942471 0.023901315765138785 0.05672908845709707 0.005250109756716742 0.026722291627358712 0.0024406895675808562
0.6239854845317669 0.05561201427603992 0.1867103397270016 0.01643404173451877 0.08291997737175869 0.00761934847897676 0.024497697925023987 0.0022210959549132524
0.6414040497292492 0.05866057896157314 0.18933158453899981 0.017113083368953803 0.06617597350911227 0.006233905503794797 0.01928691947151835 0.0017939049167985488
0.6419943032847694 0.05850944662587602 0.1899011091914205 0.01711116176574475 0.06544559433112672 0.006132831550852344 0.0191343656267202 0.0017711876234899197
0.6593197469105847 0.06006128531137597 0.17266156115491857 0.015532574285511056 0.06716508015695256 0.00629050157083692 0.017364794201152237 0.0016044564086681841
0.6393801918885895 0.05850834789603444 0.16698940421242572 0.015095631931482653 0.08723633753151251 0.008201136299183646 0.022501337462986288 0.0020876127777852277
0.5858962609103711 0.053946409265631906 0.24399940709657564 0.022181092373128677 0.060869216396404247 0.005769971551886884 0.02500043933980032 0.0023372030662013768
0.5753141729693803 0.11329601904723481 0.1615853670606362 0.03141251661191097 0.07709814345171852 0.01564657042252016 0.021370058808477057 0.004277151628122054
0.552381413542048 0.05295162871392606 0.27366436604269095 0.025858146448291118 0.058161378535065 0.0057730584803962455 0.028431215952045442 0.0027787922855371954
0.564748593359517 0.05042507534163834 0.27037441888700686 0.023831996650971358 0.056369300876944056 0.0051943832639821915 0.026635555215190395 0.002420676404749808
0.6156824996112844 0.054842463464939366 0.19510122624967322 0.017173359724606433 0.08177057151228982 0.007509295693930643 0.02559949252276768 0.0023210912205083485
0.5581503660217014 0.11162370476645113 0.17476167981684748 0.0345552246136052 0.07660695914300372 0.01578594651455387 0.023693307246816248 0.004822811877021071
0.5523184952632656 0.052818989668889135 0.27409444742573225 0.025826863608968766 0.058020956872008075 0.005750826574255611 0.028398832643912318 0.0027705879429682618
0.6154659584883205 0.054940740584946315 0.19501049639217832 0.017195218286234763 0.08188950643658098 0.007544162454332315 0.025624239950684975 0.002329677406721692
0.5859929542608339 0.05347728430989315 0.24524086219109556 0.02208732512172426 0.06032995137378715 0.005673099848515344 0.024891040230369844 0.002307482663780913
0.5755487389922329 0.05167351729106095 0.2587165548094325 0.022930696242560927 0.057800907693076393 0.005347479982470154 0.025642381503274896 0.0023397234858912644
0.564890853856683 0.05048881027275409 0.2700428729460376 0.023839930547356558 0.05646071968594527 0.00520092599862675 0.026653016678263426 0.002422870014333433
0.5543511343090906 0.04938615943641163 0.28105062560708016 0.02474227100560275 0.05522706323253491 0.005072417453887006 0.02766189093567385 0.0025084380197192167
0.5756538915489922 0.051125131585435066 0.26020641490659935 0.02280671784117318 0.057171654622322016 0.005236414361683385 0.02549731911755728 0.0023024560162374823
0.6600886033319102 0.05894310375227877 0.1748134747012744 0.015399572041986732 0.06591287153392711 0.006065378546254517 0.01721573025905243 0.0015612658333157056
0.5864788171447922 0.05358243966418305 0.24522840318904351 0.02213503635020384 0.059916068297014666 0.005622774723844426 0.024744567019240087 0.0022918936116778916
0.6598360619838768 0.05923751111005589 0.1742852681538543 0.01543627376791139 0.06624584625186808 0.00612802267558345 0.01725766667625393 0.0015733493805962341
0.5648145865278074 0.0516244626959791 0.2668235267268085 0.024121650615660864 0.057727436561551396 0.005419917626137788 0.026966453189716553 0.002501966056338512
0.5542867689455938 0.04947594682518947 0.2808355043826729 0.024769087723802513 0.05533026235283261 0.0050928011337738055 0.027693194133967675 0.002516434502167336
0.5543657818522412 0.0492418648678584 0.28146386941149204 0.024702713676222475 0.0550659713158696 0.005044423570335038 0.027617802068004578 0.0024975732379763417
0.5865500030545819 0.05207986344001244 0.24935078821780884 0.021835087350201118 0.05823891417905272 0.0053326818711766115 0.02441057172068093 0.002202090166485467
0.5649135562096209 0.050589928052230254 0.26973410725169755 0.023863953226359026 0.056571531345717 0.005218778722469067 0.026678861776825647 0.0024292834150804604
0.5543455527012074 0.0493942941679056 0.28103100253503677 0.024744701915562932 0.05523635228524252 0.0050742413567361954 0.02766470045170762 0.002509154586600786
0.5841532318086168 0.11370863492743255 0.15519179513226403 0.029792612403899528 0.0773554548569061 0.015528830253517204 0.020262147310782474 0.004007293306581395
0.5737049411359836 0.0550443839473107 0.25220080589435273 0.023821763375476257 0.0604676240367701 0.0060042721976667724 0.02619819843122395 0.002558010981215793
0.5677010790974304 0.11174549314075223 0.16935366635908025 0.032917358902045044 0.07599310383241287 0.015426487157332828 0.022380727786435205 0.004482083724511138
0.5523947582015537 0.05283301760955803 0.2740011163723107 0.025827504264408434 0.05802860574846375 0.005748949920596153 0.0283963250413689 0.002769722841740425
0.5541960234896529 0.04947278366791128 0.28095192106748695 0.02477391928036198 0.05530442978289545 0.005095105492093176 0.027688406940514592 0.002517410279083389
0.6515932252862068 0.05787643523158723 0.1840762366133489 0.0161357691176319 0.06472109112007068 0.005928754025317581 0.018039287662159717 0.0016292009436772946
0.6593696957171165 0.06007964452055994 0.17257874011926677 0.015533053180621152 0.0671808456175058 0.0062895858256736 0.017364174541549298 0.001604260477706949
0.5755127834584528 0.05266560485746123 0.2559519736145682 0.023152663158040855 0.05889349937398194 0.0055367647199516395 0.025883615475640855 0.0024030953419025445
0.5755616021248866 0.05152789439080931 0.25913673375174495 0.022899295083424125 0.0576248078058649 0.005317883885657909 0.02560194520669568 0.002329837750916314
0.5606751136064491 0.10980458206018964 0.17740020432129117 0.03433615090376797 0.07469940532325758 0.015077101853631971 0.023353058881804594 0.0046543830496081195
0.5539307636991678 0.11580325163435744 0.17195434637370233 0.03542445778684521 0.07737891801091712 0.01676123747235991 0.023694465253937716 0.005052559768712318
0.5521763471369978 0.053020099597048446 0.2737362965529152 0.025891926016910236 0.058163966961784684 0.00579099247583993 0.028434460143026207 0.0027859111154773884
0.5682359974168872 0.11120652149367355 0.1700270053184197 0.03284871956403822 0.07562458857666478 0.01527477237454032 0.022333544672817326 0.004448850582958742
0.5524194399286104 0.05280091508025471 0.27406950377874223 0.02581782655376597 0.057996495976250444 0.005741685448239636 0.028387191163052643 0.0027669420710840584
0.5647573138423715 0.05041304296128094 0.27040235265795415 0.02382870086944742 0.056355539545424244 0.005191641986910764 0.02663173279791155 0.002419675338699369
0.5649177544427174 0.05031955795714627 0.27051209967154083 0.023797428256139404 0.05627012073896163 0.005167377333151217 0.02660493147839043 0.0024107301219528673
0.5543608250659254 0.04937283469516396 0.28108250221244996 0.024738293341625466 0.055211696094661075 0.00506937849193226 0.027657223724944717 0.00250724637329719
0.5756547125315077 0.05112406678073992 0.2602088132275198 0.022806453053482098 0.057170413763053075 0.005236166320388045 0.025497002289609702 0.0023023720336999474
0.5543581728358574 0.049501741002431696 0.28070530912241143 0.024773215887403662 0.05535510430739456 0.005093830508159018 0.0276959052739672 0.0025167210623750014
0.5764599171691533 0.11223215418240984 0.16284461466114 0.03128882321464562 0.07635134046621815 0.015330434551523388 0.021280110753039032 0.0042126050018706195
0.573711313920578 0.05492581720101625 0.2525289753472374 0.023797090298243506 0.060335716011219405 0.005980458268691967 0.026170317351394575 0.002550311601619063
0.5647334476381168 0.05070843129908002 0.2695684055517546 0.02390173209852565 0.05668538981255976 0.005249062543899859 0.026713175947524793 0.0024403551085384672
0.6323687654194221 0.056356016630632985 0.17833818689996525 0.015686541669150393 0.0840283520450625 0.007720776937946015 0.023382883497665242 0.0021184769001555293
0.5728856299523033 0.11509316678593476 0.15906680482104618 0.03156938365478447 0.07898505741017382 0.01633852612584895 0.02164315940056867 0.004418271849339812
0.6109766291280412 0.05871457337320178 0.1890278909570717 0.017903456633606738 0.08599688112741391 0.00855954130416051 0.026248763209452696 0.002572264267051301
0.6325522393352216 0.058037229456634754 0.19771268321361946 0.017929501094995894 0.06547614331026726 0.006194853742460631 0.02020928979007348 0.0018880600567269309
0.6420590868352056 0.0583956956479881 0.19013796632008922 0.01709457443635692 0.06531934759453646 0.006110940927627324 0.019116097635504686 0.0017662906026915054
0.6145251404209146 0.055971392010426155 0.1926150376202378 0.01735457807221197 0.08345490794337627 0.007814723209098798 0.02586986062396697 0.002394360099767387
0.5750283532177626 0.052566691922233025 0.2559366745979495 0.023103555886132315 0.05931386102710112 0.005588199177787972 0.026042312262376563 0.002420351908656786
0.5680322865049747 0.11146587459982127 0.16960775079808693 0.03287142921155842 0.07585199851131838 0.015344160679833 0.022362681458307884 0.004463818236099534
0.5736838762609241 0.05485194244617387 0.2527656499974797 0.023783556110386173 0.0602490995478515 0.005966839085326444 0.026153065751221463 0.0025459708006367278
0.659762218383485 0.05923356162618709 0.1743886861160375 0.01544014415287192 0.06621501997831371 0.006130649339473939 0.017255811408988853 0.0015739089946417357
0.6310736456352768 0.05767897882658279 0.17549571553537777 0.015856114269736106 0.0859960161161991 0.008073817026367324 0.023634285847608138 0.0021914267428520826
0.5859050667995725 0.053819779216113355 0.2443448917131968 0.022156174734501363 0.060726931424117205 0.005744967910978167 0.024972636378168395 0.0023295518233523212
0.5542362911350673 0.049788143877869256 0.2799376472693012 0.024853915617418027 0.05569314865604737 0.005155718513355665 0.02779431686628921 0.0025408180646519984
0.5649076147306628 0.050205592024975945 0.2708474564484037 0.023769815640440898 0.05614488981908706 0.005146398035683168 0.026575045514403837 0.002403187786342543
0.6157084593588287 0.05482590878104422 0.19513048827094745 0.017170373692761205 0.08174586850173184 0.007504052120316461 0.02559502921819489 0.00231982005617522
0.5860003956207124 0.05346922701216797 0.24525772969971077 0.022085578359678233 0.060320295526174184 0.005671067179293942 0.024888843870396037 0.002306862731866249
0.5755492238534233 0.05167290141698011 0.25871794267166126 0.02293054572411195 0.057800180756342384 0.00534733367752522 0.025642197539514366 0.0023396743604413195
0.5865084479826969 0.05242089510705702 0.248434409923716 0.021904016568435106 0.05862133234085249 0.005399946408981703 0.02448801397877219 0.0022229376894886466
0.564894708650194 0.050616669458281506 0.2696713624942812 0.02387120578539677 0.05660231278414366 0.005224877473312512 0.02668735898506946 0.002431504369320935
0.6342462050783473 0.056516228103333524 0.20095806056852825 0.017695034893196356 0.06320073218401798 0.00580617556177059 0.019783168793411042 0.001794394817394899
0.6398756201162132 0.05805427081066251 0.16791002883751333 0.015042999394726912 0.08655635026584606 0.00807497456037335 0.022422204140424822 0.0020635518742399294
0.5750223377855748 0.05290727738103599 0.2549796582735231 0.023178428842001074 0.0596922017713389 0.005653865780862684 0.02612410405405387 0.0024421261116095976
0.5679665326488035 0.11151665242508428 0.1695536470752187 0.032878920461317344 0.07588758164301822 0.015361017651523975 0.022368065491834184 0.004467582603199724
0.5845681816516125 0.055896103858331485 0.2418780021972493 0.02274089468427353 0.061395703148914335 0.006080817492603491 0.02500792196030505 0.0024323750067103502
0.5674676728199844 0.11199015770641504 0.16904420760143413 0.032948082334288496 0.0761582236498405 0.01549364977677899 0.02240125894762207 0.00449674716363607
0.6392114496683465 0.061154507518146106 0.18694271797224582 0.017613878999715834 0.06716671625048995 0.006656400540075214 0.01936624870393213 0.0018880803470483298
0.5754103628083685 0.052579542203594024 0.25631467667235297 0.023138693774962634 0.05877452772979231 0.005524331548252151 0.02585899520633597 0.002398870056341374
0.5604772244653763 0.10995680033298416 0.17723425613587854 0.03436109394094783 0.07480556757241874 0.015127726491709197 0.023370800819999378 0.004666530240685922
0.6479249194375387 0.061813611457815415 0.1786538335426292 0.016770429131834446 0.06789355294769917 0.006711445548250651 0.018440629314884688 0.0017915786193476186
0.5659069911477936 0.11356920844450527 0.16707748203711442 0.03315017286844432 0.07722892557708161 0.015935829594987377 0.02253774632747802 0.004593644002595326
0.5844736812437465 0.056024257706676316 0.2416249203707577 0.02276999653123633 0.06152210004438193 0.006109628905006906 0.025034274656322665 0.0024411405418714553
0.5541559948013983 0.04990749069857928 0.279705022729518 0.02489232567245851 0.055789295514312234 0.0051795785920183005 0.027820208707268018 0.0025500832844473375
0.575623551066814 0.05116696414893983 0.2601120502788829 0.022817174281202217 0.05721926861594068 0.00524593993509578 0.02550936508729042 0.002305686585834442
0.6322859537036296 0.056464239232872526 0.1780884870665668 0.01569963702016319 0.084188052776804 0.0077476805082017175 0.02340195332150925 0.002123996370252735
0.5537742151048899 0.05076946836244488 0.27676233179484566 0.02509360373005001 0.057273608183403046 0.005406529173444845 0.02828227322303903 0.0026379704278826255
0.5864448091376163 0.05222023321129808 0.24902429899412745 0.02186563808924418 0.05841443799074273 0.005366169032697304 0.024451821999201387 0.0022125915450725364
0.634080255257952 0.05679710216872741 0.20036677709369827 0.01774047103359521 0.06351357468395435 0.005860737742101251 0.01983357721466263 0.001807504805308767
0.5542697401708873 0.05030834617360433 0.2783997155660214 0.02499463263571074 0.05625627872325218 0.005250668264905649 0.027943006786772293 0.0025776116788460432
0.56487819813528 0.05024807456852551 0.27074791487548483 0.02378147841657838 0.05619324454041169 0.0051559380589428876 0.026588468938518843 0.0024066824662578898
0.6408427516451795 0.05706796856668922 0.1699878435876848 0.014931181556184983 0.08508900398702651 0.007811567650223685 0.02225638581839301 0.0020132971886183287
0.5750834562775228 0.05283028338304677 0.2551597379940855 0.02316032259867734 0.059595744983337126 0.005634914116331404 0.026099727214088944 0.002435813432909924
0.6010110617513486 0.11798968107946509 0.1589714670094987 0.03078309771322129 0.06021887598147257 0.012187602365208008 0.015706103868011058 0.0031321102317747956
0.6370657104684948 0.060842223861567304 0.16483646410094438 0.015492616656274199 0.0883268808335341 0.008714754443018573 0.022535732240646134 0.002185617395520395
0.5749038765785837 0.0530685919659987 0.25465962675569553 0.023219611847515302 0.05984565418733076 0.005689374981269739 0.02615939805450062 0.002453865629105576
0.5647978266513416 0.05060890824338229 0.269751068635676 0.023871745853222704 0.056611502050249035 0.005229814470092467 0.026695746296182887 0.0024333877998530913
0.6428411079686971 0.05728122417928849 0.1923656648254813 0.01692862502363284 0.06405675236956188 0.005884775091680856 0.01892624767322337 0.0017156028684341426
0.5819151394698864 0.1159761761244012 0.15249658813729003 0.030016504589471863 0.07889391994676832 0.016162259837320496 0.020413332125711295 0.004126079769150406
0.6389762309768081 0.06147069941540381 0.1863406323767897 0.017659267555152677 0.06751178390479656 0.006723197493607061 0.01941558459243618 0.0019026036850058785
0.5646568836743084 0.05162020643818458 0.2669976379289558 0.02412744576042585 0.05770273688683708 0.005426330862915798 0.026964541109940707 0.002504217338431658
0.6341464336616357 0.05660207598856694 0.20081505739605188 0.017710699910486752 0.06329900176116288 0.005826115010052127 0.01980135800103881 0.0017992582710048568
0.633626698896731 0.05749437000260324 0.19893191178152772 0.017855018519000645 0.06429147513670275 0.005998702251702316 0.019961075690710057 0.0018407477210222246
0.564806635599569 0.051317336277830645 0.2677164871376031 0.024046462806861714 0.05738621492982721 0.0053622833825722645 0.02688340942940626 0.0024811704363297883
0.6013739771152528 0.117588245236078 0.1594058137321826 0.03074102608598349 0.05999832692804029 0.012096772326613032 0.01568092608337488 0.003114912492474911
0.6398586592788044 0.06108220498179068 0.18727939443098346 0.0176218786808113 0.06651019313450081 0.006559057076626717 0.019222085598729347 0.0018665268177532246
0.5646934909284506 0.051583013701941106 0.26709406092264754 0.02411838846606328 0.057646450802256395 0.005415977222728137 0.026948116281177163 0.0025005016747358276
0.5648516272513303 0.050413625223492145 0.27029175274915884 0.02382313216647329 0.05637786116205367 0.005188678486228965 0.026634808335262196 0.002418514626000616
0.564917442830441 0.05032079826668838 0.27050795172911235 0.02379771966778568 0.05627208665748526 0.005167657077054083 0.02660550780500349 0.0024108359664299947
0.6156939374412841 0.054835455639877455 0.19511281967710778 0.017172073283385374 0.08176046753129301 0.007507030335100272 0.025597671021367226 0.002320545070584787
0.5643702556475849 0.051496392277581564 0.2668764079956472 0.024062980964052724 0.05809478601779742 0.005461931182093119 0.02712006587955733 0.0025171800356856436
0.61551415795332 0.05494201831148162 0.19490541394251185 0.017190333197987413 0.08194386854195689 0.007542961339976 0.02563197631694641 0.0023292703958197524
0.5581289238938867 0.11163836036747908 0.17474495989849909 0.034557437142799935 0.07661915582588637 0.015791572620006945 0.02369544667098891 0.004824143580452992
0.5686599408391974 0.11919259572027457 0.15666091497562018 0.032305328439074674 0.07965165148055858 0.017303636340409975 0.021612157736692058 0.004613774468172448
0.5521438048525777 0.05326423234110013 0.2730528435358925 0.025955027832608998 0.05843378599020036 0.005840901022537479 0.028504793796003805 0.0028046106290790097
0.5681879082278715 0.11124342728428162 0.1699878561841249 0.032854199237219106 0.07565046270805512 0.015287060749399827 0.022337486533143085 0.004451599075904961
0.5736948533312631 0.05483692331681671 0.25279843030581 0.02377989222403742 0.06023263380513763 0.00596336650148254 0.026149081792754623 0.0025448187226978065
0.5830246346082687 0.11472149846528339 0.1541067234254018 0.029904241346183934 0.07801609432964587 0.01583106817957709 0.0203314131288372 0.00406432651680218
0.5629357565421905 0.05407498923485353 0.262796963055388 0.024869360373197032 0.059395985702494256 0.0059055513281737965 0.0273457997218538 0.0026755940418491967
0.5754561410928598 0.05153728728935258 0.2592298149898833 0.02290738286166123 0.05761253649021999 0.00532327186976416 0.025601846747557565 0.002331718658701395
0.5648991223109292 0.05047633146752038 0.2700738472555006 0.02383660753523538 0.05644547178055772 0.00519806050785856 0.026648738647742483 0.002421820494655737
0.6514876749871611 0.05803865858270061 0.18375322663223206 0.01615732025226055 0.06490281504749175 0.005960958291043319 0.018063451323804162 0.0016358948833065032
0.5755837884168695 0.05245759527629491 0.2564855433244792 0.023104476724436225 0.058658297212899696 0.005493125579762671 0.02582868623888369 0.0023884872263739967
0.5542839525268902 0.0496059826488161 0.2804552614004932 0.024804257167369514 0.055474900441311335 0.005117513169966581 0.02773213425910251 0.002525998386050688
0.6602486655540702 0.0586601958284379 0.17538396066793283 0.015367029966618576 0.06559863408829937 0.006010794147990974 0.017179886462457532 0.0015508332841925616
0.6334116743348033 0.05784697941635412 0.19819534533838387 0.017912450061248454 0.06468400789551645 0.006067493491932575 0.020024743592751214 0.001857305869010068
0.554214378769201 0.050381113781367004 0.2782283545324492 0.02501613526309789 0.056340070840775046 0.005267579364390137 0.02796818120298223 0.0025841862457372843
0.5936989570584275 0.11576337953108519 0.16762208780941473 0.032252991673696996 0.05906771201475079 0.01188015336481344 0.016452546209739377 0.0032621723380719873
0.5529127761636871 0.05265027383895001 0.27478712890451046 0.025804744519700128 0.05732913715481043 0.005641477032515917 0.02814569650849267 0.0027287658773333602
0.5542221225303835 0.04944840895169163 0.2810212727486174 0.024767527772605998 0.05526324226938083 0.005087964269968934 0.027674835819303942 0.002514625638048065
0.5865383975517668 0.05209561208269897 0.24931725193464901 0.02183869433637825 0.0582561386066426 0.0053362387556852055 0.024414464024522447 0.0022032027076566863
0.5756406616377425 0.05155183759824491 0.2590078664641739 0.022901673404422788 0.05764720514471787 0.0053181601983070415 0.02560276639162785 0.0023298291607634185
0.5543344082431704 0.04953522045922227 0.2806249592497772 0.02478318550226653 0.05539356386380499 0.005101430357099576 0.02770753386437917 0.0025196984602798324
0.5865328429445043 0.052104714020995764 0.24929499789645831 0.021840661225712033 0.058267494474416794 0.005338316552612395 0.024417113085524588 0.0022038597997761224
0.6426859080792287 0.05755698096591795 0.19179038046060004 0.016968737084709522 0.0643624441687483 0.005937766850706137 0.018970336497646168 0.0017274458924433698
0.5542613443016503 0.05042093715133395 0.2780749427828425 0.025025367731182732 0.056381834085384115 0.005272356593970321 0.02797719435549401 0.00258602299814191
0.640839338527425 0.05701619304999341 0.17013528399417271 0.014927120673496004 0.0850166231245473 0.007802274795655397 0.02225152452371404 0.002011641310996083
0.632674505896682 0.05811596803002594 0.1974125944475435 0.017936965693359178 0.06555790784872316 0.006198097763534067 0.020215214677062842 0.0018887456430694077
0.5647574750473779 0.05137185465142933 0.26757928923321334 0.024060221952712863 0.0574627366985987 0.005376610067225453 0.02690547522084854 0.0024863371285938816
0.5864757141390503 0.052326682941653956 0.24872169945948386 0.021886633980108434 0.058518149087502074 0.005383707567861438 0.024469443446922125 0.002217969377417748
0.5543338178747232 0.04966245134302232 0.2802510325762815 0.02481754657291324 0.05553508514435355 0.005125477440810782 0.02774557960612945 0.0025290094417657633
0.5649157042794549 0.050195436198397426 0.2708711847265822 0.02376706063527152 0.05613270630155694 0.0051439937810545365 0.026571603177635194 0.0024023109000469974
0.6428839157076056 0.05724478880212172 0.19242551676492142 0.016922594605813433 0.06401427195406513 0.005876224403690554 0.018919026888140216 0.0017136608736416897
0.5542776008581866 0.050399499459668755 0.2781254523706674 0.025019047861582443 0.0563571486806196 0.005267369352061091 0.027969795030665108 0.002584086386549128
0.6514953183226481 0.05796220212637024 0.18393698649277726 0.016148668114265255 0.06482032046849416 0.005948544739910573 0.018054572851115093 0.0016333868844194013
0.5755875400243814 0.05245198533736944 0.2564984252360417 0.023103106996723445 0.05865191771626789 0.00549185468072256 0.025827110227807707 0.002388059780685803
0.5648480908275862 0.05055097037409157 0.2698968485608523 0.02385687490532012 0.05653167289497093 0.005214945780108498 0.02667260766778325 0.002427988989286904
0.6601496226358204 0.058817552799110676 0.17507423111976939 0.015385458866852749 0.06577414735464822 0.006041838094617131 0.01720036961278585 0.0015567795163953727
0.5837560512217671 0.11687216106443996 0.17239319665332398 0.0341385867448821 0.05962689948242788 0.012261706846552478 0.017412745479999023 0.0035386525066075417
0.5621116836468855 0.11739860319993231 0.16479169506579402 0.033909417362169375 0.07772933248391012 0.01678676769299529 0.022491669337872083 0.004780831210441135
0.5521890558856375 0.0531180963669833 0.27346394486068104 0.02591779369221235 0.05825517790081446 0.0058080475705953585 0.02845560121148456 0.002792282511591334
0.5647408980162119 0.050435069946379855 0.27035485063616044 0.023834917249951064 0.05637837816160726 0.0051965195981101 0.026637916015439706 0.0024214503761396436
0.5865301658448592 0.05224647503584742 0.2489038040374702 0.021868793543446126 0.05842491669189622 0.005365470164152446 0.024448126660525715 0.002212248021802786
0.5865261175096566 0.052539805910683884 0.24809063766137493 0.02192694259925615 0.05875237981409436 0.005421614629573494 0.02451288519652295 0.002229616678837644
0.6405004258362357 0.05740262937718356 0.16929304079233018 0.014969524737802243 0.0855880221568831 0.00790222384383186 0.022313526545412306 0.002030606710321112
0.5650194693992255 0.11382384783459562 0.16634809265560396 0.033128947406947676 0.07811609112199853 0.016197854370108972 0.022714017349520867 0.004651679861998753
0.5735518746959146 0.05501493023909443 0.25241776498260665 0.023823003765080977 0.06043056068648806 0.006005979107725512 0.026197039133187393 0.002558847389902272
0.6402817020088327 0.057499356283022315 0.16922350259036364 0.01498641792991427 0.08570250603460881 0.007937273858988165 0.022331789753469968 0.002037451540800224
0.6584718615139289 0.0605305525398709 0.17150362962858479 0.015566693905829557 0.06828622561808226 0.006461456697225078 0.01754239788361963 0.001637182212858972
0.5647323912644291 0.05172424143317777 0.26658153574491766 0.024147411084235824 0.0578560867897651 0.00544482793690134 0.027002575638223912 0.002510930108349377
0.5648423097035308 0.050426710356781014 0.2702592686132812 0.023826606039194474 0.05639425412959064 0.0051917527019270295 0.02663945808747673 0.0024196403682179386
0.6324033957253008 0.05633345566705938 0.17837680176336065 0.015683202487424358 0.08399458070133994 0.007713705256061242 0.02337786415830528 0.0021169942411481753
0.6413267290930381 0.05878383632976397 0.1890805815698688 0.01713109433965085 0.06631330311695852 0.00625839811779945 0.019306713229778883 0.0017993442031414434
0.6395501983806751 0.0582971501116335 0.1674386457084144 0.015071611146688374 0.08694459238167554 0.00814910450195911 0.022470990338053307 0.0020777074309006973
0.5648430528338206 0.11395029317439372 0.1662098748982068 0.03314632788478927 0.07821509561155159 0.016244195709404937 0.02272929724745806 0.004661862640375093
0.6360290636344992 0.06101751424887146 0.16427750464251362 0.01549326178778509 0.08936470202133295 0.0088832388563916 0.02271746445954995 0.002217250349055998
0.5748708699598177 0.05309622150731365 0.25458230953478755 0.023224944412111613 0.05989700557431494 0.005698307920303994 0.026173529995325576 0.0024568110960248913
0.5864123632200479 0.052548513153715594 0.24813714364274034 0.02193150413332735 0.058781797718738656 0.005430649390548076 0.024525506231926144 0.002232522508955824
0.6153693860603734 0.055150936949751005 0.1944185076856327 0.017222736738062565 0.08223152117100589 0.007592498609881243 0.025673363061431403 0.002341049723861865
0.5643499611718537 0.05152120303938088 0.2668171798924384 0.02406947952472638 0.05812595751628391 0.005468038944296987 0.0271287978419193 0.0025193820691003445
0.5542770141505987 0.04947793859227588 0.28081920825305456 0.024768763952112974 0.0553459610237721 0.005094860468045233 0.02769902809855107 0.0025172254615893146
0.5865354855238081 0.052099881402590434 0.24930582586931826 0.021839551523001315 0.05826241493049059 0.005337306492114934 0.024415993891887287 0.002203540366789004
0.5756403767498516 0.05155220151357586 0.2590070057894246 0.02290176053989795 0.0576476634073709 0.005318248414634346 0.02560288468008704 0.0023298589051577176
0.5933733236518055 0.1162139648058405 0.167087772261815 0.03230397922398041 0.059294685461581016 0.01196841118473354 0.016477775065766483 0.003280088344477452
0.65716619003906 0.06260824131905547 0.17028430162102673 0.015962900209015925 0.068167106394592 0.006711535545173629 0.017414587082820822 0.0016851377892553442
0.5754245712363955 0.052794251226270794 0.25571344265953005 0.023186827946290713 0.05899923612433752 0.005563171404820342 0.025906641174217843 0.0024118582281374224
0.5755551458559273 0.05153678834099455 0.2591178764684556 0.02290156357108668 0.05763406117895034 0.005319857353052721 0.025604205059034765 0.0023305021724981663
0.5756248275054634 0.05143596767238089 0.2593482661397047 0.02287658321147438 0.05751917777882313 0.005297030878371383 0.025575371719448094 0.00232277509433389
0.5543407542206129 0.04952605036301183 0.2806470613013645 0.024780454126875864 0.05538306453893909 0.005099363424392619 0.027704364052694847 0.002518887972108285
0.6429534053165084 0.05711596703645823 0.19269681448383166 0.01690399950949544 0.06387142654621882 0.00585163121309354 0.01889858291663621 0.00170817297775768
0.5755978294243365 0.052328239082852175 0.2568410634002445 0.023075368607581186 0.05851359780117284 0.0054677722157572915 0.02579613618946504 0.002379993278590355
0.5864723866031392 0.05247536171234727 0.2483116258105453 0.021916168534897154 0.05868341600042516 0.005412199760211088 0.02450206509857446 0.002226776479860473
0.6153792076465298 0.05514503610032163 0.19442954625074485 0.017221713799881078 0.08222181897318649 0.007590526881466561 0.025671576919503628 0.0023405734283662195
0.5643503799493558 0.05152073672761832 0.26681829088559306 0.02406935891029674 0.0581253491437573 0.005467919453373161 0.027128625759516942 0.0025193391704886885
0.5648388692267303 0.050420710172665625 0.270261940698605 0.02382407182577574 0.05640054056290223 0.005191934782361861 0.026642239716925385 0.002419693014034043
0.5756406453141198 0.05127695454490422 0.2597859898430515 0.022840770164139296 0.05734175338821912 0.005266007233477839 0.025535505547830253 0.0023123739642579196
0.6341778731481106 0.05664380872029664 0.20068444959674273 0.017715441632921568 0.06334213687260633 0.005830466456166337 0.019805602117442415 0.0018002214557132847
0.6336230193148705 0.057497854448729985 0.19892590165797014 0.017855647759665888 0.0642953804025428 0.005999476962284016 0.019961782546426946 0.0018409369075096612
0.5648064451426105 0.05131757381939219 0.2677159493381035 0.024046526937199317 0.05738648943492536 0.005362339581201374 0.02688348503211962 0.002481190714448309
0.5648660479875057 0.05039380426378794 0.2703365948606484 0.0238176499155246 0.05635599936457156 0.0051842142688995506 0.02662880190900036 0.0024168874300617943
0.5649186080920795 0.0503192933945434 0.27051138801410607 0.023797307319191118 0.05627035917905315 0.005167308196995854 0.026605026860613303 0.0024107089434177893
0.5543608279481744 0.049372832903829204 0.28108248590770263 0.024738291857149645 0.05521170762948631 0.005069378884181927 0.02765722829054373 0.0025072465789321013
0.5764858969181065 0.11221212632854498 0.162865328965415 0.03128615278862264 0.0763372832646679 0.015323803463973152 0.021278181217935323 0.004211227052734635
0.5629904783948143 0.05389812398848994 0.26324789839890184 0.024825632756451055 0.05920691194398512 0.005868412336601938 0.027299990883257838 0.0026625512974977174
0.5754661498676557 0.051523258002371064 0.25926152256438834 0.022903895368551173 0.05759661144918094 0.005320078246205876 0.025597845902537872 0.0023306385991088883
0.6322422991259475 0.05649248148419861 0.17803998567217108 0.015703789329277636 0.08423069444441876 0.0077565996360784446 0.023408287748658576 0.0021258625592490933
0.6135665509200342 0.05625365188909456 0.19165033090801656 0.017377354722265714 0.08461426304736844 0.007987847092151848 0.02611414185365928 0.0024358595674094214
0.5642582860133851 0.05162195133877014 0.26656279901888413 0.024094765540345377 0.05826857614307188 0.005494738180358537 0.0271698904506218 0.0025289933145632012
0.5648319889634483 0.05042910298832793 0.27024196413144247 0.02382631114790312 0.05641101053922563 0.005193972470549763 0.02664521555575001 0.0024204342033527634
0.5761990258585118 0.11249603161201327 0.16252292608532548 0.03131865960059903 0.07653098653303211 0.01540432491005052 0.021300422408386782 0.004227622992081012
0.6392054195920531 0.06121536105873825 0.18678233737293268 0.017620239152413484 0.06724295956052666 0.006667391085947568 0.0193759020520445 0.0018903901253437584
0.5754070834981277 0.052584306531282744 0.2563034644436086 0.02313983942438613 0.058780207516935364 0.005525437353197261 0.02586041916684846 0.0023992420656137104
0.6512725674778528 0.05829650578131768 0.18327759737541302 0.016193210418852244 0.06519338890187806 0.0060153291599443865 0.018104154203741403 0.0016472466810004034
0.5542537552913107 0.0505321371317428 0.27775351993501163 0.025055676452058445 0.056505900113859996 0.005293756974740686 0.028010934658401914 0.002594319442873844
0.6408245632780615 0.0570258337233245 0.17011873766684982 0.014928388797754112 0.08503142871284346 0.007805298198700109 0.022253520487765494 0.0020122291347013425
0.553776136716581 0.05086931533192448 0.2764690730597709 0.02512041554523085 0.057383400657288766 0.0054253421602314 0.028311112691166433 0.0026452038378063374
0.5542701107550025 0.049363740259574136 0.28116037487755385 0.024738308451707804 0.055219315135180774 0.00507361906948655 0.027665502853213366 0.0025090285982807365
0.5841585938357973 0.11370369769748483 0.15519670079912357 0.029791989189052213 0.07735265360098578 0.015527479434779898 0.02026185498137652 0.004007030461399821
0.6277851696593182 0.0602328035468063 0.17248436914463144 0.016292019126393987 0.08822304056446129 0.008760257028431284 0.023889742703523262 0.002332598226434353
0.5857766610490419 0.05398314588963022 0.24401453432044645 0.02219282209593481 0.06089912377473556 0.005782891971831513 0.02500969911554387 0.0023411217828357093
0.5755201292676073 0.0517129546076129 0.25862695850592676 0.022940399127819946 0.05784638788204841 0.0053565791152739494 0.02565380130429345 0.002342790189417139
0.5865060564660317 0.05242406883522835 0.24842740747995934 0.02190472179813082 0.05862502929322452 0.005400687819272358 0.024488859618353957 0.0022231686897988714
0.5865162039947094 0.05255430107907883 0.24805800969369807 0.021930154237469843 0.058769090328814874 0.005424921028845826 0.024516670474494136 0.0022306491628891
0.5543216102785175 0.049680297941779666 0.28020794355813156 0.024822847016801795 0.05555549798994322 0.005129497767298684 0.027751721619705627 0.0025305838278219936
0.568786350597233 0.11077211829032269 0.17045275072664332 0.032780578890714035 0.07535874285981208 0.0151363354283934 0.022295145341924474 0.004417977864957073
0.5737171293467197 0.054808470399294686 0.25285426840772973 0.023772699816126924 0.060205098481379136 0.005956908861306308 0.02614272595738395 0.00254269873005975
0.5541768608514984 0.04975079484568867 0.28014897501625674 0.024849378151106247 0.05561459168145279 0.005148797124526948 0.027772430209942342 0.002538172119527984
0.5756326931418297 0.05115398410783617 0.2601417692598739 0.022813944566811403 0.05720434651646943 0.00524299285663203 0.025505583863529427 0.002304685687017994
0.5756465558869959 0.05140516437024829 0.2594187922008931 0.022868972801949626 0.05748369200050471 0.005289997119580556 0.025566430485241095 0.0023203951345866646
0.5855355742282777 0.11465059978016923 0.17497246272391942 0.033841087999930096 0.05849665230284761 0.011804102054725252 0.017261944808879107 0.003437576101251373
0.5529065433263253 0.05255872225242807 0.2750661542366437 0.025782017506915625 0.05722312715343348 0.005623584292297035 0.02811783533546802 0.0027220158964887985
0.5863956279400209 0.052310529785078795 0.2488851345883199 0.021889836261562167 0.058461560412424785 0.00538147075099947 0.024458481793368243 0.0022173584682257763
0.5756292978978402 0.05156727979606751 0.2589741504974333 0.022905546054406763 0.05766410206397739 0.0053216630871531665 0.02560695233880138 0.00233100826432027
0.5865151560210948 0.05241216399961919 0.24845406055953412 0.021902102026175783 0.05861078425604755 0.005397869331107275 0.024485573431207608 0.002222290375213467
0.5648952294104695 0.050616003848173885 0.26967290779861114 0.023871026331781384 0.056601525493042495 0.005224720224935522 0.026687139565065823 0.0024314473279201726
0.5756302090028559 0.05129303445004916 0.25974905861234715 0.02284478325043193 0.057359757940606465 0.00526956556808732 0.0255400076922231 0.0023135834833990982
0.5649127624628707 0.05045845603432419 0.2701142183238513 0.023831696423579744 0.05642538727189023 0.005193952394492028 0.026643199392768713 0.0024203276962230518
0.6323993399967607 0.056336517142275715 0.1783711337577751 0.015683650932859533 0.08399907636871558 0.007714584608893658 0.023378516066116056 0.0021171811266039254
0.5859897477596371 0.05371191978793877 0.24459164784917903 0.02213336889917237 0.06059176807877814 0.005718452438591926 0.024941708118006653 0.0023213870686960214
0.5864292765488971 0.05267083704196072 0.2477840732088917 0.021955050708141306 0.058917059422474986 0.005453068000886307 0.024551209801575567 0.002239425267172297
0.564880327742883 0.050636334235314 0.2696251200643652 0.023876513798772776 0.05662535635635597 0.005229431731618729 0.02669375510461217 0.002433160966078372
0.6601407760477322 0.058825543909284475 0.17506145137610948 0.01538653597026748 0.06578327891611421 0.006043656884858841 0.01720162200925129 0.0015571348863817613
0.564835851616986 0.05159634639220244 0.2668881773238163 0.02411412384310581 0.05769498366232891 0.005413329871932773 0.0269575948000918 0.0024995924895360967
0.564850408778529 0.05041654562026242 0.2702830029358032 0.023823860608021642 0.05638205688094072 0.005189337852972782 0.026636025517015893 0.0024187618064541406
0.6601635977307443 0.05880529687212426 0.17509357824762306 0.015383805539443624 0.06576005984140959 0.006039006606765938 0.017198427657861143 0.0015562275040280431
0.5755781079663816 0.052576155803392435 0.2561540610583058 0.02313093757885933 0.058790542188302417 0.005515944959186863 0.025858118786272095 0.002396131659299563
0.5542773557798276 0.04961525519887201 0.28043301616034927 0.02480701834238722 0.0554855553741033 0.0051196193547165345 0.027735356324184196 0.0025268234655597688
0.6158037869950758 0.05471231019522205 0.19539511955811278 0.017152823801349124 0.08157842828774264 0.007475153781968127 0.025569450488684767 0.002312926891845111
0.6138344018264061 0.05599843279966061 0.19221098284035348 0.017336816142781528 0.0842298558660243 0.007917297793801433 0.026053145122050314 0.0024190676089222212
0.6136193625751746 0.05611426648955216 0.19197871244817885 0.017355671649845607 0.08444858990482178 0.007959780380526906 0.0260943600544216 0.002429256497478641
0.5858940065426206 0.05358978434182206 0.24496822841092009 0.02211002484792622 0.06048942603541454 0.0057028427681671216 0.024929032713122207 0.0023166543400070204
0.5648137575314796 0.050719477586285755 0.2694180164496276 0.023898108416506247 0.05673490429766472 0.005250022088853441 0.026725070381006612 0.0024406432485761134
0.6323646327949058 0.05635847939238047 0.17833247571820743 0.015686843016424347 0.08403355835156634 0.007721629979335402 0.023383721982431264 0.0021186587647487824
0.5751821022660761 0.11555505385871885 0.17967419726285666 0.035699190059287456 0.059476589508690836 0.012303148103128183 0.01835756864677543 0.003752150294466368
