Action: 0
[0.17199491678500367, 0.0964982472211926, 0.2420210654781396, 0.09649780354674341, 0.09929352220829006, 0.10069883766714376, 0.09649780354674341, 0.09649780354674341]
[0.14761237658764156, 0.096907648936671, 0.2664976989839378, 0.096907648936671, 0.10135167974506548, 0.096907648936671, 0.096907648936671, 0.096907648936671]
[0.10312832745263824, 0.09956189011703713, 0.1909549567123568, 0.09956189011703713, 0.20810713249348298, 0.09956202287337336, 0.09956189011703713, 0.09956189011703713]
[0.125, 0.125, 0.125, 0.125, 0.125, 0.125, 0.125, 0.125]
[0.2290650037029912, 0.09786709543390108, 0.18158579176412415, 0.09750451477339948, 0.10146405000538561, 0.09750451477339948, 0.09750451477339948, 0.09750451477339948]
[0.09714274643976811, 0.09891404104991755, 0.251094876325481, 0.09704262370066398, 0.15927064723126094, 0.10244981785158054, 0.09704262370066398, 0.09704262370066398]
[0.125, 0.125, 0.125, 0.125, 0.125, 0.125, 0.125, 0.125]
[0.125, 0.125, 0.125, 0.125, 0.125, 0.125, 0.125, 0.125]

Action: 1
[0.09770792628224345, 0.09770792628224345, 0.09770792628224345, 0.09770792628224345, 0.13925570120110706, 0.2744967411054323, 0.09770792628224345, 0.09770792628224345]
[0.1111111111111111, 0.1111111111111111, 0.1111111111111111, 0.1111111111111111, 0.2222222222222222, 0.1111111111111111, 0.1111111111111111, 0.1111111111111111]
[0.10043989202761676, 0.1004582678878435, 0.10043975119821703, 0.10043975119821703, 0.10621207391785867, 0.29113076137381294, 0.10043975119821703, 0.10043975119821703]
[0.125, 0.125, 0.125, 0.125, 0.125, 0.125, 0.125, 0.125]
[0.10376838637288548, 0.09692634978870153, 0.09692634978870153, 0.09692634978870153, 0.13465417025644183, 0.27694569442716516, 0.09692634978870153, 0.09692634978870153]
[0.09878414524332563, 0.09878414524332563, 0.09878414524332563, 0.09878414524332563, 0.28618033842660245, 0.12111479011344371, 0.09878414524332563, 0.09878414524332563]
[0.125, 0.125, 0.125, 0.125, 0.125, 0.125, 0.125, 0.125]
[0.125, 0.125, 0.125, 0.125, 0.125, 0.125, 0.125, 0.125]

