Action: 0
[0.10479039383243668, 0.09917860116568045, 0.27768905751591966, 0.09917860116568045, 0.12162664319421822, 0.09917950079470357, 0.09917860116568045, 0.09917860116568045]
[0.2776931878482497, 0.10000992754316712, 0.12224724689274753, 0.10000992754316712, 0.10000992754316712, 0.10000992754316712, 0.10000992754316712, 0.10000992754316712]
[0.14336970617409542, 0.09895920433919089, 0.16317651069488137, 0.09895920433919089, 0.09969855706623298, 0.19791840870802674, 0.09895920433919089, 0.09895920433919089]
[0.125, 0.125, 0.125, 0.125, 0.125, 0.125, 0.125, 0.125]
[0.17962646454101316, 0.09985323565489844, 0.21876025021237178, 0.09985323562199527, 0.09985373158906584, 0.1023466111366649, 0.09985323562199527, 0.09985323562199527]
[0.10905867381210996, 0.10188360005644004, 0.18159629519845558, 0.10122244946008759, 0.20257163283856375, 0.10122244971416791, 0.10122244946008759, 0.10122244946008759]
[0.125, 0.125, 0.125, 0.125, 0.125, 0.125, 0.125, 0.125]
[0.125, 0.125, 0.125, 0.125, 0.125, 0.125, 0.125, 0.125]

Action: 1
[0.10230459421867903, 0.10230459421867903, 0.10230459421867903, 0.10230459421867903, 0.10263734022608237, 0.28353509446184333, 0.10230459421867903, 0.10230459421867903]
[0.1111111111111111, 0.1111111111111111, 0.1111111111111111, 0.1111111111111111, 0.1111111111111111, 0.2222222222222222, 0.1111111111111111, 0.1111111111111111]
[0.09917574065396524, 0.09917574065396524, 0.09917574065396524, 0.09917574065396524, 0.14455663662666152, 0.26038891944954706, 0.09917574065396524, 0.09917574065396524]
[0.125, 0.125, 0.125, 0.125, 0.125, 0.125, 0.125, 0.125]
[0.09908048152043568, 0.09908048152043568, 0.09908048152043568, 0.09908048152043568, 0.16828364640132118, 0.2372334644760647, 0.09908048152043568, 0.09908048152043568]
[0.10851216148083163, 0.09773595218747652, 0.09773595218747652, 0.09773595218747652, 0.1339136572587705, 0.2688944203230152, 0.09773595218747652, 0.09773595218747652]
[0.125, 0.125, 0.125, 0.125, 0.125, 0.125, 0.125, 0.125]
[0.125, 0.125, 0.125, 0.125, 0.125, 0.125, 0.125, 0.125]

