Action: 0
[0.10865728617342514, 0.09950669149820723, 0.2943026763530999, 0.09950666901752067, 0.09950666990518486, 0.09950666901752067, 0.09950666901752067, 0.09950666901752067]
[0.15685249766926815, 0.09619437715969743, 0.20270185927735337, 0.09619437715969743, 0.15947375725489138, 0.09619437715969743, 0.09619437715969743, 0.09619437715969743]
[0.188361902914555, 0.11140386180909609, 0.11065395910447616, 0.09381558013410658, 0.09382180348381335, 0.2143117322857396, 0.09381558013410658, 0.09381558013410658]
[0.125, 0.125, 0.125, 0.125, 0.125, 0.125, 0.125, 0.125]
[0.18221592712565057, 0.09673659106600241, 0.23459652598603928, 0.09673659106600241, 0.09677930984991513, 0.0994618727743853, 0.09673659106600241, 0.09673659106600241]
[0.234278863685609, 0.1575020798140598, 0.128599093028868, 0.09201425922613438, 0.09203429016408228, 0.11154289562897775, 0.09201425922613438, 0.09201425922613438]
[0.125, 0.125, 0.125, 0.125, 0.125, 0.125, 0.125, 0.125]
[0.125, 0.125, 0.125, 0.125, 0.125, 0.125, 0.125, 0.125]

Action: 1
[0.09821006057988951, 0.09821006057988951, 0.09821006057988951, 0.09821006057988951, 0.12087943931813659, 0.28986019720252637, 0.09821006057988951, 0.09821006057988951]
[0.10285105474385359, 0.10285105474385359, 0.10285105474385359, 0.10285105474385359, 0.17719156204917136, 0.20570210948770717, 0.10285105474385359, 0.10285105474385359]
[0.09720989846756564, 0.09986178593902732, 0.09711613438856595, 0.09711613438856595, 0.16033732302309345, 0.2541264550160498, 0.09711613438856595, 0.09711613438856595]
[0.125, 0.125, 0.125, 0.125, 0.125, 0.125, 0.125, 0.125]
[0.11006312461493381, 0.09544047600911003, 0.09544047600911003, 0.09544047600911003, 0.1617395310118951, 0.250994964327621, 0.09544047600911003, 0.09544047600911003]
[0.09762637834312857, 0.09762637834312857, 0.09762637834312857, 0.09762637834312857, 0.1552709598784361, 0.2589707700627925, 0.09762637834312857, 0.09762637834312857]
[0.125, 0.125, 0.125, 0.125, 0.125, 0.125, 0.125, 0.125]
[0.125, 0.125, 0.125, 0.125, 0.125, 0.125, 0.125, 0.125]

