0.125 0.125 0.125 0.125 0.125 0.125 0.125 0.125
0.07575757575757576 0.12626262626262627 0.09090909090909091 0.15151515151515152 0.0946969696969697 0.15782828282828282 0.11363636363636365 0.1893939393939394
0.055322015260228605 0.09220335876704767 0.06638641831227432 0.11064403052045721 0.11064403052045721 0.21073924895407187 0.13277283662454864 0.22128806104091442
0.07282154272959304 0.12136923788265509 0.08738585127551167 0.14564308545918608 0.10031097592300064 0.18118313581168108 0.10923231409438958 0.1820538568239826
0.07170951567798244 0.11951585946330406 0.08605141881357892 0.14341903135596487 0.09802412584367111 0.19444198613356894 0.10756427351697366 0.1792737891949561
0.05196572878547456 0.08660954797579093 0.06235887454256948 0.10393145757094913 0.1135874434472753 0.24896628345090333 0.12471774908513895 0.20786291514189825
0.08769198837691987 0.1551473640514736 0.07644942576449425 0.13525667635256675 0.10523038605230385 0.18617683686176836 0.0917393109173931 0.1623080116230801
0.08480635447115478 0.1413439241185913 0.10176762536538575 0.16961270894230956 0.08136625846474399 0.18451514488238774 0.08872049390828501 0.14786748984714168
0.06919552767111603 0.11532587945186006 0.09117861251474886 0.13839105534223206 0.09327707093627215 0.21584974339930676 0.10379329150667403 0.17298881917779005
0.08343162801811266 0.13905271336352112 0.08181070010447822 0.12514744202716901 0.11384084869668738 0.2877676210533534 0.09386058152037677 0.07508846521630141
0.08358019312673652 0.1478726493780723 0.07286478375151388 0.12891461740652457 0.10029623175208381 0.22433624319542267 0.08743774050181666 0.15469754088782947
0.09284546788242747 0.07311580595741164 0.19907562551325642 0.14623161191482328 0.08897301661833663 0.11039009721351242 0.16188440553859149 0.1274839693616408
0.05927337085151036 0.09878895141918394 0.07184982957957305 0.08891005627726555 0.12884722944811794 0.26781838233709954 0.10669206753271863 0.1778201125545311
0.05835166165028764 0.10323755522743198 0.050870679387430257 0.09000197122391508 0.11670332330057528 0.2990895079876692 0.10174135877486051 0.18000394244783016
0.09260340029747365 0.07475214240880403 0.1852068005949473 0.14950428481760805 0.08334306026772627 0.11335033474214094 0.16668612053545254 0.13455385633584724
0.08339164368074516 0.13898607280124195 0.13234346058098434 0.1667832873614903 0.0786141269918382 0.16724010518715965 0.08724048877370263 0.14540081462283772
0.07290279985103208 0.11218123393931037 0.09977772716275181 0.13461748072717244 0.09072789443865312 0.22055790242673526 0.10096311054537935 0.16827185090896554
0.0588278029269577 0.09128927280851526 0.05820609094743476 0.08216034552766373 0.11963816888618478 0.3269652132147198 0.09859241463319647 0.16432069105532746
0.06496612331552513 0.11494006432746756 0.08583836686706375 0.14367508040933447 0.07795934797863018 0.24276173563748998 0.09744918497328772 0.17241009649120134
0.0960833893247308 0.07095647974762072 0.20840055195206653 0.14191295949524144 0.08480765931525534 0.1170164900528086 0.15710347978309186 0.12371899032918485
0.07367902910503271 0.11191450360481148 0.1209086812137002 0.13429740432577378 0.0911408397998014 0.19946473329933292 0.10072305324433033 0.1678717554072172
0.051979652489514 0.08056233647363976 0.0750236742492883 0.09667480376836773 0.10568571998057523 0.2807144409798382 0.11600976452204127 0.19334960753673547
0.06530943563185276 0.11554746304097029 0.0876463977529102 0.14443432880121287 0.08649841169087832 0.22927861507294106 0.09796415344777916 0.17332119456145542
0.09526151995532696 0.07030849515209629 0.21665188332296015 0.14061699030419259 0.08474016913589004 0.11416298247996783 0.15566878861514197 0.12258917103442432
0.06285996418084824 0.09543656033548717 0.08358065313498034 0.08589290430193845 0.12448335736644986 0.27288926691409293 0.10307148516232614 0.1717858086038769
0.07629110949865636 0.13497657834377663 0.07203682843486876 0.11767188881252323 0.11176386107183262 0.26624122963395097 0.07981223762936358 0.14120626657502788
0.08976929668558636 0.07246437202330466 0.19242201806640677 0.14492874404660933 0.10213533044138132 0.10625963506070775 0.16158473403405546 0.1304358696419484
0.09357314403213761 0.06747635555001562 0.26595062838714967 0.13495271110003124 0.0886598494111382 0.0823380313533282 0.14939819869437723 0.1176510814718221
0.0668920378770521 0.11834745162863064 0.12270481545886308 0.14793431453578829 0.09690815795168495 0.16935398828945686 0.10033805681557816 0.17752117744294593
0.0698876278171197 0.10896462139500611 0.1091565593384769 0.13075754567400732 0.09629123155108829 0.22342732287628692 0.09806815925550551 0.16344693209250913
0.07679982115473988 0.13587660665838594 0.07998356071327109 0.11845652888166981 0.1169596731262748 0.24943154652269606 0.08034442828495865 0.14214783465800376
0.06327743096835525 0.11195237786709006 0.09062528143244768 0.1399404723338626 0.10130084254174226 0.23005888160333407 0.09491614645253288 0.1679285668006351
0.09837466050128912 0.07941087052513701 0.14314972576739637 0.09926358815642125 0.15559768617124986 0.15752517233886723 0.14756199075193369 0.1191163057877055
0.09407977189232469 0.06892180804816116 0.21593029732116245 0.1378436160963223 0.11514854719171587 0.09033135985324615 0.15368534511037726 0.12405925448669011
0.09162682250013791 0.06744331477703641 0.25508079503763587 0.13488662955407282 0.10271890735069444 0.07645703839535058 0.15038852578640657 0.12139796659866553
0.0887385694231383 0.06537879603409158 0.2826121110388771 0.13075759206818316 0.09707113367397642 0.07197500777360316 0.1457849571267654 0.11768183286136485
0.08620020190919055 0.06359233094317615 0.30378857612392446 0.1271846618863523 0.09350300437120372 0.06946362245783094 0.14180140661060472 0.11446619569771707
0.08416684110291832 0.06217050064951706 0.3202176398732037 0.12434100129903412 0.09090669083650868 0.06765948780046575 0.13863093726922163 0.1119069011691307
0.09832149680400246 0.07270292444203794 0.24753977724951715 0.09087865555254743 0.14118128255548287 0.10522425146419517 0.13509722526916007 0.1090543866630569
0.07303479714493288 0.10824238017164486 0.14834331239738047 0.1353029752145561 0.10883165366262666 0.1721105975276059 0.09177071362378586 0.16236357025746728
0.09656525341795161 0.06578750046526384 0.2516545297124723 0.13157500093052768 0.09969155483937697 0.08961235278931433 0.14669630700761818 0.11841750083747492
0.11285262925187452 0.07286029690792516 0.22236189240941348 0.09107537113490642 0.14480041468751248 0.11136929405190286 0.13538965619457732 0.10929044536188771
0.1031745018867444 0.06152722370069098 0.28657163052622936 0.12305444740138197 0.10302716203755567 0.07469950610132951 0.13719652568482435 0.11074900266124377
0.09856873339296429 0.06015603917209975 0.32078011627478503 0.1203120783441995 0.09097401206964366 0.06678916139605492 0.13413898884047318 0.10828087050977955
0.1295233636027487 0.07974679525878782 0.2861421080744634 0.09968349407348479 0.11714851284524717 0.08690092465391817 0.11113965682521364 0.0897151446661363
0.10635957921023347 0.05876514525003419 0.3200142663763188 0.11753029050006839 0.09283780404779572 0.06767815017511311 0.13103750299037473 0.10577726145006155
0.11858708093423959 0.06962494642680539 0.25200128681255135 0.08703118303350674 0.13737145306897644 0.10156893112643955 0.12937769895727272 0.10443741964020808
0.10488263326575328 0.059583707346439606 0.3041856190343536 0.11916741469287921 0.1009631945796342 0.0711039835654373 0.1328627742919116 0.10725067322359129
0.08245433633122139 0.10651196931406554 0.17140744893132753 0.1331399616425819 0.09964506845522038 0.15676963519690765 0.09030362615757731 0.1597679539710983
0.10252832247854991 0.06382157207193523 0.2672091129340271 0.12764314414387046 0.09667858810310224 0.084927850426388 0.1423125801126436 0.11487882972948343
0.08377242138925574 0.10739549564118672 0.1602118750649505 0.1342443695514834 0.09894735777962285 0.1632825342854971 0.09105270282622352 0.16109324346178008
0.10316943200186621 0.0639266015210932 0.261292010025443 0.1278532030421864 0.09676142978040786 0.08938266078280696 0.14254678010822872 0.11506788273796775
0.1030954569832248 0.06014792890063938 0.31187576164979736 0.12029585780127876 0.09118806590977037 0.07100975258853363 0.13412090414560482 0.10826627202115088
0.1004090270415438 0.0583282452791842 0.3364005800844756 0.1166564905583684 0.08744179345208763 0.06570974081747877 0.13006328126433014 0.10499084150253155
0.11753846742912463 0.06863182550687688 0.25985874535435244 0.0857897818835961 0.13600691381313218 0.10169425498236119 0.12753227277024137 0.10294773826031531
0.10687673528144079 0.0586630086172601 0.3090018106378885 0.1173260172345202 0.09958206826016329 0.07214719091409706 0.13080975354356206 0.10559341551106817
0.08479808585925037 0.10535697292013492 0.1732473455602126 0.1316962161501687 0.09854535843935869 0.15899617160620996 0.08932439008446223 0.1580354593802024
0.10286434794103236 0.06998568453795165 0.26711822323754614 0.12519566564144455 0.09519847914314844 0.08737767619148865 0.13958382423008814 0.11267609907730008
0.13815847635953293 0.08577798524761018 0.2628428112861727 0.09927903512133396 0.12033249345601404 0.09356935164306635 0.11068871527706933 0.08935113160920055
0.11308469578885764 0.06374841861425223 0.3094445821864648 0.1157491355843439 0.09482179773640978 0.06992549988241155 0.1290516481813506 0.10417422202590952
0.12386657720496219 0.07327669060258955 0.24767552532888243 0.08525353127174766 0.1383854959893606 0.10250284185746386 0.1267351002188965 0.10230423752609719
0.1280709088428836 0.07364524000569372 0.21915003409989234 0.08473590328047591 0.15499227874011773 0.11175693965055364 0.12596561144381196 0.10168308393657108
0.11264074421974986 0.06401322620912202 0.2866237232291691 0.11777848812174396 0.10698090444789882 0.07464804964641418 0.13131422481633243 0.10600063930956956
0.10587013209410875 0.06239015955544254 0.3228689025756023 0.1161177091463546 0.09246975943295892 0.06631481876631105 0.1294625801975028 0.10450593823171914
0.1022951833156934 0.06128772285904253 0.34089259558660395 0.11422895668478614 0.08738036180331094 0.06375235657972537 0.1273567621545302 0.10280606101630752
0.08401166876013758 0.11123756186589896 0.18282479017914877 0.12969933220749294 0.09523074330511279 0.15338672318813523 0.08796998184508217 0.15563919864899153
0.1364698125093114 0.0922103186272116 0.22429332911409872 0.10242507802632873 0.12504962692192342 0.11317294624061293 0.11419631833681725 0.09218257022369586
0.11600267226794993 0.06530801837558475 0.28966075948912395 0.11781879455321687 0.0989314804656927 0.07488219627105439 0.1313591634794821 0.10603691509789517
0.10740819856486543 0.06235974332582265 0.3243579900656966 0.11589062349763428 0.0902300579672807 0.0662424287849597 0.12920939664586983 0.10430156114787083
0.10325096076106716 0.06117515731715197 0.34152668851504264 0.11401027152281103 0.08667778005049552 0.06363695294418568 0.12711294451871616 0.10260924437052991
0.13656545275156723 0.08173054775552185 0.2950455756545088 0.09529696204158634 0.11482332721894165 0.08452186777766292 0.10624900096278357 0.08576726583742769
0.13204343107344416 0.072934224476448 0.23871064258821675 0.08301636310660294 0.14553710081403629 0.10472920272948266 0.12340939948384558 0.09961963572792353
0.11388326886794865 0.06318094984404542 0.2965017111375536 0.11627316705244367 0.10339030616006502 0.07248884242928855 0.12963590416145584 0.10464585034719928
0.10661692680523731 0.06188828135266408 0.3275617856413815 0.11524856178299235 0.09098533759570024 0.0654818554682339 0.12849354574909744 0.10372370560469311
0.10309529444592992 0.060995005553647626 0.34300785311597665 0.11371914221743815 0.0866917850986967 0.06335533450332348 0.12678835706929295 0.10234722799569432
0.10132755346765727 0.06047546975433146 0.35049487492775067 0.11283613245240946 0.08500024298510843 0.06250934012803715 0.1258038670775371 0.10155251920716851
0.08435509618514622 0.11082248637686445 0.18585067248326326 0.12929212813368857 0.09436487866491206 0.15247039313980604 0.08769379125589312 0.15515055376042627
0.1036829242942585 0.06962022342693185 0.2732955196184465 0.12374358304138139 0.09496024861551221 0.08536341577083552 0.13796486049539086 0.11136922473724324
0.10508597996990102 0.06351242264062269 0.3169647811745345 0.11757362275859773 0.09092169001119636 0.06903942773752525 0.13108581522488433 0.10581626048273797
0.1031894825627395 0.06149187717052577 0.33799903923846775 0.11446997490589199 0.08780701180081026 0.06439415742163324 0.12762547948462882 0.10302297741530278
0.10155008212561771 0.06062956187464919 0.3480491186765468 0.11306461918904832 0.0860654889119345 0.0628243592144195 0.12605861273764044 0.10175815727014349
0.09617926033353792 0.12627211114477876 0.2109065849077276 0.1472848077816136 0.08147252978960066 0.13040523768951182 0.07492314134977736 0.13255632700345224
0.10617676850561358 0.06973621704406198 0.2860829656737799 0.12197014927003912 0.09022561956536643 0.08004753141195575 0.13598761418614808 0.10977313434303522
0.10526727094095169 0.06306237921562602 0.323191824234202 0.11669480851099971 0.08907212953921546 0.06758025697713999 0.13010600292196534 0.10502532765989973
0.1385928247936839 0.08240277209143267 0.28674529547368577 0.09590702069538487 0.11711581220268845 0.08599078528227418 0.10692917083500372 0.08631631862584638
0.13317111414919663 0.0729757583847524 0.23493493285734288 0.08299737560635792 0.14778479640326486 0.10515799858200425 0.12338117328945147 0.09959685072762951
0.11438726662708601 0.06310383209920796 0.2941916079078221 0.11609187571511062 0.10577637753442432 0.07253257412321559 0.12943377784953375 0.10448268814359955
0.10061202639346152 0.127536953852526 0.19194444999179605 0.14841981093382858 0.08738246616814163 0.13502595030128775 0.0755005125185128 0.1335778298404457
0.10848657210710103 0.07036965226951666 0.2759468070692183 0.12294829232282486 0.0929706663102016 0.08154637613634105 0.137078170694254 0.11065346309054239
0.10649602680829406 0.06337145519013138 0.3180440752441454 0.11719639689564099 0.09061208942977753 0.06813796268706233 0.13066523653887135 0.1054767572060769
0.08602620184667217 0.11163777494935802 0.17552997226559938 0.12988962767178577 0.09741907301958033 0.15553074522869365 0.08809905181216775 0.1558675532061429
0.10479429181019394 0.06995913683743833 0.26767471934451303 0.12425039739175373 0.09666843352320585 0.08629774276622708 0.13852992067408962 0.11182535765257837
0.10581963045144675 0.06365262016253519 0.3140390437861946 0.11778939082033822 0.09201742797705668 0.06934505455249339 0.1313263805116308 0.1060104517383044
0.10366994988096985 0.06152933092391706 0.3364661448746917 0.11451645909144491 0.0885892873676534 0.06448670879647153 0.12767730588255125 0.10306481318230042
0.10188139013614267 0.060616697826948125 0.3472095056712394 0.1130280316023044 0.0866877012205659 0.06283362479188745 0.12601782030883787 0.10172522844207398
0.10081648570558452 0.060203761998517215 0.3523418658087584 0.11234809763455761 0.08573093720854835 0.062185819096791044 0.1252597446761411 0.10111328787110185
0.11986279816188941 0.07175339616971028 0.2651259406551354 0.08371876431737235 0.13593144098261925 0.09869157647257155 0.12445356605985503 0.10046251718084682
0.0883980676172295 0.11076396911080381 0.15714003994212905 0.1275283338634354 0.10958085461775202 0.16705725559211093 0.08649747862041707 0.15303400063612246
0.10614688873031472 0.07023837274457004 0.25725046452606626 0.12480921831102448 0.10101598437076982 0.08905781054130982 0.1391529642960228 0.11232829647992203
0.1421531909735029 0.08519314010264117 0.25706100151978134 0.09850712835718313 0.125128354261166 0.09347267242423705 0.10982809684002358 0.0886564155214648
0.11626160887879547 0.06329772838997923 0.30555342621163006 0.11487931860828354 0.09894488717755238 0.06958977682154598 0.12808186716475792 0.10339138674745518
0.10106350117106457 0.12722190984455486 0.19589952986996842 0.1479897505692887 0.08577313901208665 0.1335796513397781 0.07528174268089904 0.1331907755123598
0.10845408829914681 0.07017803604482373 0.2779545885914994 0.12262937830922253 0.0926026172401494 0.08109224566821718 0.13672260536864064 0.11036644047830027
0.08684894309504143 0.11315685586131505 0.1627198530297792 0.13080589225144296 0.09869562813014 0.1620852387078318 0.08872051822271783 0.15696707070173155
0.10570671767064571 0.07049531025593547 0.26081597801129586 0.12503946617856534 0.09792426379168463 0.08807307104550997 0.13940967348565417 0.1125355195607088
0.10645174952207259 0.06388827599108912 0.3105589394102798 0.1181666821299585 0.09294964829897968 0.0698876585648681 0.13174703216578953 0.10635001391696265
0.13967304847141138 0.08273428206740387 0.2808616421657909 0.09621516389909156 0.11982611528473815 0.08682337309100652 0.10727272751137523 0.08659364750918241
0.10698724567644123 0.12795706266874923 0.18583264922851797 0.14545859848700482 0.09026506085722817 0.13859248782210384 0.07399415662165028 0.13091273863830433
0.1100172540430932 0.07683700481185611 0.2712043465282421 0.12159650193051699 0.09351104175450481 0.08182597390761069 0.13557102528671075 0.10943685173746531
0.10683096667937282 0.06764837276077008 0.3150683122964028 0.11662159116860524 0.09085054576138638 0.06799640823254162 0.1300243710491763 0.10495943205174474
0.1035965587925612 0.06497437210497424 0.3364984836617532 0.11371984201569431 0.08817264631541194 0.06390110200335547 0.12678913729212485 0.10234785781412488
0.10154751303825077 0.06392052216290263 0.34683342073547774 0.11234853594396949 0.08653143218453234 0.0624446602268688 0.12526023335842565 0.10111368234957253
0.10042950335041934 0.06345424682418598 0.35179726464442074 0.11171177823982618 0.08566306744760854 0.061853243040158136 0.12455029603753752 0.10054060041584356
0.08372178429628341 0.11620667366457747 0.1855922345021882 0.1279567495017997 0.09527673630957016 0.15090966613959209 0.08678805618382937 0.15354809940215963
0.10298810296979063 0.07578357964111887 0.27204412689538576 0.1224503489412211 0.09540137782987468 0.08460414869179031 0.13652300098371964 0.11020531404709899
0.08492559039987721 0.12015402459562115 0.1600608871990857 0.12973112462440253 0.09889647659032329 0.1625630016439863 0.08799154539742085 0.15567734954928303
0.10444938450481664 0.07706927643102096 0.25812834360075887 0.12372464490763767 0.0974310937379474 0.08990133051138446 0.1379437458895602 0.11135218041687392
0.1057276483432063 0.06811198423656094 0.30861582847563523 0.11739894236203503 0.0925013163805984 0.07109417245756523 0.13089105961856742 0.10565904812583152
0.12242807772591557 0.07709805602719001 0.24641802114333997 0.08426038245750142 0.1401015608227735 0.10332272507178326 0.12525871780249467 0.10111245894900171
0.11028469473381404 0.0669509536887059 0.2998843429786609 0.11484850974335369 0.10370038895721281 0.0729199335497042 0.12804751757953015 0.10336365876901832
0.10500330911418242 0.06502823615069879 0.32852191906623235 0.11388765073092784 0.09218698518104029 0.06589678261251122 0.12697623148657178 0.10249888565783506
0.10219603727622016 0.06403655795086562 0.34279936328319544 0.11251565715652503 0.08799699637754618 0.0637447354760822 0.1254465610386928 0.10126409144087253
0.10070225420400232 0.06349002286853792 0.349752949995624 0.11172535348975939 0.08630454750004847 0.06290662237310966 0.12456543142813471 0.10055281814078344
0.09993186095270819 0.06321006472905906 0.35310972813325586 0.11132620331049511 0.08557240179725824 0.06253574933219619 0.12412040876558185 0.10019358297944558
0.0995447204162199 0.06307226561463657 0.3547244045916132 0.1111316663493446 0.08524199198020456 0.062362936761988216 0.12390351457158269 0.10001849971441013
0.11871857117675824 0.07528599806084939 0.26549414083872575 0.08292521893451807 0.13556508896001912 0.09922681175728972 0.12327390755041791 0.09951026272142169
0.10817170039229217 0.06610478138749046 0.30967775237455686 0.11371376607145174 0.10176021698101659 0.07144703026116253 0.12678236306772306 0.10234238946430657
0.10386990522946563 0.06459851454574915 0.33334185649005915 0.11327754879128785 0.09138043434352192 0.06528593333388856 0.12629601335386867 0.10194979391215907
0.09638488405686021 0.13268192270269294 0.20461208565963468 0.14579710702584373 0.08319284883020651 0.1319474009579213 0.07416635444358137 0.13121739632325935
0.10575399673381577 0.07680701787371794 0.2813557827823197 0.1205305200296232 0.09108918637120067 0.08160349316455948 0.13438253501810227 0.10847746802666088
0.10492546542332574 0.0672214886129826 0.32009089351839104 0.11581325763217465 0.09001500621471546 0.06857881724999881 0.1291231394794544 0.10423193186895717
0.13780961019536955 0.08678768095108878 0.28428900476504065 0.09496206307793202 0.11807840356824387 0.08673176706141707 0.105875613610769 0.08546585677013882
0.11299323727124647 0.06665017109971169 0.31859296287354244 0.11210126211788855 0.0957202240730573 0.06806646516283762 0.12498454149561604 0.10089113590609969
0.1048899365421747 0.06432867158937157 0.33757679292671827 0.1126505702002387 0.08928229628390409 0.06428924026308178 0.12559697901429598 0.10138551318021484
0.10171408864725394 0.06363801338854641 0.34713515475536744 0.11192568936341582 0.08693882158021489 0.06312632086130403 0.12478879097682331 0.10073312042707425
0.13521302383631612 0.08528499821705476 0.2963055996936935 0.09385346192836393 0.11582583045302783 0.08440936407558668 0.10463960606042962 0.08446811573552752
0.1115871790887869 0.06608192080587035 0.32464288785304785 0.11140836360739616 0.09458029869767898 0.06721981133530214 0.12421201136526107 0.10026752724665655
0.10417208773569904 0.06406858959291371 0.3405397222080446 0.11229494902963955 0.0887223705054584 0.0639363388535979 0.12520048794797126 0.10106545412667559
0.10135801080224874 0.06351357482012392 0.34857024815208215 0.11175192175234516 0.08666720833806467 0.06296725349981305 0.1245950530582117 0.10057672957711064
0.13500882588379798 0.08522327554970738 0.29695396011493175 0.09380365630625093 0.11567501250729971 0.08432790245377529 0.10458407650861111 0.08442329067562583
0.14821995424627255 0.0878138242175288 0.2700111565665811 0.09253793762606564 0.12564495950792703 0.08931512933534323 0.10317289463682246 0.08328414386345909
0.11668143818792939 0.0669435208680344 0.3107887886825683 0.11231740536156831 0.09816764039333294 0.06879001659892889 0.12522552508222615 0.1010856648254115
0.10633693682184071 0.06455264948466836 0.33362480271456607 0.11298806984672165 0.09021517385483833 0.0646198384817316 0.12597326593358368 0.10168926286204946
0.10232803948514152 0.06377639522267674 0.34519111521541634 0.11213088152961481 0.08733884648816806 0.06329936375304208 0.12501756492928698 0.10091779337665334
0.13554044627006437 0.08535834709235335 0.2954175117392875 0.09391421017700328 0.11603587334008025 0.08450348639769696 0.10470733582421113 0.08452278915930295
0.09147134214378796 0.11863333086758375 0.165878762935479 0.12498911733795631 0.10334196766467511 0.16092331083313902 0.08477522741183124 0.14998694080554756
0.10589433231125035 0.07631288368661454 0.26051731892287117 0.1226073611392946 0.09858201451010906 0.0890414065372518 0.1366980578672434 0.11034662502536516
0.10594463614851717 0.0678273016221052 0.30961318913797153 0.11701912963641829 0.09306703185542099 0.07074389815305232 0.13046759677373798 0.10531721667277645
0.1034622230911762 0.06505523371354603 0.33371769412700636 0.11379523125043212 0.0893192067765324 0.06536151225312274 0.1268731906627952 0.1024157081253889
0.10151461558972952 0.06390055991370507 0.3453709923990699 0.11226216916411878 0.08724848050465425 0.06350328933684157 0.12516394084417423 0.1010359522477069
0.08386088357587167 0.11606888821915419 0.18328785001455536 0.1276747164554649 0.09603094161701005 0.1532702961668098 0.08659676420457621 0.1532096597465579
0.10243988395009102 0.08006777404118483 0.26971743325872677 0.12124113654466773 0.09556257442061886 0.0866793554932162 0.13517481940129372 0.10911702289020096
0.10415965107271036 0.07096385565765811 0.3139427354319295 0.11594826675888412 0.09159249615620857 0.06976589025918613 0.1292736645804275 0.1043534400829957
0.10245014847630797 0.06787330275116853 0.33555926052426016 0.11303456920634947 0.08849662813291949 0.06482986937381259 0.12602510924946725 0.10173111228571452
0.10086588108719781 0.06662396514155473 0.34599876880140457 0.11166267461042344 0.08671445349177619 0.06314230056305876 0.12449554915520344 0.10049640714938109
0.08332055807097404 0.12080037222374145 0.1830034163842843 0.12686342919126076 0.09542032188718329 0.15230928741375346 0.0860464997992899 0.15223611502951287
0.1019193888016528 0.08420241420019817 0.26900012418844604 0.12057943609657737 0.09508287718146514 0.08625719426243739 0.13443707278230344 0.10852149248691964
0.08357695046590789 0.13040875031844143 0.15766639782025987 0.12742483593094178 0.09799188684174891 0.1635940954828445 0.08642728002272573 0.15290980311713012
0.0778133595539248 0.14395032224931975 0.12030861146757046 0.12610128184499972 0.09746720570773658 0.197508115884971 0.08552956507747807 0.15132153821399963
0.10299244444801192 0.0913032281512926 0.2344581494760333 0.12419067666852573 0.09840551374445566 0.09841504198554693 0.13846333652446077 0.11177160900167317
0.14001150020938438 0.10124419623245731 0.24453264991339535 0.09731398974648063 0.1239917585808315 0.09682547821633308 0.10849783632928513 0.08758259077183257
0.11514077470555453 0.07632445254350773 0.2974824116117666 0.11322461502464044 0.09873113986393009 0.07095745657408642 0.12623699615433792 0.1019021535221764
0.10608973837774655 0.07098033914103483 0.3266030006774671 0.11295270134517485 0.09064433109406363 0.06513862546005628 0.1259338326937994 0.10165743121065737
0.13695487333721312 0.09278469442907838 0.2860374736111543 0.0935918138233288 0.11722070776828766 0.08482991664064844 0.10434788794929345 0.08423263244099591
0.11204998387690372 0.07320865584057663 0.31867234715717085 0.1107690796831697 0.09496840429128556 0.06714009993853677 0.12349925749750412 0.09969217171485273
0.10411278030567166 0.06966740855051748 0.33705901389491816 0.11168842386550332 0.08871499994332874 0.06371353430807655 0.12452425765303131 0.10051958147895299
0.08390843405462073 0.12485986055930264 0.17978770458763574 0.12633893694335746 0.09573807897776486 0.15206950331414282 0.0856907572311468 0.15160672433202893
0.10222168391086725 0.08509798930293645 0.2671983244130563 0.12069989576389979 0.095278744639051 0.08630207946083888 0.1345713763218405 0.1086299061875098
0.10396536166015297 0.07412076199136985 0.31235188969908834 0.11561954899617118 0.09139401948541193 0.06958365526507285 0.12890716880617892 0.10405759409655407
0.10225577779271447 0.07036627305379094 0.3345399208420304 0.11272124392211964 0.08831374598860549 0.06467814393079668 0.12567577494003487 0.10144911952990769
0.11965392765159757 0.08187798584527 0.25654445523981084 0.08272018096762501 0.13713679447928617 0.0998333338138358 0.12296910484142462 0.09926421716115001
0.09946045395633832 0.14572084944358088 0.17457216094199118 0.1422565603591814 0.0938712874553582 0.1437224897723555 0.07236529374793141 0.12803090432326325
0.1070058541219946 0.08899553377413133 0.26334896407600455 0.12001964795134364 0.09445146688726717 0.0843478992574468 0.1338129507756025 0.10801768315620928
0.10556914290163626 0.07492642693277754 0.3102276416174989 0.11569098864392512 0.09123576725544116 0.06924132418708089 0.12898681868210754 0.10412188977953261
0.12158987705108007 0.08344562145253163 0.24641639833838402 0.0833689865309152 0.1392651747839209 0.10193756011832143 0.12393359788774858 0.10004278383709823
0.109456989729384 0.07307341189088536 0.2990533806362543 0.1137003292750544 0.10342091637018698 0.07219729370819997 0.126767382042486 0.10233029634754896
0.10428205655149447 0.07034892620915778 0.3274873070308407 0.11293775246389304 0.09200731865580772 0.0653754960645441 0.12591716580675835 0.10164397721750373
0.10153752904614276 0.06904965916573819 0.3417520302515163 0.11162757173877734 0.08782612811637916 0.06328585504361163 0.1244564120729353 0.1004648145648996
0.0832303651792571 0.12462018165091572 0.18128054739169167 0.12630169942567407 0.09551119096663822 0.15182847559499188 0.0856655004800224 0.15156203931080883
0.10193364813177383 0.08499577410926473 0.2680123630127847 0.1206141298321771 0.09521811939834578 0.08619749495828224 0.13447575370841236 0.10855271684895938
0.10383097236175562 0.07406835744545814 0.312757734954851 0.11556100592115548 0.09140290029651386 0.06953222604480325 0.1288418976464226 0.10400490532903992
0.13678522790691713 0.09415012208009427 0.28003513818233505 0.09427212841849528 0.11826796626283066 0.08653811361952371 0.10510638795315817 0.08484491557664575
0.11230460638546587 0.0736871327732658 0.31565692939939755 0.11113154593677167 0.0956124747698147 0.06768553907164009 0.1239033803205499 0.1000183913430945
0.08595770160492082 0.12614348388225624 0.1727990691974785 0.12624431270030947 0.09785511441428142 0.15388056565060695 0.08562657730977512 0.15149317524037134
0.10315410178485597 0.08556963787337407 0.2632948428138612 0.12100480913499782 0.09625685892279219 0.08690408927273521 0.13491133197588565 0.10890432822149805
0.10442298099159675 0.07432958321162764 0.31033602865262244 0.1158143651641841 0.09192331527214878 0.06981642376506121 0.1291243742949933 0.10423292864776569
0.12115016031319502 0.08330033815340404 0.24643510358960657 0.08335645902474913 0.1397101910392479 0.10210502214166531 0.12391497490843302 0.10002775082969893
0.10930568115230327 0.07303593925591743 0.2990504016049596 0.11367971555906603 0.10364814562334039 0.07222397351375784 0.126744399287496 0.10231174400315943
0.08527953574982856 0.12613136526216379 0.1674654956828127 0.12656457485152064 0.10052255667012072 0.15631518336678454 0.08584379859494444 0.15187748982182475
0.10317580130439795 0.08576915171387499 0.26038755757537896 0.12131173267807328 0.09730229110175431 0.08761937739458171 0.13525352882167274 0.10918055941026596
0.10456544567073849 0.0744680332164718 0.30885787737088694 0.11598389326106481 0.09237077437322863 0.07005508670098626 0.12931338547166477 0.10438550393495832
0.10258795119478989 0.07053516024816558 0.3327919998475405 0.11289633071545431 0.08884370921389673 0.0648671674878197 0.12587098364842442 0.10160669764390888
0.11979432603717997 0.08192878351297597 0.25577184087121324 0.0827347269207655 0.13758902136750373 0.09990890060770795 0.12299072837773499 0.0992816723049186
0.1430151625564595 0.09556977171605281 0.25052630969263195 0.09327670165972796 0.1353969654115146 0.09426949606714648 0.1039965614027116 0.08394903149375514
0.11544524730236431 0.07469789626206508 0.29996838578877444 0.1122053478889793 0.10163974390879166 0.06995797638615654 0.12510058936278734 0.10098481310008137
0.10597502772813347 0.07050811437344404 0.3276907348421392 0.1126390731071934 0.09143807135408288 0.06478965218499048 0.1255841606135425 0.10137516579647407
0.10201553565361368 0.06904087661591755 0.34178296594559837 0.11155002578413235 0.08771159524964824 0.063134023424853 0.1243699541205177 0.10039502320571911
0.08334641692370345 0.12460194976573727 0.18129186075078602 0.1262788253368027 0.09555924965995904 0.15173712127823427 0.08564998588061402 0.15153459040416326
0.10183305895005611 0.08488320658143185 0.2678119012573927 0.1203428566838148 0.0952070645505192 0.08744003656909885 0.13417330439225322 0.10830857101543331
0.10371609501003082 0.07397157311003281 0.3125527494794219 0.11538332531338477 0.09141565378266857 0.07047181349390971 0.12864379702850512 0.10384499278204631
0.10208884627940551 0.07025900059777078 0.3345626398357612 0.11254681468787733 0.08838586810372956 0.06538339791540411 0.12548129936096172 0.1012921332190896
0.11945069277125908 0.08173762377984914 0.2563920162039704 0.08257202557051828 0.1372234275584704 0.10078892153842087 0.12274886189288985 0.09908643068462192
0.1426952251316962 0.09537240166119687 0.2506617402797088 0.09308141791685245 0.13510334897317908 0.09553375530938044 0.10377883460281907 0.0837732761251672
0.1331932888636453 0.08618388498968707 0.21662910420250764 0.08090597920503777 0.15635774303017058 0.10937065259093995 0.1202721720719666 0.09708717504604532
0.08986924260914042 0.12796276915976623 0.13903398289708002 0.12334714045439511 0.11488713052842253 0.17322162706294045 0.08366153874298103 0.14801656854527415
0.10551705153771634 0.08682736898620667 0.24378820278840027 0.12202251044646746 0.10241428226617122 0.09356433158290221 0.1360459929903152 0.1098202594018207
0.1402431628874634 0.09944052134529784 0.2483229539455254 0.09652998693651128 0.12498110578475694 0.09598154915374339 0.10762373170384168 0.08687698824286015
0.1148875151663368 0.0757142115646652 0.2992405653349728 0.11271927540025714 0.09893073724280085 0.07138676724567287 0.1256735801850628 0.10144734786023142
0.14113942513578934 0.0943116083528956 0.2728607027040398 0.09390154042665788 0.12096006579073458 0.08762206120781103 0.10469320999807974 0.08451138638399207
0.11386629650734932 0.07380432159563584 0.31171962393681846 0.11118807003498304 0.09663800349547097 0.06874802092641835 0.1239664004718393 0.10006926303148474
0.10490738198710546 0.06992369048974208 0.3335193370225492 0.1118994588644927 0.08952887558531546 0.06475219714472773 0.12475954592802395 0.10070951297804344
0.09564171660639569 0.14205117012271734 0.20320344452550207 0.1436005593427438 0.08199086992297219 0.13122275588380383 0.07304898018739577 0.1292405034084694
0.1203416036578477 0.10044891856008929 0.20076627549735196 0.08529692714377107 0.13822195635297596 0.12576839511813123 0.12679961109730747 0.1023563125725253
0.1112912967089613 0.07798336153807445 0.27510140601566185 0.11623876892699081 0.10535595820411693 0.0798167637533027 0.1295975528186002 0.10461489203429172
0.1059633807669077 0.07206577975306833 0.3155105770064434 0.11426546094861564 0.09363346748967756 0.06832495749703194 0.1273974616845013 0.10283891485375408
0.10255707138621588 0.06972012911107758 0.3358447588949205 0.11221011769588797 0.08880068050843754 0.06477222913562647 0.1251059073415348 0.10098910592629917
0.1005908235952359 0.06862600517076729 0.3458200609132729 0.11107166603112507 0.08665680368117078 0.063433522486012 0.1238366186944036 0.09996449942801257
0.09953766466632574 0.06809888982855489 0.35066691501162445 0.11050465604787167 0.0856719210422827 0.06286131808300216 0.12320444487725392 0.0994541904430845
0.09899778886857263 0.06784442021478701 0.3530128354308142 0.11022944298319637 0.08521098751198726 0.06260042345733659 0.12289760284842938 0.09920649868487674
0.09369725413825361 0.14086492316157403 0.2100631808980096 0.14312943977951934 0.08066208422978612 0.12995729827736038 0.07280932371392941 0.1288164958015674
0.10357946151386913 0.08675274929597543 0.28265917629507825 0.11815127326943811 0.08938058514317161 0.08141075610374868 0.1317298524362243 0.1063361459424943
0.10352275925521769 0.07377346388257057 0.3199351437357539 0.11442495287416518 0.08910485889959416 0.06868108048684345 0.12757528327910655 0.10298245758674866
0.1016794842826708 0.06996705908652177 0.3381704371833452 0.11210046286187393 0.08743267542890415 0.06477581419619186 0.12498365038480572 0.10089041657568654
0.10023532924973771 0.0686139612783167 0.34698845932948197 0.11097396252461657 0.08620351781115507 0.06338051695858397 0.12372768657595308 0.09987656627215491
0.09938103340607614 0.06806318487498883 0.351241855089194 0.11044681775161742 0.0855053272474042 0.0628196861610426 0.12313995949322121 0.09940213597645568
0.09892534010003538 0.0678203427394234 0.3532929676046346 0.11019898299483201 0.08514374948797539 0.06257589014321381 0.12286364223453658 0.09917908469534882
0.09869354267310564 0.06770853745317587 0.35428230247974807 0.11008135871909151 0.08496373802744905 0.062464797855230486 0.12273249994501693 0.09907322284718237
0.09857842050382999 0.06765588154616951 0.3547596238180524 0.11002513601116251 0.08487568963617317 0.06241281025316552 0.12266981582140057 0.09902262241004625
0.13268679816015935 0.09108337405151294 0.29880698552736945 0.09258913673188726 0.11425081131992229 0.08402269333146531 0.10322997781898474 0.08333022305869853
0.11003921423661973 0.07240586420035452 0.32511001451258886 0.1099328941692329 0.09374150043521508 0.06726393464231051 0.12256697305136861 0.0989396047523096
0.13810023221498988 0.09272687964484327 0.2847161340502078 0.09305325521567208 0.11812208900131256 0.08578604488617247 0.10374743529269707 0.08374792969410487
0.09111188716486061 0.12996973387917632 0.16109443509251606 0.12283237612220971 0.10310499089391048 0.16117533126126327 0.08331239423941181 0.14739885134665165
0.1367926063695259 0.11264799899263471 0.20864904609976792 0.09845171140840565 0.12771991549082187 0.11736587029354899 0.10976631107772988 0.08860654026756509
0.10385005143581844 0.1567091949944151 0.1560595279793624 0.14126671098526744 0.09104532661182936 0.15206738643145218 0.07186176167511431 0.1271400398867407
0.10913583507306442 0.09176684778548065 0.25284801965894727 0.12067727881920354 0.09437902766467916 0.08803727994500594 0.13454616011633588 0.10860955093728318
0.10665154756947799 0.07574464983306707 0.30476295784501434 0.11611823696118365 0.09173318993594154 0.0710198359186022 0.12946316867164803 0.10450641326506527
0.09650689231358502 0.14498857261359344 0.19298926345873818 0.14451357218480268 0.08290904940033789 0.1345170092120903 0.07351342585053007 0.1300622149663224
0.10528540430877034 0.08822285186968515 0.2735318253885388 0.11914197535649272 0.09073940466150435 0.0830163492638665 0.1328344113302986 0.10722777782084345
0.13899071398258364 0.09892930793102257 0.262162108117424 0.09557954930760669 0.11955297753948534 0.09219968406923763 0.10656406467579432 0.086021594376846
0.10441263315916166 0.15110704691444712 0.1756941590919412 0.1407157921295241 0.08880640804819154 0.14103823609166552 0.07158151164849705 0.12664421291657169
0.10836917713810648 0.0898564344367983 0.2635975461207155 0.11955009314340212 0.09288927318368688 0.08485295994207745 0.1332894322061513 0.10759508382906191
0.14058547308753216 0.09956576095408866 0.2574325959594827 0.09581347616993126 0.12062547028102955 0.0929202193249398 0.1068248756700577 0.08623212855293813
0.11454667664223993 0.07542717713406145 0.30396305984405286 0.11221556887734194 0.09730194843654189 0.07043957207410277 0.12511198500205137 0.10099401198960774
0.08645764673889443 0.12663523362453993 0.16886857976456748 0.12615727683590264 0.09840553592537794 0.15651945061893527 0.08556754428869917 0.15138873220308316
0.07831888687001 0.14233771818836308 0.12358002183096482 0.1255377737377558 0.09752751190002673 0.19690539940892088 0.08514735957865177 0.15064532848530696
0.11532244217867454 0.10175300872193102 0.16547145509378156 0.08658672460917888 0.1470282820809453 0.15121703612664988 0.12871698165782414 0.10390406953101465
0.08478255455048808 0.13261075531439392 0.12178498326718815 0.12318971718925963 0.11128831290278303 0.19496125144649512 0.08355476470228045 0.14782766062711156
0.10459055776183486 0.08841839035523581 0.23404080801613672 0.12287707017650416 0.10211121624736241 0.10037383096788031 0.13699876331619196 0.11058936315885376
0.0962685059971581 0.15064727392623048 0.16737640134236714 0.14565828708818335 0.08596619117688041 0.14889514474495694 0.0740957373448585 0.131092458379365
0.10634375814119215 0.0903032610820699 0.2595635382670253 0.12045875041874184 0.09262764034894579 0.08798765910724671 0.13430251725791068 0.10841287537686765
0.1054466200781784 0.07522464360785557 0.308231410683539 0.11570390289603126 0.09095428776618315 0.07130440525232873 0.12900121710945572 0.10413351260642813
0.12138348673958697 0.08337550182511212 0.24533656262048575 0.08318840381416173 0.13919760418528843 0.1040272066877663 0.1236651495506046 0.09982608457699409
0.10928353321314595 0.07294583548654666 0.29828858546835324 0.11341421078631019 0.10348381423648811 0.07406284982181435 0.12644838127966226 0.10207278970767918
