Action: 0
[0.10105088923310412, 0.10578211888675694, 0.23452930284907508, 0.10097272873682527, 0.15474677408376272, 0.10097272873682527, 0.10097272873682527, 0.10097272873682527]
[0.10593834794289293, 0.10309125939028617, 0.20743609265849208, 0.10309125939028617, 0.16636986204113946, 0.10789065979633093, 0.10309125939028617, 0.10309125939028617]
[0.1149699033076639, 0.10267588329879392, 0.16527343234801845, 0.10267588321249077, 0.20535177255093903, 0.10370135885711239, 0.10267588321249077, 0.10267588321249077]
[0.125, 0.125, 0.125, 0.125, 0.125, 0.125, 0.125, 0.125]
[0.16525245244780504, 0.10377945006454238, 0.21775616227366848, 0.10264197328158453, 0.10264357716399856, 0.10264243820523195, 0.10264197328158453, 0.10264197328158453]
[0.10554588558925954, 0.10398138678598107, 0.2697543026497508, 0.10398138678510639, 0.1047928776594169, 0.10398138696027248, 0.10398138678510639, 0.10398138678510639]
[0.125, 0.125, 0.125, 0.125, 0.125, 0.125, 0.125, 0.125]
[0.125, 0.125, 0.125, 0.125, 0.125, 0.125, 0.125, 0.125]

Action: 1
[0.2074285168450356, 0.1037142584225178, 0.1037142584225178, 0.1037142584225178, 0.10817471342154629, 0.1658254776208291, 0.1037142584225178, 0.1037142584225178]
[0.1111111111111111, 0.1111111111111111, 0.1111111111111111, 0.1111111111111111, 0.2222222222222222, 0.1111111111111111, 0.1111111111111111, 0.1111111111111111]
[0.103068846089675, 0.10302232510007124, 0.10302232510007124, 0.10302232510007124, 0.11334002577930259, 0.2684795026306662, 0.10302232510007124, 0.10302232510007124]
[0.125, 0.125, 0.125, 0.125, 0.125, 0.125, 0.125, 0.125]
[0.15473203655803605, 0.10578087007322227, 0.10094575326721061, 0.10094575326721061, 0.10116339719139283, 0.23454068310850637, 0.10094575326721061, 0.10094575326721061]
[0.10563045709819184, 0.10343925569979848, 0.10343925569979848, 0.10343925569979848, 0.10763245580730983, 0.26954080859550594, 0.10343925569979848, 0.10343925569979848]
[0.125, 0.125, 0.125, 0.125, 0.125, 0.125, 0.125, 0.125]
[0.125, 0.125, 0.125, 0.125, 0.125, 0.125, 0.125, 0.125]

