0.125 0.125 0.125 0.125 0.125 0.125 0.125 0.125
0.6197319164548326 0.13302456461837367 0.05402475676288196 0.010653435718901894 0.1388762437648289 0.031010903617071407 0.010531169280696086 0.002147009782413387
0.5410516236809848 0.21707863714006112 0.030802456727023097 0.01183415823760285 0.13406076741681677 0.05539010170422962 0.0070281887534294546 0.0027540663398525713
0.4785683132351029 0.20256188303508785 0.019074403167152684 0.007626025644380888 0.19632875038252542 0.08580285541395609 0.007127285947800988 0.0029104831739932297
0.5888103444814576 0.14190797060238522 0.04440061548798919 0.01027807539695622 0.16010808883408215 0.04011454743429121 0.011597914011503709 0.0027824437513345396
0.6521084007954624 0.12522874817986004 0.06032502793638302 0.011052223737772662 0.11652211364604873 0.023085352657103136 0.009837494166554023 0.0018406388808159312
0.545666243133526 0.2164630392530031 0.03174855581541697 0.012107315983223718 0.13085720357397504 0.053321998149240574 0.007084730732914398 0.002750913358700137
0.47949518935202856 0.2025926036444808 0.01918837102808807 0.007662191591193449 0.19566874840716195 0.08533577802931715 0.007143959435811281 0.0029131585119187074
0.5889208073464757 0.14187405284837085 0.04442864825770123 0.01028064734122227 0.16003701650531596 0.04007870155721586 0.01159865553541847 0.002781470608279777
0.5715421779947685 0.23227932714756624 0.031726072599282014 0.012301347832030718 0.1021146981569443 0.04281457006279361 0.005173311008390142 0.002048495198224349
0.5357089588393642 0.22582142331241353 0.0289997023069139 0.011576477411446653 0.1315332423724269 0.05710545222447835 0.006577409216695535 0.0026773343162611184
0.5302720528249776 0.22546848097411595 0.02802585954173706 0.01124548570218079 0.13603350102393574 0.059724257293306444 0.006547107519694267 0.002683255120052501
0.4767971984098671 0.20309453493896729 0.018811228066535002 0.0075569722441105654 0.19706738305165744 0.0867084549780635 0.007064723582198939 0.0028995047286001223
0.6251513585916735 0.15081900848845703 0.06753200194843155 0.015646966817587298 0.10210359274090737 0.025608590064082132 0.010594333592733823 0.002544147756127384
0.5446777716801865 0.21869250950212224 0.03157385599091005 0.01213045736951929 0.1296712091993499 0.05351584257654501 0.0069990674570553375 0.0027392862243117134
0.5315898801923441 0.22481922909131208 0.028341914158315776 0.011325861317882453 0.13549335748273547 0.05914813562148632 0.0065916748739240985 0.0026899472619997572
0.477037592854663 0.20306193716894821 0.018843971489951747 0.007566398592091412 0.19693216867513627 0.08658606207979035 0.007071231880807159 0.0029006372586118812
0.6251728400110667 0.1508054467618991 0.06754228926537952 0.01564759859101846 0.10209129665945106 0.025602185393682083 0.01059446817034253 0.002543875147160529
0.6579059092355872 0.1248114776185879 0.06356375304584562 0.011538704122075517 0.10923509789425664 0.021300839072003586 0.0098269702984767 0.0018172487131667915
0.5468553321804224 0.21643544490204542 0.03200958977294844 0.012186472841884498 0.12989537516771893 0.05277265348031135 0.007095718954908281 0.0027494126997606306
0.6309300299319596 0.1259032525573226 0.03370017359682532 0.006356578256728812 0.16067446796092028 0.033092952292466865 0.00783369851093083 0.0015088468928458304
0.5389494449138349 0.2165688269855681 0.030138824507815815 0.011617929884930846 0.13648747902141922 0.05647795013794225 0.007005588714643535 0.0027539558338456026
0.530485028971496 0.22468498081698368 0.028130815083680216 0.011251946524984553 0.13647723767492928 0.059693964449842096 0.00658535696324508 0.0026906695148392113
0.5293665906849438 0.22541620652179437 0.02785421690239611 0.01118684329124177 0.136786281497942 0.06016723942091563 0.006539395175176999 0.002683226505589648
0.4766042560648826 0.20307422484878954 0.018788574451781153 0.007549400747565025 0.19721671751467815 0.0868059082561784 0.007061879740198872 0.0028990383759263127
0.6438978667375859 0.15535474401092533 0.04850716327743957 0.011239812642291357 0.10517954068952554 0.026382419177206493 0.007610661742067425 0.001827791722958434
0.65786779201147 0.1252521848728509 0.06273322374012148 0.011440091351446895 0.10969219096032351 0.021454861748653086 0.009749728785759535 0.0018099265293745259
0.6431725547976214 0.12032738136303571 0.03761397130426412 0.006768687289016948 0.15288527603763036 0.02936118680407255 0.008342942035913724 0.0015280003684453585
0.5408696049732272 0.21607097812085907 0.0305720370659151 0.01173678004522216 0.13532503654838576 0.05562280219123003 0.007045782213779098 0.0027569788413814877
0.5307940251878168 0.22463014544398255 0.028196109058107082 0.011271454992471409 0.13627580162571623 0.05954983664634081 0.006591298908788355 0.0026913281367768292
0.53645319585543 0.22840503680201696 0.021176253700322493 0.00850407612994572 0.13856941341672838 0.06094278136558006 0.004970407845033395 9.788348849430193E-4
0.5360312235531951 0.2286770620412 0.021006260483604364 0.00845504360731252 0.13877826874050825 0.06113443087918515 0.004942628213886071 9.750824811084741E-4
0.6283773540955963 0.1266961417165961 0.03281737987310941 0.006242514670107294 0.1627563444825663 0.03388580124780029 0.007724142882777924 0.001500321031446605
0.5461276627800007 0.21969805064864156 0.02285187442003326 0.00881596432695897 0.1387077570155423 0.05747045629937418 0.005322925918800107 0.0010053085906487798
0.47771921366342623 0.20263743137307635 0.01887366322756242 0.007563921118686972 0.1969745978718356 0.0862486710342618 0.007084051737721049 0.0028984499734294555
0.6440066141642686 0.15528296162346122 0.04853941438964118 0.011241014082614954 0.10513695325778484 0.026354180137434693 0.007611881536058529 0.0018269808087357892
0.5779190779435552 0.23285592257004956 0.03306853511191039 0.012762260287755125 0.09635326340550293 0.039882891737268084 0.005139070330126017 0.0020189786138324656
0.48625929599371476 0.20456365357552428 0.019849019558470293 0.007913273811896413 0.1893515088398628 0.08199112214420898 0.007161727551170519 0.0029103985251520558
0.6259447498527564 0.15041579780474562 0.06791679363218775 0.01568128641521678 0.10155291189589451 0.025363495577738187 0.0105913104897477 0.0025336543317129295
0.6579886693014751 0.12477594693149147 0.06361957534247818 0.011545421830347149 0.10914983473043367 0.021273985999895797 0.00982946843875759 0.001817097425121
0.5549662346392065 0.21963547268861489 0.024365606602180283 0.009275994868997852 0.13180569093523312 0.05354578368481396 0.00540077672053789 0.0010044398604153874
0.5316785502076316 0.22485476361141127 0.02821503505864088 0.011284991829723897 0.13556565605787554 0.05914825280854022 0.006570720170294944 0.002682030255881711
0.47702708737704813 0.2030625026214742 0.018841310226866338 0.007565625810097578 0.1969410441970832 0.086591099486237 0.007070786847528989 0.0029005434336645325
0.6439396499604166 0.15533326794274815 0.04852019749786087 0.011240787801461432 0.10515677357612858 0.026371081552723462 0.00761078056358795 0.0018274611050728235
0.5440643070291976 0.21922315664572303 0.031129721924670402 0.012014319506026832 0.13006661439726502 0.053839862272013504 0.006936721170782972 0.002725297054320489
0.4793020487740814 0.20280024391667484 0.019147470052338123 0.0076545565563850655 0.19561896889790184 0.08543674094834722 0.007129434066200645 0.0029105367880708816
0.5888961661452011 0.141890831318533 0.04442207111143625 0.010280637770330928 0.1600438208467647 0.04008693494790815 0.011597840228071525 0.002781697631754395
0.5361490186522356 0.21789825996641135 0.029760797046056917 0.011539450769843088 0.13735006635414249 0.05758889282667345 0.006958215291628419 0.002755299093008433
0.47758924479548787 0.2025435014130627 0.018952772267305802 0.007587773732102178 0.19701367196372707 0.08629662678562956 0.0071089043907416605 0.0029075046519432095
0.6440047115949917 0.1552809393628561 0.0485398615534875 0.011240825620850546 0.10513963237592529 0.026355011377947074 0.007612020124572008 0.0018269979893698704
0.5440731885097699 0.21921863401485064 0.03113185385638922 0.012014824751873437 0.13006302019225435 0.05383616369769024 0.006936990725387575 0.002725324251784629
0.5314580086051799 0.22486724728956256 0.02830826933002282 0.011316719094340419 0.13556488819021875 0.05920778082984872 0.006587712926945583 0.002689373733881243
0.6288493446269299 0.1264885964796581 0.033116951934239636 0.006283315484281222 0.16227425784942076 0.0337141832603502 0.007767728577320661 0.0015056217877995306
0.5462305796968763 0.21968032997231826 0.02286967731046106 0.008821001337416591 0.13864237319454684 0.05742624086763157 0.005324432346180973 0.0010053652745685277
0.5302612691013338 0.22491563684184784 0.02793507067757802 0.011195114706801028 0.13663428686251688 0.05982491415196294 0.006552732274863442 0.0026809753830960275
0.5293133969757997 0.2254368790760968 0.027840168838622625 0.011183032837366708 0.13681454965726805 0.06019134500379852 0.006537670456450277 0.0026829571545971473
0.5291925722813346 0.22548713076725832 0.027814158426940412 0.0111761662444201 0.13686838781083502 0.06024498727432029 0.00653414772138225 0.002682449473508765
0.47657174168261074 0.2030772802779735 0.018784254254431716 0.007548125751440214 0.19723618434711432 0.08682244849677329 0.007061067731414016 0.0028988974582422633
0.6251320179401858 0.15082953181382827 0.06752264462445692 0.015646205505451496 0.10211634190035108 0.025614508256523952 0.010594349604895456 0.0025444003543069835
0.6579017222963313 0.12481352949020065 0.06356083157644273 0.011538364046491313 0.10923926595864895 0.021302212151472866 0.009826819853453786 0.0018172546269584057
0.5549469649504091 0.21963850467530394 0.024362297496844723 0.009275064516149456 0.13181820398564986 0.05355399860978618 0.005400530234224007 0.00100443553163298
0.5316755519991769 0.22485513635090612 0.02821442543484594 0.011284804651008075 0.13556772350366803 0.05914966089574019 0.006570671303099981 0.002682025861554542
0.5295495557768258 0.2254207084288506 0.02788767051710939 0.011198151776058901 0.1366410920061723 0.06007847923295871 0.006541087141445377 0.0026832551205790414
0.628559282938389 0.12653701648149235 0.03304383562778147 0.00627325123494369 0.162522305991614 0.033797741996354214 0.007761198041785618 0.0015053676876395884
0.48626764900295666 0.19558494139674232 0.020354414943422033 0.007851405173640384 0.19754149313469135 0.08183257167471948 0.007583925673586092 0.002983599000241451
0.6260820455472593 0.15001000739478512 0.06796073961488777 0.015648654459857036 0.10179568816975171 0.025351223631668255 0.010618325609976173 0.0025333155718146776
0.5448242107700269 0.21862016256480563 0.031610157549320145 0.012139115255264872 0.12960870694011825 0.05345442117246008 0.007003503274939985 0.0027397224730643507
0.531612393172133 0.2248122570190511 0.028346929784494435 0.011327257331476125 0.13548097545977097 0.059137923790482855 0.006592241936627433 0.0026900215059641117
0.6288727911154277 0.1264841644393424 0.0331230517677115 0.006284138887361871 0.16225452350285746 0.03370738308900967 0.0077683016449016555 0.0015056455533878207
0.5386258589490531 0.21662003919405473 0.03006894628101895 0.011597742951442946 0.13670855508679153 0.0566246688799266 0.007000406789171594 0.002753781868540344
0.5304320309163421 0.22469152751830684 0.028119865999757646 0.011248579468365195 0.13651399592700256 0.05971894583792728 0.006584470621182732 0.002690583711115586
0.5363908731555985 0.22841204531424933 0.021166854508287664 0.008501179950388934 0.13860984072555274 0.0609708172855159 0.004969599082240977 9.787899781657922E-4
0.5360210255970553 0.22867796367983814 0.021004770126223975 0.008454577262149023 0.13878503905301173 0.06113904069762135 0.004942507261104409 9.750763229960345E-4
0.4763034030296142 0.20324802458386898 0.018656263125456225 0.007510685962542858 0.1973903625190835 0.08697728046405218 0.007025777256460091 0.0028882030589218615
0.6250985726917744 0.15085474236084132 0.0675052642165799 0.015645538444549342 0.10213301993378722 0.025624182179499813 0.010593859356230936 0.0025448208167370527
0.6578984612673234 0.12481550580507446 0.06355838199301085 0.011538095918693637 0.10924232549280477 0.021303305083080655 0.009826667465009408 0.0018172569750028397
0.5468537549761168 0.21643580331400591 0.03200920836954566 0.012186368339611885 0.12989640850764647 0.052773357100728675 0.007095688131808894 0.0027494112605355434
0.5318535543895719 0.22461889909404406 0.028408112558171352 0.011340495541634571 0.1354436062208377 0.05903990815924126 0.006603552308151067 0.0026918717283480414
0.5366412717765711 0.22839852269215075 0.021203730366341114 0.00851291877586752 0.1384356359827368 0.06085666466933272 0.004972336303144031 9.789194338559123E-4
0.5360625106376318 0.22867554160857131 0.02101075992590879 0.008456484058678158 0.13875649329555595 0.06112015653701904 0.004942956708565796 9.750972280693382E-4
0.5359586113168819 0.22870073570995703 0.020993609746842244 0.008451577329264564 0.13881401027813178 0.06116539014152849 0.004941092525905058 9.749729514887277E-4
0.5289627542769489 0.22572506986805452 0.027623671302098186 0.011121033039705899 0.13701633249940648 0.06037616559338187 0.006502020601728802 0.0026729528186752527
0.4765092680089442 0.20309011277373515 0.018774256448167284 0.007545353361736909 0.19726942950120596 0.08685410528153384 0.007058963695246811 0.0028985109294298907
0.6438881240529146 0.15536022805305102 0.048504122198216024 0.011239622079390992 0.10518440806640793 0.026385019290631594 0.007610608497043669 0.0018278677623440455
0.6414389467109953 0.12212486616759204 0.03669966621449372 0.006692609464832467 0.15335288057623558 0.02999468836306288 0.008178154970407955 0.0015181875323799587
0.5405771302516064 0.21623623993430438 0.03049594093898531 0.011718573012383037 0.13543468504006917 0.055746980198335 0.007034971404628874 0.0027554792196877306
0.5378670762115985 0.22765862092928751 0.02142295260160852 0.008564849626912003 0.13812691919144765 0.06036893442774485 0.0050088376777277085 9.81809333673309E-4
0.529246212617597 0.22562619973525483 0.0276872558231257 0.011138464416853051 0.13686982920599577 0.06024827886359329 0.006509728223026078 0.0026740311145541013
0.4765631006851757 0.2030865705796128 0.018781289779824833 0.007547463730852665 0.19723586509469013 0.08682675175768677 0.007060229166733184 0.0028987292054238373
0.6251310339262817 0.15083042285446957 0.06752216646702734 0.015646206328162826 0.10211665924501007 0.025614776108705356 0.010594323009417204 0.0025444120609259342
0.6418767875684793 0.12177344549882008 0.03720754829586482 0.006754386813908399 0.15281481719378878 0.029799687511788707 0.008248033569900441 0.0015252935474494313
0.5406958994110286 0.21620287979820957 0.03052685682306532 0.011726909293582123 0.1353600439684891 0.055693747810885354 0.007037909996902997 0.0027557528978368584
0.537887788767656 0.22765533240149458 0.02142618460106268 0.008565813809572507 0.13811416060544623 0.060359756341451874 0.005009137144987789 9.818263283282959E-4
0.5362449751114815 0.22860807665089367 0.021040408949395885 0.008464419851451781 0.13867676013572522 0.06104311063699049 0.0049468711953683095 9.753774686931285E-4
0.5359867000783423 0.22869424290259527 0.02099794181567813 0.00845282851581177 0.13879860540526806 0.06115311591950069 0.00494156215402023 9.750032087834663E-4
0.5359464512090423 0.2287026487587757 0.020991775103634598 0.008451026059009352 0.13882142267447922 0.06117079348039014 0.004940919771636483 9.749629430323575E-4
0.5289608866928639 0.22572531818734526 0.027623294018842844 0.011120916916875886 0.13701760054267262 0.06037704539266822 0.0065019887414311875 0.0026729495073001836
0.536139725907449 0.2285050150002062 0.021123634938108524 0.008489570392890045 0.13872264797310607 0.06107708476367866 0.004963951314969019 9.783697095924841E-4
0.5359819750061402 0.22868687960496173 0.020998727770288553 0.008452830694705909 0.13880658600031393 0.061156109018112456 0.00494185720267304 9.750347028043096E-4
0.5289661273099882 0.2257237839068347 0.027624433905377367 0.011121237870451172 0.13701467576050494 0.06037465920320725 0.006502115971492312 0.0026729660721443406
0.5361406048894439 0.22850486004412843 0.021123770841057318 0.008489610824120928 0.13872212301089812 0.06107669518110327 0.0049639646730575086 9.783705361904908E-4
0.5290004342628158 0.2257079959497335 0.027633626506058866 0.011123641079966566 0.1369984075649957 0.06035942908908146 0.0065033154412370365 0.0026731501061109907
0.47651643138852257 0.2030893448406887 0.018775225725585026 0.007545636483367216 0.19726520252430957 0.08685046861231287 0.00705914777126351 0.00289854265395065
0.6438888444481395 0.15535983698692166 0.04850434660635735 0.011239637264340895 0.10518403524305953 0.02638482566247157 0.007610611676728189 0.0018278621119816032
0.5440566614766706 0.21922543571232472 0.031127996951836347 0.012013861566843234 0.13007099322247048 0.053843202528386744 0.006936560871840282 0.0027252876696275624
0.4793005722192253 0.20280030050601866 0.019147279914590053 0.00765449884396303 0.1956199280547077 0.08543748696860715 0.0071294020053306794 0.002910531487557333
0.625374040903397 0.15068005377388907 0.06763871044288743 0.01565369441726575 0.101974529759096 0.02554206335653961 0.010595593098978276 0.0025413142479468274
0.6579261703441702 0.12480103526587057 0.06357808472931202 0.011540349889859467 0.10921522379948465 0.021294165708558823 0.009827746685587044 0.0018172235771571521
0.5549524275707931 0.21963747337830355 0.02436324973165218 0.009275328039044082 0.13181479146601555 0.0535516856213377 0.005400606750910614 0.001004437441943266
0.5388069859553712 0.22787066452168528 0.02144474932080623 0.00857715327063115 0.13738531420791328 0.05994254722441406 0.004994106471575418 9.784790276032773E-4
0.5363883960794908 0.22862042925353748 0.021058792404655302 0.008470867948071927 0.13856290285714987 0.06097562015293908 0.004947620527821485 9.753707763340171E-4
0.536010930019852 0.22869447608083984 0.021001327273074723 0.00845395145280639 0.138780632094096 0.06114190474186142 0.004941768239253046 9.750100982163744E-4
0.6283750774020105 0.12669721416747462 0.032816639453204934 0.006242432778044044 0.1627577638196479 0.033886521569946135 0.007724035933910407 0.0015003148757613564
0.5461272827839475 0.21969814256644443 0.022851811790212992 0.008815947104509123 0.13870797055797224 0.05747061705108192 0.005322919823515031 0.0010053083223166123
0.5302452264860911 0.224917784526197 0.027931795871342452 0.011194113237070974 0.13664522616283728 0.059832442089154156 0.006552462025539191 0.0026809496017680496
0.5363406473482405 0.22843125832670116 0.021157029730471275 0.008498540464480989 0.13863347186738065 0.06099202081828604 0.0049683406655507455 9.786907788885955E-4
0.5290297808984992 0.2257004954708823 0.0276398498283962 0.011125433279858083 0.13698128416543967 0.06034594223456184 0.00650397920318616 0.0026732349191765925
0.536151331518106 0.22850260584796658 0.02112546418209367 0.008490104720462471 0.13871598880048194 0.06107198226789274 0.004964140817321287 9.78381845675262E-4
0.5290020683379362 0.2257077312569152 0.027633960986595835 0.011123742371586517 0.13699733432806374 0.06035866380650574 0.006503345481283186 0.002673153431113371
0.536146664323918 0.22850335480688122 0.021124747863326368 0.008489889648424944 0.13871883401200927 0.06107405925373255 0.004964072403473149 9.783776882343787E-4
0.5290013500341609 0.22570782784298263 0.02763381563262279 0.011123697672886332 0.13699782138524932 0.06035900212601326 0.0065033331626207155 0.002673152143464135
0.6284622156909214 0.12655813907485355 0.033016083503026636 0.00626957301088362 0.1626040469894913 0.033826312839974594 0.007758403694191033 0.0015052251966578096
0.6348889239900177 0.1206634660597067 0.03543107453267838 0.0064578247333222615 0.1612161759199115 0.031557114580947204 0.00825152480932671 0.0015338953740895252
0.6356808422930639 0.1202948504675203 0.0356980855434337 0.006486830050804633 0.16070553432302184 0.031309546296069315 0.008288492784211128 0.0015358182418752657
0.5396582525448799 0.21605113397081854 0.030327313588677605 0.011660087266866657 0.1363220094935785 0.05618468885725355 0.007037526366206692 0.002758987911718655
0.629644144807963 0.1259562475884254 0.033411678162494435 0.00631265434790004 0.16190232796856638 0.03344518517056471 0.007818789582313707 0.0015089723717723708
0.5463641501456551 0.21963324649376115 0.022892734793400628 0.008827019299398822 0.13857925620489478 0.05737090812764889 0.005327160434800145 0.00100552450044044
0.5302809919139228 0.22491086654537232 0.027939246637367205 0.011196321753661484 0.13662253417363696 0.05981584990666577 0.0065531617053609485 0.0026810273640128896
0.5293165613901225 0.22543633129641932 0.027840833009815706 0.011183232657062649 0.1368124828532548 0.060189862974912064 0.006537731536613859 0.002682964281798913
0.47659451147873916 0.2030750167809176 0.018787272332032458 0.007549014604682214 0.1972226946391092 0.08681085111698117 0.0070616416204134875 0.0028989974271249074
0.6251340383161194 0.15082828484592076 0.06752361341049073 0.015646268195363165 0.10211515741066578 0.02561390322806012 0.010594359988570683 0.002544374604809318
0.6579019264328639 0.12481342522679201 0.06356097561233541 0.0115383806285081 0.10923906517734346 0.02130214496671391 0.009826827587843432 0.001817254367599828
0.5468544950315373 0.2164356174049167 0.032009389460147634 0.012186417391420215 0.12989593676689698 0.05277302832163039 0.007095703498899999 0.002749412124551069
0.5318536757795171 0.2246188786655259 0.028408138303046653 0.011340503250897945 0.135443525939618 0.05903985150822307 0.006603554584215303 0.0026918719689561716
0.4770810982348228 0.20304925917832142 0.018850395252092703 0.0075680965259631245 0.1969137139724365 0.08656377455101258 0.0070727551551502555 0.00290090713020059
0.6439453135419685 0.15532993765469832 0.0485219680390725 0.01124088760133844 0.105154073384383 0.02636958361706876 0.007610818983353847 0.0018274171781166172
0.6578720868436055 0.12525014297425555 0.06273605660880685 0.01144042316385276 0.10968801803211643 0.02145347711691978 0.009749874853770898 0.0018099204066722825
0.5467419407261128 0.21647935128748427 0.031974680978959745 0.012177521210874122 0.12996244527829723 0.05282296038307367 0.007092092635516948 0.0027490074996813657
0.5390086128620414 0.22765316685614703 0.02159031356917749 0.00861918431886441 0.13728236345210107 0.059845073739168954 0.00501915743114698 9.821277713525577E-4
0.5294283668078978 0.22561714194433033 0.027722926262078458 0.011149951180995635 0.13673417320095058 0.0601610817857151 0.006512146424631363 0.002674212393400684
0.5362191208386823 0.22849354902137312 0.02113575562975274 0.008493240938813033 0.13867320178656334 0.06104162492913243 0.004965070907549154 9.784359481338778E-4
0.5359948767514368 0.2286855224980902 0.021000625856238762 0.008453418986795242 0.13879819533072243 0.061150299722837274 0.0049420176357889275 9.750432180903662E-4
0.5359476635512495 0.22870191064054246 0.020991999927477287 0.00845107886772628 0.1388211081610298 0.06117031748380259 0.00494095571533491 9.749656528375225E-4
0.5289610546655072 0.22572524949484013 0.0276233317860894 0.011120926931959239 0.13701752247725946 0.060376970747641125 0.00650199368271251 0.002672950213990807
0.5361397534092581 0.228505008415175 0.02112363929493338 0.00848957164537196 0.13872263294555048 0.061077072754886816 0.00496395179338645 9.783697414377794E-4
0.529000303612529 0.2257080145127724 0.027633599986171507 0.0111236329591717 0.13699849538131964 0.06035949052883398 0.006503313156078531 0.0026731498631230467
0.5361463614494962 0.2285033878212641 0.02112470234495429 0.008489875584961577 0.13871903115019935 0.06107419567033569 0.004964068506875133 9.783774719137656E-4
0.5290013028799926 0.2257078328485581 0.02763380619769907 0.01112369472582985 0.1369978544011965 0.06035902446147288 0.0065033324142201995 0.002673152071030579
0.5291273586891639 0.22551182549788953 0.027797553908375412 0.011171646466258948 0.13690282799598916 0.060274543024323834 0.006532108906176629 0.0026821355118226437
0.5361852004587601 0.22848693699657568 0.0211326166518184 0.00849196966237025 0.13870174425226284 0.06105794860031045 0.004965120518764687 9.78462859137692E-4
0.5290071213716948 0.22570621903435303 0.027635069633146315 0.011124053339853933 0.1369945307902828 0.060356366028233646 0.006503470056936484 0.0026731697454992097
0.5361475118759695 0.22850320279111191 0.021124879139257768 0.00848992863158467 0.1387183297871156 0.06107368390675147 0.004964085374749621 9.78378493459698E-4
0.5290014799392868 0.22570780901755078 0.02763384203180752 0.011123705744004356 0.13699773435559714 0.060358941072143936 0.006503335451277352 0.002673152388332197
0.5361465628159583 0.22850336443916347 0.02112473269770712 0.008489884925388666 0.13871890122904396 0.06107410512485283 0.004964071147284224 9.783776206013985E-4
0.5290013341808939 0.22570782940468134 0.027633812470328034 0.011123696680927506 0.1369978325798181 0.06035900964666826 0.006503332916475243 0.0026731521202075057
0.5361465377058353 0.22850336691794634 0.021124728940163824 0.008489883757699896 0.13871891777971546 0.0610741164618877 0.004964070833206289 9.783776035450868E-4
0.5359830603994089 0.22868670918389727 0.02099889089843163 0.008452879772066995 0.13880592515215628 0.06115562638173707 0.004941872610463936 9.750356018375893E-4
0.5289662939547585 0.22572376174511 0.027624467561602736 0.011121248230718004 0.13701456263173106 0.0603745806922554 0.0065021188155030725 0.002672966368320923
0.5291217753169485 0.225513397384967 0.027796312384530234 0.011171294436964923 0.13690603050157424 0.060277099863618615 0.00653197270540258 0.0026821174059939463
0.4765580088789997 0.20307824150473014 0.018782439192779995 0.007547583405690758 0.1972447277844331 0.08682941748692098 0.007060740578364661 0.0028988411680809663
0.5885663825697702 0.14200807714189995 0.04433784125800125 0.010273934381278656 0.16024025939579412 0.04019439559534635 0.01159449120384438 0.002784618454065243
0.5360988861506752 0.2179093652527814 0.029749994795620818 0.011536417911340906 0.1373813637990669 0.05761144920945444 0.006957281258232637 0.0027552416228276665
0.6292032984236424 0.1260856536525763 0.03329111978595447 0.006297646270567387 0.1622320009522254 0.03357733007731856 0.0078046725734326325 0.0015082782642828595
0.5386793382260897 0.21658311775281675 0.03008330732375831 0.01160102279376659 0.13669399961023973 0.056602328651797595 0.007002740900938031 0.0027541447405931853
0.5304400171808118 0.22468808567253867 0.028121731892696164 0.011249070026037568 0.1365103549368056 0.05971540010329001 0.006584719585503927 0.0026906206023162506
0.536392185163016 0.22841171788678818 0.021167063751180628 0.008501239757418252 0.138609133632702 0.06097024585980968 0.004969622404071193 9.787915450139729E-4
0.5290375319017551 0.2256985357711825 0.02764151276765272 0.011125911647376538 0.13697671502985648 0.06034238225188673 0.006504153842938635 0.0026732567873512182
0.5361526418214013 0.22850240220168477 0.021125665090439574 0.008490165184604449 0.1387151843034258 0.06107139863082155 0.004964159782511198 9.783829851112203E-4
0.5359840493066708 0.22868659800210664 0.020999036795763884 0.00845292480667436 0.13880528780321627 0.06115518185444076 0.004941885152602288 9.750362785249059E-4
0.5289664473280455 0.2257237451142427 0.0276244982358242 0.011121257802362285 0.13701445557309466 0.060374508075717016 0.006502121263623032 0.0026729666070905676
0.5361406601951756 0.22850485509325857 0.021123779084562644 0.008489613399261419 0.138722086151528 0.06107667015705248 0.004963965347130307 9.78370572031157E-4
0.529000442910526 0.22570799512288622 0.02763362822901988 0.011123641621301571 0.13699840143900924 0.06035942498430919 0.006503315574376552 0.0026731501185712743
0.5361463854495574 0.22850338546004517 0.02112470593587976 0.008489876701083008 0.13871901532481826 0.061074184833635345 0.0049640688067920154 9.78377488189198E-4
0.5359830355409032 0.22868671150497294 0.020998887258823196 0.008452878636331542 0.13880594155501377 0.061155637606201275 0.00494187231135726 9.750355863968069E-4
0.628370272787843 0.12669711556776442 0.03281568988069828 0.006242276083013353 0.1627625076097838 0.033887816630688336 0.007724004747937359 0.0015003166922714602
0.48620330572661463 0.19559195427885068 0.020344318636683907 0.007848593999297753 0.19758227204809942 0.08186403220942721 0.007582182496983041 0.002983340604043401
0.6260762819816493 0.15001354954345547 0.06795794560635735 0.01564847472971915 0.10179911279095986 0.025352944635210737 0.010618300780457869 0.0025333899321901775
0.6579837731875908 0.12475335400571107 0.06362558151781596 0.01154502770969286 0.10916915346240537 0.021274180565250662 0.00983165398321325 0.001817275568319798
0.554965700142118 0.21963335077265297 0.024365695955749236 0.00927596612891931 0.1318077689797919 0.053546214354806505 0.0054008551510498805 0.0010044485149122593
0.5388090966347325 0.2278702707076612 0.02144507308407831 0.008577248454050482 0.137384072441717 0.05994161981276798 0.004994138039345195 9.784808256472883E-4
0.5363887349956724 0.22862038608881774 0.021058842668470353 0.008470883324524808 0.13856268850167666 0.06097546841546096 0.004947624983586742 9.753710217902634E-4
0.6284306672521786 0.12668965617311687 0.032829882337600584 0.006244305004365704 0.16270931923676654 0.03387070843996006 0.0077251131495508765 0.0015003484064605851
0.6348651405671092 0.12067229628734955 0.03542141458104383 0.0064566971595442 0.1612357871544054 0.03156442032612444 0.008250409128323338 0.0015338347960999609
0.547194997829599 0.2191558613223201 0.023046193528710054 0.00886315858908032 0.13833937557462614 0.05704209763783705 0.005351044703273719 0.0010072708145537573
0.5374636147092727 0.22786180132997483 0.0212533305242298 0.008514407942871208 0.13838569955347704 0.06056009114442543 0.0049828571935063536 9.78197602242621E-4
0.4765371371982107 0.2032012389784832 0.018688365364722303 0.0075195989373773005 0.1972736073143069 0.08685792291061807 0.0070327227775153975 0.002889406518765961
0.6251196481434389 0.1508408932909898 0.06751530924911893 0.01564609533901323 0.10212151460033564 0.02561794675923846 0.010594036688076137 0.0025445559297889364
0.6579005427640131 0.12481437681650806 0.06355987543270011 0.011538265000940183 0.10924031633624895 0.021302616315412498 0.0098267525521193 0.0018172547820577928
0.5549466912050421 0.21963857706890694 0.02436224788681112 0.009275051298382082 0.13181835902107208 0.053554112568877 0.005400525595954925 0.0010044353549537345
0.5316755102878924 0.22485514403261617 0.028214416741506657 0.011284802067733234 0.13556775033266702 0.05914968025002561 0.006570670509821888 0.002682025777736902
0.5365917850288998 0.22841847578002056 0.021193900803419808 0.008510302810198218 0.13845822373017333 0.06087743854559402 0.004971055447586074 9.788178541082636E-4
0.5290693879432427 0.22569752979489793 0.027647675847537963 0.011127920453372341 0.13695258405691177 0.060327065780455505 0.0065045516950424705 0.002673284428539241
0.4765302481428316 0.20308964114700098 0.01877693533819781 0.007546177909810836 0.19725553215413386 0.08684346740713048 0.007059410712858234 0.002898587188036299
0.6438902003511742 0.15535916613249792 0.04850477099146415 0.011239670972448532 0.10518327054269104 0.02638445565648391 0.007610614048396203 0.001827851304843988
0.6578671185686747 0.1252525350053511 0.06273276833111453 0.011440039322398992 0.10969282789079103 0.021455080473699043 0.009749703114881741 0.0018099272930888798
0.5467409212586013 0.21647956223221151 0.03197443825277701 0.012177454002034693 0.1299631269494574 0.05282341666642512 0.007092073843339266 0.002749006795153556
0.5390084356566588 0.2276531887517661 0.021590286472514705 0.008619176077427333 0.13728247740456495 0.05984515287807377 0.005019155108384296 9.821276506100296E-4
0.6288048210133396 0.12661425107040755 0.03292665865641895 0.006257248314659473 0.16239991884711685 0.033761848902494826 0.007734510005918748 0.0015007431896438468
0.5385919613332829 0.21663264036142588 0.030059089552075556 0.011595163200670897 0.13672835170371345 0.056639829205888524 0.006999320720054792 0.0027536439228879475
0.5304263932846947 0.22469280458440732 0.02811862581091581 0.011248219266850506 0.13651749007049055 0.05972154996981986 0.006584348034541807 0.0026905689782794865
0.5293569363833228 0.22541731344240817 0.02785223470361567 0.011186228124465488 0.1367930297490283 0.060171812837385034 0.006539234691893346 0.0026832100678812285
0.5362232965122656 0.22847790017920946 0.021138677362904916 0.008493713289692813 0.13868081536488228 0.06104130804440416 0.004965782402447074 9.785068441937321E-4
0.5290128874561908 0.22570519471292913 0.027636256889075637 0.01112440986807468 0.13699081467129104 0.06035367391680602 0.006503580167567846 0.0026731823180648202
0.47651887740802923 0.2030893208071909 0.018775534429045764 0.00754573233421788 0.19726355750003816 0.08684922804138138 0.007059198223410769 0.0028985512566857136
0.643889085895007 0.15535971463264708 0.04850442207671587 0.011239643039364236 0.10518390188184827 0.02638476001840823 0.007610612260562444 0.0018278601954469487
0.6414390776126314 0.12212483416899915 0.03669970242972947 0.006692613860754133 0.1533527748080926 0.02999465148447444 0.008178158091944724 0.0015181875433740684
0.5482948835377043 0.2193234070815386 0.023198498266325723 0.008914408864923958 0.13736824948116932 0.05654286137672138 0.005351556640567872 0.0010061347510488608
0.4781260401673225 0.2026421516456329 0.018923524254999744 0.007579569107383236 0.19669395952079183 0.0860433445045859 0.007091721582852629 0.0028996892164310575
0.6252667951775724 0.15073579245815294 0.06758493594510552 0.015649020208355163 0.10204958342201019 0.02557517154155256 0.01059595893485483 0.00254274231239618
0.6579146045008141 0.12480607968584179 0.06357021835338901 0.011539407438248028 0.10922712942474963 0.021297925444531983 0.00982739061800708 0.0018172445344183691
0.5549498579933874 0.21963788083035288 0.024362807998074224 0.009275203937968397 0.13181645790159666 0.053552780727998434 0.005400573756909555 0.0010044368537122793
0.5388065652579895 0.22787070854893018 0.02144468690508294 0.008577134055887125 0.137385589368188 0.05994273571304714 0.004994101366160829 9.784787847141316E-4
0.5363883273201128 0.22862043503390242 0.021058782381563456 0.008470864805127376 0.13856294874419905 0.06097565125339783 0.004947619725319935 9.75370736377445E-4
0.5290282573981757 0.2257152538703857 0.027636986028899697 0.011125094099367338 0.1369727321204186 0.06034540882632318 0.006503188351463366 0.0026730793049663986
0.4765223965146974 0.20309040430373612 0.0187758799441593 0.007545867784252174 0.19726023247686597 0.08684745278684239 0.007059213031006559 0.002898553158440105
0.6438894122274119 0.1553595910807243 0.048504525395597034 0.01123965413315366 0.10518368120486973 0.026384667734384595 0.0076106107297728405 0.0018278574940859466
0.6578670478930171 0.12525256954918096 0.06273272136819755 0.01144003386272191 0.10969289600579561 0.021455103309719586 0.009749700623825441 0.0018099273875418229
0.5548249023690888 0.2196803864305976 0.02433540152648292 0.009268129721492656 0.1318847441181966 0.053604459140354555 0.00539770160709525 0.0010042750866916736
0.5316566338619547 0.22485932241843568 0.028210368370873335 0.011283625421370447 0.13557942120844976 0.059158369729673775 0.006570277359466716 0.0026819816297756894
0.5295464972314918 0.22542119996821702 0.027887030663934814 0.011197958144815964 0.13664312085557453 0.06007991455014458 0.00654102993284878 0.0026832486529722627
0.5292314097202796 0.2254839738465979 0.027822017321503204 0.01117865127183012 0.13684024600486036 0.06022646288654002 0.006534734788088222 0.0026825041603004553
0.6285094655533395 0.1265436303527768 0.03303173556437048 0.00627153647853172 0.16256614962470223 0.033811927908123256 0.007760219370683274 0.0015053351474728196
0.5461744560350283 0.21968418796666658 0.02286112399879523 0.008818432732600447 0.13868173292617256 0.05745078772583821 0.005323911676698942 0.0010053669381996752
0.5373105589164467 0.22791014751671315 0.021228855576479466 0.008507679564030974 0.13845943674421032 0.06062545699317302 0.004979870175255962 9.779945136904813E-4
0.5361395715989083 0.22863138155503168 0.02102309350978405 0.008459413402074073 0.1387370053541181 0.061089219585767573 0.004945055820730674 9.752591735857583E-4
0.5289890816018006 0.22571805707712883 0.0276292659927953 0.011122635323736968 0.13700120740898175 0.060364092777784074 0.006502628349111582 0.0026730314686611223
0.5361444757803457 0.22850426113535308 0.021124363311318395 0.008489789307529352 0.1387197458521419 0.061074970049859796 0.004964020650018885 9.783739134326687E-4
0.529001030760326 0.22570791763315073 0.02763374705620845 0.011123678216516044 0.13699800163102804 0.06035914795796489 0.006503325586161591 0.002673151158644234
0.47651655161943085 0.20308934845545534 0.018775240522771304 0.007545641195184766 0.1972651174616408 0.08685040770761145 0.00705915000632185 0.00289854303158381
0.625126934270413 0.1508328868347686 0.06752019644931564 0.015646071568382745 0.10211912921426897 0.02561600966777414 0.010594307389600715 0.002544464605476301
0.6418761468388187 0.12177360452380515 0.037207363308242064 0.006754364489668995 0.15281534096415442 0.029799868710150865 0.008248017695802407 0.0015252934693575444
0.5484211840271657 0.21929197012909968 0.023222248632333867 0.00892084147511939 0.1372941221318451 0.056489539096878906 0.0053538488937796514 0.0010062456137775353
0.5305970136181395 0.22486904996832274 0.02800336105348312 0.011215965633223697 0.13640713707929245 0.05966749470779681 0.006558446794302713 0.0026815311454391057
0.5293683539645597 0.22543039076344024 0.02785144638361214 0.01118652748821971 0.13677630942746538 0.06016532802627636 0.006538591526479811 0.002683052419946784
0.5292016412701938 0.2254861579094353 0.027816013690522962 0.011176744644224327 0.1368619989938811 0.06024068333933977 0.0065342956908985015 0.0026824644615044335
0.5291755333102517 0.22549207465864382 0.027810430642317068 0.011175110401040203 0.13687794422032903 0.06025278803934113 0.0065337267956828106 0.0026823919323941832
0.5291713146014703 0.22549276912882402 0.02780954705509495 0.011174843286297337 0.13688072854949873 0.060254767923119124 0.006533646780391215 0.002682382675304483
0.5291706242961942 0.22549285989183226 0.027809404386966902 0.011174799386838418 0.1368812019284253 0.060255093989526116 0.0065336347435577275 0.002682381376659033
0.6284996961072061 0.1265447320569477 0.03302940582695323 0.006271200767802 0.1625749017244533 0.03381468976858322 0.007760043652530953 0.0015053300955234882
0.5461728464911153 0.2196842536458327 0.02286088196109192 0.00881835896704675 0.13868289786850663 0.05745149537572422 0.0053238985116828876 0.001005367178999812
0.5373102924979469 0.22791015996492378 0.02122881719920929 0.008507667323114044 0.13845962300326345 0.06062557814121833 0.004979867463341544 9.779944069824526E-4
0.4765098462857832 0.20320289781095344 0.018684889882781754 0.007518551810671022 0.19729062366549968 0.08687178676878883 0.007032102484778836 0.002889301290743194
0.6438776270817996 0.1553692614455473 0.048499918238795826 0.01123957631427133 0.1051877657555438 0.02638750933672597 0.007610395703003215 0.0018279461243127096
0.5440550122069657 0.21922624560998566 0.031127592585182235 0.012013765407520987 0.1300716994507089 0.05384388913799312 0.00693651235931211 0.002725283242331335
0.4793002713518804 0.2028003398499302 0.019147238975044615 0.007654487093342734 0.195620099208535 0.08543763929524041 0.007129394070917753 0.0029105301551088456
0.6253740140812266 0.15068007064074954 0.067638697592294 0.01565369362242254 0.10197454518088966 0.025542071355762412 0.010595592937729692 0.0025413145889257006
0.5447159258940358 0.2186801147203537 0.03158286988963778 0.012132807823188782 0.12964978668874458 0.05349922005717141 0.006999931911498279 0.0027393430153695194
