0.125 0.125 0.125 0.125 0.125 0.125 0.125 0.125
0.07575757575757576 0.12626262626262627 0.09090909090909091 0.15151515151515152 0.0946969696969697 0.15782828282828282 0.11363636363636365 0.1893939393939394
0.09326190608043523 0.1554365101340587 0.08393571547239172 0.13989285912065286 0.11657738260054405 0.22204026677903616 0.10491964434048964 0.08393571547239172
0.06430745814307458 0.11377473363774733 0.056062912227295786 0.09918822932521562 0.12861491628614916 0.22754946727549466 0.11212582445459157 0.19837645865043124
0.10932790581880525 0.08825264686578256 0.13665988227350656 0.1103158085822282 0.1311934869825663 0.12787944045022928 0.1639918587282079 0.13237897029867382
0.1048854146517968 0.07698280725442959 0.1907335224512733 0.15396561450885918 0.085830085103073 0.07737333276644884 0.171660170206146 0.13856905305797326
0.09879860867172532 0.0778039043289837 0.19759721734345065 0.1556078086579674 0.08613212038047849 0.07613801025718377 0.17226424076095698 0.13565808959925363
0.10883427936011653 0.08570699499609176 0.15441648217981324 0.10284839399531012 0.13604284920014567 0.12033908873421031 0.1632514190401748 0.12856049249413765
0.09278393835317551 0.14909081427235418 0.08399769711261376 0.1299766073143601 0.10112246533255329 0.19889850213753665 0.08815804670017466 0.1559719287772321
0.10652596074308646 0.0838891940851806 0.1379776889947724 0.10066703290221672 0.14588154412572854 0.13943584690661473 0.1597889411146297 0.1258337911277709
0.0760910801920851 0.122369632957785 0.09766983757253192 0.15296204119723128 0.08299853365832374 0.1806062579124607 0.10374816707290468 0.18355444943667748
0.09479432619977107 0.07465053188231972 0.20714060707744983 0.14930106376463945 0.09404666121577776 0.084624493204089 0.16528241491242135 0.13015990174353184
0.10410241815606036 0.08198065429789755 0.16855442953364175 0.09837678515747705 0.15076315816227764 0.11709794601170866 0.15615362723409054 0.12297098144684632
0.07531654525218008 0.12119505031695607 0.09941981625591369 0.1514938128961951 0.09404539120996804 0.1739844833246294 0.10275232526872362 0.1817925754754341
0.09301025285725159 0.07324557412508563 0.21725327504696168 0.14649114825017126 0.0975005148886962 0.08261728009339975 0.1621717229305925 0.12771023180784163
0.0697549752390133 0.11625829206502217 0.12361320140589213 0.1395099504780266 0.10584982245431868 0.1659938574016738 0.10463246285851996 0.17438743809753324
0.10226604562321787 0.08053451092828408 0.15594354825220205 0.0966414131139409 0.16103175964102917 0.1293818876140731 0.1533990684348268 0.12080176639242612
0.07436775603700431 0.11975714732692143 0.09734175161690999 0.1496964341586518 0.09384685116510601 0.18382110510176478 0.1015332336032595 0.17963572099038216
0.06939083270514725 0.11565138784191208 0.10092543336987327 0.1387816654102945 0.10770758549144882 0.18997976436073513 0.10408624905772089 0.1734770817628681
0.06802889758565152 0.11338149597608589 0.09990893209333802 0.13605779517130304 0.10905985233970986 0.20144743649130553 0.10204334637847728 0.1700722439641288
0.06718973266443942 0.1119828877740657 0.0986762537670859 0.13437946532887884 0.10825654088993003 0.21075618891784234 0.10078459899665915 0.16797433166109857
0.050953793386427394 0.08460190526805052 0.06552884084738556 0.10575238158506313 0.1057402496889154 0.25637189556656903 0.11954617048746267 0.21150476317012626
0.09495423998617243 0.07297719705995524 0.19251128529571254 0.14595439411991049 0.08986149915016883 0.10965417235542506 0.162728257324736 0.13135895470791945
0.08856164383123821 0.06974229451710011 0.2528826274062664 0.13948458903420022 0.09591648773915482 0.07739523419801449 0.15441517385959483 0.12160194941443093
0.09863311701608175 0.07767357965016439 0.19416293805815252 0.09320829558019726 0.15573902954339036 0.11612299515264458 0.14794967552412264 0.11651036947524658
0.07289839306851296 0.11752268255764288 0.11097194438405325 0.1469033531970536 0.0919749751997801 0.183805831675013 0.09963879608147985 0.17628402383646433
0.08985812546969944 0.07076327380738831 0.22961638682413793 0.14152654761477662 0.09811525666760146 0.0900625852358328 0.15667570594716823 0.12338211843339501
0.05090103095365637 0.08483505158942727 0.09864721851871726 0.10180206190731274 0.12960530312497898 0.20844273580250663 0.12216247428877525 0.20360412381462548
0.0495583449949078 0.08347372082300257 0.06907992231121829 0.10434215102875322 0.106469116655392 0.2604404453141075 0.11795199681511231 0.20868430205750643
0.09363898297607202 0.07202197417136265 0.2000476468256479 0.1440439483427253 0.08884091213317413 0.11116872918881024 0.16059825285375492 0.12963955350845277
0.08678664173176767 0.06834448036376704 0.266162999502919 0.1366889607275341 0.09428723443611293 0.07724464984055664 0.15132029840410774 0.11916473499323488
0.10765859696910607 0.07997441074457981 0.19743655040871488 0.09996801343072476 0.13008075849085096 0.11631088760482279 0.14860916623433115 0.11996161611686972
0.08201878818902045 0.059701703050522775 0.21401849390604386 0.11940340610104555 0.10925141917065911 0.0948209194604963 0.17750118280095725 0.14328408732125467
0.08576568983568385 0.06754048074560105 0.27282492173141004 0.1350809614912021 0.09759326819875633 0.07389161134279847 0.1495401771493975 0.11776288950515053
0.07100703675653747 0.11553778282768724 0.1384330992237229 0.14442222853460907 0.09202596901446788 0.16731126309101416 0.0979559463104305 0.17330667424153087
0.09932708430725128 0.07822007889196039 0.1649673932046464 0.09386409467035246 0.15585646795349867 0.14144413617347357 0.14899062646087693 0.11733011833794058
0.07096868933436107 0.11398231025400885 0.11456086278912106 0.14247788781751106 0.09892538610105477 0.19147422223800942 0.09663717608492055 0.17097346538101327
0.08874943818486855 0.06989018257058399 0.23404556874729288 0.13978036514116798 0.09878464649801785 0.09214738318189507 0.15474261016848875 0.1218598055076849
0.07096345807324837 0.11513635766162816 0.12995085279686533 0.1439204470770352 0.09567249154283156 0.17403624877326454 0.09761560758268474 0.17270453649244222
0.08837079010273184 0.06959199720590133 0.2409112793499183 0.13918399441180265 0.09763432720286924 0.0888853159065957 0.15408240325604527 0.12133989256413567
0.07078792347465487 0.11485400381304653 0.13125545400964866 0.14356750476630817 0.09739623222122851 0.17248165537143878 0.09737622062410467 0.17228100571956978
0.08827995176073421 0.06952046201157819 0.24153982090699475 0.13904092402315638 0.09791869889867787 0.08856095941123691 0.15392401845461348 0.12121516453300812
0.105125863196016 0.07781743208033033 0.19524778754224692 0.09727179010041291 0.14638872169405986 0.11682120810224257 0.14460104916419592 0.1167261481204955
0.09210540217749603 0.06701672702225803 0.25056917529055556 0.13403345404451605 0.10561631635888487 0.08059151770316007 0.1494372987630649 0.12063010864006443
0.12020162399072722 0.0885918868276577 0.2311801086418549 0.11073985853457213 0.1280501818677451 0.09810378935882755 0.12346667809750057 0.09966587268111492
0.09171834537832715 0.06575463356462571 0.27002694005160316 0.13150926712925143 0.10000972912559737 0.07599972560956614 0.1466230187247027 0.1183583404163263
0.0703486216891656 0.11361489010269422 0.14227801456633882 0.14201861262836776 0.09883312889108588 0.16615872927254377 0.0963256676957625 0.17042233515404132
0.11923508194915947 0.10028316632991137 0.19532529260588957 0.11211538041917997 0.1278755464071033 0.1192614075635431 0.12500028234795138 0.10090384237726197
0.09201084675982982 0.07295172918304182 0.2567451416819451 0.13191193785048305 0.10052677670475567 0.08006085722568769 0.14707196652882215 0.11872074406543474
0.08857983007864444 0.07020087583538032 0.2821801667148905 0.1304243994106031 0.0935062289559509 0.07231306735630066 0.14541347217868733 0.11738195946954277
0.08748569524180345 0.06937186697443963 0.2919873508690868 0.12920140294819146 0.0912533884063672 0.07036911051524787 0.14404992239149106 0.11628126265337231
0.08705258381983824 0.06904294366562708 0.2957184329002996 0.12867675189390357 0.09045683176411601 0.06977840363267854 0.1434649756190238 0.11580907670451321
0.11688307335731904 0.09270962899985183 0.24983831805731463 0.10801955079621044 0.12129691730037052 0.09360117779507676 0.12043373797726745 0.09721759571658939
0.11223566549859268 0.0816134889352412 0.20091373157270545 0.09274617127702442 0.1494446919850264 0.11387743237522487 0.1378734128237557 0.11129540553242931
0.0974984781459914 0.07065036345998471 0.25757159553504555 0.12989767739855745 0.10439949071830039 0.07824826864054947 0.14482621644286928 0.11690790965870172
0.0859780533805911 0.13840026498476343 0.1600746833546684 0.1609351040909603 0.08543139119016481 0.14247192158376 0.08186698773322763 0.14484159368186425
0.07547866692907614 0.1272414011150154 0.11523358770246715 0.1388169354373954 0.09394742054471075 0.18854757040631417 0.09415409534014646 0.1665803225248745
0.09891150879905264 0.07688146630748788 0.22461410158243467 0.1356064369899431 0.09625577310422592 0.09449386256547786 0.15119105736042907 0.12204579329094878
0.1326118807508488 0.09378985740416655 0.22314820024486942 0.10840633786676847 0.12395545646892905 0.09965758648809314 0.12086497669623289 0.0975657040800916
0.10487441291712128 0.0705660109602322 0.2655250354912427 0.12809319023240914 0.09796517971922437 0.07487795155476683 0.14281434791583528 0.11528387120916825
0.09916350368999881 0.06882594403612637 0.28375801880803825 0.12799077869804418 0.09202054511579513 0.07034934212608726 0.14270016669767016 0.11519170082823976
0.09755704877100721 0.06833190252668611 0.29087068944252303 0.12728389530166714 0.09028363841315101 0.069205275310263 0.141912044463202 0.11455550577150043
0.0668769647738843 0.10292304653400654 0.20237201812773192 0.1917988251594061 0.06183439937437912 0.10400857493647209 0.09756722845065442 0.1726189426434655
0.09992057818502208 0.07868745532070488 0.187345351966276 0.09442494638484587 0.1462731290105313 0.12543648887402933 0.14988086727753314 0.11803118298105734
0.056452505302436194 0.08732560836660584 0.08879087686154617 0.10062675903120127 0.13064651449280867 0.22115222941294557 0.11375198847005362 0.20125351806240255
0.07011579228760059 0.1195490009059605 0.097508494837019 0.13680326134795884 0.10258241766639006 0.21648882033629624 0.09278829900122426 0.1641639136175506
0.09970069544333544 0.07644910811774289 0.21640725945742825 0.1357072923766815 0.09838561299934628 0.09990996487633129 0.151303503590121 0.12213656313901335
0.1021745532209561 0.07046913213034516 0.2647755317986405 0.13034211946067736 0.0936770619185078 0.07593195778144862 0.1453217361748149 0.11730790751460962
0.10090804472771549 0.0687547303591301 0.28329432166797225 0.12785753960478705 0.09104983394008823 0.07051212900409404 0.14255161505190436 0.11507178564430835
0.09995997338938696 0.06814213761983692 0.29029169055518694 0.1269066786418336 0.08988455676235015 0.06910747621577049 0.14149147603798462 0.11421601077765024
0.09950701489738512 0.06791582397163731 0.29292913347537897 0.1265519271263333 0.0894127356406449 0.06869067590272487 0.14109595457219548 0.11389673441369998
0.08731161365049152 0.059631977693191195 0.2583933959947648 0.11113774351840419 0.10459063631936359 0.080355620386281 0.16521372021541877 0.13336529222208504
0.09812483696961574 0.06830132216446713 0.2811444268685818 0.1284244346866132 0.09369827189238646 0.0715410554378464 0.14318366076253738 0.11558199121795187
0.09945948239744051 0.06817601391365179 0.2895082892973002 0.12703117481404805 0.09052144215858485 0.06934526010708683 0.1416302799792446 0.11432805733264326
0.09943052763961313 0.06793940172090067 0.29263810251346234 0.1265926993316135 0.08957275446960569 0.0687516723879715 0.141141412538381 0.11393342939845214
0.0993115988278401 0.06784082796271035 0.293814299641936 0.126434234952017 0.0892721549046233 0.06857133567322699 0.14096473658083086 0.11379081145681529
0.09924457954629629 0.06780347457951007 0.2942571369514824 0.12637533101493054 0.08917142281338479 0.06851119409416273 0.14089906308679567 0.11373779791343748
0.13286447890864372 0.09078097182056669 0.24642568787355437 0.10575457648681945 0.11936768334338055 0.0917190220786678 0.11790846065023004 0.0951791188381375
0.12368211552368567 0.08044949370836744 0.19831082647004686 0.09147053029140513 0.14808464346744568 0.11226066736811 0.135977086821253 0.10976463634968615
0.10650806313414518 0.069905592120014 0.2549487323380709 0.12853714564886531 0.10363722331959173 0.07747048728115147 0.14330932507418268 0.11568343108397879
0.10197838788177337 0.06879618106544927 0.27918343647820837 0.12798880054902004 0.09329133290745321 0.07087397941484641 0.1426979612091313 0.11518992049411804
0.11735978618912472 0.07982829742925883 0.2111082150358806 0.09291667129291696 0.14112517072280256 0.10803498122964246 0.1381268725488736 0.11150000555150037
0.10485092645693553 0.06969084602100785 0.2603679078132911 0.12823706860518733 0.10194006683403307 0.07652506096058559 0.14297476156429095 0.11541336174466861
0.10145089777028483 0.06865764344979317 0.28129891630549136 0.12775343223844615 0.09283618948004843 0.07058928863369393 0.1424355431076407 0.11497808901460155
0.11717823862305243 0.07977775677611368 0.21176536202923754 0.09286803986221498 0.14100368876005737 0.10791068745382106 0.13805457866084495 0.11144164783465796
0.10478453073947666 0.0696674863192931 0.26062282136407067 0.12819891409033587 0.10193130849728572 0.07648369418065233 0.1429322221275834 0.11537902268130229
0.10142433132187431 0.06864654836758091 0.2813912844495674 0.12773483977109393 0.09285352376161658 0.0705733026402418 0.1424148138940405 0.1149613557939845
0.10010176890481469 0.06815403037710277 0.28951224532688336 0.12694003705585152 0.09037767164210157 0.06913954516279897 0.14152866818018073 0.11424603335026637
0.07960330379074473 0.11904314626453281 0.1462371477183161 0.13863538500761904 0.09554006936086121 0.1605475290610069 0.0940309567877764 0.16636246200914284
0.07560810125486975 0.12438037402701899 0.11161165355147035 0.13809013614607016 0.09596447383117879 0.19497596199329492 0.09366113582081281 0.16570816337528418
0.1005820956283991 0.07654435513069112 0.22258653385448926 0.1353007463612733 0.09668919902518802 0.09567616315261729 0.15085023512219575 0.12177067172514598
0.10214577991179155 0.07031972373419502 0.2671840183785971 0.13004774998719032 0.09322642536946017 0.07503979145054651 0.14499353617974803 0.1170429749884713
0.09202727478309809 0.13740670458040005 0.1621541819090425 0.15972006985845918 0.08305096092432954 0.1406438399701455 0.08124890510191185 0.14374806287261324
0.10350819556426799 0.07609690802898175 0.24320916303636889 0.1328458843424719 0.09217557429965276 0.08448973165014163 0.14811324716989033 0.11956129590822473
0.08125323638780999 0.12026320735431628 0.13537444511545885 0.13901999527821177 0.09609231512473333 0.1668809835212633 0.09429182288435232 0.1668239943338541
0.0768814567250427 0.12431369175746242 0.10896340675569104 0.1378348227620093 0.09594698489417963 0.19716988304827557 0.09348796674292804 0.16540178731441113
0.10242860438765002 0.07645741319550683 0.22112035313193162 0.13511290095505538 0.09660870681928871 0.09602960913844096 0.15064080151257667 0.12160161085954983
0.10450240477255893 0.07015889264341744 0.2661952561876543 0.12972739098436156 0.0930515814361191 0.07497346229098098 0.14463635979898218 0.11675465188592538
0.10325860349240082 0.06848628138101116 0.2833940369713403 0.1273595496697579 0.09075252772607904 0.0701290126188538 0.14199639343777484 0.11462359470278209
0.10232725335243999 0.06791121710875365 0.28989597749053503 0.12647498221272815 0.08969663763473686 0.06885628147366753 0.14101016673568348 0.11382748399145536
0.13624289257024236 0.09054208040685391 0.2443624138819153 0.10544128376644071 0.11937823094063336 0.0915767803970562 0.1175591626470615 0.09489715538979664
0.11031201398998013 0.06922196679233392 0.272594637438151 0.12589646212775008 0.09581517916682025 0.07248776455591614 0.1403651600140736 0.11330681591497505
0.10431451372573763 0.0680671907502149 0.285446495894115 0.12665689751731454 0.09093217982048944 0.0693785258020171 0.14121298872452828 0.11399120776558308
0.10259722795766928 0.06778906247661225 0.29058850672123215 0.1262909402630284 0.08962568388652806 0.0686417587619624 0.1408049736962421 0.11366184623672554
0.10203523987347785 0.06765801604935244 0.29257686116699466 0.126077910877989 0.0892079632641172 0.06840642714824025 0.14056746182963847 0.1134701197901901
0.1018374258799614 0.06760175977749369 0.29333694056779497 0.12598735209214615 0.08906091365884145 0.06832049559928863 0.14046649554154203 0.11338861688293153
0.13614257165904128 0.09040831387289232 0.24551027604914505 0.10531215471777514 0.119074292370688 0.09135625869016513 0.11741519339429556 0.09478093924599762
0.11033024841988584 0.06917525691095876 0.27302556022567315 0.1258245603948493 0.09570375361460422 0.07241352113097428 0.14028499494769017 0.11324210435536436
0.1392076212669659 0.09075847376974111 0.23807775130455575 0.10555338984969624 0.12122401966915551 0.09249654071139299 0.11768415256376581 0.09499805086472662
0.12859110033582827 0.08012927840948572 0.19500241863727333 0.09106430377988504 0.14846230955634165 0.11210022091731564 0.13537320382800822 0.10927716453586206
0.11036976769110717 0.06965526007911695 0.25293368331319804 0.12806085819174004 0.10368347519172985 0.07726388305721382 0.14277830010332807 0.11525477237256603
0.08324640871333461 0.11901388634649217 0.13752252456337719 0.13837312948888716 0.09841600107925615 0.16352721529039507 0.09385307913159303 0.16604775538666458
0.10317680304619588 0.07532058537617384 0.23290647850820081 0.13375252497934612 0.0962004179644452 0.08914183382397065 0.14912408382025605 0.1203772724814115
0.10447004056910726 0.06973571685287637 0.270682778615062 0.1290684484038902 0.09253736772996844 0.07344235626901856 0.1439016879965761 0.11616160356350118
0.12067953993572975 0.07978656378033577 0.20807659524327796 0.09276473743270204 0.1408854735214534 0.10858839250610751 0.1379010126611511 0.11131768491924246
0.12418243767605444 0.07973748097160631 0.18542427554352117 0.09167131646078312 0.1557160540688537 0.11698728657856974 0.13627556894767162 0.11000557975293976
0.10969000987627418 0.06986001324819396 0.24908123546165498 0.12849531147965865 0.10559449145460037 0.07837047505045495 0.14326268309747014 0.11564578033169279
0.12217869593276784 0.07981904711101122 0.2007439792502736 0.09278685926094543 0.1452547748617213 0.10993851422551683 0.13793389824462932 0.11134423111313453
0.1246414360970195 0.07976421109531572 0.1829455729691899 0.09169927176421414 0.15721071123798808 0.117382544335399 0.13631712638381682 0.11003912611705695
0.08479461600376668 0.11824498330319037 0.11963855610063404 0.1359285935383687 0.10906668424947803 0.17701720850640873 0.09219504605211096 0.16311431224604242
0.13610097811508504 0.09888489497935402 0.184145671713353 0.10979377981205908 0.12951787092781514 0.12033053169669233 0.12241187092478827 0.09881440183085317
0.11272605417938618 0.0713264739707737 0.24874470789241337 0.1287349330172354 0.1000142233298222 0.07906232466519342 0.14352984322966392 0.11586143971551184
0.1058904857132289 0.06881422491409128 0.2762809425041155 0.12780833086047508 0.09258660784353107 0.07109515941583988 0.14249675097429085 0.11502749777442754
0.10341898921180336 0.0680617442599279 0.2870780343405184 0.12671473174959944 0.09025574738867038 0.06915002489730243 0.14127746957753848 0.1140432585746395
0.10247177382411365 0.06775249687140235 0.29121807008530254 0.12622212397032406 0.08944001080419844 0.06856736420594632 0.140728248665421 0.11359991157329163
0.10210589513927502 0.06762925282108796 0.2927945042814086 0.12602630799655481 0.08914106536032654 0.06836936873664712 0.14050992846780067 0.11342367719689933
0.10196507312740784 0.06758158480668575 0.293393416903911 0.12595095671083986 0.08902941674875593 0.06829777325518502 0.14042591740745877 0.1133558610397559
0.1019111216843848 0.06756337850062001 0.2936207892996642 0.1259222436209681 0.08898738007822585 0.06827116310224621 0.14039390445501967 0.11333001925887132
0.10189052397832545 0.0675564558631991 0.2937070912800876 0.12591133515931743 0.08897149378065008 0.06826115596069132 0.14038174233434345 0.11332020164338567
0.13629839701867272 0.09037334462004648 0.2456027790270446 0.10527395995372175 0.11901779939364701 0.09131454694578615 0.11737260908273157 0.09474656395834957
0.11044064034602608 0.06916088124319061 0.27304107557283397 0.1258005321156361 0.09568253511838365 0.07239565149033449 0.14025820520952265 0.11322047890407251
0.10445705933845943 0.06803673976785563 0.2855861144836058 0.126604829675569 0.09087722792524515 0.06933874513461112 0.14115493696664186 0.11394434670801211
0.10274690753087122 0.06776965444833309 0.29061309514903233 0.12625613397510727 0.08959801288338179 0.06861950815298352 0.1407661672826942 0.11363052057759655
0.1021886510168136 0.06764265766706713 0.29255860957889024 0.12604947069894468 0.08919002324938644 0.06839031100744218 0.14053575315240546 0.11344452362905022
0.1019925538502856 0.06758788547137926 0.29330274877620865 0.1259612449191335 0.08904648178419641 0.06830657677964698 0.14043738799192942 0.11336512042722015
0.10192101739320651 0.067565951849307 0.2935861053625468 0.12592634725620855 0.08899364696612959 0.06827473893994263 0.1403984797020713 0.11333371253058769
0.10189441793933426 0.06755744209501006 0.2936938077933275 0.12591288603587789 0.08897382610999274 0.06826255114819607 0.1403834714459713 0.1133215974322901
0.1018844311061677 0.06755418247870917 0.2937347134642283 0.1259077423046918 0.08896633356226219 0.06825789244015883 0.14037773656955937 0.11331696807422262
0.11947254969627674 0.07921740805401302 0.21529533753440142 0.09227882817064871 0.13909993730201614 0.10672266953045349 0.13717867590741212 0.11073459380477844
0.08396962981542794 0.11839353053810464 0.1274116472713716 0.13618159948119007 0.10517350873363682 0.17308551469994674 0.09236665008289413 0.16341791937742806
0.10354702807514857 0.07539183339289025 0.2284059923966625 0.13392001920249422 0.0978717606848639 0.09102452158619843 0.14931082737949725 0.1205280172822448
0.1047132795824954 0.06983582134827228 0.26889298706489273 0.12924628592716492 0.09302430709895732 0.07386569808019852 0.14409996356357044 0.11632165733444842
0.08228521856192843 0.11916742389244425 0.14135158544744728 0.13853930340915668 0.09610989135077315 0.16233362484800815 0.09396578839925411 0.16624716409098803
0.10285646342566551 0.07526070169722368 0.23454948727008804 0.13362960863286907 0.09560653817067177 0.08884351176710388 0.14898704126679582 0.12026664776958217
0.1386924737017717 0.09262542229337035 0.22538268366682201 0.10715064814949489 0.12275958495789568 0.09748862752643916 0.1194649763696607 0.09643558333454538
0.11176804245882167 0.06982769893890466 0.2651059585098635 0.12675940013693693 0.09715132885944827 0.07397683947682365 0.14132727149595803 0.11408346012324323
0.10505646560912327 0.06828367542542924 0.2825465012089638 0.12699023200468593 0.0914423069880317 0.06980497815730922 0.14158463180223937 0.11429120880421734
0.10299596910781082 0.06786328701195829 0.2894565522959463 0.12640343357234032 0.0898141069782481 0.0687731654774881 0.14093039534110183 0.11376309021510628
0.10228804984781154 0.06767801197241971 0.2921192122983918 0.12610506414573064 0.08927293510737064 0.06844443320031102 0.14059773569680714 0.11349455773115757
0.11961598599503004 0.07925182289593932 0.21478495142231335 0.09230897231958517 0.13924146010594765 0.1068025532682691 0.13722348720941316 0.1107707667835022
0.12378509561300005 0.0796095642004056 0.18758809119582773 0.09156767565488484 0.155045171185258 0.11640169143600779 0.1361214999287542 0.10988121078586181
0.1439012154236401 0.09171010219251316 0.20526529730996743 0.10543985622684274 0.13846576112311876 0.10276432607281677 0.11755757104694259 0.09489587060415847
0.08844191445432005 0.11959969324353556 0.12496615984661984 0.13579126727299398 0.10490357079853138 0.17124597063646274 0.09210190301994375 0.16294952072759278
0.10468712535406698 0.07550775255985233 0.2273014388993538 0.13397125347810437 0.09785397207849957 0.09073637972647987 0.1493679497733492 0.12057412813029393
0.10501579479737388 0.06986528527075524 0.2684420687720927 0.12928677435076952 0.09304905811809958 0.0738378166408512 0.1441451051343654 0.11635809691569254
0.10354100026869947 0.06837174393904712 0.2841721621956624 0.1271747248257492 0.09064639544189855 0.06984639345616511 0.14179032752960397 0.11445725234317429
0.10261261148873843 0.06785400492070875 0.29012970347590933 0.12637693031736982 0.08962357929237943 0.06876308702959703 0.14090084618966456 0.11373923728563286
0.10217937721157454 0.06766459912487892 0.29238400378375656 0.12608095603847733 0.08921731234914226 0.06843003410120843 0.14057085695633217 0.1134728604346296
0.1364306961994992 0.09041329511397976 0.24514465407576913 0.10531054531339042 0.11912654490510913 0.09138137458168942 0.11741339902851139 0.09477949078205136
0.11048832291217463 0.06917404599736425 0.2728593022387924 0.12581995875048319 0.0957228721098383 0.07241767065828401 0.14027986445762827 0.11323796287543486
0.10447468255999692 0.06804176275951726 0.2855155453079149 0.1266126739846738 0.09089368805186579 0.06934655796392732 0.1411636827858975 0.11395140658620641
0.10275357711037726 0.06777145860695634 0.2905856311940839 0.12625889968739856 0.0896058900922356 0.0686222827447871 0.14076925084550257 0.1136330097186587
0.1021912471794981 0.06764318605752404 0.29254764548872664 0.12605021342575384 0.08919473136869252 0.06839120315925613 0.1405365812373703 0.11344519208317845
0.10199361891445406 0.06758791900203882 0.29329807098781 0.1259612054114514 0.089050002598809 0.0683067542713182 0.14043734394381222 0.11336508487030625
0.08165655378661445 0.11864239163681178 0.14700677680802066 0.1382001301948006 0.09506878860642298 0.15984946225361718 0.0937357404799517 0.1658401562337607
0.1025102047556819 0.0750792046401074 0.23687726255624839 0.13336600577873373 0.09520120346641381 0.08824356984566466 0.14869314375628967 0.12002940520086035
0.09125726499866844 0.060979716873436556 0.23844721022819734 0.11288520443833068 0.10768303652521213 0.0854738833704903 0.1678114382396677 0.13546224532599682
0.10157877837968597 0.06871085239908607 0.27305138733387546 0.12901427221185785 0.09493065649308893 0.07275992260627441 0.14384128558545942 0.11611284499067206
0.10257911039142967 0.06818557754535809 0.28596112664532436 0.12697013770157994 0.09091129126344624 0.06955740436758866 0.14156222815385108 0.11427312393142196
0.1198276187401003 0.07939408297141093 0.21284839762956456 0.09243438138384845 0.13994092862802626 0.107223416779994 0.1374099162064374 0.11092125766061814
0.10786726716444951 0.06935225885124638 0.2604829182992055 0.12761525143644922 0.10143435019875473 0.07611274593167602 0.14228148182541428 0.11485372629280431
0.09153344113660962 0.06000073917933894 0.24639419826477935 0.11164602608680181 0.10823834170910562 0.08224270592747934 0.1659693163917233 0.1339752313041622
0.10131325980859864 0.06839943120448029 0.2760348654191359 0.12854080276967025 0.0947451171926581 0.0719663986217929 0.1433134024909607 0.11568672249270322
0.11968759263201072 0.07957348989793872 0.20971540683769518 0.0926349788325509 0.14145574143184855 0.10806269798199832 0.13770811778689657 0.11116197459906108
0.10794447780826998 0.06944034340294185 0.25923174129451515 0.12775758770657308 0.10186591809278772 0.07633792661450388 0.14244017614449267 0.11498182893591578
0.10438704641995676 0.06842261412827888 0.28034317437045203 0.1273073389060365 0.09265425620587732 0.07037078262141445 0.14193818233255112 0.11457660501543285
0.10292217960015466 0.06793242857721536 0.2886301979912585 0.12651793395408864 0.09014581062365275 0.06892725397300382 0.14105805472194657 0.11386614055867977
0.08185724060405246 0.11873580261241348 0.14593324883389458 0.1382676830358856 0.09534822645076203 0.16015501989124156 0.09378155892868763 0.16592121964306272
0.10259484448997946 0.07511254788751696 0.23643389079788396 0.13341488996539808 0.09529554203085995 0.08832723788315647 0.1487476459763468 0.12007340096885827
0.1042235271786444 0.06963355260116944 0.27206053198026675 0.1289014639520403 0.09223989135307598 0.07321420258367718 0.1437155127942897 0.11601131755683626
0.0821811480881605 0.11911652855129838 0.1420861281853715 0.1385039346073756 0.09591941179462968 0.1620463281193112 0.09394179912500258 0.16620472152885069
0.07740573245085161 0.12415917131536486 0.11051784779180451 0.13778674247246187 0.0959163616775155 0.1954146975611167 0.09345535576393066 0.16534409096695424
0.10269420537803674 0.07638127352660684 0.22171332976992314 0.13498956617759927 0.09653144774527278 0.09569627540292082 0.15050329243980098 0.12149060955983934
0.1047927358274474 0.0701084667188466 0.2663630241572124 0.12963745634069834 0.09299042000798056 0.07489809685834799 0.1445360893828383 0.1166737107066285
0.10357213883652173 0.0684485249891764 0.28339649882218926 0.1272902474573615 0.09070833148785945 0.07010390905250653 0.14191912664275974 0.11456122271162533
0.10264797400311533 0.06787906292561094 0.28983704515345043 0.1264148139401404 0.08966164631446674 0.06884304151517201 0.14094308360191773 0.11377333254612637
0.10219673114321035 0.0676724345462356 0.2922716666539803 0.1260924792983646 0.0892335193654276 0.0684662330930917 0.1405837045311617 0.11348323136852811
0.10200388155354922 0.06759606103630802 0.2931931051458746 0.12597282458487186 0.08906630144532493 0.06834198565261304 0.14045029845507356 0.11337554212638468
0.1195132953378309 0.07922623455022797 0.2151203805267614 0.09228548067023618 0.13914595495533308 0.10677751186046842 0.13718856529485857 0.1107425768042834
0.08397255465053306 0.1183865011328858 0.12736411718530768 0.136171721277504 0.10518242213064931 0.17315666800624308 0.0923599500838723 0.1634060655330048
0.13571153458342627 0.09880779934073926 0.18707829461894168 0.10969532507841713 0.1282776517014551 0.11940150086229946 0.12230210124414566 0.0987257925705754
0.1125303393391163 0.07125289579614047 0.24994291478898653 0.12860895802422365 0.09965674723276659 0.07887069208339055 0.1433893905135747 0.11574806222180127
0.10580009990257504 0.06877712450680327 0.2767427813991498 0.12774674689177512 0.0924736896812546 0.07105939597083542 0.14242808944500898 0.11497207220259761
0.08244457876122271 0.11893556694130548 0.1431757328147544 0.13839734758257888 0.09593083110604927 0.16116962037811502 0.0938695053168796 0.16607681709909466
0.07745483429483072 0.12413687372439493 0.11077155267219158 0.13778214496540356 0.09592025228618113 0.1951435306437184 0.09345223745479546 0.16533857395848428
0.07611682298979099 0.12406414176259371 0.10275495046248133 0.1370389168589363 0.09538857879375283 0.20724175398870365 0.09294813491301766 0.16444670023072355
0.11568449095820646 0.08629725701675076 0.15388761778684887 0.09531989489356675 0.14526792687721754 0.14745951275334987 0.14169942584177983 0.11438387387228009
0.10906766779498446 0.07133942371197247 0.2368133391617623 0.13042856961325405 0.10466951700006055 0.08487764842260365 0.14541812164343398 0.11738571265192865
0.10548512120730974 0.06913934586783363 0.27172747532870073 0.1284272725856757 0.09399525315477865 0.0724541617203848 0.1431868248082086 0.11558454532710816
0.10349168278737979 0.068202384020958 0.28535321150742377 0.12694130725224023 0.09070503177264368 0.06952912177797516 0.14153008435436334 0.1142471765270162
0.10254922886317555 0.06780393595554475 0.2905623869424803 0.12630195903914254 0.0895902409160878 0.06870322633902803 0.14081725880931265 0.11367176313522828
0.089821067374392 0.05948477915943012 0.2572466711540094 0.11084366385422355 0.1045758586965631 0.0802390120933184 0.164776551042995 0.13301239662506825
0.10054780302587762 0.06810687384442565 0.28025856684580497 0.12804748366617305 0.09363237423032926 0.07140077458241378 0.1427633885054198 0.11524273529955575
0.08144336961066871 0.11883675503321649 0.14396890921718483 0.1383771129333959 0.09617437049648171 0.1612911662428479 0.09385578094612941 0.1660525355200751
0.13481404819710974 0.09880759774115108 0.19358168324183309 0.10967818908510787 0.125584290793168 0.11654082487462161 0.1222829958904113 0.09871037017659709
0.11210577669003745 0.07112085899862797 0.2526271315855341 0.12837013489144403 0.09888690900133286 0.0782329468875766 0.14312312054314727 0.11553312140229963
0.10560709868923504 0.06870403269782123 0.27778806995767763 0.12762497891098828 0.09222819277714887 0.07089281871364517 0.1422923272335944 0.11486248101988947
0.10329684252659188 0.06801354501261878 0.28765003443060644 0.12663631310025092 0.0901329111869768 0.06910763331707645 0.1411900386356529 0.11397268179022582
0.08192781051053095 0.11874749510696112 0.14570051100958617 0.13827082842283323 0.09534578220023697 0.16029888632087788 0.09378369232157385 0.1659249941073999
0.10261248351409342 0.07511278491203603 0.23632505261127107 0.13341166286580938 0.09529582503188969 0.08842764648453812 0.14874404800113375 0.12007049657922846
0.10422728643768667 0.06963229879068834 0.27201195880109097 0.12889826673681834 0.0922395318297719 0.07327026920289188 0.14371194813791538 0.11600844006313651
0.09440458114109589 0.1368305805059394 0.16320776581153867 0.15910049817956257 0.08263883082467793 0.13969356349293222 0.08093373168264703 0.14319044836160627
0.10498841657585231 0.07590310116971254 0.24334912952974883 0.1325363614617255 0.09192148027200585 0.08425063341882147 0.1477681522565805 0.11928272531555295
0.1045339196382989 0.06950623878825164 0.2747123799382882 0.12855654554820128 0.09129072525939369 0.07236834531999653 0.14333095451418856 0.11570089099338114
0.10320236549223252 0.06818717025852451 0.2865652674802023 0.12686835338847494 0.09007499845398266 0.06947158063637243 0.14144874624058323 0.11418151804962746
0.10244499265380654 0.067777928265468 0.2910346587205113 0.12625469831928848 0.08942520320227823 0.06866872371769316 0.14076456663359474 0.11362922848735962
0.10210493301243218 0.06763362575681484 0.29272329537910347 0.12603097397436844 0.08914458939175046 0.06841957522374338 0.14051513068485555 0.11342787657693158
0.08167500908033154 0.11864473342180287 0.14686651823472197 0.13819671290508928 0.09508762099770693 0.15995992720817953 0.09373342266606056 0.16583605548610714
0.07731257053747441 0.12409856845239765 0.11162184931085649 0.13777289564326148 0.09573403485911486 0.19468664242346467 0.09344596400151649 0.16532747477191378
0.08847796535679142 0.14425562215007653 0.11970883224199581 0.159347312237462 0.08315248653101531 0.18058591554814707 0.0810592849207959 0.1434125810137158
0.10508189884968704 0.07756709549807524 0.2255119559949696 0.13455054109826692 0.09339598140303808 0.09278322792811193 0.15001381223941102 0.12109548698844022
0.10522647969139534 0.07009726534481361 0.26784065931672246 0.12946257514677464 0.09219795335312936 0.07431763961261877 0.14434110990244872 0.11651631763209716
0.12096823267016228 0.07986221784473613 0.20718687952078577 0.09282183090793837 0.14085646248281888 0.10893229353730619 0.13798588594672628 0.11138619708952603
0.09727895950625855 0.13681195734080467 0.14490805614433547 0.15727529776793692 0.09142236864871936 0.15075033243189467 0.08000526016890705 0.14154776799114324
0.08018620777400864 0.12619893279401298 0.1112017052308701 0.13769832452464248 0.09492862948982647 0.19115282542731082 0.09339538532975751 0.16523798942957094
0.1168421644654571 0.08649486395556391 0.15685168964735774 0.09536073733077564 0.14513829525219474 0.14311922368388053 0.1417601408678396 0.11443288479693076
0.08320539848477936 0.11899821250430544 0.11330867298315402 0.1359508610156142 0.10616197625694992 0.18702369632586954 0.0922101492105905 0.163141033218737
0.11727357369038284 0.08558761461515636 0.15706673254011094 0.09496219464283816 0.14839676062366627 0.14159080992201173 0.14116768039442806 0.1139546335714058
0.10929461081346897 0.07117536079404055 0.23802558878904392 0.13021306039197708 0.1052058907849884 0.0837158891292138 0.14517784494448788 0.11719175435277936
0.14011951894721225 0.09177359465494281 0.22596456352917238 0.1065594881645087 0.12494550132278827 0.09592791693049996 0.11880587710281791 0.09590353934805783
0.1120316424198218 0.06970509776339774 0.26522745030742184 0.12663289125653612 0.09755418653470911 0.07369290605195855 0.14118622353527235 0.11396960213088252
0.10510112834851353 0.0682607191696134 0.2825699247403876 0.12696095944513772 0.09151348331172544 0.06977692640113584 0.1415519950828625 0.11426486350062395
0.10300053356069391 0.06785649316026963 0.28945776553185737 0.12639273839921292 0.08982509490997223 0.06879543885749037 0.140918471021212 0.11375346455929163
0.10228545540909918 0.06767413065048931 0.2921148403306854 0.1260979654116983 0.08927319629308315 0.06847642189629874 0.14058982113811733 0.11348816887052847
0.10202765235007387 0.06759784624181873 0.29312974477455395 0.1259757172303769 0.08907727751791795 0.06836009283897686 0.14045352353894258 0.1133781455073392
0.10193216971857574 0.06756768364509042 0.29351596318034795 0.12592784061164566 0.08900502068676078 0.06831612092515917 0.14040014468193926 0.11333505655048108
0.10189635819787941 0.0675560434968141 0.29366272118157427 0.12590944691796388 0.08897792421540057 0.06829936667805246 0.14037963708614776 0.11331850222616748
0.136296177106892 0.09036873728065267 0.24558048661942355 0.10526808859846205 0.119018623455079 0.09136054424109694 0.11736606295977782 0.09474127973861583
0.110437075721999 0.06915679660521301 0.27302556593714294 0.12579245230252706 0.09568311799416598 0.07244258754580046 0.1402491968208772 0.11321320707227435
0.10445341933478718 0.06803327475223717 0.2855750323847838 0.12659812521388386 0.09087734014457173 0.06937703348504494 0.14114746199219586 0.11393831269249548
0.102743260941958 0.06776634672740942 0.2906042136233229 0.12624969355232643 0.08959791244753108 0.06865486181843619 0.14075898669192216 0.11362472419709378
0.10218496510192972 0.06763936179386118 0.2925507073247322 0.12604304342899242 0.08918981203014968 0.068424784008186 0.14052858722605568 0.11343873908609316
0.10198883473627297 0.06758458173994043 0.2932952641177027 0.12595480438925874 0.08904621550334015 0.06834076828139647 0.14043020728175565 0.11335932395033287
0.10191727919053112 0.06756264236965147 0.29357879552005517 0.1259198978888297 0.08899335533647584 0.06830883245577013 0.14039128913874 0.11332790809994674
0.1018906703565214 0.06755412975511396 0.2936865704019052 0.1259064323607636 0.08897352340818697 0.06829660851298516 0.14037627607983644 0.11331578912468725
0.10188067925458162 0.06755086885128389 0.29372750588963725 0.12590128669494857 0.08896602617131108 0.06829193606632644 0.14037053904645758 0.1133111580254537
0.10187690896563026 0.0675496262083869 0.2937430488915882 0.12589932778860494 0.08896318369860622 0.06829015442536761 0.14036835501207146 0.11330939500974443
0.10187548242599191 0.06754915370179262 0.2937489495738754 0.12589858324149275 0.08896210490952935 0.06828947633236991 0.1403675248976046 0.11330872491734346
0.09367335041344374 0.13613042846067616 0.1688139497024714 0.15857559075557154 0.08179970370175087 0.13762223172780302 0.080666713558269 0.14271803168001437
0.1046115188496285 0.07570501757606823 0.2456179834213456 0.13226575493757392 0.09156237331331692 0.08373172628158207 0.1474664461766682 0.11903917944381652
0.10436225501373514 0.06943387467280311 0.27558964637560635 0.1284445082141502 0.09114147675488686 0.07222214032836642 0.14320604124771671 0.11560005739273518
0.10313045828532044 0.06815973968524727 0.2868998981693044 0.12682523064960266 0.0900155844139978 0.06942571360702952 0.1414006676048555 0.11414270758464241
0.10241616338073628 0.06776750447589447 0.29116171564935267 0.12623826847565028 0.0894021070498584 0.06865355075637677 0.1407462485840459 0.11361444162808527
