0.125 0.125 0.125 0.125 0.125 0.125 0.125 0.125
0.08769198837691987 0.1551473640514736 0.07644942576449425 0.13525667635256675 0.10523038605230385 0.18617683686176836 0.0917393109173931 0.1623080116230801
0.10977580056473851 0.08861420045587325 0.13721975070592313 0.11076775056984156 0.13173096067768622 0.12430653549501955 0.16466370084710774 0.1329213006838099
0.13585418317672365 0.10698516925166987 0.16302501981206838 0.12838220310200385 0.11843698020534883 0.0932691219117122 0.14212437624641858 0.11192294629405464
0.07326493705501909 0.10877172100293205 0.0587367293415833 0.09789454890263884 0.13052606520351845 0.2175434420058641 0.1174734586831666 0.19578909780527767
0.08972592460059062 0.14873608358042095 0.07329024408310597 0.12966735491626444 0.10088186538498117 0.21414940863539247 0.08794829289972718 0.15560082589951732
0.07562703207305875 0.12348885002313915 0.0872475570815657 0.15436106252892395 0.09162212462337278 0.1777230301373522 0.10469706849787885 0.18523327503470874
0.10073791933505342 0.07596594124723605 0.1882141230901669 0.1519318824944721 0.09732862162631412 0.07969010718058224 0.1693927107811502 0.13673869424502488
0.08119172242402349 0.12398976243707362 0.08927262895469301 0.14878771492448833 0.09299232182780522 0.16619041958293967 0.11159078619336626 0.18598464365561043
0.07137216474324434 0.1052159742754274 0.05681662610873079 0.09469437684788466 0.12625916913051288 0.24261968298096906 0.11363325221746158 0.18938875369576932
0.07899115249738467 0.11775221612059238 0.08478159560682652 0.14130265934471087 0.08831416209044429 0.20625289565061958 0.10597699450853316 0.17662832418088859
0.0742592059264077 0.12226577783993105 0.0932961336641714 0.1528322222999138 0.09500605554458413 0.17528182197037137 0.10366011599472416 0.18339866675989658
0.1203013191101222 0.08440958538368326 0.12862413010846974 0.10129150246041993 0.1339834688629893 0.1439954533632034 0.16078016263558717 0.1266143780755249
0.06532666940741419 0.10352378243960307 0.05736238440981989 0.09025150263965397 0.14354297169220337 0.2574662463654322 0.10202343776656535 0.18050300527930793
0.0958137159227762 0.07263310455635351 0.1902045909656409 0.14526620911270702 0.10114323976105608 0.10223856908123569 0.1619609823987942 0.1307395882014363
0.09626934495217505 0.07104553081458984 0.23330669144109265 0.14209106162917967 0.09291793921565739 0.07806654657507767 0.15842092990596598 0.12788195546626172
0.09373140978947934 0.0690592477367829 0.25859302647290305 0.1381184954735658 0.08941169936987914 0.07278766012856294 0.1539918151026174 0.12430664592620923
0.09174065332016902 0.06767729039291641 0.2744441434409615 0.13535458078583282 0.08730773025215907 0.07074622261262635 0.15091025648808523 0.12181912270724954
0.071838370759941 0.11628867427044334 0.14080122878592521 0.1453608428380542 0.09106559081456962 0.16161970946133009 0.09859257166407154 0.17443301140566503
0.11895040030773689 0.08369978521906399 0.12754252985762132 0.10043974226287677 0.14434272445873994 0.14004697774333857 0.15942816232202664 0.12554967782859597
0.07115196447906763 0.09865772373173573 0.053275170815137295 0.08879195135856216 0.14740898795162882 0.25657995731646954 0.10655034163027459 0.17758390271712432
0.05790262903053532 0.095562985009036 0.05360410882217715 0.0833113202642878 0.13618073241070808 0.3126375697228765 0.09417801421180359 0.1666226405285756
0.10130782760368053 0.07236209478091965 0.18377674864995466 0.1447241895618393 0.09942115364011801 0.11202255245064177 0.1602156270281656 0.12616980628468044
0.06995226846217883 0.09940285327167296 0.06331197976449728 0.08946256794450566 0.13952050621405693 0.2520696069206702 0.1073550815334068 0.17892513588901132
0.09152378949396332 0.13578417329523704 0.07801038794694654 0.12220575596571333 0.12690235439289332 0.28059576835153344 0.091654316974285 0.073323453579428
0.07579272507975486 0.10844723458767139 0.08436008121591151 0.13013668150520566 0.10480968877602623 0.23618022582501894 0.09760251112890425 0.16267085188150707
0.07542850589924838 0.11090318784776652 0.08664358700626423 0.13308382541731986 0.10257700612485149 0.22519623686990994 0.09981286906298989 0.16635478177164978
0.06934590743139314 0.11402836323727313 0.0986031972756101 0.14253545404659143 0.09129831143797663 0.21647000070973166 0.09667622100551419 0.1710425448559097
0.10528306143301448 0.0718827106572116 0.20060667606297033 0.1437654213144232 0.09564988110477259 0.09832406121811416 0.15915423116615018 0.1253339570433433
0.08414415755145994 0.11366298014792701 0.11070796171830138 0.13639557617751238 0.10335637254482903 0.17894179950494551 0.1022966821331343 0.1704944702218905
0.06054801661531633 0.09879189631682743 0.06254333681184998 0.08612626858390084 0.13189069785288338 0.29048711694788026 0.09736012970354006 0.17225253716780167
0.07338838462512552 0.10740026581976128 0.08611083743200992 0.12888031898371352 0.10491490450598377 0.2415446506659789 0.09666023923778515 0.16110039872964188
0.06859789265631795 0.11295292402402854 0.09770324348629128 0.14119115503003568 0.09086373482058778 0.22349722836110658 0.09576443558558942 0.1694293860360428
0.06872256161732954 0.1137143309703754 0.10067230147148085 0.14214291371296928 0.08948441164822842 0.21828200786656116 0.09640997625749219 0.1705714964555631
0.10353918749600921 0.07065369936547373 0.2114992732964245 0.14130739873094747 0.09562710293199883 0.09774917349462564 0.15643309912420722 0.1231910655603132
0.08304353417508606 0.11216325586461713 0.11935370029032491 0.13459590703754057 0.10429591613726467 0.17735587242008538 0.10094693027815543 0.16824488379692568
0.07893879626275364 0.11080944862130633 0.10126059987335351 0.1329713383455676 0.10480338614438198 0.20527375406150172 0.0997285037591757 0.1662141729319595
0.0693493676571661 0.11359612469413692 0.10142330449688533 0.14199515586767114 0.09512748075406588 0.21180462159601418 0.09630975789285522 0.17039418704120537
0.10274728112781152 0.06996848358113997 0.21835053596166137 0.13993696716227993 0.09590299236791237 0.09618143440928649 0.1549159750433054 0.12199633034660302
0.1027537745310912 0.1387691803803822 0.11630907323174756 0.12489226234234398 0.12931575645057491 0.21935539890169578 0.09366919675675799 0.07493535740540638
0.05929993854903097 0.09482955488686266 0.061165688466332815 0.08267191964495721 0.1388597100494062 0.304374135601805 0.09345521351169075 0.16534383928991442
0.0998977935131549 0.06910995144732113 0.20330850263527167 0.13821990289464225 0.10400925223134622 0.11194008043913056 0.15301511431559903 0.12049940252353426
0.062390685414222456 0.10018447727659269 0.07561726135610358 0.08734031352318339 0.13973949867981383 0.26131460837316217 0.09873252833055512 0.17468062704636678
0.0919461402046827 0.06972422717197511 0.20741118014717919 0.13944845434395023 0.10251849780840591 0.10797327142181774 0.15547461999243403 0.1255036089095552
0.10625527633356376 0.07842382015546413 0.18873763483417183 0.09802977519433016 0.1434587489602432 0.12173116937328007 0.14572784491575053 0.11763573023319618
0.10511387959687897 0.06640072193067381 0.2545667292102414 0.13280144386134762 0.10067247258823286 0.0776524776584242 0.14701665742892367 0.11577561772527739
0.07682217166091222 0.11418398799762607 0.13647082263717367 0.14272998499703257 0.09527541903329154 0.16643346794040714 0.09680816373711776 0.1712759819964391
0.13816499430044998 0.09268207527586556 0.19308542121373762 0.11121849033103869 0.1271689445664636 0.11759692413356394 0.12312344065951371 0.09695970951936704
0.09486668847668123 0.13392995684618267 0.10103469090974136 0.11675944955821055 0.12051039753843959 0.21359411141358398 0.07919336578730801 0.14011133946985266
0.09993198115814961 0.06882276097950644 0.21741653152729992 0.1376455219590129 0.10024532134957694 0.09859242833292074 0.15346448493042184 0.1238809697631116
0.10352796789607123 0.06632465972393566 0.2692222143103338 0.1326493194478713 0.09216138043566248 0.07362321229457061 0.1468482494498209 0.11564299644173397
0.05658228435889474 0.08424285517024986 0.10367916213891103 0.10530356896281233 0.11760622429516135 0.20293995005994941 0.11903881708839655 0.21060713792562466
0.12447136447866736 0.09122382492129189 0.18103829038845667 0.11402978115161484 0.13176095169407828 0.12771428803054763 0.12713469629889 0.10262680303645336
0.10598173928861887 0.06633075502783863 0.24743385868881518 0.13266151005567725 0.09912884876042348 0.08116024552912786 0.14790768359938938 0.11939535905010952
0.10106342969698587 0.06554881178912707 0.2741461363501324 0.13109762357825414 0.09163665594513438 0.07235541453492869 0.14616406688500871 0.11798786122042874
0.11623176984295995 0.07604343852202503 0.20793175716087003 0.09505429815253129 0.13964364928105416 0.10972533080987841 0.1413045984476435 0.11406515778303755
0.1056008409902354 0.06544510483581228 0.2576135854196225 0.13089020967162457 0.09948706272720408 0.07722919179327249 0.1459328158577665 0.11780118870446213
0.08127636481099228 0.11304461202727034 0.13758085185564398 0.14130576503408793 0.09632406612829816 0.1650592510362028 0.09584217106659879 0.16956691804090548
0.10302584833717568 0.0684988697543186 0.23940874193471826 0.1369977395086372 0.09422651503624836 0.08674622947001139 0.15166212920777092 0.1194339267511196
0.08096860792183778 0.11333848253728435 0.1335518948326559 0.14167310317160545 0.09542944336400774 0.16893942221550654 0.09609132215117587 0.17000772380592652
0.10310707702929238 0.06859678486573637 0.23793729787632964 0.13719356973147273 0.09418417586247754 0.08749752278511037 0.15187892131445085 0.11960465053513006
0.09683443724110875 0.13553162476928 0.11109800829745525 0.11815577543988515 0.11410051711520178 0.20235226761519784 0.08014043899400905 0.14178693052786218
0.10538879797762675 0.06816373939128245 0.22121918225030124 0.1363274787825649 0.09821140473617376 0.09599970080762897 0.1519949651501134 0.1226947309043084
0.10386155712141795 0.06603124084846247 0.2644883917497447 0.13206248169692494 0.09212316376705398 0.0753371196061742 0.14723981168298944 0.11885623352723246
0.08105373508907222 0.11316036721769426 0.1392318074288133 0.14145045902211784 0.09494619739554729 0.16447657168347288 0.0959403113367408 0.16974055082654138
0.10292283973670764 0.06845952994520835 0.2402475218109556 0.1369190598904167 0.09390950357232114 0.08660118314483593 0.15157502763611452 0.11936533426344019
0.07192761550058083 0.09966581575327962 0.08209935978768533 0.08688814706696173 0.13981790660019208 0.2476034775164636 0.09822138364091326 0.17377629413392345
0.10133496637427782 0.0684811113329481 0.20882457202464716 0.1369622226658962 0.10389337492375655 0.10453509506808645 0.15270265721108126 0.12326600039930656
0.08129528255196626 0.113073357150776 0.12644197221821704 0.14134169643847 0.09709953684364843 0.17527157713857863 0.09586654193217965 0.16961003572616398
0.10238188138652317 0.07585404736078655 0.2274253404946563 0.1356386780000972 0.0944512153110693 0.09094702356607466 0.15122700368070538 0.1220748102000875
0.1377289261810212 0.09400894680374967 0.22110172729270436 0.10880150107513634 0.12073211074675655 0.09839988274923779 0.1213055541837714 0.09792135096762268
0.11085218485139275 0.0708943397077642 0.2611721564985081 0.1287026582396299 0.09468899044609506 0.07436341857974368 0.1434938592611993 0.11583239241566691
0.12187223243425693 0.08079744938630684 0.2026777072340393 0.09390622585582208 0.13925869177971983 0.10920231041361664 0.1395979118692519 0.1126874710269865
0.10830131847381966 0.07051893837074988 0.25439736016237147 0.12974086664655812 0.09890596148289484 0.07671739072501862 0.14465138415668494 0.11676677998190231
0.08249467341775131 0.12022459582859196 0.13609239488048702 0.1397896012393861 0.09540262514757926 0.16343477150614005 0.094813816492801 0.1677475214872633
0.07722906250423804 0.12517917123797706 0.10847588147766676 0.13893175800338622 0.09477187708517695 0.1944621650938906 0.09423197499360109 0.16671810960406344
0.07513234408770214 0.13458412608799275 0.10088829699341911 0.1364936675307688 0.09321421355506532 0.20331663707856448 0.09257831362956494 0.16379240103692255
0.1145761566267684 0.09536300939168037 0.15195301291517743 0.09533615208223825 0.14225792521562014 0.14438676802518877 0.14172359324464076 0.1144033824986859
0.1080650405402082 0.07737687364742102 0.2337896120657037 0.1310576990172272 0.10200650055797943 0.08363279107704734 0.14611955397890852 0.11795192911550448
0.10476218888379651 0.07399509586013592 0.26715555258513696 0.12926910985621515 0.09227308986408872 0.07207735353884986 0.14412541054118316 0.11634219887059362
0.13719299627001946 0.09703879409003734 0.23295664558489979 0.10651083099033953 0.11916250674406773 0.09252685044457878 0.1187516279847517 0.09585974789130558
0.0861411647040562 0.12898239663182212 0.1292444427855229 0.13593659686197934 0.09851549761838678 0.165855510770515 0.09220047439334252 0.1631239162343752
0.10317528305029518 0.08297734223473927 0.22671659477763859 0.13379038177680805 0.09513294640683115 0.0886298168302687 0.14916629132429193 0.12041134359912725
0.0811744095159748 0.12818715929654032 0.12910124671883227 0.13874622491333713 0.09534311731094816 0.1668462371897514 0.09410613515861128 0.16649546989600456
0.11602216909298899 0.09425889169570352 0.16107410284385898 0.09515168519875186 0.1432515197153217 0.13461023838210118 0.1414493708327714 0.11418202223850223
0.14149006055929342 0.10076055737144751 0.1941749769067156 0.10682215029881402 0.13456361037417114 0.10694998343970916 0.11909872578091653 0.09613993526893262
0.08672429648742248 0.1294444252821857 0.12023948210946159 0.1355969678177641 0.10234974947606663 0.1709586001432992 0.09197011730248349 0.1627163613813169
0.11724234449815893 0.0942191727867575 0.15777823608466335 0.09486729696874778 0.1455980322978266 0.1354275523731802 0.14102660862816835 0.11384075636249733
0.10837403724615463 0.07695933391792557 0.23578870935200355 0.13053660934507305 0.10348084605409427 0.08183893779243753 0.14553857788174562 0.11748294841056575
0.10469974952236698 0.07380832368796063 0.26772529323136524 0.12899834886387201 0.09319029184519266 0.07165594663099284 0.14382353224076475 0.1160985139774848
0.13705472223414122 0.09687440520768606 0.23296377081868316 0.10634268786739676 0.12017866930239492 0.0923131645383761 0.11856416095066474 0.09570841908065707
0.11010303834730413 0.07518887236962914 0.26440036675696754 0.12678564946140342 0.09555468015767418 0.07250377085792507 0.14135653753383334 0.11410708451526308
0.0823048250471156 0.12625473182352853 0.13756202500448658 0.13824137683865376 0.09559447180171741 0.16038920081363542 0.0937637164644782 0.16588965220638452
0.10212622033276623 0.0825095776822766 0.23025488772633226 0.13361970910570742 0.0947135716177126 0.08754229130728687 0.14897600403278125 0.12025773819513667
0.1036782981646068 0.07479998001807807 0.2660550018327319 0.1296218539880616 0.09176928193317976 0.07289722155008345 0.14451869392400302 0.11665966858925547
0.10274544994659912 0.07291125784499165 0.2792557925694544 0.12786268525374933 0.09002394782012975 0.06956709777020775 0.14255735206649364 0.1150764167283744
0.10206746534147985 0.072337501555727 0.284087532480711 0.1272194547163164 0.0892555087211842 0.06869482992036187 0.14184019801953482 0.11449750924468474
0.10174730561888748 0.07214473149596819 0.2858569032001735 0.1269893170134433 0.08895176846094892 0.06843597724319275 0.14158361165528674 0.11429038531209897
0.10161483763586927 0.07207698574473498 0.28650583532223467 0.12690646811471124 0.0888369242595202 0.06835188630373552 0.14149124131595417 0.11421582130324011
0.08079848584856021 0.1256334201132973 0.14257453025461642 0.13826620246490295 0.09418705522664471 0.15884030841876942 0.0937805547153255 0.16591944295788355
0.10163339139486528 0.08232017218996755 0.23229810525063233 0.1334366270973891 0.0942874505932907 0.0871594078298621 0.14877188125634275 0.12009296438765019
0.09302487068675196 0.14720807305320305 0.14989168660758118 0.15948094218594155 0.0823502241806753 0.14338409342391187 0.08112726189458767 0.1435328479673474
0.09734952675919781 0.13406414669880376 0.13605477450853176 0.1608769760385645 0.08460977954155083 0.16264204013289235 0.0841510336201722 0.140251722700287
0.10206376475187659 0.136540250063276 0.1013260210030371 0.1228862250569484 0.12428521636889635 0.2470021189290853 0.0921646687927113 0.07373173503416905
0.07728502651637278 0.13280790386898755 0.09644525892813773 0.13133311911489703 0.09739986357627131 0.21805096948387473 0.08907811557358235 0.15759974293787643
0.11464428226518102 0.09464228201697991 0.14973845159531454 0.09473706657822772 0.14404591440671066 0.14767451083786984 0.140833012405843 0.11368447989387329
0.10804186382354135 0.07720634943665756 0.23260716868338613 0.13086221386974572 0.1034625496219157 0.08414225945407199 0.14590160262791052 0.11777599248277114
0.08197434809172416 0.12680004651684862 0.13038064781904476 0.1384586643384653 0.09738146301821983 0.164943338936493 0.09391109407304603 0.16615039720615835
0.10227532237341727 0.08276003828800212 0.22737288606317227 0.1339220935758608 0.0953135933806676 0.08851304194960839 0.149313140150997 0.1205298842182747
0.13769215669062507 0.09934904715812752 0.2196542405418793 0.10756323645345739 0.12201454219180079 0.09699488261759129 0.119924981538407 0.09680691280811167
0.12744320289862757 0.08727911684079465 0.186556458205191 0.09163906792586353 0.14792229365492557 0.11296534962899406 0.13622762933456725 0.10996688151103622
0.1250610515865603 0.08585574376154911 0.17598634952868977 0.09197712197776449 0.15660471046842123 0.11741230691585688 0.13673016938784094 0.11037254637331738
0.10931877039158286 0.07525749149471263 0.24244136838728936 0.12930356349897343 0.10501960854948648 0.07812216674718782 0.14416382378169126 0.11637320714907608
0.10463750049370678 0.07339102126779772 0.27011660747470817 0.1286021870881339 0.0932882032215194 0.07084067064968519 0.1433818414251284 0.1157419683793205
0.10277772896761278 0.07259957069490366 0.28066526380625617 0.12759200463437298 0.09018065857687332 0.06909640577311012 0.14225556337593526 0.11483280417093569
0.10201883105237457 0.07225674623759065 0.2845879284211293 0.12713756454226857 0.08924894207968276 0.06857728299223395 0.14174889658667855 0.11442380808804171
0.08088129565016325 0.12568818274993124 0.1421511481449795 0.13828936150522658 0.09429998113411645 0.15894653442315737 0.09379626258615367 0.16594723380627185
0.10127766293837194 0.08613807564443557 0.23142008254650337 0.13275043116421736 0.09399333318403977 0.08693820247512833 0.148006823999508 0.11947538804779563
0.13678197886823937 0.10303831478433424 0.22045018415476866 0.10694002492287467 0.12110843222508977 0.09620489542397549 0.1192301471901304 0.0962460224305872
0.09832756940924045 0.15511166460890102 0.14451769951410454 0.15495739366914646 0.08557897188371756 0.14321889418096195 0.07882615243169624 0.13946165430223179
0.10815102438344426 0.06827019883560163 0.242095409157588 0.13654039767120327 0.09185998768262632 0.0828919307931873 0.1511558329937618 0.11903521848258747
0.09757648555053675 0.15311000321718218 0.10999534955682987 0.11489132334174143 0.11291682764943121 0.1957141337989207 0.0779262888752681 0.13786958801008972
0.10501084610086642 0.0903765865284803 0.2159654479012249 0.13183834298768127 0.09781194505543413 0.09335240898844754 0.14698991374895207 0.11865450868891314
0.104425721121585 0.07866498571079701 0.25997734982408954 0.12953165774290426 0.09248909363133276 0.07391456815896202 0.14441813184171565 0.11657849196861382
0.09301038003960611 0.15020760098705055 0.15631397474312614 0.15812653000401047 0.08149535050484982 0.13809400841135952 0.08043827830638794 0.14231387700360942
0.0823054831178712 0.11116470004144631 0.11432986660674782 0.13339764004973556 0.10046665053000516 0.19154037955472294 0.10004823003730169 0.16674705006216944
0.06485453193149236 0.11730185773890683 0.06073761671422106 0.08094454785151559 0.1351682804664428 0.28760153724050314 0.09150253235388718 0.16188909570303117
0.10938334026954473 0.0952923078018813 0.13534202385665578 0.09273178253228387 0.15400128489820186 0.16411909861440116 0.13785202298829066 0.11127813903874065
0.08005364112215797 0.13202444224156518 0.10582954049356719 0.13408212219443874 0.10557172318720871 0.19059732733498605 0.09094265679274975 0.16089854663332645
0.10196619194179386 0.08791382942096646 0.2162211063562759 0.1338116833954444 0.09724346767538726 0.09322316511483372 0.14919004103939842 0.12043051505589994
0.08053868952829321 0.13324267439323392 0.12618325263535654 0.13783585369284293 0.09563350738362347 0.1676743319522666 0.09348866598297174 0.1654030244314115
0.07551704840549259 0.14282623841765532 0.10442545517864023 0.13570026403608404 0.09380382782982002 0.19284667020366314 0.09204017908534397 0.16284031684330083
0.10085919657914623 0.09212451127905565 0.21552328885308103 0.13372238022528402 0.09470233289466456 0.09362767329692767 0.1490904746690853 0.12035014220275561
0.10346697231387449 0.08048530597684146 0.2598028883863004 0.12950384888482408 0.0918422039023676 0.0739581894992062 0.14438712704024412 0.11655346399634166
0.08070438330371602 0.13338501309783066 0.13595074188854744 0.13741637207277602 0.09434120714080466 0.16009848799441562 0.09320414801457852 0.1648996464873312
0.10106972272676422 0.0906716475498088 0.22826926149056562 0.13236035539810495 0.09386452488118457 0.0870682494648527 0.14757191863042446 0.11912431985829447
0.13638231834092557 0.1066864522791989 0.21888257605404352 0.10656770821275278 0.12076912847080123 0.09598583740762673 0.11881504184317364 0.0959109373914775
0.12637916925047146 0.09474442235375825 0.18548944898635927 0.09080335921546612 0.14665476401984612 0.11197951290866741 0.13498529220687205 0.10896403105855935
0.142572631316531 0.10636976238707267 0.2008568131709569 0.10478538944891543 0.13390642804595818 0.10037423569618388 0.11682788943035793 0.09430685050402386
0.0861440730806067 0.13960323088005772 0.12077773916498147 0.13382658135878361 0.10150289956581596 0.16678424487586532 0.09076933344334889 0.16059189763054035
0.1025859126486173 0.09204645492234086 0.22163726166981448 0.13256109011042938 0.0956130118555118 0.08845556483943595 0.1477957228544638 0.11930498109938643
0.08034957436925715 0.1377141533275145 0.12703288954315772 0.13714971934408535 0.0949239287996248 0.16522678350051329 0.09302328790294485 0.1645796632129024
0.10123980778305056 0.0916983545686859 0.22461882424969526 0.1326878044669099 0.09422606734307525 0.08817311766271989 0.1479369999056443 0.11941902402021891
0.08011499431473447 0.13761900505554395 0.12770569069050494 0.1371640929156301 0.09463379017711863 0.16513247841363224 0.09303303693407954 0.1645969114987561
0.08663799328266025 0.17205272977075353 0.12037544656057424 0.15563083849812437 0.08062712577403615 0.16543938057736327 0.07916873088817632 0.14006775464831192
0.10677306131616172 0.06910091854848593 0.23309538414912095 0.13820183709697187 0.09193344016797815 0.08741659113256452 0.15299511473494648 0.12048365285377037
0.08146425536800626 0.13136542841106585 0.13009130084527304 0.1378990164415878 0.09456990784693378 0.16559976455336844 0.09353150680385955 0.16547881972990536
0.10144733507543036 0.09047404919064717 0.22592989696945104 0.13263098510271465 0.09409628054441066 0.08817991597008529 0.1478736505548177 0.11936788659244318
0.08015798440059053 0.1372564912626931 0.12800968851264027 0.13717175489050862 0.09461282619098212 0.16514691512215174 0.09303823375182324 0.1646061058686103
0.10116868154563871 0.09159069738851447 0.22502460267925734 0.13265452142926162 0.09413575607877644 0.08813677978974072 0.14789989180247526 0.11938906928633546
0.10313102456241913 0.08082232823165399 0.2632604205868236 0.1289179480507775 0.09136145074437714 0.07274678324402406 0.14373389133422504 0.11602615324569975
0.08054520253454987 0.134438914467678 0.13661174731030903 0.13718739247741038 0.09411896518823018 0.15942406693381708 0.09304884011511312 0.16462487097289244
0.07516735733138324 0.1481710069771884 0.1062920996809796 0.1348892455289484 0.09306717711544865 0.18905592176385314 0.09149009696746065 0.16186709463473806
0.10056365384694867 0.09416442656742896 0.215996461138722 0.13336856515499668 0.09435531991178761 0.09282386747079432 0.14869599726982466 0.12003170863949703
0.11931281258269145 0.09416419112282699 0.18757951494735173 0.0933591433679761 0.14119068668773077 0.11357804224312902 0.13878463700672267 0.11203097204157131
0.10732476155956633 0.0812154479737577 0.24654726881661884 0.12826898654843805 0.10119238241802471 0.07699871710092067 0.14301034768907944 0.11544208789359424
0.10363434086649048 0.07825871953959249 0.271017940265584 0.12764326156568367 0.09200730113389952 0.07024679019043194 0.14231271102920257 0.11487893540911533
0.13584782654394664 0.10272923374780832 0.23315366352473077 0.1054167340577561 0.11909496852804764 0.09135072139178406 0.117531791553946 0.0948750606519805
0.10928424279555095 0.08130485705456249 0.26356399755251786 0.12572642484090463 0.09486976854532643 0.0719213457257329 0.1401755811285907 0.11315378235681416
0.12045920089275497 0.09057617689856273 0.20178118862980185 0.09226733920588384 0.1399580694121132 0.10707562112418048 0.13716159678964224 0.1107208070470606
0.10708149577141328 0.08017481979604252 0.25202311319499293 0.12760853733094107 0.10045837461270586 0.075531979597232 0.14227399609882532 0.11484768359784696
0.10338893539829426 0.07792763422643313 0.27306151742862717 0.1273872935872795 0.09168705922581484 0.06987167006962985 0.1420273258353698 0.11464856422855152
0.08057553199856143 0.13351631052826896 0.13883358439791238 0.13710615336005164 0.0941671433247108 0.1582801535577021 0.09299373880073068 0.16452738403206196
0.11468698140864123 0.10294905073520401 0.1629113796686756 0.09389351643696855 0.14200354494188847 0.13130428861975138 0.1395790184645085 0.11267221972436225
0.1070759243781976 0.0834592501458437 0.23684684058734645 0.12930092048185007 0.10215330721468466 0.08063205174357363 0.1441608770148388 0.11637082843366506
0.10391358480084666 0.07891729368320091 0.26738886861915917 0.12809263480232427 0.09250551089812353 0.07108500722151276 0.14281372865274064 0.11528337132209186
0.10228355184253644 0.07741801465831434 0.2790197185570665 0.126929531944479 0.08971715020279503 0.06887849827981384 0.1415169557649639 0.1142365787500311
0.10153886261698564 0.07686509323601051 0.2833547416739921 0.1264270139455469 0.08881641685616994 0.06825687342280475 0.1409566856974978 0.11378431255099221
0.13489566954151752 0.10215398037781205 0.23733500351850123 0.10513674878415502 0.11794411219826204 0.09069178280570851 0.11721962886830418 0.09462307390573951
0.08489742868934287 0.13853408240787207 0.1291727705999392 0.13405010265026238 0.09821503574127934 0.1633495175421157 0.09092093918887362 0.1608601231803148
0.07573715291034885 0.14905025930540836 0.10441053007007106 0.13445597736476914 0.09369683031398321 0.190105849072027 0.0911962281256695 0.16134717283772299
0.10072953897473158 0.09436008713450575 0.21516612973742277 0.13339749130980663 0.09452004242695473 0.09304072046398301 0.1487282477737695 0.12005774217882599
0.07997766242426918 0.13835065683640635 0.125505640818417 0.13710988056706785 0.09464312488313145 0.16688491097082414 0.09299626681940255 0.16453185668048143
0.1321287957853758 0.11993394121460123 0.18278866506944516 0.10832607142788205 0.12300423405186407 0.11554934255883052 0.12077548560690728 0.09749346428509383
0.14422270526128902 0.11226788111503724 0.19970472589657395 0.10462612060047516 0.12728118129041155 0.1010835607457034 0.11665031655008203 0.09416350854042764
0.08638269200517897 0.14131196143587632 0.12043877148866398 0.13373291412941907 0.10000661594415025 0.16694174541449813 0.09070580262691032 0.16047949695530286
0.1026513844857039 0.09237026440375254 0.22149595010312223 0.13257042040970612 0.09530133669146679 0.08849114009564661 0.1478061254418664 0.11931337836873551
0.11973106595291656 0.09368313952527971 0.18922009420842106 0.093232771594204 0.1413287409244621 0.11232808500431772 0.138596776877354 0.1118793259130448
0.10736021273386981 0.08108042906380193 0.24717475871434758 0.12818869656390658 0.10116335474208338 0.07674189092635798 0.14292083034811673 0.11536982690751592
0.10361985281354115 0.07821728448477692 0.2712504632915528 0.1276127131800246 0.09198117865870135 0.07018841385045828 0.1422786518589229 0.11485144186202213
0.11905687483062716 0.09002599107242182 0.20442076625961267 0.09238935982487936 0.13916234850891027 0.10673443907849975 0.1373429886351938 0.11086723178985525
0.08224774736227085 0.13521540667666107 0.12194400336443921 0.1346792983367893 0.10302367202773607 0.16992701622561232 0.09134769800234405 0.16161515800414714
0.11502567004889924 0.10322522692647221 0.15711914476946315 0.09375857116080627 0.14473184089659094 0.1342508475567963 0.13937841324800454 0.11251028539296754
0.08115569786366045 0.13862026388852078 0.11082283609003582 0.13413862460606035 0.10374048620039127 0.17957476165647035 0.09098098016758875 0.1609663495272724
0.10174608309233092 0.09217591991216499 0.21764098278038632 0.1330212239736747 0.09641847399128163 0.09096947690021996 0.1483087377736343 0.11971910157630722
0.1195548043529434 0.09369479852851895 0.188024390432058 0.09329362299553749 0.14176316906002837 0.11302963046379819 0.13868723657247067 0.111952347594645
0.0822867607334162 0.13626053518716083 0.11818204931445422 0.13464182715458137 0.10351556796769848 0.1722207842914752 0.09132228276571605 0.1615701925854976
0.11506838126420438 0.10347252467740563 0.15589911137781273 0.0937843925032074 0.14493122101937939 0.13488629974638852 0.1394167984077531 0.11254127100384888
0.10736896411798674 0.0837130825714246 0.2339918417543892 0.12954160856835964 0.10296894762248246 0.08139888138433424 0.14442922626949947 0.11658744771152368
0.0812298633910917 0.13520002141107537 0.12990712694078924 0.13708240975761055 0.09652944713920202 0.16257460520680606 0.09297763444429237 0.16449889170913262
0.10134810568653659 0.09114594343297121 0.22576013175013365 0.13255380575804585 0.09447540877607213 0.08763057806883469 0.14778760134516455 0.11929842518224128
0.0920413981532787 0.15787406208900406 0.1469779262156703 0.15753965293884956 0.08156743210404162 0.14207410435921117 0.08013973649497999 0.1417856876449646
0.14449720384692818 0.09243355096193094 0.19747801194038953 0.11092026115431713 0.12328130217812974 0.1118966663642589 0.12279328870156393 0.09669971485248159
0.0866539086545165 0.1356600893220871 0.12020270112473275 0.13428810397846444 0.09941565133466133 0.17155145463468296 0.09108236617669763 0.1611457247741573
0.07598545174262539 0.14806887435134417 0.1023542962833001 0.13435409476250762 0.0938748083166737 0.19301043568527376 0.09112712514326604 0.16122491371500913
0.10084605485833206 0.09423263292234711 0.21430588662650785 0.13347027775960105 0.09461234080427341 0.09360015781183181 0.14880939923346567 0.12012324998364095
0.13670181672872211 0.10783634685581764 0.21413416263644072 0.10690085582964841 0.12132046739672503 0.09770910373171278 0.11918647657424977 0.09621077024668355
0.11014083622727033 0.08272431727665004 0.2562586453737992 0.1265465690404416 0.09591080355109555 0.07343693568806248 0.1410899807062834 0.11389191213639745
0.10390713774518444 0.07823890941450481 0.27457631162519136 0.12713073822853577 0.09059062259468141 0.06939733022992697 0.14174128575629283 0.11441766440568217
0.08066149685315256 0.13359771191100595 0.13916963808658644 0.13708522492444492 0.09392175815532271 0.15808235629835615 0.09297954386179744 0.1645022699093339
0.11470755033125402 0.10296393875558406 0.16302092430698606 0.09389109445454409 0.1419214494323548 0.13125031134885987 0.13957541802496407 0.11266931334545291
0.1399733494815888 0.10909943188860925 0.19354239982474566 0.10563678832525089 0.13350959427901932 0.10538819106781795 0.1177771356402424 0.0950731094927258
0.11144472120814736 0.08335243976407615 0.2479256696378226 0.12711513331571334 0.09894083315474078 0.07509369549231616 0.14172388744304157 0.114403619984142
0.10446240552562135 0.07854660671146872 0.2714079795567972 0.1274643753473355 0.09144014868412238 0.0698472801165908 0.14211326624546214 0.11471793781260196
0.0807720081769911 0.1337121590783568 0.13846558794562533 0.1371151625240866 0.0941182582755751 0.158278779606298 0.09299984936416308 0.1645381950289039
0.10099523552771436 0.09065278851894276 0.22926014866650427 0.1322341475074833 0.09373444329084923 0.08668129748089055 0.14743120625088063 0.11901073275673496
0.08007405708865575 0.13730405808737342 0.12875824180883363 0.13715315229663688 0.0945310764801111 0.16457001514209732 0.09302561634032763 0.16458378275596425
0.10112589532729536 0.09157887399107283 0.22532884891969604 0.13262403494690897 0.09409708888015247 0.08801772483289368 0.14786590164976265 0.11936163145221805
0.11930083099901728 0.09350078698952108 0.19045594421749779 0.09321498462419449 0.14091564069083432 0.11218349557811413 0.13857033535178762 0.11185798154903338
0.08224741054764186 0.1362108086805228 0.1187363606031696 0.1346480265941523 0.10334154456497878 0.17191172949356168 0.09132648760299025 0.16157763191298272
0.10178303230540461 0.09152517776321507 0.22092325283432263 0.13274260843439928 0.09612008740278456 0.08943939142936777 0.14799810223954665 0.11946834759095937
0.10338862706381657 0.08090176799353697 0.2616631580575015 0.12906582622468202 0.09187579361994777 0.07304681897585748 0.14389876446244398 0.11615924360221382
0.11922252789961534 0.09075870156179473 0.20155911135014554 0.09260022632979259 0.13939879394815272 0.10768391145732488 0.13765645585742303 0.1111202715957511
0.1403507446255437 0.10541367820076716 0.2069137588886489 0.10482874785233402 0.13186896480141336 0.09940200174972422 0.11687623081446792 0.0943458730671006
0.11106535437212581 0.08233214054040916 0.25313035005270074 0.12654664606427665 0.09818126332256732 0.07376219760795982 0.14109006658211143 0.113891981457849
0.10419828517542934 0.07822933770812504 0.2733569520004171 0.12722817949401288 0.09112734643447415 0.06950461214736617 0.14184992549556363 0.11450536154461162
0.11916439375002975 0.08999176210126786 0.20505844667193007 0.09234474194885917 0.1388355847577286 0.10651471926578684 0.13727666116576676 0.11081369033863099
0.10669518125256613 0.08000596235034114 0.25334438467784076 0.12751027104096246 0.1001432292289287 0.07537729099369016 0.1421644365188044 0.11475924393686622
0.10326032643929556 0.07786682470758335 0.27356466856890577 0.12733432846646753 0.09158637560728447 0.06981830691235719 0.14196827367828543 0.11460089561982077
0.0805504428873894 0.13349402980143088 0.1389449272621266 0.13710093352921215 0.09414301193292007 0.15825533595813987 0.0929901983937265 0.16452112023505458
0.13202496196278035 0.1185142012219691 0.18759389973524424 0.10809424514433316 0.12260387110305472 0.11336698360149944 0.12051701660121922 0.09728482062989983
0.10998261064922378 0.08537451327394087 0.24597594303198583 0.12767693183402867 0.09699992767160853 0.07673058402288596 0.14235025086570063 0.1149092386506258
0.1042277483279575 0.07898430333497493 0.2707449253316752 0.12760661449540397 0.09112904996942155 0.0701895532140067 0.14227185228069664 0.11484595304586356
0.10223650137615445 0.07733803893499414 0.28025396641798517 0.12676689202871996 0.08933033883307799 0.06864843518702056 0.1413356243961997 0.11409020282584799
0.13518921918278806 0.10232952550295148 0.23628788009928064 0.10521014050594521 0.1181571946944949 0.09083545839808319 0.11730145516110607 0.09468912645535069
0.12577452375154904 0.0936197620586712 0.19089797952155366 0.09055612074008432 0.1454823714158549 0.11038414201653804 0.13461775560764774 0.10866734488810119
0.10850956017410612 0.08085587626109406 0.2474418857412927 0.12775438033782197 0.1018015853367169 0.0762211696772375 0.14243660016769105 0.11497894230403977
0.08143845175292244 0.1343205954888535 0.13297452810421526 0.13702423505595224 0.09628108103496581 0.16059384967538903 0.09293817682055892 0.16442908206714268
0.13239415388262 0.11879821379354458 0.18542076531163293 0.10817021581013997 0.12328709032466344 0.11397464842413203 0.12060171822414112 0.09735319422912596
0.0841591947500332 0.1431581465657896 0.11705949343722442 0.13372960522985256 0.09903552963434863 0.1716789457771156 0.09070355832981303 0.16047552627582304
0.1332370786304052 0.12095761465973426 0.17930228122075537 0.10810133759762268 0.12406616898190599 0.11651939091436672 0.12052492415734949 0.09729120383786041
0.11052107067749706 0.08601690856609227 0.2426535160232081 0.12797347019980637 0.09753283440596859 0.0774452079337878 0.14268086901381397 0.11517612317982574
0.10445932100012316 0.07918188603850462 0.2694871806109974 0.12774930214254832 0.09133421862040206 0.07038278130020013 0.14243093835893073 0.11497437192829348
0.10233056158444163 0.07740487003685163 0.27978553572785236 0.1268228297839485 0.08940882592798158 0.06870883931455048 0.14139799081882015 0.11414054680555363
0.10152303442673441 0.07684225376498535 0.28363580340183997 0.12639063711160373 0.08872999542180154 0.06821057423025118 0.1409161282423403 0.11375157340044335
0.08021200136462209 0.13313006253487494 0.14119417543910723 0.13702351524718026 0.09349422079897167 0.1575801177161921 0.0929376886024353 0.1644282182966163
0.07512885415951262 0.14782094011569255 0.10733090290724001 0.13492062872521488 0.09296061527882392 0.18842192138180816 0.09151138296145009 0.16190475447025782
0.10052529896219882 0.09407192133642932 0.21642959875883164 0.1333305528075801 0.09430499732182542 0.09268651694711524 0.14865361633919752 0.11999749752682208
0.0799434490075402 0.138266815288338 0.12579261734222077 0.13711137064561205 0.09459963895422506 0.16675518650595783 0.09299727748137164 0.16453364477473442
0.10118293797462852 0.09183615914801074 0.2241185425973724 0.13273872764740166 0.09419370958043506 0.08847129271783491 0.14799377545165526 0.11946485488266148
0.10316497443242315 0.08089040425129487 0.26291746271862515 0.1289590431814667 0.09140075664063525 0.07282451057409209 0.14377970933814274 0.11606313886332004
0.13599538431559888 0.10357547727168251 0.23051062908212494 0.10567752243014547 0.11918720586037385 0.09212145972560216 0.1178225511273413 0.09510977018713093
0.14410406821810154 0.10737870524927585 0.21612999077921893 0.10359234228003726 0.125084173867582 0.0949798806833214 0.1154977308704296 0.09323310805203353
0.11158128102173878 0.08241564692687321 0.2566308710101836 0.12609051082328002 0.09644606168478159 0.07277265896384744 0.14058150982834353 0.11348145974095201
0.12115573496985949 0.09087230457684643 0.19960764648301402 0.09234268745198021 0.14056233235113433 0.10737446220662165 0.1372736070181676 0.11081122494237625
0.08261621193801123 0.13546030006192356 0.12085424835904536 0.13466459415503837 0.10331520312652918 0.17015420464216288 0.09133772473124341 0.16159751298604602
0.10180482913741841 0.09132739611442102 0.22178698673343714 0.13265688835593564 0.09605222951904116 0.08907793987032415 0.14790253074908044 0.11939119952034206
0.13674681006491335 0.10695236689294145 0.21662703332667962 0.10668544989373678 0.12149475534385927 0.09653036454272841 0.11894631503077817 0.0960169049043631
0.11006074826505283 0.08249586022775197 0.2572119868005799 0.12643332122767292 0.09586780472605035 0.07317657180161101 0.14096371784637562 0.11378998910490563
0.12078224750366374 0.09091362299093787 0.1998370110116658 0.09237435978621197 0.14041465995819716 0.10750817693561958 0.13732069007024947 0.11084923174345437
0.10721980065392343 0.08028375453734402 0.2512617997405986 0.1276887114536121 0.1006128017707083 0.07564990727310263 0.14236338426246006 0.11491984030825092
0.12014309274586145 0.0905510061627185 0.19800275222808172 0.09249264927180417 0.14206584307086534 0.10825694205910533 0.13749653533539843 0.110991179126165
0.12255463604973349 0.09181947142649201 0.17913403917531368 0.09134993787372847 0.15407747111804304 0.11564670081532923 0.1357978180928859 0.10961992544847417
