Action: 0
[0.11466966020152905, 0.1003602837716322, 0.28116884654468627, 0.1003602837716322, 0.10236007294856969, 0.10036028521868616, 0.1003602837716322, 0.1003602837716322]
[0.10371702494204323, 0.10108179196354106, 0.18185766351363525, 0.10108179196354106, 0.10108179196354106, 0.20901635172661626, 0.10108179196354106, 0.10108179196354106]
[0.26185149213050907, 0.10169464686238062, 0.14358324710299106, 0.09823919924098178, 0.0999138169396243, 0.09823919924154954, 0.09823919924098178, 0.09823919924098178]
[0.125, 0.125, 0.125, 0.125, 0.125, 0.125, 0.125, 0.125]
[0.16475978804148822, 0.09905405022816398, 0.24093806769885087, 0.09904928619674817, 0.09905094924421104, 0.09904928619704145, 0.09904928619674817, 0.09904928619674817]
[0.11527371435062984, 0.10061290703096207, 0.18043244799544722, 0.10061290703096207, 0.2012273592482567, 0.10061485028181802, 0.10061290703096207, 0.10061290703096207]
[0.125, 0.125, 0.125, 0.125, 0.125, 0.125, 0.125, 0.125]
[0.125, 0.125, 0.125, 0.125, 0.125, 0.125, 0.125, 0.125]

Action: 1
[0.09856643556860813, 0.10732180081149653, 0.09773074965845613, 0.09773074965845613, 0.24303547898280378, 0.16015328600326703, 0.09773074965845613, 0.09773074965845613]
[0.1111111111111111, 0.1111111111111111, 0.1111111111111111, 0.1111111111111111, 0.1111111111111111, 0.2222222222222222, 0.1111111111111111, 0.1111111111111111]
[0.09848521079628444, 0.12990503352066352, 0.09848508106332746, 0.09848508106332746, 0.1053247181412553, 0.27234471328848686, 0.09848508106332746, 0.09848508106332746]
[0.125, 0.125, 0.125, 0.125, 0.125, 0.125, 0.125, 0.125]
[0.10097478921217941, 0.10023463072626042, 0.10023463072626042, 0.10023463072626042, 0.11777689087327095, 0.2800751662832476, 0.10023463072626042, 0.10023463072626042]
[0.10116719510543389, 0.10138922740358955, 0.10116719510543389, 0.10116719510543389, 0.21137302590340695, 0.18140177116583409, 0.10116719510543389, 0.10116719510543389]
[0.125, 0.125, 0.125, 0.125, 0.125, 0.125, 0.125, 0.125]
[0.125, 0.125, 0.125, 0.125, 0.125, 0.125, 0.125, 0.125]

