0.125 0.125 0.125 0.125 0.125 0.125 0.125 0.125
0.11301829483647666 0.08900190718372537 0.135621953803772 0.10680228862047045 0.14127286854559584 0.11125238397965673 0.169527442254715 0.13350286077558807
0.07295173961840627 0.1290684624017957 0.09118967452300783 0.16133557800224463 0.08754208754208752 0.15488215488215484 0.10942760942760942 0.19360269360269358
0.09612633457119006 0.07759595682252692 0.19225266914238012 0.15519191364505383 0.08651370111407106 0.07961930019608729 0.1730274022281421 0.13967272228054847
0.0933998798654457 0.07539508374680556 0.2197165568055991 0.15079016749361113 0.08405989187890113 0.07280748570758508 0.16811978375780226 0.13571115074425003
0.1056951412015388 0.08532017422292891 0.17961282792726269 0.10665021777866113 0.12683416944184658 0.10936449629106025 0.1585427118023082 0.12798026133439336
0.09649422994892473 0.07598920608477823 0.22442762678551728 0.15197841216955646 0.08412317482726772 0.06624700017647334 0.16824634965453544 0.13249400035294667
0.083643967366741 0.14798548072577253 0.09996735153673979 0.12901298319682736 0.10835967731930361 0.1887105018501402 0.08750445816828288 0.1548155798361928
0.09154786681231812 0.07390008525813631 0.21338259947859414 0.14780017051627262 0.09716634092297388 0.07839662328488689 0.1647861602621726 0.13302015346464535
0.10795649589475607 0.08501574051712041 0.17433522483491862 0.1020188886205445 0.1349456198684451 0.10626967564640052 0.1619347438421341 0.1275236107756806
0.06819226000141193 0.12064784461788264 0.11694788531920604 0.1508098057723533 0.1004873683528204 0.1596546790073837 0.10228839000211791 0.18097176692682396
0.09529170176133236 0.07504221513704924 0.22641239772678112 0.15008443027409848 0.09075536628664574 0.06542141832460704 0.16614963384027182 0.1308428366492141
0.07205529205888503 0.12009215343147506 0.1275604210407569 0.14411058411777006 0.09784518932622896 0.15011519178934382 0.10808293808832757 0.18013823014721259
0.1027864273559863 0.08297217629941062 0.16340218977019505 0.10371522037426327 0.14370403309498925 0.12478204762206005 0.15417964103397946 0.12445826444911594
0.07747278603020492 0.13706723682267025 0.13130848745040982 0.1713340460283378 0.09155046596059001 0.14990945199830266 0.08715688428398054 0.15420064142550402
0.0721081312245552 0.11857915244123009 0.10755128482576773 0.1482239405515376 0.09633922290748574 0.17879504057870954 0.10053449880886899 0.1778687286618451
0.07320137617968546 0.1220022936328091 0.10724659853031572 0.14640275235937092 0.10583860753806579 0.15250286704101138 0.10980206426952818 0.18300344044921363
0.06313998204610181 0.1052333034101697 0.06943847095521849 0.09470997306915274 0.15393974987772902 0.2104666068203394 0.11365196768298327 0.18941994613830548
0.059739172805513024 0.09944390973683784 0.05647304042004831 0.08669469053980734 0.15458655606889854 0.2716705556955852 0.09800269365369525 0.17338938107961469
0.09304651984437144 0.07327413437744251 0.20854548742027174 0.14654826875488502 0.10790783949682292 0.08068276325791536 0.1622349576773656 0.1277600291709254
0.06105142979383332 0.10175238298972221 0.0824211009009008 0.09157714469075 0.1505696622731419 0.2195814163412516 0.1098925736289 0.1831542893815
0.0694611204560804 0.11581080471196195 0.09672814030378457 0.14476350588995246 0.10895514453946771 0.19237765564458145 0.09818742138622863 0.1737162070679429
0.06999171996916276 0.11580085732973304 0.0992502137254714 0.1447510716621663 0.10047175330292361 0.19785411027986521 0.09817898773607803 0.17370128599459955
0.09416443442597673 0.07104642878464497 0.2145226822556289 0.14209285756928994 0.10004792308842739 0.09181916981850763 0.15842293224516354 0.12788357181236096
0.09245378252689387 0.06814601826908642 0.25848072200302247 0.13629203653817284 0.09611912170081666 0.07389003638509221 0.15195544969255986 0.12266283288435556
0.06901558626622493 0.11502597711037492 0.13507177673187418 0.13803117253244987 0.10450787218648051 0.1622852701076959 0.10352337939933742 0.17253896566556234
0.06902897552561102 0.11504829254268505 0.10979630082135058 0.13805795105122204 0.10801611784885502 0.1839364601078321 0.10354346328841654 0.17257243881402756
0.08272174420122001 0.136859256315806 0.0865372903885699 0.1193131978137796 0.11924548784845523 0.23122171275585288 0.08092547329978093 0.1431758373765355
0.06967054614953833 0.11370148047066073 0.0984712363180813 0.14212685058832591 0.1018668109773985 0.20721177352140052 0.09639908126860366 0.1705522207059911
0.06899344922165222 0.11402137281695811 0.10117496464269674 0.14252671602119762 0.09845283233075362 0.20712831139649204 0.09667029434481232 0.17103205922543713
0.10426708434168838 0.08780216506938948 0.15416887541783406 0.09824761542391089 0.14811511572500072 0.1434503264654011 0.14605167904808244 0.11789713850869304
0.0928188934175887 0.07376518792531832 0.23654657191030892 0.1351488845856514 0.10629715568147254 0.08310838977722806 0.15068092057534568 0.12163399612708627
0.08136656833197749 0.14136544003891954 0.15236918802706734 0.16416917504104897 0.08635784368986957 0.1431073817698135 0.0835121455643597 0.14775225753694407
0.09179787630454256 0.07831374311414595 0.2395949643909936 0.13678014519870466 0.0942198386474948 0.08369164724225096 0.15249965442303337 0.12310213067883417
0.08999930257263526 0.07172497332794033 0.27267137836827926 0.13270466733355443 0.09313852066402771 0.07237115638983387 0.1479558007435301 0.119434200600199
0.07020018388417823 0.12204053355064562 0.14089036575732625 0.14195444983861413 0.09687607098704684 0.16141090758966148 0.09628214858619048 0.17034533980633695
0.08952433766455344 0.07050041591083583 0.24035103006344333 0.14100083182167167 0.09642056145278737 0.08318530403218335 0.15609371695358037 0.12292380210094453
0.07028842760755752 0.12211563243296149 0.13369593557624657 0.14226428804824165 0.09767451739468432 0.16675175356274144 0.09649229971967695 0.17071714565788998
0.08946277890356737 0.0704519383865593 0.2399433842717275 0.1409038767731186 0.09653288783990512 0.08387947290900369 0.15598638372929693 0.12283927718682133
0.07026871023255603 0.12208241679329465 0.13358341948080363 0.1422304996496196 0.09771956498913217 0.16696940690400414 0.09646938237104632 0.17067659957954348
0.0681237146701146 0.11353952445019103 0.11022875927579504 0.1362474293402292 0.10542532788115129 0.19394038570206032 0.10218557200517192 0.1703092866752865
0.07996317957601785 0.14767307627551757 0.08488170550838721 0.11522833629279443 0.11567576996188537 0.2401490572615403 0.07815487157250403 0.1382740035513533
0.09984911611487564 0.07863117894046458 0.14664862470103981 0.09435741472855749 0.1620969192271863 0.15069630370486586 0.14977367417231346 0.11794676841069687
0.08232908548230627 0.14271940156723872 0.09162878753245689 0.11492438960972963 0.13004483553757581 0.22249551630807 0.07794871643094704 0.13790926753167554
0.06687586597471051 0.11145977662451752 0.09970486677775758 0.13375173194942103 0.11235523763145153 0.20834905714329988 0.10031379896206577 0.16718966493677628
0.06735339228366678 0.11225565380611131 0.10200060759044453 0.13470678456733357 0.10929008694437632 0.2049799056734004 0.10103008842550018 0.16838348070916695
0.08274563913598358 0.13790939855997267 0.09453320264757237 0.12411845870397539 0.13357646965662837 0.25955691204550074 0.09308884402798154 0.07447107522238525
0.05417153272240248 0.09028588787067082 0.061255922160543694 0.08125729908360374 0.14797827209594885 0.3050277289992984 0.09750875890032447 0.16251459816720748
0.0779356184340188 0.12989269739003137 0.08192513876110186 0.11690342765102822 0.13733678292007387 0.2981867075148578 0.08767757073827118 0.07014205659061692
0.05477929303367871 0.10191174443020401 0.05440254065711721 0.0779606140505259 0.1409061820126755 0.3259890079185004 0.08812938979624667 0.1559212281010518
0.11661558032515429 0.09861487558869936 0.15903647854354086 0.11116164424624889 0.13898725634129797 0.1516017474439602 0.12393693768947452 0.100045479821624
0.0931796371452639 0.07394800975564794 0.24006998087457596 0.13398871417496924 0.1038484579685104 0.08498794017624378 0.14938741714731643 0.12058984275747232
0.08979401305448594 0.07116342900181753 0.27270590587382504 0.13216884705889162 0.09489776563590681 0.07295967589820192 0.14735840112386872 0.11895196235300246
0.07004886071767569 0.12173082318373052 0.14081380036732566 0.14165084399244582 0.09715730849789193 0.16254112582903218 0.09607622462096327 0.16998101279093497
0.07917356336056795 0.14704021125693936 0.12806391552400706 0.16329692806793586 0.08422452802299155 0.16816518118490068 0.08306843732151521 0.14696723526114228
0.08920965595909189 0.07025260406778487 0.2383524923236165 0.14050520813556974 0.09512045975008367 0.08852281869135015 0.1555450411594423 0.1224917199130608
0.06535604020617007 0.10673517820205093 0.08155221645457711 0.08668825456145197 0.1422146002980288 0.24608178295491487 0.09799541819990223 0.17337650912290395
0.06897501639908851 0.12117137263885172 0.09465767708417351 0.1360505058892197 0.10355699182469144 0.22005009466770173 0.09227773442920988 0.16326060706706358
0.09578282784065147 0.07736585689897281 0.21504805880855338 0.13733503788449608 0.098675004716469 0.09907336139702198 0.15311831835778889 0.12360153409604646
0.09641752274395249 0.07160353506317575 0.2625232338648136 0.13249899987704886 0.09417871982115933 0.07580239186266212 0.147726496877844 0.11924909988934397
0.09491630134950925 0.0699909607681318 0.28003710394919545 0.13018196040086205 0.09174504789530694 0.07082169050092914 0.1451431707752895 0.11716376436077584
0.09409432014111747 0.06942132233942183 0.2863915169419127 0.1292995280756151 0.09068719466830943 0.06957721797977216 0.1441593245857977 0.11636957526805357
0.08574464908474111 0.13873978325812097 0.16501318904161116 0.1615821650217184 0.08255612796413164 0.1387439922947343 0.08219614481539589 0.14542394851954654
0.08804741631678059 0.06933734034946472 0.2532328747386795 0.13867468069892944 0.09358151669247586 0.08271172368303716 0.15351857203951488 0.12089587548111796
0.07657415776588343 0.12067481627036991 0.1360149574699053 0.1405754226764061 0.09634256453179167 0.1657807656499593 0.09534680842399718 0.1686905072116873
0.08598075235011918 0.14559219052727182 0.12600010957704982 0.16160087916664653 0.08344098842439376 0.16973862408498208 0.08220566461955499 0.14544079124998185
0.08921169470691778 0.07025420958169777 0.2382337627340273 0.14050841916339554 0.0949641212692043 0.08878467737486358 0.15554859589924125 0.12249451927065251
0.09323616933046566 0.1440043898927004 0.1103470227523006 0.1168838944662473 0.11523306781411077 0.2007570104858326 0.079277771898846 0.14026067335949677
0.10358500514754514 0.07756434134629947 0.2189313739247451 0.1344538698296871 0.09956240591277793 0.09498849000300859 0.1499060309892183 0.1210084828467184
0.119101972177537 0.0820275758057213 0.18990323778891552 0.0947629974096131 0.1443530396662811 0.11526401993207569 0.14087156032832038 0.11371559689153574
0.10605174610785069 0.07089995629588906 0.24949079528728865 0.13028949983411195 0.10276286069455433 0.07798152271157238 0.14526306921803225 0.11726054985070077
0.10228419117642312 0.06957583221021056 0.2737887024509697 0.12939475704032272 0.09316877455134907 0.0710669634596267 0.14426549777480754 0.11645528133629043
0.1007890577283474 0.06898615986248988 0.2829410134959778 0.1284541939959259 0.09056782502107373 0.06943613512827508 0.14321684017157707 0.1156087745963333
0.10018207779120959 0.06873083038146131 0.28631264022197633 0.1280432432170362 0.08977227227964917 0.068961356492251 0.14275866072108365 0.11523891889533258
0.0999437150125697 0.06863110150199404 0.2875460094734387 0.1278853770823318 0.08950962264285979 0.06880468315076418 0.14258265176194307 0.11509683937409862
0.11694247085968955 0.08033357676963435 0.2108039794966272 0.093565168031922 0.13963059676941003 0.10735509992725474 0.1390909065071557 0.11227820163830639
0.10597027446703876 0.07019307954391002 0.2573318391428084 0.12916687983265915 0.10101317836907062 0.07606312510109538 0.14401143169402444 0.11625019184939323
0.10294513100013838 0.06923501002119635 0.2764852770138675 0.12882386084570782 0.09246351611421837 0.07047673912172887 0.14362899112200558 0.11594147476113706
0.10174659080246419 0.06879905674211291 0.2837264283533265 0.1281289771896573 0.09023831532948208 0.06919030440976705 0.1428542477024985 0.11531607947069157
0.06967779742541379 0.10346997938311067 0.19708614810107097 0.19277107473998126 0.06164388238332849 0.10379534311599094 0.0980618075851209 0.17349396726598315
0.08762628807929784 0.06900570186244706 0.26684254492706483 0.13801140372489412 0.0888002985961281 0.07661183162968985 0.1527842971639039 0.12031763401657433
0.06940364178682217 0.1064170024438312 0.08571758553604318 0.08645517119328512 0.14023810030322098 0.24112622369694842 0.09773193265327881 0.17291034238657024
0.11147399858902446 0.08418130340023822 0.14568321889197364 0.0944613508734244 0.15735797321915013 0.15306539148564613 0.14042314249243387 0.11335362104810927
0.10732920857547003 0.07184026476588669 0.23166033373484135 0.13170599033285635 0.10671726307643735 0.08536919779905132 0.1468423504158861 0.11853539129957073
0.10457089549746663 0.06992501604615482 0.26682886553301693 0.12991635122034725 0.09437370645317635 0.07261341279092941 0.1448470363605961 0.11692471609831252
0.102865327694207 0.06903770100412415 0.2800838059094868 0.12849003185851565 0.09087210009546266 0.06975320805164215 0.14325679671389727 0.11564102867266407
0.1020456059721852 0.06866218544476613 0.28497096532415683 0.12788852003387752 0.08976816969438 0.06897872958177662 0.14258615591836793 0.11509966803048978
0.13593693325042489 0.0915849691155584 0.23956483584176141 0.10664945642835312 0.11949436352707113 0.09187874604835819 0.1189061850029549 0.0959845107855178
0.10983845188150983 0.07005453233301362 0.2677028820063089 0.12740168622898917 0.09568437788731701 0.07261317949997274 0.14204337255679836 0.11466151760609025
0.082594739324579 0.11980766143132036 0.13893497183674713 0.13931592814568203 0.09624732624281204 0.16142771667566527 0.09449254256837565 0.16717911377481842
0.11683799964042633 0.08634225796550092 0.16504695972980066 0.09584658009064854 0.14478494729325148 0.1336429804099729 0.14248237876162084 0.11501589610877826
0.10829282800865736 0.07166189347001599 0.2395444423912869 0.13112025325714324 0.10353491555780925 0.0816481420954703 0.14618929728818805 0.11800822793142891
0.10473890944523036 0.06971207690458428 0.26974929797291014 0.12953411850753357 0.09346534611558237 0.07179866898674088 0.14442087541063817 0.1165807066567802
0.10300335762627544 0.06893047122935332 0.2811128246252316 0.12831037315536778 0.09057560132519715 0.06953154553149041 0.14305649066725332 0.115479335839831
0.0814200827062612 0.11975306266432481 0.1420066396163827 0.13941518318029775 0.09519866652079192 0.1603482821211215 0.09455986337446283 0.16729821981635729
0.10235497023420004 0.07577570021254129 0.23320888374500817 0.13459328170189838 0.09508398152022407 0.08778776423155668 0.1500614648228628 0.12113395353170855
0.08149196305446349 0.12087564013632646 0.1312242194782062 0.1398537999107196 0.09630827426740664 0.16756418332056947 0.09485735993944461 0.16782455989286352
0.10272712200469974 0.0761223609254452 0.2289403962829275 0.13507790904025324 0.09564684676251964 0.08931345870901748 0.1506017881389092 0.12157011813622792
0.10418066509958633 0.07047844379583926 0.2662177759823683 0.1304317374028257 0.09238290549699736 0.0734982550674357 0.14542165349240418 0.11738856366254315
0.10313147946986426 0.06909475991451963 0.2798681780281663 0.1285270505061085 0.09048929886806624 0.06991681801439971 0.14329806974337767 0.11567434545549764
0.10240517744094184 0.06864617355953376 0.28483960193689895 0.12784743106663868 0.08967000018179484 0.0689885830679797 0.14254034478623745 0.11506268795997482
0.10206812945702438 0.06849008178326538 0.2866518719879433 0.12760645286181233 0.0893498610053284 0.06871612325769097 0.14227167207130417 0.11484580757563109
0.10193010526939852 0.06843447896851644 0.28731356532666447 0.1275201326572799 0.08922978350539201 0.06862838339613997 0.14217543148505682 0.11476811939155189
0.08126847559087408 0.11961436244575274 0.1433670754372154 0.13931186041154173 0.09485948231042152 0.15991472772686405 0.09448978358348047 0.16717423249385002
0.10227226603265949 0.0757297854621074 0.23374191503040617 0.1345263692604538 0.0949690410204692 0.08770002841537758 0.14998686244411788 0.12107373233440841
0.0814722332196236 0.120860821627472 0.13133795695077813 0.13984181871509474 0.09627760771397553 0.16755014575166063 0.09484923356328166 0.1678101824581137
0.13494325210245967 0.09996039892354117 0.187946367753493 0.11086130211381548 0.12559385340077103 0.11731757517808249 0.12360207862540322 0.09977517190243392
0.11172792266717317 0.07193283782130397 0.2481229382073156 0.12981920250343565 0.09862189619229202 0.07819919756424361 0.14473872279114391 0.11683728225309209
0.1053610333457789 0.06948763901963413 0.27286185009349406 0.12906739216787164 0.09215673655353288 0.07100418549636486 0.14390051037223894 0.11616065295108445
0.10318344122241302 0.06881769389020531 0.28221081463150305 0.12812155052292062 0.09019188263659055 0.06931925410242289 0.142845967523316 0.11530939547062855
0.10238730689364317 0.06855571590726785 0.28566773855637495 0.12770870921317146 0.08952377043013128 0.06883324043555829 0.1423856802719986 0.11493783829185432
0.10209247490401153 0.0684551501780324 0.28693760334005364 0.12755028447018185 0.08928623839080045 0.06867394418744932 0.14220904850630722 0.11479525602316365
0.10198337721283939 0.06841761510139618 0.2874031036119815 0.12749145139648443 0.08920033646071837 0.06861835594008153 0.1421434540196625 0.11474230625683599
0.101943130395781 0.06840377833101013 0.28757363382222606 0.1274698158514652 0.08916906014039454 0.06859841519124547 0.14211933200155896 0.11472283426631869
0.1193376803562965 0.08008119957075273 0.21047771409042407 0.09327023420570463 0.13918102105099633 0.107075402113485 0.13865246756549524 0.11192428104684556
0.10742047715360682 0.07006846657527588 0.2569544302120224 0.12894776090075463 0.10081106858270804 0.07597768132784316 0.14376713043711 0.11605298481067916
0.10408634361300644 0.06914114652874505 0.2761456557407503 0.12864929262233327 0.09233348051036068 0.07042535704428196 0.14343436058042233 0.11578436336009995
0.10279173459462503 0.06871241181637204 0.2834178002884416 0.12796487352711208 0.09012772944599191 0.06914577978775399 0.14267128436530255 0.11516838617440085
0.10226656423249036 0.06851825166177057 0.2861089369240179 0.12765050022497423 0.08947372731154137 0.06877578784861556 0.14232078159411304 0.1148854502024768
0.10205877011559969 0.06844100395026324 0.28709752759670776 0.1275279415771374 0.08926199861000472 0.06865347288292085 0.14218413784794276 0.11477514741942367
0.10197874445532565 0.06841188144264994 0.2874598535029256 0.12748219957884746 0.08918970512862136 0.06861049733723573 0.1421331389334314 0.1147339796209627
0.1019485087146277 0.06840111589456732 0.28759256136804967 0.1274653563849462 0.0891642550818395 0.06859502178033179 0.14211436002918626 0.11471882074645157
0.08132385506855801 0.11959444794265717 0.14342214295346806 0.13929132479034678 0.09483535644787003 0.15990742797349206 0.09447585507519174 0.16714958974841615
0.07708315392965338 0.1250038398841702 0.11004041541520376 0.13878587543231805 0.09536314319497662 0.1930474930708022 0.09413302855409399 0.16654305051878163
0.11583419664106094 0.08698645620250423 0.15581268443944693 0.09609865068434931 0.14487255203436453 0.14221998054778326 0.1428570986292715 0.11531838082121919
0.10856881391550192 0.07190868781155492 0.2358852373680324 0.13148936981458478 0.1038419840849804 0.0833646394684956 0.14660083470372362 0.1183404328331263
0.1050983716739269 0.06980224911002868 0.2683506086030766 0.1296710903497932 0.09362480325086496 0.07217530690451748 0.1445735887929784 0.1167039813148139
0.10329277458383042 0.06895307018769406 0.2805616211519748 0.12833959633111705 0.09063166417680199 0.06962656454319653 0.14308907232737977 0.11550563669800534
0.08160287211029392 0.11973493647099576 0.14187277343904303 0.13938829848417889 0.09519786511244462 0.16039566766493377 0.09454162853709525 0.16726595818101464
0.10245574020797196 0.0757672551708966 0.23313240805329505 0.134577490414803 0.09507679979893917 0.08782670626456585 0.15004385871620568 0.12111974137332268
0.10404167391059432 0.0703385194445643 0.26776211590920246 0.13021059134712032 0.09212447566030832 0.07315799937207233 0.14517509214372964 0.11718953221240826
0.09400887783004902 0.13794571515035367 0.1597797813040363 0.16039280342404966 0.08239593154273517 0.13953224592533228 0.08159112174179918 0.14435352308164467
0.10470582972954505 0.07656987636025725 0.24004319674833885 0.13370637923282427 0.09180303392598842 0.08376330793690777 0.1490726347565966 0.12033574130954185
0.10431358253509568 0.07022169815920176 0.2703221682398844 0.12988458296768468 0.09123701786202396 0.07231320843555086 0.14481161712964244 0.1168961246709162
0.12035717885831074 0.08051546586149956 0.20529757469668955 0.09362565239060928 0.14028328336103352 0.1083892413943996 0.13918082056872663 0.11235078286873114
0.14220133007608143 0.09259521365206469 0.2101271886021843 0.10646104089966307 0.1334513236355478 0.10065285057543608 0.11869611574932583 0.09581493680969676
0.11235620474929915 0.07064387392232756 0.25611371304717145 0.1283402479064936 0.09930265451598823 0.07464728395757636 0.14308979878529954 0.11550622311584423
0.1224206560548863 0.08048661605202452 0.20055760732379593 0.09354260943454494 0.142764134502951 0.10891987367331843 0.13905737163702503 0.11225113132145392
0.1084374641153652 0.07029444409841444 0.25305337554542956 0.1293157734089138 0.1018329978955531 0.07650431194821398 0.14417743692008747 0.11638419606802243
0.10444955752131208 0.06924416464182497 0.27467931341662144 0.1288158422989987 0.09265348284420782 0.0706033301671124 0.14362005104082393 0.11593425806909882
0.08183400312885167 0.11980591288999058 0.14056313741921184 0.13943593288575226 0.09565568011954118 0.1608082770060223 0.09457393708772761 0.1673231194629027
0.07717600492755772 0.12502780222489857 0.10940667120306749 0.13878773846536685 0.0955344339606865 0.19338777088347286 0.09413429217650969 0.16654528615844022
0.07596746130084951 0.12500366629515341 0.10202030309669421 0.13809502601297816 0.09502219560116049 0.20451286405139668 0.09366445242619388 0.16571403121557374
0.08858589626080562 0.06668934263409007 0.18785691036499902 0.117870707257086 0.11099221399268765 0.11133735775487667 0.17522272302695174 0.1414448487085032
0.0791462176855143 0.12000521014179377 0.12101738355461028 0.14016985395773154 0.09976122375657097 0.17662455912230085 0.09507172703220051 0.1682038247492778
0.06808153289188203 0.11100221540021017 0.14925343260754065 0.1971303534691231 0.06417379077728938 0.13266200301049424 0.10027935372124959 0.17741731812221082
0.06845906512852466 0.11409844188087444 0.1145166429089858 0.13691813025704933 0.09996506928828335 0.19220639002218384 0.10268859769278699 0.17114766282131164
0.0878503708893268 0.1460368951029665 0.08488137836138504 0.11369187320751618 0.11322999710776592 0.24076648869779174 0.07711274878422836 0.13643024784901941
0.07634953672886306 0.12483732431073755 0.09478879269417684 0.13488944346420342 0.09694376004151989 0.2188335793842564 0.09149023121919884 0.1618673321570441
0.10253613871849424 0.07709591334851089 0.2138420428269501 0.13623290015818848 0.09669006760353166 0.09910381015991487 0.15188951704203998 0.12260961014236964
0.10472954339485488 0.07090312534979214 0.2605313314809404 0.13110501833101693 0.09305019557851016 0.07551395788447832 0.14617231148249196 0.11799451649791522
0.10352896161817948 0.06925691708768925 0.27776143195241354 0.1287802445798912 0.090791732898601 0.07039812950075822 0.14358036224056525 0.1159022201219021
0.1026405374834472 0.06870015853745028 0.28405052393727875 0.12792852695736864 0.08978590972608971 0.06912790844426447 0.1426307606524692 0.11513567426163178
0.10222011231915878 0.06850361934643547 0.28634456761133426 0.12762418788174232 0.0893871426724832 0.06876715578026077 0.14229144529501717 0.11486176909356809
0.08138386201516552 0.11961787871430533 0.14314574594260362 0.139305949343675 0.09489027045124018 0.16000337998315128 0.09448577433744913 0.16716713921240997
0.10236525384976154 0.07572725734960742 0.23363575077176554 0.13451923663319373 0.09497343784421722 0.08773284048457164 0.14997891009700853 0.12106731296987437
0.10400637717633561 0.0703227590339142 0.2679497613323296 0.13018571136242768 0.09208729072734179 0.07313360732395359 0.14514735281751265 0.11716714022618492
0.10310542833716901 0.0690308474800072 0.2804850341088875 0.12842375372887646 0.09036525114307219 0.06982540530052021 0.1431829015454787 0.11558137835598883
0.10245083983915107 0.06861676522123716 0.2850461891941261 0.1277981797932668 0.08961573152100319 0.06896849932537952 0.14248543329189597 0.11501836181394012
0.09351357737684138 0.1373955998069984 0.1640530112843397 0.15999399434111422 0.08177566004352986 0.13788531294491124 0.08138824929526246 0.1439945949070028
0.09549268668924348 0.06868588780178955 0.25183314319021144 0.1373717756035791 0.09273265572058742 0.08204763895364418 0.15207620254038873 0.11976000950055615
0.08037122489213167 0.12008650774171765 0.1354754275160408 0.13990954786432305 0.09585223948731726 0.16551842346634968 0.09489517159493216 0.16789145743718764
0.08916720650949002 0.1449809121304682 0.12552348279738385 0.1609042066594042 0.083095479428286 0.16966365613737217 0.0818512703441317 0.14481378599346373
0.1040380708910463 0.08508160808718049 0.22525083954338926 0.13396328831502086 0.09234368105672154 0.08939648341219648 0.14935906921092623 0.12056695948351877
0.10429181350986318 0.07524153226767812 0.2641755352960975 0.12985822422763016 0.0914492526284371 0.07332901116387491 0.14478222910155183 0.11687240180486715
0.1371072470766258 0.09723581347261456 0.2318625204887609 0.10650135323052803 0.11989903839238315 0.092801748441755 0.11874106098985739 0.09585121790747522
0.08607291009233073 0.12888882246946953 0.12891751412006627 0.13575870670162596 0.09956962487739786 0.1658021552386644 0.09207981845849411 0.1629104480419511
0.10313596599681826 0.08293468723228159 0.22649183358044828 0.13371895907453013 0.095688763342599 0.08859606726494106 0.1490866603413045 0.12034706316707715
0.08115272235507208 0.12812522772207227 0.12902094476957723 0.13867571494764017 0.0957849684866729 0.16677125277383262 0.09405831100796462 0.16641085793716817
0.10215097534133592 0.08298113522771988 0.22687836444542175 0.13402231897274688 0.09504141060686924 0.08888082434141623 0.1494248839890178 0.1206200870754722
0.10380522860559006 0.07494666437221614 0.2647930323254559 0.1297850764962366 0.09195801734923895 0.07320473716481557 0.14470067483983395 0.11680656884661295
0.10281848272213794 0.07296041664372928 0.2787886302105024 0.12792065334901176 0.0901142237482237 0.06964702314555031 0.142621982166734 0.11512858801411059
0.10209995506546196 0.07235391905916982 0.2839133133513932 0.12723863736965754 0.08930029785246196 0.06871751842269481 0.1418615852464689 0.11451477363269177
0.11901367745757938 0.08438248144799732 0.20890324734761426 0.09282883649683561 0.13875227522497904 0.10672857800364477 0.1379963002251467 0.11139460379620274
0.09558890552864262 0.14578038461936438 0.14273236910891984 0.1569455515923563 0.08970536083601237 0.14815891215851554 0.07983751972306821 0.14125099643312067
0.11935436339719557 0.09631727433565083 0.16497238969868272 0.09460595935814842 0.14133476695387304 0.12924998230918514 0.1406381127174863 0.11352715122977808
0.10863310649223903 0.07704736755780213 0.2386400695305136 0.13024172549237098 0.10240422468126796 0.08060614891043207 0.14520980439224043 0.11721755294313387
0.09438967015976808 0.14576559158531482 0.15150467048403363 0.15919546997266132 0.08379448978292263 0.14109214161902883 0.08098204342087555 0.14327592297539518
0.07375124563784358 0.11220231654556544 0.11382147911000003 0.13464277985467854 0.10303930269724283 0.19325731644531258 0.1009820848910089 0.16830347481834815
0.08776663865901783 0.15517619710045305 0.08371685930601959 0.11191842507363407 0.11256616537789867 0.2386437160838032 0.07590988831081268 0.13430211008836088
0.10390933829585416 0.08657003091366573 0.20586749582947084 0.13362241022795937 0.09889526458423223 0.10189627536113835 0.14897901558251586 0.12026016920516341
0.10481956862279665 0.07582371441398793 0.25665659354511583 0.1305466452630839 0.0932971296584806 0.07581460057838103 0.14554976718137863 0.11749198073677551
0.10331871431660185 0.07326423887339897 0.27576204898061335 0.12828304889489756 0.09062631351484553 0.0702648652582821 0.14302602615595292 0.1154547440054078
0.08115413946646716 0.12597704806796806 0.1401931963331831 0.13839892832571885 0.0946469018273204 0.15968049451538358 0.09387057747309627 0.1660787139908626
0.10179260482965127 0.08242300649210908 0.23134464089703805 0.13353793944208672 0.09446821060827494 0.08736461527290401 0.14888483696005786 0.12018414549787805
0.08091352985207423 0.12801771884730664 0.1301133062151112 0.13866932581623626 0.0955238316131993 0.1663051191664461 0.09405397751014286 0.1664031909794835
0.0881736499492234 0.15704821817472592 0.12274247741411218 0.15855472420443945 0.08203435014883323 0.16809122949023803 0.08065609883443224 0.1426992517839955
0.1304597854799678 0.09433552744879718 0.19128807527045946 0.11320263293855663 0.12733955799053806 0.11936497791390205 0.1253199680882678 0.09868947486951091
0.08475092079762692 0.12818178018729956 0.1195542490397216 0.13576543804724955 0.10103062436861675 0.175714077835956 0.09208438406683012 0.16291852565669943
0.07660394725997415 0.1352751151665028 0.10340319227591721 0.13646143259246216 0.09535920602661964 0.19658693763529075 0.09255644993227868 0.16375371911095457
0.10182170500108931 0.08449175965805511 0.21639034596284556 0.13497441997956164 0.0956539182483086 0.094704467609232 0.1504864055593023 0.12147697798160546
0.10409797401591855 0.075404420985484 0.2608581313465695 0.13028108320533394 0.09241240183445652 0.0744393284223856 0.14525368530505142 0.11725297488480053
0.10302327177218254 0.0731180517333696 0.27734025824068154 0.12810991646258596 0.09032940527018453 0.06994717529041222 0.14283299641425629 0.11529892481632735
0.08109549905347149 0.12593521894882423 0.14054446695183823 0.13838297485637704 0.09457595845232604 0.1595465550504028 0.09385975685910791 0.16605956982765244
0.10137904334072396 0.08621973514841397 0.23077632297334935 0.13281972985991217 0.09410013755488517 0.08708318737513135 0.14808408687366326 0.11953775687392094
0.10322052001902488 0.07775156432838061 0.2658158654072826 0.12909413420066296 0.0913954817664363 0.07260738775448869 0.14393032574312722 0.11618472078059666
0.08083601973632099 0.13065086553505137 0.1375421671130963 0.13777977015025938 0.0944550793170552 0.1599497472572948 0.09345062671061072 0.16533572418031123
0.10138915795608255 0.0870240639034394 0.22952981392241675 0.1329049109805829 0.09414143932468466 0.08721713656385813 0.14817905746641108 0.11961441988252462
0.103265036086138 0.07790717901437334 0.2653458475581245 0.1291510365311234 0.0914415374539027 0.07265966288317903 0.14399376759514804 0.11623593287801105
0.10243670598242922 0.07555624867595513 0.2786275035280601 0.12744785182469814 0.08977193496496969 0.06936184463083918 0.14209484375082018 0.11470306664222836
0.10178652830078624 0.07484834681804171 0.28350900910257637 0.12681451718171144 0.08902223239734726 0.06849757784832756 0.1413887228876693 0.11413306546354028
0.10147274584184418 0.07461473134289946 0.28530290886781084 0.1265859247342352 0.08872229708289212 0.06824020050163541 0.14113385936787118 0.11392733226081168
0.11851448764861566 0.08716390319552257 0.20901346378181412 0.09246256300589514 0.13816430169498306 0.10627439498568979 0.13745181008040533 0.11095507560707417
0.10663857295546651 0.07738471960346717 0.2552720227777975 0.12776984057120155 0.10007792544736649 0.0754102249564587 0.14245383717416055 0.11499285651408142
0.10338505876394163 0.07559991200053526 0.27460306875434554 0.12762505887839407 0.09169919505289253 0.06993273716805219 0.14229241639128412 0.11486255299055464
0.09270279698708342 0.1491078459074714 0.15999576273279373 0.15788537412951026 0.0812645524721323 0.13663122769291622 0.08031560336153348 0.14209683671655923
0.11799483616593076 0.10187185658064882 0.17004744432066646 0.09398024875346082 0.13791350979380052 0.12570785400306037 0.13970795187827909 0.112776298504153
0.08213920196265717 0.1346623718434096 0.11428958635368096 0.13506901295510795 0.10283411678389835 0.17731086837686932 0.09161202617824714 0.16208281554612952
0.07556653034966639 0.14277365869184594 0.10151651599541243 0.13521377284666952 0.09504149926327582 0.19592128428895067 0.09171021114817586 0.1622565274160034
0.07415766346472939 0.14435545066835026 0.09837165405157837 0.13476705075299952 0.09307750981858555 0.20214299330768817 0.09140721703246925 0.16172046090359943
0.10092723083545019 0.09019290714736132 0.21342652279369068 0.13433412716239432 0.0949033839219854 0.09554258684175636 0.1497725268512068 0.1209007144461549
0.08033545520662948 0.13381336819059853 0.12551797676807036 0.13782731484675217 0.09511237970046428 0.16851785305358533 0.09348287441779714 0.1653927778161026
0.07546842827504958 0.14294837323626125 0.1042612508983044 0.13567772352878407 0.09367846707968812 0.1931275980061095 0.09202489074126223 0.16281326823454084
0.10108914730045991 0.08982824571298346 0.21590842130207166 0.13415375323703627 0.09488786491657994 0.09382276623236285 0.14957142338517324 0.12073837791333263
0.0611847190188089 0.10180408993103023 0.15357903630747724 0.1678856593990033 0.07241030217142472 0.12780312856195378 0.1138702733314979 0.20146279127880398
0.09739139346690506 0.06924817961439193 0.24835146765605748 0.13849635922878387 0.09144356661196239 0.08100745484218946 0.1533211628417957 0.12074041573791412
0.0954359438724054 0.15369265456887155 0.11129497808349924 0.11513366519737502 0.11299949039584663 0.19519220977214988 0.07809065987300216 0.13816039823684997
0.10448312880068632 0.09045480465204972 0.21655348010035586 0.13182705115647494 0.09781602603033411 0.09324383901944047 0.146977324199831 0.11864434604082746
0.10428909093123453 0.0786655674166222 0.2602109697890523 0.12951258401325239 0.09247793876930256 0.07388565741204248 0.14439686605656643 0.11656132561192713
0.10282944517560884 0.07579160704232349 0.2766967547562647 0.1276591179860624 0.09012498340731873 0.06967449569035594 0.14233038975460985 0.11489320618745616
0.08073939567312188 0.1300768444268153 0.13998946104188745 0.13768172558289873 0.0941469643985844 0.15876341126011734 0.09338412691709654 0.16521807069947844
0.07565783713425173 0.14221281135780037 0.10761282296969195 0.13588067069873164 0.09362228058987941 0.18979423054594036 0.09216254186522668 0.16305680483847793
0.08602864758170675 0.1672528974523098 0.11563599757024966 0.15632480222130193 0.08070449081943906 0.17383909513889792 0.07952174721692315 0.14069232199917173
0.07695931205439717 0.11125627193221552 0.10524092642099854 0.13350752631865861 0.10157350575889477 0.20444740487751817 0.10013064473899397 0.16688440789832323
0.08751517072119884 0.16030140784378882 0.08136001049520823 0.11060033879091946 0.11108563729946808 0.24140114633777673 0.07501588196253667 0.13272040654910336
0.07460826120590197 0.14591131835382198 0.09191717956306751 0.1312118543637414 0.09446760090892037 0.2154336939300414 0.0889958664380159 0.15745422523648964
0.10105949243452336 0.09048934120676262 0.2104175143687488 0.1342817648255461 0.09523812589770579 0.09794602617046387 0.14971414675325811 0.1208535883429915
0.1373065084010327 0.1043802541752695 0.21332204142984862 0.10744842690609056 0.1219780396909357 0.09906416772037192 0.11979697746096962 0.09670358421548149
0.12704988384010457 0.09158717243359774 0.18413892485375433 0.09126940828186277 0.14755706231685736 0.11319615288971423 0.1356781054458736 0.1095232899382353
0.08384534593047192 0.13206636709408476 0.11759991650126982 0.13505553690223068 0.10502610264821807 0.17273720074214352 0.0916028858989043 0.1620666442826768
0.10252572417851344 0.08762226034303706 0.22107710231192196 0.13338989828521217 0.09679834531546389 0.08981597899117036 0.14871978211799025 0.12005090845669095
0.10378691863259298 0.07819791646551662 0.2621017481094849 0.12949320358468483 0.09222278378984683 0.07327828786664317 0.14437525832501427 0.11654388322621634
0.10266157561326933 0.07568079573293406 0.27741647703846706 0.12759118164589323 0.09002568667108117 0.06953757401185387 0.14225464580519737 0.1148320634813039
0.10187752509310365 0.07489752824329313 0.28306067021805903 0.12686905514469476 0.0891093376703148 0.06855420535391084 0.14144952864639848 0.11418214963022527
0.1015081643791285 0.07463340194599284 0.2851373321182801 0.12660617479366382 0.08875312469369527 0.0682598080820065 0.14115643667293562 0.11394555731429744
0.10135491563012307 0.0745405963158761 0.28590190161565227 0.12651067449388903 0.08861905739918509 0.06816328653519947 0.1410499609655748 0.11385960704450013
0.10129480412258364 0.07450726530735 0.28618363466009034 0.1264758144497466 0.08856929785711933 0.06812985598048622 0.14101109461785177 0.11382823300477193
0.11845043804979451 0.0871316254500463 0.20928121374508318 0.0924467051021674 0.1380955497578714 0.10623018553100534 0.13742823624143094 0.11093604612260088
0.10661508212714366 0.07737330326910147 0.2553763351145109 0.1277587159857666 0.10005554050732532 0.07539674451736857 0.14244143409159352 0.11498284438718993
0.12018161747057046 0.08788477196533732 0.19955588116909712 0.09272939440174753 0.142129818516273 0.10839477032302576 0.13784847287185156 0.11127527328209703
0.10731223054990624 0.07770675086563855 0.2515446928132257 0.12812583750821585 0.10117506210818672 0.07597142520543687 0.14285074719199586 0.11531325375739426
0.10365890142044747 0.07573919605992054 0.2731981236866983 0.12778542441591423 0.09203155199791868 0.07010870844673629 0.14247121199804166 0.11500688197432281
0.10222308188486921 0.07499511010907144 0.2814619735192512 0.12702352988893734 0.0896239173598086 0.06872945387975561 0.141621756458263 0.11432117690004362
0.10163642069754449 0.07468585473654762 0.28454161872799144 0.1266734556778548 0.08890211215708395 0.06832297805506121 0.14123144983784705 0.11400611011006932
0.13523898414868757 0.09944299539306958 0.23812887522169926 0.10547447035450704 0.11825222478107336 0.0909392635657623 0.11759616321614443 0.09492702331905634
0.0957937211595909 0.06867546375067472 0.23319732881985203 0.11050576448595446 0.11083067780674517 0.08411588565670793 0.16427424093732934 0.1326069173831454
0.11799196670424657 0.08689467525908562 0.19305058762333474 0.09341772754421482 0.14637691180692414 0.11129513168967671 0.13887172631945963 0.11210127305305777
0.10704316845668381 0.07773303588758798 0.24905517759571436 0.12844255648730324 0.10228973207597906 0.07663416344022488 0.14320386521793363 0.11559830083857293
0.10368428861507596 0.07580877734011622 0.2722718848513211 0.12790297605630538 0.09233825804306367 0.07027886333887547 0.14260227330456735 0.11511267845067484
0.08090159696821417 0.13009777377692852 0.1390021813832673 0.1377047189674661 0.09463485800320036 0.1590134857098567 0.09339972243010745 0.1652456627609593
0.1013548583912832 0.0868947704821646 0.23010808650563414 0.1328368814606376 0.09413364674367874 0.08701535347352603 0.1481032096285019 0.11955319331457383
0.10323666679818512 0.07787156326606502 0.2655622844715488 0.1291230182599135 0.0914216804729545 0.07261154098374618 0.14396252931366477 0.11621071643392217
0.1024227463614952 0.07554512250027098 0.27870743471377635 0.12743755305035273 0.08976122927698824 0.06934875496580849 0.1420833613859903 0.11469379774531746
