0.125 0.125 0.125 0.125 0.125 0.125 0.125 0.125
0.13585418317672365 0.10698516925166987 0.16302501981206838 0.12838220310200385 0.11843698020534883 0.0932691219117122 0.14212437624641858 0.11192294629405464
0.125141368457372 0.08778544841472576 0.1337683023462488 0.10534253809767093 0.13934198161067582 0.1097318105184072 0.167210377932811 0.13167817262208864
0.08272190976931156 0.1236939464809192 0.08905964146626183 0.14843273577710303 0.10460886185104935 0.15461743310114898 0.11132455183282727 0.1855409197213788
0.07860116584184224 0.12169985552769641 0.08762389597994141 0.1460398266332357 0.1000973498674697 0.17385825288334325 0.10952986997492677 0.1825497832915446
0.11554543121665757 0.08477131398329882 0.1291753355935982 0.10172557677995858 0.15699253229084528 0.12316366966869562 0.16146916949199774 0.12715697097494824
0.11178451178451179 0.09023569023569024 0.13973063973063973 0.1127946127946128 0.13414141414141414 0.10828282828282829 0.16767676767676767 0.13535353535353534
0.11724267234088567 0.0835034648373475 0.1272433749902438 0.10020415780481699 0.17243172114371924 0.11506519288916088 0.15905421873780476 0.12525519725602124
0.07196723494873403 0.1273266464477602 0.08995904368591753 0.15915830805970027 0.09985596902583432 0.15279197573731224 0.10795085242310104 0.1909899696716403
0.11938797945790741 0.08386189317978786 0.1277895515120577 0.10063427181574543 0.16286231599154963 0.11993420888319828 0.1597369393900721 0.12579283976968178
0.07128612869912988 0.12612161231384517 0.08910766087391235 0.15765201539230647 0.10837503642472918 0.1513459347766142 0.10692919304869483 0.18918241847076778
0.11043656021888164 0.0749300335912548 0.19029849800953602 0.1498600671825096 0.10321203632103286 0.07471431194525821 0.1659012546749801 0.13064723805654685
0.12943793792311245 0.08123505648156515 0.1466903242071138 0.09748206777787817 0.15964825661847631 0.10892033135223962 0.15473344091726693 0.12185258472234771
0.06152582344735973 0.10885337994532876 0.0536378973643649 0.09489781841387636 0.16630688938193014 0.21770675989065752 0.1072757947287298 0.18979563682775272
0.09351421572537245 0.07548737895903561 0.1870284314507449 0.15097475791807122 0.1208537044517092 0.06793864106313204 0.16832558830567043 0.13587728212626407
0.14966508016043348 0.09685586642220097 0.17456897807185046 0.11622703970664118 0.14264347523620208 0.09004531251757246 0.12866811070495074 0.10132613718014871
0.08331588764785214 0.14740503199235377 0.08467228554838595 0.12850695096769305 0.13784422798313667 0.17688603839082456 0.08716123630852222 0.15420834116123167
0.09240046615226247 0.07458832809881429 0.19954722275866016 0.14917665619762857 0.11657800185176358 0.06712949528893285 0.1663208390740724 0.1342589905778657
0.1138964695642883 0.07154360927451445 0.21729295084947398 0.1430872185490289 0.10455180516471457 0.06648181042159447 0.15840343282594976 0.12474270335043544
0.09112376102945091 0.1149559653984868 0.11511932707355275 0.13794715847818417 0.1116330547641835 0.15332641629977348 0.10346036885863814 0.17243394809773022
0.07309518149001654 0.09697045260584765 0.06318126616276389 0.08727340734526289 0.15290328278639423 0.2473015061048736 0.10472808881431546 0.17454681469052577
0.0830797792874408 0.1469873018162414 0.0801910202900841 0.1281427759423643 0.14452879871437374 0.1763847621794897 0.08691423063916882 0.15377133113083719
0.09013303338281003 0.07275799080299122 0.2053258913339429 0.14551598160598245 0.11635851049031186 0.07670474884951932 0.16223946008905804 0.1309643834453842
0.08573123777701384 0.1137847004019105 0.11237516142745285 0.1365416404822926 0.11650406862760128 0.16197991031914366 0.10240623036171945 0.1706770506028657
0.07309958459649266 0.09600156521308324 0.06238631209500309 0.08640140869177491 0.15732550325246256 0.2483011183375039 0.10368169043012988 0.17280281738354983
0.06673246569172764 0.1180651316084412 0.09558570475619614 0.1475814145105515 0.11848896350836956 0.17634992397446075 0.10009869853759146 0.1770976974126618
0.08083700264372526 0.11128194949118174 0.09406941745292688 0.1335383393894181 0.11468470045634219 0.19851191178756977 0.10015375454206359 0.1669229242367726
0.06599741769831169 0.11676466208162836 0.10075596055784045 0.1459558276020355 0.1070567073565941 0.18932630503367978 0.09899612654746753 0.17514699312244256
0.10721045355249621 0.0697412446773193 0.20996448857584374 0.1394824893546386 0.1035808747013253 0.09400748078581148 0.15441284942800854 0.12160011892455674
0.11020335227881352 0.13608347966588882 0.1120896416545804 0.12247513169929992 0.1365458622255142 0.21726110468184817 0.09185634877447495 0.07348507901957996
0.06482661446859236 0.1146932409828942 0.10286906798276703 0.14336655122861774 0.11328132127020218 0.1916834208896967 0.09723992170288856 0.17203986147434128
0.08783542037429061 0.0709032911455117 0.2184189386199045 0.1418065822910234 0.1097364537356516 0.08556963309797416 0.1581037566737231 0.12762592406192103
0.10790474208311092 0.06608789118482072 0.2593371468956239 0.13217578236964145 0.09928423375504465 0.07365601002791755 0.1463240244385123 0.11523016924532845
0.07838320308596206 0.13867797469054824 0.11915219012719035 0.120898747166119 0.12697120939002518 0.18883728955857515 0.08200088938223721 0.14507849659934277
0.08594195106140072 0.06937482796522709 0.23002149517697962 0.13874965593045419 0.11255214571374439 0.08378972190426401 0.1546955119105213 0.12487469033740875
0.08160784990479543 0.06587621618820835 0.28322875243691625 0.1317524323764167 0.10361561836207625 0.06844781176418022 0.14689412982863176 0.11857718913877503
0.0786499304666979 0.06348849808757542 0.3124001021642743 0.12697699617515085 0.09812907954645174 0.06450622216215804 0.14156987484005623 0.11427929655763575
0.07676640279322683 0.061968060086098765 0.330207615654071 0.12393612017219753 0.09474954000607647 0.06265022810554323 0.13817952502780828 0.11154250815497778
0.06258594897263266 0.11072898664388854 0.17702586470128231 0.1384112333048607 0.10231694669414726 0.1489586162584068 0.09387892345894899 0.16609347996583282
0.08186759187888312 0.06608588742030325 0.27064015040667977 0.1321717748406065 0.10148572666276683 0.08143260605222495 0.1473616653819896 0.11895459735654586
0.0776436862533978 0.06267622866238137 0.3169968582678164 0.12535245732476274 0.09668176532746438 0.06807315731577496 0.13975863525611606 0.11281721159228646
0.07531957655855473 0.06080014011353213 0.339914587885004 0.12160028022706426 0.09300115232731912 0.06434877287876933 0.13557523780539849 0.10944025220435785
0.06168216624204383 0.10912998642823139 0.18284293111104902 0.13641248303528922 0.10076176383102346 0.1529524403469501 0.09252324936306575 0.16369497964234708
0.08069650772769478 0.06514055443078977 0.27613552461812463 0.13028110886157954 0.10002601726583488 0.08521357521070409 0.1452537139098506 0.11725299797542157
0.10378662128745204 0.08377956176216007 0.2727184303788307 0.1047244522027001 0.12912583011045678 0.09485314832758672 0.11675994894838355 0.09425200698243008
0.08368089349775844 0.06053860534092305 0.3182885911278526 0.1210772106818461 0.1018407514717044 0.07061240396873289 0.13499205429752095 0.10896948961366149
0.08074678306078169 0.05962311370072292 0.34153769996945915 0.11924622740144585 0.09310844543311386 0.0654654811927573 0.13295064458041797 0.10732160466130126
0.07953302696316866 0.05887516695756196 0.35290372219214167 0.11775033391512392 0.08982312902865962 0.06385648544272125 0.1312828349770113 0.10597530052361154
0.10759511173730858 0.07972316124907794 0.3054772116051406 0.09965395156134745 0.12059423775569039 0.0861610505573769 0.11110671912884558 0.08968855640521269
0.1047879397263276 0.06938026217470679 0.2466570618041184 0.08672532771838348 0.15329279611004654 0.10616319471553602 0.12892302448882081 0.10407039326206018
0.10508715866784649 0.06998020428018449 0.2210699843273903 0.08747525535023061 0.1691052192606418 0.11227402941159424 0.13003784228183538 0.10497030642027672
0.07665838249669185 0.10557248121418027 0.14452808014001875 0.13196560151772535 0.1213092510692792 0.17210037810272497 0.08950710363810938 0.1583587218212704
0.10932463219751751 0.07367955379681526 0.18069589376321704 0.09209944224601907 0.16208907127709773 0.13468006934196872 0.1369120066821418 0.11051933069522288
0.1029373266174888 0.06170560934097898 0.26923645460137247 0.12341121868195797 0.11479590090401134 0.07924909400248419 0.1375942990379442 0.11107009681376218
0.09819879012390233 0.05979494756851856 0.31597385069843986 0.11958989513703712 0.09816905197116697 0.06730875041884547 0.1333338084587563 0.10763090562333341
0.09502365050157618 0.05838992776242857 0.33899353290323786 0.11677985552485715 0.09166049783974849 0.0638498415001561 0.1302008239956243 0.10510186997237142
0.07806560416746001 0.10579864242446681 0.18320614247266787 0.1322483030305835 0.09926782141254857 0.15301667384352502 0.08969884901204794 0.15869796363670016
0.09912811533710718 0.06325082071053639 0.27407682365686387 0.12650164142107279 0.0984822760192305 0.08366895581272919 0.14103988976349457 0.1138514772789655
0.08139127547041068 0.1069454859715069 0.1627207042363413 0.1336818574643836 0.10190594881882552 0.16226532619238543 0.09067117288888628 0.16041822895726032
0.11572052503852155 0.07324397966105867 0.18860618991191822 0.09155497457632333 0.1533898158111231 0.13151592658705225 0.136102618922415 0.10986596949158799
0.1085925892602727 0.06100008840734567 0.2727331168667121 0.12200017681469134 0.11182770753969241 0.07802506932048962 0.13602109265757378 0.1098001591332222
0.08459057136661932 0.106186256837269 0.16217833554204833 0.13273282104658624 0.10579299423231331 0.1592121570963583 0.09002747862290199 0.1592793852559035
0.10400259691843433 0.06360842182813603 0.2623584857386352 0.12721684365627206 0.10119092104996151 0.08529028463547525 0.14183728688244063 0.11449515929064485
0.12216228145690065 0.07017097350878385 0.22911329418004808 0.0877137168859798 0.14821115190998696 0.10697979042432511 0.13039233137079984 0.10525646026317577
0.10943128879687473 0.05935874102962032 0.2930499206215576 0.11871748205924064 0.10822960912519879 0.07200609153172459 0.13236113298246677 0.10684573385331657
0.10362308277687485 0.05832735708914556 0.3266661653758119 0.11665471417829112 0.09498260155911717 0.06469553552718779 0.13006130073310965 0.10498924276046201
0.10053012134982617 0.05742277106197053 0.3432313136891906 0.11484554212394106 0.09003586581712614 0.06252918914104928 0.1280442089053492 0.10336098791154695
0.09890582432790665 0.05692864776398303 0.3512090556841327 0.11385729552796606 0.0880135817765244 0.06167164124373473 0.12694238770058305 0.10247156597516946
0.09808209897046033 0.056683869027165025 0.3550171264422256 0.11336773805433005 0.08713623673578841 0.061285398869514826 0.12639656765161872 0.10203096424889704
0.09404342289234278 0.11936800316308423 0.21472593961541103 0.14921000395385528 0.0835162316198558 0.12894491492480267 0.07590248027217857 0.13428900355846976
0.08322640110628088 0.10755247824400072 0.14357126353991354 0.1344405978050009 0.09791154656878244 0.18078319859793288 0.09118579677208756 0.16132871736600105
0.13911664688814607 0.08456449286093765 0.2077525385220864 0.10570561607617206 0.13158929894085344 0.11828247879712937 0.1178538734461202 0.09513505446855484
0.11781220657419603 0.05994134307311354 0.2817765900186804 0.11988268614622707 0.10440547052380117 0.0746270375484497 0.13366024858392778 0.10789441753160435
0.10216511710843891 0.12090292773928606 0.18902587202939222 0.15112865967410757 0.08884455126157732 0.1350385863854117 0.07687849209508951 0.1360157937066968
0.08617893826078936 0.10771981262613078 0.13555764658313157 0.13464976578266347 0.09959812604132039 0.18338832454026602 0.0913276672265022 0.16157971893919618
0.1076256964973463 0.064432202826566 0.2480698641699502 0.128864405653132 0.10076000687723308 0.09059566333140186 0.14367419555655167 0.11597796508781882
0.10791903405776965 0.06007660841135445 0.30494136043879405 0.1201532168227089 0.09520403580597842 0.06960597922360806 0.13396187009934854 0.10813789514043799
0.10490139468425487 0.05799844042737229 0.33252583184812057 0.11599688085474458 0.09090643185103638 0.06394596189580674 0.12932786566939433 0.10439719276927012
0.10257459884955017 0.05706180874702157 0.3457344385395792 0.11412361749404314 0.08848858954452773 0.062066374262654114 0.1272393168179854 0.10271125574463881
0.10122765654423119 0.05663629293087148 0.35203125562698756 0.11327258586174296 0.08726534477791317 0.06133105692489075 0.126290480057794 0.10194532727556867
0.10052328867794225 0.05643973120788161 0.35502836064827564 0.11287946241576322 0.08667170083638112 0.06101376328647203 0.12585217675309718 0.1015915161741869
0.0846150467990957 0.10432021950445128 0.1881861379674065 0.1304002743805641 0.09729649294284083 0.15025609565606024 0.08844540349290435 0.1564803292566769
0.12035727549305598 0.07209667634717243 0.1985760859187762 0.09012084543396554 0.14985926804460056 0.12687414461147697 0.13397068963019354 0.10814501452075866
0.11315318028571524 0.060205544543524774 0.2770644077161448 0.12041108908704955 0.11008988230375853 0.07645653745557288 0.13424937842988957 0.1083699801783446
0.10780098328944915 0.05861276514938796 0.3184031810812627 0.11722553029877592 0.09598031800498602 0.06577652679800776 0.13069771810923225 0.10550297726889833
0.10425559763471542 0.05743597425239981 0.3388159965745348 0.11487194850479962 0.0904054811930268 0.06275659813682288 0.12807365004938104 0.10338475365431966
0.10221746152845927 0.056819943895506174 0.34867147617009114 0.11363988779101235 0.08804256702033306 0.06163277028434929 0.12669999429833764 0.10227589901191113
0.0852581585244519 0.10442698695160103 0.18618840933759928 0.13053373368950127 0.09778303708631306 0.15063327026329643 0.08853592371983567 0.15664048042740153
0.1048279625518527 0.0626084585921911 0.2746104690317097 0.1252169171843822 0.09773820592670923 0.08269524313268334 0.13960751811452762 0.11269522546594397
0.10588241828471523 0.05913396173020989 0.3180163224233903 0.11826792346041978 0.09310177620419177 0.06729655808876446 0.13185990869393072 0.10644113111437781
0.10384453968004106 0.057543098813923034 0.3388011170838641 0.11508619762784607 0.08972865945151709 0.0631062876449097 0.1283125218328373 0.10357757786506147
0.10216307901801742 0.05683752360030185 0.3486950834595451 0.1136750472006037 0.0878760149240212 0.06170651490077209 0.12673919441619547 0.10230754248054331
0.10117030081218285 0.05651927311562691 0.3533991393597434 0.11303854623125383 0.08695036416528684 0.061158141372334975 0.1260295433354427 0.10173469160812845
0.10064626621005504 0.05637276097193531 0.35563562814390726 0.11274552194387062 0.08650433750338794 0.06092167235486587 0.12570284312249452 0.10147096974948355
0.12018629505622695 0.06741186987140198 0.26691726908441876 0.08426483733925247 0.1377542608998742 0.09708232265829651 0.12526534028342604 0.10111780480710296
0.08927474848705425 0.10343236156424025 0.15889893036841546 0.1292904519553003 0.11236528312455343 0.16389702778439402 0.08769265436968195 0.15514854234636036
0.10714324813895865 0.06320111653514761 0.2596240357555517 0.12640223307029522 0.1030920109208135 0.08584628894505636 0.14092905687091123 0.1137620097632657
0.08735194520589941 0.1062787141187033 0.15799461631520934 0.1328483926483791 0.10353388070138604 0.16246851351433683 0.09010586631803105 0.15941807117805493
0.08257791167668152 0.1075373656493334 0.12536505601530584 0.13442170706166673 0.10385551531918721 0.19376341188373836 0.09117298392008702 0.1613060484740001
0.1071513368436803 0.0647098536457015 0.24245218691632137 0.129419707291403 0.10266183852506346 0.09283402477276433 0.14429331544280305 0.11647773656226271
0.10830150419859733 0.06021848949389902 0.3020542454634668 0.12043697898779804 0.09616909958884248 0.07014815744123624 0.134278243737142 0.10839328108901823
0.12469946610468509 0.06867318650354795 0.24479675720027685 0.08584148312943495 0.14426678633279433 0.10110341082928648 0.12760913014465253 0.10300977975532193
0.14827799251726764 0.07745884258426049 0.248620568420695 0.09682355323032561 0.14083925994943164 0.09288754917721433 0.10795103621351228 0.08714119790729305
0.11091241092715073 0.11858677165829924 0.17596699753343994 0.14823346457287404 0.09783972538522646 0.13964479287252618 0.0754057189348968 0.13341011811558662
0.08851372531707692 0.10727636900202046 0.1312052315052078 0.1340954612525256 0.10227328592821458 0.1847696693380371 0.09095170415388693 0.16091455350303072
0.108722489385917 0.06444706252466599 0.24543614563005756 0.12889412504933198 0.10186963702658232 0.09091849737359713 0.14370733046544923 0.11600471254439877
0.12691138090411555 0.07020016253638568 0.22159683273032638 0.08775020317048211 0.14923959455916652 0.10855501161166158 0.13044657068328383 0.10530024380457853
0.11392865265971364 0.05923784088558991 0.2884977621187453 0.11847568177117981 0.10890360619931537 0.07223679906531763 0.1320915437060766 0.10662811359406184
0.12658448209749004 0.06847147580824729 0.2383506042361115 0.0855893447603091 0.1496328765311039 0.10142969333008674 0.1272343095242804 0.10270721371237092
0.1128260103141212 0.058586187619031824 0.29687887034518307 0.11717237523806365 0.10811818032430838 0.07032478426170113 0.13063845418333364 0.10545513771425728
0.10670652328922942 0.057851228440208464 0.32791962153080156 0.11570245688041693 0.09470523428222952 0.0639831194747815 0.12899960490995738 0.10413221119237524
0.10352145885599914 0.057075620152028154 0.34330612899734025 0.11415124030405631 0.08983480110508621 0.06210452012209288 0.12727011418974635 0.10273611627365067
0.10185738939861226 0.05663763900865061 0.3507515641238484 0.11327527801730122 0.08788826818426085 0.0613486294414213 0.12629348161033432 0.10194775021557109
0.08521627550385454 0.10431854764406218 0.1868239030823268 0.13039818455507773 0.09792563550435912 0.15039564619817378 0.08844398604605272 0.15647782146609326
0.10480575604809478 0.0625513892490029 0.2748738331762807 0.1251027784980058 0.09799185376567962 0.08260162661770055 0.13948026199703037 0.11259250064820524
0.10589718881389096 0.05908846414978276 0.31808450654586146 0.11817692829956553 0.0933942051191908 0.06724101572183763 0.1317584558802619 0.10635923546960899
0.10388150231713539 0.057505075421597746 0.3387774388778639 0.11501015084319549 0.09002459886638224 0.06306436257186407 0.12822773534308513 0.10350913575887594
0.10221058682288572 0.05680364434982757 0.3486306957460295 0.11360728869965514 0.08816683569408491 0.061670740113585164 0.12666364874424235 0.10224655982968962
0.101222338522543 0.05648748424643094 0.35331745019308664 0.11297496849286189 0.08723630561574675 0.061125322384012026 0.12595865890174301 0.10167747164357568
0.10070013064785721 0.05634196617316496 0.35554684885295146 0.11268393234632992 0.08678715211282788 0.060890255437696425 0.12563417531747528 0.10141553911169693
0.10043761234816269 0.05627399461773903 0.3566076051476235 0.11254798923547805 0.08657330703129394 0.060783692413888785 0.12548260889388374 0.10129319031193025
0.10030886525286085 0.05624196526391035 0.3571124353781895 0.1124839305278207 0.08647191494581816 0.06073416294101558 0.12541118821534633 0.10123553747503863
0.08475006454695332 0.10418418040209773 0.18881990333381338 0.13023022550262217 0.09741886133559531 0.14999042828268866 0.08833006599308287 0.15627627060314658
0.13845082559560912 0.08274146473540167 0.2283457979222896 0.10342683091925209 0.12945454241033347 0.10918319253503896 0.11531319805474821 0.09308414782732688
0.11732980854494209 0.05909587973595689 0.2920532004366466 0.11819175947191378 0.10301658742420312 0.07216518933098882 0.13177499153062625 0.10637258352472238
0.1083899180762325 0.05803861571872423 0.32558556827858126 0.11607723143744846 0.09354446200705654 0.06447724561545631 0.12941745057279702 0.10446950829370362
0.10416360206638357 0.057151114605054905 0.3421762285016408 0.11430222921010981 0.08963450174668353 0.06226186202886119 0.1274384555521672 0.10287200628909883
0.10211400392994735 0.05666960988968494 0.3502035604528998 0.11333921977936988 0.08789660802390596 0.06140692821949153 0.12636477190326764 0.10200529780143291
0.1209026544027027 0.06747081346125482 0.2645722378047467 0.08433851682656851 0.13884798020264916 0.09728670732025223 0.12537486978994364 0.10120622019188222
0.1279011591149086 0.06739408591058856 0.2259019007536181 0.08424260738823569 0.1613784281372875 0.10685839586129547 0.1252322939681832 0.10109112886588283
0.11366297585546624 0.058731170716450475 0.29005691883732865 0.11746234143290095 0.11191582046135044 0.07149292055558341 0.13096174485130896 0.10571610728961084
0.143579583317825 0.07765095519123173 0.2714419884245584 0.09706369398903965 0.1285505874945326 0.08613709175415057 0.1082187752385263 0.08735732459013569
0.11632970985491553 0.057408790997715176 0.3132189379007004 0.11481758199543035 0.10042046106188472 0.06645565894482992 0.12801303544863651 0.10333582379588732
0.10695236815087232 0.05728516470006201 0.33576179070345086 0.11457032940012402 0.0918145761737684 0.0627651071550546 0.12773736725655618 0.10311329646011162
0.10322672690211863 0.056813396650291004 0.3470342824956178 0.11362679330058201 0.08870810684335304 0.06164118491880484 0.12668539491870862 0.10226411397052382
0.1016079325557261 0.0565147134206597 0.3525159270169837 0.1130294268413194 0.08743601173672935 0.061150128375176964 0.1260193758962173 0.10172648415718746
0.10087076322925255 0.05635854406222379 0.3551509700967956 0.11271708812444758 0.08687430239885859 0.06091181124065434 0.12567114153576467 0.10144537931200283
0.10052725962263158 0.0562814186509919 0.3564112187358945 0.1125628373019838 0.08661632216014174 0.06079522657659827 0.12549916337997297 0.10130655357178542
0.12016365037173266 0.06733892503669016 0.2671483799456239 0.0841736562958627 0.13807704849121957 0.09696015876550845 0.12512979353832723 0.10100838755503523
0.08933200248690447 0.10336051110370782 0.15894548780724957 0.12920063887963476 0.11271746158461218 0.1637713938074467 0.0876317376748827 0.1550407666555617
0.10721866631732999 0.06317074819215983 0.25959039231108244 0.12634149638431966 0.10331005360139892 0.08579995644918435 0.14086133999863698 0.1137073467458877
0.10737873428384102 0.05952587902708904 0.31038713461149287 0.11905175805417809 0.09552803498155016 0.06824805102223634 0.13273382577085227 0.10714658224876028
0.10472254028257501 0.05773261537131711 0.33501774220725117 0.11546523074263422 0.09094393610344188 0.06346411215463707 0.12873511546977276 0.1039187076683708
0.10266593149971773 0.056912903610053474 0.346814590500778 0.11382580722010695 0.08858295184846239 0.06184730823559138 0.12690728058719383 0.10244322649809626
0.10146744566109833 0.056537836040798685 0.35244149572050354 0.11307567208159737 0.08743303633886924 0.06120547339570525 0.1260709358879899 0.10176810487343763
0.10083701354932229 0.05636393959402911 0.3551217449628263 0.11272787918805822 0.08688513179514915 0.06092602687497513 0.1256831727663873 0.1014550912692524
0.10052055614456208 0.056282424905243 0.3563978903010232 0.112564849810486 0.08662591265166356 0.06079859418081912 0.12550140717676572 0.1013083648294374
0.12016283899775422 0.06733825807774628 0.26714124399042277 0.08417282259718284 0.1380886430559101 0.09696025197511934 0.12512855418924496 0.1010073871166194
0.08933498120981445 0.10335984210238118 0.1589429779938662 0.12919980262797648 0.11272071394854775 0.16377074848573628 0.0876311704781058 0.15503976315357176
0.10722160986046239 0.06317053568119503 0.2595884244757018 0.12634107136239006 0.10331082480912104 0.08579970345407519 0.14086086613090354 0.11370696422615104
0.10738198173854414 0.059525662365412756 0.31038560677255833 0.11905132473082551 0.09552805476284255 0.06824783472442196 0.13273334264765171 0.10714619225774295
0.10472581740474265 0.0577323892745581 0.33501649071781314 0.1154647785491162 0.09094372464379792 0.06346388740802165 0.12873461130774597 0.10391830069420459
0.10266912552043998 0.05691267613841076 0.3468135067683324 0.11382535227682151 0.08858267016696905 0.06184707872050537 0.1269067733593816 0.10244281704913935
0.10147055364444205 0.05653760955729262 0.35244051261065723 0.11307521911458523 0.08743273400496714 0.061205243001354034 0.1260704308635749 0.10176769720312673
0.10084006170351724 0.05636371400966784 0.35512082116847077 0.11272742801933568 0.08688482349775932 0.0609257966369161 0.125682669746931 0.10145468521740211
0.08492950799273881 0.104219634816966 0.1881935645691935 0.13027454352120751 0.09758334823150162 0.15010982347203766 0.08836012517090597 0.156329452225449
0.1385769200870764 0.08275193727317658 0.22803821614756994 0.10343992159147074 0.12954602354458844 0.10922325874643796 0.11532779317735617 0.09309592943232364
0.11740807667612749 0.059100079277156325 0.29188373200687856 0.11820015855431265 0.10306539373211027 0.07217806117382956 0.1317843558807038 0.1063801426988814
0.12786179100770045 0.06843411036064259 0.23986696097297527 0.08554263795080325 0.14710621685534592 0.10137224059664325 0.12716487671492543 0.1026511655409639
0.11319280662518982 0.0585392884845522 0.2976496303543044 0.1170785769691044 0.10737151330818986 0.07026358887315058 0.13053387611331488 0.10537071927219394
0.1068095495308443 0.05782075971311931 0.32828439245324403 0.11564151942623863 0.09449192650382786 0.06394282069299133 0.12893166419611976 0.10407736748361476
0.10356003685195969 0.057057435490292845 0.3434697021948834 0.11411487098058569 0.08978446080985189 0.062080544681694196 0.1272295651082052 0.10270338388252712
0.10188501689884519 0.05662596814864656 0.35081872920157947 0.11325193629729312 0.0878902348454138 0.0613339146062132 0.12626745733444472 0.10192674266756382
0.10103885452838096 0.056409434069702294 0.35434175822591124 0.11281886813940459 0.08707637439337901 0.06099311066083955 0.12578461865691823 0.10153698132546413
0.12041226167642538 0.06737993119758548 0.2662849559227649 0.08422491399698184 0.13835822444227514 0.09706382441386684 0.12520599155372225 0.10106989679637822
0.14569418088823163 0.07685654343580231 0.2585682943605428 0.09607067929475288 0.1378814262575765 0.09135362643784557 0.10711163795997075 0.0864636113652776
0.11748155789941755 0.05761087622502911 0.30641553264549615 0.11522175245005822 0.10349643082401463 0.06761061740735952 0.12846365534357237 0.1036995772050524
0.10231067469558569 0.1197346634259213 0.19751396143379815 0.14966832928240162 0.08836094238738122 0.13157430404665935 0.07613562837409125 0.13470149635416145
0.1088992623740032 0.06971994369814691 0.2789194916486878 0.12279269422540837 0.09397187613189371 0.07827861669155949 0.1369046904274329 0.11051342480286752
0.12544024263573036 0.07446189599748287 0.23502271203270317 0.08613076070189968 0.14392326356681992 0.10362505153787228 0.12803916068521207 0.1033569128422796
0.11240855625813805 0.06355297019857313 0.2948067851208368 0.11680655028925271 0.10646759078417092 0.07060106542292223 0.13023058666577875 0.10512589526032744
0.10639368018079604 0.061886131635959955 0.32651741328775136 0.11519049093806139 0.09407852522325784 0.0638335157992737 0.12842880109064456 0.10367144184425524
0.08610448134665702 0.11141931759584087 0.17850611306993444 0.1298161873909446 0.09951017927768639 0.15081505630637976 0.0880492401434233 0.15577942486913351
0.10485417998050436 0.0699805017446841 0.26941786658113603 0.12436868097937952 0.09825827567584298 0.08252688410985257 0.13866179804715895 0.11193181288144155
0.10583945354857952 0.06364755404057448 0.31488635429814155 0.11779034506351302 0.09338572522833226 0.06711181284213892 0.13132744442155853 0.1060113105571617
0.10369547191004963 0.06152466839689271 0.3368200679273095 0.11451524049422375 0.08984840430520534 0.0628564832839281 0.12767594723758974 0.10306371644480136
0.1019275179988509 0.06062288131374248 0.3473176580845592 0.11304625742896048 0.087892745587995 0.06141316715440435 0.1260381407454231 0.10174163168606443
0.10088002720224289 0.0602181533192892 0.3523320810498923 0.11238045366399209 0.08690949717586888 0.060841560056790304 0.12529581923433147 0.10114240829759287
0.10032487199512456 0.060031774834256715 0.3547264144258403 0.11207262684071387 0.08643306132999526 0.06059327111889975 0.12495261529852726 0.1008653641566425
0.10004487050920878 0.05994457203764798 0.3558697256445061 0.11192826690918349 0.08620536452314492 0.06048009541004348 0.12479166474800009 0.10073544021826514
0.09990708363920951 0.05990338471705491 0.3564157333575017 0.11185999182915067 0.08609700629529074 0.060427264386638126 0.12471554312891873 0.1006739926462356
0.09984015503245297 0.05988382816248308 0.35667651926318167 0.1118275494374573 0.08604546694858811 0.060402314378870704 0.12467937228325465 0.10064479449371158
0.09980787540581099 0.05987451572102887 0.3568010876895567 0.1118120948757143 0.08602093528960329 0.06039046402990618 0.12466214160023667 0.10063088538814287
0.13489626257991602 0.08093052993333895 0.3014957508955544 0.0944588713964769 0.11626466210386788 0.0816263463964519 0.10531459243756455 0.08501298425682921
0.11181348424828036 0.06166461630175038 0.32790842736666675 0.11235855974927277 0.095374284773877 0.0644865146325137 0.12527140915329366 0.10112270377434548
0.12425002923673835 0.07208062982672774 0.2544241771676112 0.08397581632249007 0.14184921084424765 0.09781346588504752 0.12483569113014942 0.10077097958698808
0.12877251251868613 0.07273841355018633 0.22093308005293427 0.08373188821460875 0.1622911404367442 0.10658162375475701 0.12447307561455272 0.1004782658575305
0.11379467563268975 0.06352029202291666 0.2868132448244325 0.11691772043806296 0.11209376584970807 0.07127981975251106 0.13035453308542244 0.10522594839425667
0.1071305599407652 0.06206461255052855 0.32243076535423615 0.11552892735714203 0.09592941584128721 0.06413355189314285 0.12880613244147027 0.10397603462142782
0.12298490489185643 0.07247697048433487 0.2524823795681842 0.08443124786273418 0.14263699198037677 0.09815728707382468 0.12551272070340783 0.10131749743528101
0.11068910328150182 0.06279774988017868 0.30366126941592003 0.11562223682242503 0.10523102480613966 0.06902843712178429 0.1289101655318679 0.10406001314018254
0.08723941857978622 0.11161839291980406 0.17112782382515349 0.1299341278386426 0.10299508391981074 0.15303496497639596 0.08812923453403587 0.1559209534063711
0.10553186679355016 0.0702071452529462 0.2654104773343938 0.12475415074703876 0.0995658027355008 0.08316025339253709 0.13909156807169842 0.11227873567233487
0.08644572686831282 0.11375757740114016 0.15911159391742882 0.13155552506224372 0.1018996983615649 0.16013428348979092 0.08922896482482619 0.15786663007469248
0.1393326987569263 0.09317818897759492 0.21298767011766317 0.10331097803567464 0.13133594184526928 0.11169061129946736 0.11518403073529696 0.09297988023210718
0.13586005690691566 0.0755127268890098 0.20389913566307516 0.08505569412121085 0.15946869618394988 0.11169585528333195 0.12644100200705374 0.102066832945453
0.11698610735458036 0.06430019106755908 0.2779154694021106 0.11803848163200274 0.11214259286172318 0.0727784260354513 0.13160409817777022 0.10623463346880248
0.14485502051981233 0.08326856162733431 0.26517867758320574 0.09680769179039743 0.12854107405155724 0.08628869992465332 0.1079333518916819 0.08712692261135767
0.11662463559247024 0.06284033737153169 0.30941720509199816 0.11426528846194606 0.10030994205192062 0.06630656243964483 0.12739726937473686 0.10283875961575144
0.10689785571229092 0.06128878155017013 0.33350345840602774 0.1141275170100355 0.09164571537622246 0.06257824214891314 0.12724366448730823 0.10271476530903194
0.13868425639420806 0.08165727259263338 0.29086908224724833 0.09518843298490938 0.11911630455254237 0.08268706237826812 0.1061279991637721 0.08566958968641843
0.15102842431289673 0.0825239493013246 0.2682768696008748 0.09391791556856204 0.12856030390628934 0.08645494623906934 0.10471146705927738 0.08452612401170582
0.15654861568534179 0.08276093385916479 0.2571168814437465 0.09408741541670919 0.1324112894458683 0.08749574353341194 0.10490044674071905 0.08467867387503826
0.13992665204938357 0.07292758076636592 0.22130491595912938 0.08289073787364976 0.1572137162844731 0.10304486248107352 0.12322264913754502 0.0994688854483797
0.11720486350634207 0.06339794444461799 0.28669663606168855 0.11664825037484201 0.11047841922376063 0.07053636697675368 0.1300540940746373 0.10498342533735783
0.1081571843818249 0.06202355942764266 0.32228290886732397 0.11546306868171226 0.09544613033086044 0.06397768156390218 0.1287327049331926 0.10391676181354102
0.0865883090918486 0.11148845115210902 0.17717870990254472 0.1298816934398813 0.09997429392845164 0.1509368400241703 0.08809367033313688 0.1558580321278575
0.09410051695418942 0.1374555302932825 0.15040806340377713 0.15266957094308545 0.08817577045685875 0.16212558714202538 0.07766234695800434 0.1374026138487769
0.1431371357634316 0.09577912309973552 0.20903818847312017 0.10380208341260565 0.12653865069628728 0.11255136690255481 0.11573157658092004 0.09342187507134508
0.11948018111056422 0.06594568323126868 0.28136718487693413 0.11854377263288303 0.10272231636876758 0.07308400647451943 0.13216745993546808 0.10668939536959472
0.14594886253516004 0.0834811210470203 0.26699127071938794 0.09689200880427715 0.12504837842084943 0.08640819147961248 0.10802735906984333 0.08720280792384942
0.13631476457276642 0.07325483237061288 0.22619417634598651 0.08323404504565524 0.154322837562804 0.10306549174071325 0.12373299830667554 0.09988085405478628
0.1525554203172286 0.08339543689489833 0.23811855624208358 0.09587352238441614 0.14413576321397406 0.09274330808327737 0.10689182271814754 0.08628617014597452
0.12016918107663499 0.06342105260939525 0.2950259427750687 0.11529872231536824 0.10572677943506131 0.06804000070526692 0.12854947099937322 0.10376885008383141
0.10863048464415005 0.06172384534208571 0.3263120401446646 0.11488185466422868 0.09371146957289599 0.06326194175629028 0.12808469467787884 0.10339366919780582
0.12341078614981549 0.07235215092145558 0.2540966123414878 0.08430970361188621 0.141520641293654 0.09780642433633506 0.1253320370111025 0.10117164433426346
0.11074201126153943 0.06273629552613418 0.3044793761483203 0.11552161809733016 0.10483956187132715 0.06891369764550434 0.12879798316224722 0.10396945628759714
0.14123063619296117 0.0824219792931588 0.2774334411561701 0.09595185307162851 0.12489071905223896 0.08473554788056106 0.10697915558881568 0.08635666776446566
0.11490080622788394 0.06243143589613562 0.31569654357175836 0.11360611371124074 0.09877036395835162 0.06568689557466696 0.12666233871984603 0.10224550234011667
0.10607422847514592 0.06107322184286892 0.33659834344298 0.11376667268504342 0.0909654269088617 0.06229075123493785 0.12684134999362304 0.10239000541653907
0.10258507223591787 0.06052584869657571 0.34707515917801884 0.11290988628280525 0.08813895211168045 0.061260086746066006 0.1258860970944112 0.10161889765452471
0.10107327685686013 0.06020216409901588 0.3521837950048635 0.11236041241753256 0.08697434549840327 0.060808160207400694 0.1252734747401445 0.1011243711757793
0.1003859078922388 0.06003090412701122 0.3546472247877447 0.11207257260583045 0.08645729907681551 0.06058822133443233 0.12495255483067963 0.10086531534524742
0.1000656406694298 0.05994548871362644 0.3558292598718177 0.11193000026142615 0.0862187066013645 0.060480306340655834 0.124793597306396 0.10073700023528352
0.09991457403541827 0.05990391628877562 0.35639514852430404 0.11186081807182796 0.08610652460300619 0.06042781788417891 0.12471646432784401 0.10067473626464518
0.08417263800557517 0.11065005305848911 0.1879296512966542 0.12914285678225512 0.09672977771671105 0.14881104866234052 0.08759254633926869 0.15497142813870612
0.1037968274096533 0.06961935406736243 0.2744401497729782 0.12380033205400316 0.09705506997743549 0.08183983646050129 0.1380281314094632 0.11142029884860284
0.14070499079019913 0.08482412432044638 0.26515399165110975 0.0981424908612511 0.12409167427076907 0.08933293308728578 0.1094215532438128 0.08832824177512598
0.11549343732391056 0.06310762682684558 0.3097308802696806 0.114591824171333 0.09921044579501317 0.06697181153665059 0.12776133232236678 0.10313264175419969
0.10657695900673235 0.061336232192819244 0.3337340920065578 0.11418821129591145 0.09136796576242934 0.06271581548259393 0.12731133408663559 0.1027693901663203
0.13856137827480683 0.08167035638366409 0.29099921438315246 0.09519958969092239 0.11902345628680443 0.08272593620043313 0.10614043805838659 0.08567963072183014
0.09338502068530953 0.11187769845443216 0.16598057020934626 0.1273229726905602 0.10599881843341936 0.15628916212553245 0.08635819017272778 0.1527875672286722
0.12297436360768609 0.08027053945576547 0.18741907043354736 0.0890903993100946 0.15318634050045954 0.12771194526234203 0.13243886225799137 0.1069084791721135
0.11420492422007388 0.06563572331702806 0.27020648425530724 0.1199969004924674 0.11159778708734802 0.0765733811280276 0.13378758905652707 0.10799721044322066
0.10821539798717501 0.0628707764224381 0.3143983391598562 0.11681502910727196 0.09665416462231971 0.06567272658927152 0.13024003991512262 0.10513352619654477
0.12366660854223704 0.07275637208461959 0.24920004988860392 0.08469729114380602 0.14330277606488415 0.09883194099398257 0.12590821190929968 0.10163674937256721
0.12874498079272767 0.07293594948588376 0.2187749402655609 0.08390960309596922 0.16317419018761264 0.10703155173531351 0.12473726072176916 0.10069152371516306
0.11389786846986226 0.06360528225090917 0.28568942411979603 0.11705335034603075 0.11246798623928454 0.07143232295151807 0.13050575031117156 0.10534801531142765
0.10721726872169382 0.06210616307505599 0.32187257590705626 0.1155976638880752 0.09609115527097453 0.06419450709400762 0.1288827685438689 0.10403789749926766
0.0863496184799216 0.1115109117471849 0.17704024325148943 0.12989860191016322 0.10017916936481115 0.15103799426734046 0.08810513868689333 0.15587832229219586
0.12004566595381669 0.07999006161941677 0.192148566671621 0.08877932142920746 0.15021386258627775 0.1303109119298493 0.13197642409476215 0.10653518571504896
0.11286153026885028 0.0652855411487541 0.2725095613800545 0.11933040000636014 0.11038170098675454 0.07918941545014259 0.13304449075335972 0.10739736000572411
0.10755352984106151 0.06263726849810507 0.3154306019619444 0.11638978902706835 0.09609497670196915 0.06737709488546004 0.12976592896002995 0.10475081012436152
0.10396214378781733 0.061214501415434 0.3367945416970447 0.11401955041186711 0.09036765483747836 0.06390072269211879 0.12712328978755927 0.1026175953706804
0.10186861478118849 0.060464443119276866 0.34717674658473396 0.1127617738251863 0.0879114088844811 0.06261045360513101 0.12572096275733455 0.10148559644266768
0.10074873961043736 0.06009407250600763 0.35217506008902333 0.1121450061861216 0.0868144774779417 0.06205882569574574 0.12503331286721314 0.10093050556750942
0.08419715166915065 0.11037103459578154 0.18625667298222776 0.1287733307476217 0.09672483501452124 0.1518070668038597 0.08734191128969125 0.15452799689714602
0.10360426600681771 0.06939585955671668 0.27315695015279007 0.12334647478549195 0.09688487324165143 0.08507763452457077 0.13752211442501863 0.11101182730694276
0.10510995817836827 0.0633267606309259 0.3165976630233814 0.11722445928823196 0.0927001612311349 0.06884246027614689 0.1306965240124019 0.10550201335940876
0.09783283131145855 0.12733477800886442 0.1998734862773446 0.14814185754233725 0.08477027165599069 0.1333599845791469 0.07535911883675418 0.1333276717881035
0.08388500464462702 0.1200975384252841 0.13691623782193482 0.13113241737233147 0.09672046953233768 0.1849474439215407 0.08894198743514657 0.15735890084679774
0.10606584145574605 0.07191578989454456 0.24698181291026083 0.12673947307950437 0.09925379890752926 0.09367270366684655 0.14130505431401455 0.11406552577155395
0.10724044197751774 0.06442351354196953 0.30357948045385963 0.11899957871486258 0.09457700308015256 0.07140471168676563 0.132675649701496 0.1070996208433763
