Action: 0
[0.12441909030762688, 0.08960731621698433, 0.2713596380660145, 0.08960731621698433, 0.156184690519843, 0.08960731623857834, 0.08960731621698433, 0.08960731621698433]
[0.182182127320367, 0.0929868736710758, 0.25989663065317825, 0.0929868736710758, 0.0929868736710758, 0.0929868736710758, 0.0929868736710758, 0.0929868736710758]
[0.12018682972946562, 0.09426071511729332, 0.21739416547829618, 0.094260715116612, 0.19111538733228392, 0.09426075699282499, 0.094260715116612, 0.094260715116612]
[0.125, 0.125, 0.125, 0.125, 0.125, 0.125, 0.125, 0.125]
[0.2127167726381051, 0.09127788435321216, 0.17218464872657752, 0.09127788032953997, 0.15870917296394535, 0.09127788032953997, 0.09127788032953997, 0.09127788032953997]
[0.1070902273601586, 0.09108014849700942, 0.30757840683183346, 0.09108014849700942, 0.11958891074423261, 0.10142186107573768, 0.09108014849700942, 0.09108014849700942]
[0.125, 0.125, 0.125, 0.125, 0.125, 0.125, 0.125, 0.125]
[0.125, 0.125, 0.125, 0.125, 0.125, 0.125, 0.125, 0.125]

Action: 1
[0.09374404246265083, 0.0936844629845641, 0.0936844629845641, 0.0936844629845641, 0.13831595409933742, 0.2995176885151913, 0.0936844629845641, 0.0936844629845641]
[0.1111111111111111, 0.1111111111111111, 0.1111111111111111, 0.1111111111111111, 0.2222222222222222, 0.1111111111111111, 0.1111111111111111, 0.1111111111111111]
[0.18438099743696132, 0.13495723562806067, 0.09219049871848066, 0.09219049871848066, 0.1056130134270955, 0.20628675863395987, 0.09219049871848066, 0.09219049871848066]
[0.125, 0.125, 0.125, 0.125, 0.125, 0.125, 0.125, 0.125]
[0.09397895099484202, 0.09397895099484202, 0.09397895099484202, 0.09397895099484202, 0.12821678769524236, 0.3079095063357054, 0.09397895099484202, 0.09397895099484202]
[0.09375769771636569, 0.11094315991429045, 0.09260470867611999, 0.09260470867611999, 0.21852956904727516, 0.20635073861758882, 0.09260470867611999, 0.09260470867611999]
[0.125, 0.125, 0.125, 0.125, 0.125, 0.125, 0.125, 0.125]
[0.125, 0.125, 0.125, 0.125, 0.125, 0.125, 0.125, 0.125]

