0.125 0.125 0.125 0.125 0.125 0.125 0.125 0.125
0.11178451178451179 0.09023569023569024 0.13973063973063973 0.1127946127946128 0.13414141414141414 0.10828282828282829 0.16767676767676767 0.13535353535353534
0.07575757575757576 0.12626262626262627 0.09090909090909091 0.15151515151515152 0.0946969696969697 0.15782828282828282 0.11363636363636365 0.1893939393939394
0.1118847765104375 0.09813877334055458 0.13426173181252501 0.10573111380236344 0.1398559706380469 0.11013657687746192 0.16782716476565626 0.1321638922529543
0.07215409743412071 0.12765724930652123 0.09019262179265088 0.15957156163315153 0.09751875055476708 0.1531886991678255 0.10823114615118105 0.19148587395978187
0.12645557503128613 0.10207859671200206 0.15806946878910766 0.12759824589000257 0.12395813923851014 0.1047390311278922 0.1422625219101969 0.1148384213010023
0.13275518264860303 0.11427511125793895 0.15930621917832363 0.12545364760292987 0.12881610890248743 0.09114153885682937 0.1388823449246924 0.10936984662819525
0.07933687500021502 0.12501158302438262 0.08832340104983556 0.1562644787804783 0.09489525515543983 0.16266295119327198 0.10598808125980268 0.18751737453657394
0.1063046156387824 0.07601463128059202 0.18833475809818317 0.15202926256118404 0.09222865024250378 0.07876046358532422 0.16950128228836486 0.13682633630506563
0.0950936028891445 0.08015491056640461 0.22333968780017005 0.1497724245504026 0.08997889602638173 0.06528541582966267 0.16580423067850836 0.13057083165932534
0.07206106196816958 0.12922703286640005 0.1184592350609336 0.14412212393633916 0.09775908586179263 0.15012721243368662 0.10809159295225439 0.18015265492042395
0.0722650846757501 0.13510268068600756 0.10362459822251288 0.1445301693515002 0.10486486862008282 0.15055225974114603 0.10839762701362514 0.18066271168937523
0.09302071220030103 0.147121999993584 0.07955305297013648 0.12826020512261171 0.10961871938145118 0.2015191859277058 0.08699387825707575 0.15391224614713403
0.09337316578760395 0.08393232542404744 0.21170248954576804 0.14706273611547624 0.09639184259957796 0.07652440715616084 0.162804494193771 0.12820853917759467
0.09564615915011918 0.14641700780765615 0.08672834065026169 0.12764559655026436 0.11527540889943867 0.18853575776958945 0.08657701331235321 0.15317471586031722
0.09247149138173985 0.08313265055785667 0.21917119041440403 0.1456425989262403 0.09631872294805761 0.07506053096527886 0.161232343947649 0.12697047085877358
0.06978798030610847 0.1068887770367759 0.06375401133786941 0.09318508767308668 0.14548926067866993 0.22918504329521813 0.105339664326098 0.18637017534617337
0.10152595180833142 0.07326911765757248 0.19278399625690115 0.14653823531514495 0.10998422059174688 0.08063486989948872 0.16337919668718398 0.13188441178363045
0.08900716270552661 0.07511466490165111 0.2601856740071026 0.14018628126120444 0.09217588578658024 0.06592467423904372 0.15519197599937976 0.12221368109951156
0.09337689010545089 0.14320498752834476 0.10225435398909107 0.12484537374265954 0.11878876964511248 0.183037444742259 0.08467773175589081 0.14981444849119147
0.09125491757476029 0.08189881333404739 0.2292189746463731 0.14372649518024747 0.09565715287021052 0.07383248661969168 0.15911113833547946 0.1253000214391901
0.09369578431058072 0.14326638962384527 0.09844764787481722 0.12489890377463433 0.12067431836162217 0.18442423244301337 0.08471403908192589 0.14987868452956118
0.10315382198441052 0.09258317656354216 0.15494185238344785 0.09748036177526796 0.15545498377728054 0.1198046183203501 0.1547307329766158 0.12185045221908494
0.09479660208602295 0.15648153902298337 0.10873798563875067 0.1289085066347789 0.13657727789134394 0.20047160476916864 0.09668137997608417 0.07734510398086733
0.07331592243625742 0.1291779173332599 0.10349256445304143 0.13375102596881053 0.10385977905429251 0.188900738816717 0.1003132694766079 0.16718878246101315
0.07256705007987616 0.12726413472226736 0.10320787928257824 0.13518199431185288 0.10393176700462059 0.187483185975099 0.10138649573388966 0.16897749288981606
0.11339387211582563 0.0813464167072831 0.14840396470193154 0.10168302088410389 0.15279164944645807 0.12920281108262613 0.15115864000084697 0.12201962506092466
0.0789327976999194 0.11635404261684938 0.1037477787664733 0.14544255327106173 0.11086591416191809 0.17147785690508832 0.0986479926534158 0.17453106392527407
0.10081051174682555 0.07160858069879691 0.2092299107226646 0.14321716139759383 0.10301461170346478 0.08354733136236829 0.15967644711045162 0.12889544525783447
0.09002610740257731 0.13527970343333767 0.14001855328551113 0.1690996292916721 0.0877152749717047 0.1396508190477981 0.08602024620489408 0.15218966636250486
0.07942565785471424 0.11727310627968109 0.10840364388284247 0.14659138284960135 0.09797347853194169 0.17499587237935926 0.09942719880233832 0.1759096594195216
0.13669045236756086 0.105597413880502 0.18512057545663146 0.11332302628186057 0.12732251764092073 0.10769833273540347 0.1254532484683194 0.09879443316880153
0.10152220341120362 0.13702603067221944 0.09594214705731764 0.11945859084244773 0.12536030950600494 0.1963163217980353 0.08102408770183411 0.14335030901093726
0.11639295149750953 0.08845382995786953 0.14894233017707428 0.09308286748573906 0.15800379937704412 0.13102005383689266 0.1477505833106969 0.11635358435717383
0.09964502564492156 0.1497030310048758 0.10436835809381467 0.12339030987818576 0.144170990636925 0.21214536640572654 0.09254273240863933 0.07403418592691147
0.09201163486261649 0.13251226800361138 0.08092247330712526 0.11552351569545609 0.12567860550121476 0.23636820358459779 0.07835508021083108 0.1386282188345473
0.10409516637348248 0.06939970328808431 0.20382214132446438 0.13879940657616863 0.10421835435094869 0.09999478200054149 0.15475098016775812 0.12491946591855176
0.10099531594891105 0.07177349562807955 0.2646625947008905 0.1339705420603988 0.0945860789303894 0.06890624399805487 0.14831089719344104 0.11679483153983483
0.0988927376822776 0.14964672349744565 0.1302695657032692 0.12531874366374451 0.1308240292126467 0.19586789629456125 0.09398905774780841 0.07519124619824673
0.0953212028675235 0.15561117533428304 0.0989829753368961 0.12109033670332854 0.13712126420742504 0.22840109100105033 0.09081775252749642 0.07265420202199713
0.07553790662529758 0.12465673206628013 0.09853264808830087 0.12841722188783097 0.11082909819283494 0.2051919493637935 0.09631291641587324 0.1605215273597887
0.09105177785395287 0.15073610955774513 0.09169220647316095 0.1200861568119808 0.13032780268061686 0.25398963492636933 0.09006461760898563 0.07205169408718849
0.07551651782776378 0.11029811217979417 0.0963319595013329 0.13787264022474272 0.1020757426453314 0.21894424250325722 0.09351361684808637 0.16544716826969125
0.07440248508822016 0.11234590316023664 0.09866807124857951 0.14043237895029578 0.09750794444468118 0.21287457490569198 0.09524978746193975 0.1685188547403549
0.11027363694058955 0.08543636815855372 0.14836944259429447 0.09179925784607419 0.15370677939364408 0.1499523350670701 0.14571310769218124 0.11474907230759272
0.0939493124837231 0.13232149666951223 0.09014172383832122 0.11535720222470298 0.1284373903685027 0.2231219554540563 0.07824227629153765 0.13842864266964355
0.13523696861042617 0.08970646109844266 0.17099896200982276 0.11213307637305332 0.13582697092077534 0.13015778023580507 0.12502001201592663 0.10091976873574798
0.09636373381040134 0.1295716373905198 0.13406346216966067 0.16196454673814975 0.0911517917420788 0.15872607535283956 0.0823906607320153 0.14576809206433475
0.10516979464099496 0.07693895922814789 0.23620283284176002 0.1355261453675432 0.0937516214057509 0.08422663398955353 0.15003301400069904 0.11815099852555051
0.10200812970806376 0.14770157215239618 0.12265548789761646 0.12297184372029088 0.1289908983196924 0.20966007917954774 0.09222888279021818 0.07378310623217453
0.07873894458155002 0.11012744830135258 0.10378887900790947 0.13765931037669074 0.10192105413361416 0.20920426758701186 0.0933689235598424 0.16519117245202886
0.11642393859219377 0.07769249741444133 0.15355418943997867 0.09711562176805165 0.1480270421737192 0.14627907004073037 0.14436889444922305 0.11653874612166197
0.14322885449024925 0.08728591500539251 0.19181108542484626 0.10910739375674063 0.13812796513180908 0.11059553011394739 0.12164660169594814 0.09819665438106658
0.11344736531156048 0.06529666634507694 0.24898126198895434 0.13059333269015388 0.10151451387383643 0.07703104019085394 0.1456018201784253 0.11753399942113851
0.12305745407166821 0.07558179409181787 0.19854730560011133 0.09447724261477233 0.14446397453660367 0.11005277131399632 0.14044676663330335 0.1133726911377268
0.14357377189330794 0.08615960915277923 0.20843502527384433 0.10769951144097405 0.13564676070146084 0.10147884326104434 0.12007691797971284 0.09692956029687663
0.11310589444389692 0.06481601514487197 0.2558577376165364 0.12963203028974393 0.1003679634595052 0.07502149204372266 0.1445300397409533 0.11666882726076955
0.0838472532174069 0.11263894668598703 0.13689845306885812 0.1407986833574838 0.09804570600123784 0.16331430023236126 0.09549823740768466 0.16895842002898054
0.0779216544794813 0.12163556653866386 0.10822362991619815 0.13058558321608404 0.10354826347709555 0.19691413594030896 0.09793918741206303 0.16323197902010506
0.0759190003676713 0.12447836935415563 0.10159085920905885 0.13792038837185697 0.09660964973054198 0.2044312643726187 0.0935460025478682 0.16550446604622834
0.10230977386325099 0.07710541823888818 0.21689590861943303 0.13636788975315306 0.09661255162601311 0.0959373367548488 0.15204002036657513 0.12273110077783776
0.10446629563712378 0.07089890938767401 0.26165848854105017 0.13110746812146398 0.09300605483332396 0.07469101935402625 0.14617504281602028 0.11799672130931758
0.08180539659809977 0.12024514486959878 0.13768957510203966 0.13975297898607542 0.09586916031963422 0.16214519228983656 0.09478897705142507 0.16770357478329048
0.10222318843328546 0.07623470828414353 0.23793819479312864 0.1354455325832816 0.09485926388940465 0.0852746189683577 0.14994377233476838 0.11808072071363011
0.09725127612199438 0.14435417508289783 0.11010177152728479 0.11643082780138755 0.11489996178469274 0.19827451981131042 0.07897047450876721 0.13971699336166507
0.07863383174124715 0.12579826397064098 0.10117787189962318 0.13619819308026862 0.0981529436600854 0.204223159079978 0.09237790487183438 0.1634378316963223
0.11609283958540123 0.08697599688611765 0.15272342975822692 0.09599632457192461 0.1456630107688968 0.14464782495262032 0.14270498399050285 0.11519558948630955
0.10870871664013913 0.07198830397913354 0.23462776461108917 0.13164040074535419 0.10411222024478133 0.08367701018811734 0.14676922292056654 0.11847636067081876
0.10515845919884374 0.06985363412843111 0.2678728245138917 0.12976085996563333 0.09373139424621903 0.07216437876249601 0.14467367521541508 0.11678477396906999
0.10330669187931892 0.06898171909762173 0.28039065215262615 0.12838968389017053 0.09067871408338342 0.06955690717787893 0.14314491621784683 0.11555071550115348
0.10246963448846842 0.06862344947862632 0.28501278715753253 0.12781881944786988 0.08968704400296779 0.06884288295494652 0.14250844496650567 0.11503693750308287
0.10212422810317842 0.06848635628224178 0.2867108360879901 0.12760288479885387 0.08934703685626254 0.06861836760512598 0.14226769394737887 0.1148425963189685
0.0813550311294262 0.11964678735827083 0.1432515910345747 0.13934422326297977 0.0949002312425227 0.15977733401741157 0.09451173403923845 0.1672130679155757
0.1372117104411808 0.10235759258528149 0.19400730945062034 0.1091677481840072 0.12717261198858948 0.11405795951530125 0.12085318480280811 0.0951718830322114
0.08652961286088579 0.12179030370232774 0.12094703192568337 0.13702048359809346 0.10172126589302635 0.1746310893487816 0.09293563235348948 0.16442458031771212
0.07807497837181726 0.12227129111947696 0.10445957238971866 0.1301254360492819 0.1042668364227193 0.20055101354842209 0.09759407703696142 0.16265679506160236
0.1158041668596526 0.08653292712263085 0.15359108333610644 0.09580562471476406 0.1473837546235364 0.14349419784095832 0.14242149584463434 0.11496674965771686
0.10860936379894123 0.07191447500195447 0.2349713410912358 0.13155788330701795 0.1044271913516842 0.08344042833801063 0.1466772221348394 0.11840209497631615
0.08259242136631376 0.1202348092084947 0.13159233244448826 0.1396019005856878 0.09822741532139215 0.16554233388659229 0.09468650648420565 0.16752228070282535
0.10252292859917223 0.0763383750705137 0.2354480323987844 0.13562053926487616 0.09548578528622015 0.08621353681395878 0.15013751192530042 0.11823329064117408
0.09731505393596243 0.14426987898355614 0.10960458066321024 0.11634878247869784 0.11499365564838265 0.19893468293889732 0.07891482637685591 0.1396185389744374
0.10617437269932421 0.07743204137970319 0.21821865557978617 0.13413964792273184 0.09934994433980916 0.09440395793582752 0.1495556970123592 0.12072568313045867
0.10529739497117739 0.07073843610255497 0.26199261417437153 0.13073897743440913 0.09337613097459632 0.07442716345266341 0.1457642031992591 0.11766507969096819
0.12075749643359397 0.08067938781644203 0.20276244936857085 0.09377643526539131 0.14115125534416487 0.10893628401406927 0.13940496943929812 0.11253172231846956
0.0837864264025615 0.11952663842381188 0.12314781762708522 0.13740918849719086 0.10495461707823199 0.17308501009813396 0.09319927567635555 0.16489102619662904
0.07732089413335554 0.1246752412309537 0.10532508803218432 0.13840753346261167 0.09726936525561612 0.1970364237294168 0.09387641400072792 0.166089040155134
0.13696626399642384 0.10346109516208189 0.18047005618429654 0.1098244415643694 0.12861690296184763 0.1233366838078371 0.12158017136959084 0.0957443849535528
0.0864198748535181 0.12181854172618099 0.11778591199825782 0.13691763645300584 0.10193160939912921 0.17795938666687097 0.09286587515943004 0.16430116374360698
0.0779637466720612 0.12212164056427237 0.10365673942936492 0.1299526705340682 0.10419152819935079 0.20220833353274617 0.09746450290055114 0.16244083816758523
0.07584926162480231 0.1242316073481143 0.1004516600412286 0.13755504524425075 0.09654605527767558 0.20700211157037923 0.09329820460044833 0.16506605429310087
0.07551184382982024 0.12454917502251601 0.09978209210896767 0.1376742747926237 0.09497093010697225 0.2089234810503461 0.09337907333760566 0.16520912975114843
0.10231595874501968 0.07708219534113013 0.21617171142895725 0.1362910100269172 0.09625027068994581 0.09727263953468929 0.15195430520911513 0.12266190902422548
0.10460078910592283 0.07086201171824456 0.26144099443116214 0.13103212825461022 0.09290494340899955 0.07513917316505495 0.14609104448685648 0.11792891542914921
0.0819096769940372 0.12014318860349246 0.1376149610607267 0.13963117519045964 0.09578778899871175 0.16264943662092637 0.09470636230309437 0.16755741022855153
0.11462626000224811 0.08545550331244042 0.16011537529751502 0.091096337993214 0.15260308086355298 0.1376356581455216 0.14459736189399047 0.11387042249151749
0.09731614328706933 0.1413940057762666 0.09321689223256566 0.11285179973013758 0.12640961936550082 0.21684642011533223 0.07654295981696287 0.13542215967616508
0.13843091917283015 0.10064627791893739 0.1714748700110789 0.10919581625020032 0.13274342480869591 0.12748727103561477 0.12174518617746215 0.09827623462518029
0.1288053490868035 0.08235151761136594 0.1720137860353196 0.09281169774543942 0.15276524299854183 0.12190754690791658 0.13797082232008606 0.11137403729452729
0.0850424759326181 0.11942326899462433 0.11599086796562477 0.13704913834865698 0.10721233308176972 0.17786788190879396 0.09295506774952388 0.16445896601838836
0.10388108686992344 0.07618846037859062 0.22237927882076952 0.13532959133940534 0.0982066491569719 0.09133590610867165 0.15088239512020263 0.1217966322054648
0.1047079587672805 0.07061059456624996 0.2636818906443268 0.13066944141042236 0.09307540322237733 0.0739655383981936 0.14568667572176938 0.1176024972693801
0.08193278897228536 0.12009886186717698 0.13812432473551498 0.13960994579699032 0.09581920433314502 0.1621909761022795 0.09469196323621952 0.16753193495638835
0.1374358678997716 0.10245141289128912 0.19216828998070234 0.10921823227967752 0.12761295717868637 0.11498827218998202 0.12090907277196694 0.09521589480792399
0.0859027467105028 0.12967965062576065 0.11965551799904074 0.1354996222539905 0.10097987723235533 0.1737789468578113 0.09190409161575008 0.1625995467047886
0.1170198344694188 0.09425386785099098 0.15758649597354266 0.09486590502608667 0.14527973128969388 0.136130539947049 0.14102453941191392 0.11383908603130401
0.14178146890986842 0.1007413595712083 0.19282452560502872 0.1067903293723868 0.13543002835514695 0.10725774392856657 0.11906324782264617 0.09611129643514812
0.14760933935635737 0.10045471275866602 0.20402032312520804 0.10522577443287 0.13110734401342608 0.09956042350097331 0.11731888582291623 0.09470319698958297
0.11333415068794123 0.0761534482568166 0.2528641539206461 0.12765479349048972 0.09855511942077641 0.07422345181711928 0.14232556826476989 0.11488931414144074
0.10516443004630381 0.07321381069078271 0.2739464223779075 0.12807625159688135 0.09161751397372477 0.0699174822759076 0.14279546260129905 0.11526862643719324
0.08148831264443676 0.12596930558639105 0.13979759698982389 0.13839845651179514 0.09486453968832402 0.159533383304901 0.09387025746017409 0.16607814781415414
0.07876919980325305 0.1229034588261541 0.1087453410612127 0.1302712830748685 0.10295947209811805 0.19580867898665663 0.09770346230615137 0.1628391038435856
0.11513623487779552 0.09331160058491389 0.15396581387742656 0.09487367232406516 0.14594613700461798 0.14188204852025943 0.14103608602204315 0.11384840678887821
0.12253287547232271 0.08728066921315936 0.1661105644170554 0.09266050646726283 0.15689983378397415 0.12557687655507166 0.13774606633043845 0.11119260776071539
0.10910843670655758 0.07570830405204934 0.23864215569740088 0.12979552973664632 0.10544642248456233 0.07977084513700369 0.14471232942279819 0.11681597676298168
0.13896844541314868 0.09759465607308347 0.22285236568519912 0.10681253084186856 0.12407229475646965 0.09448042866825669 0.11908800080429226 0.09613127775768168
0.12764823396444108 0.08692952209609955 0.18744376502960128 0.09151579731797455 0.14842603802516052 0.11217330748858247 0.13604437929657112 0.10981895678156944
0.10954721786486775 0.07512820298076434 0.2469597058795747 0.1288459190067977 0.10295024211337798 0.07695380072301011 0.1436535843254894 0.11596132710611795
0.0822478577762869 0.12633883164589949 0.13365942363369646 0.13838476708821332 0.09727641110768108 0.16217001578253512 0.09386097245983166 0.16606172050585596
0.07948006418707498 0.12281565583982351 0.10730859440200409 0.13011581572715 0.1034094456038766 0.19663879278577076 0.09758686179536251 0.16264476965893748
0.08858752729525293 0.1570742801664718 0.08222662320707 0.11139369868536331 0.11221898672297011 0.23927245856601564 0.07555398693442032 0.13367243842243595
0.11635012319227032 0.09702215843243527 0.14329737188112537 0.09333017658059846 0.14725775841322447 0.1520046236718727 0.13874157593175532 0.11199621189671816
0.10855812768998192 0.07757219427398249 0.2298317739279219 0.1309476009943112 0.10426519515976654 0.08497546415952838 0.14599680289962755 0.11785284089488009
0.0820632779207805 0.1268718086212744 0.12974969574195874 0.13845645220755942 0.09755294920270882 0.16524847998543263 0.09390959367121424 0.1661477426490713
0.07941238114648189 0.12282271980002861 0.10640482408304555 0.13006098667397048 0.10346974185399861 0.19770737309453387 0.09754574000547785 0.16257623334246307
0.08854537617250696 0.15702522264106195 0.08203813085896719 0.11135623019077726 0.11219796091406788 0.23968102947298503 0.07552857352070108 0.1336274762289327
0.1348868553295959 0.11248203796100605 0.166068976580451 0.10820821497433107 0.1280451932995375 0.13227724392172485 0.12064408445645569 0.09738739347689797
0.11191486675670405 0.07874647214928344 0.23845837395671762 0.12960199220467636 0.09927925699519184 0.08086069543546683 0.14449654951775107 0.11664179298420872
0.1398424260679598 0.09809868712403531 0.22281145924289478 0.10683269707111685 0.12240691564372687 0.09474790284129951 0.1191104846449616 0.09614942736400514
0.14642738599393698 0.09961815626976317 0.2146103413059963 0.10478948546635082 0.12700718538371192 0.09640445247639966 0.11683245618412545 0.09431053691971573
0.11271327832678808 0.07580960541701016 0.2569992841326147 0.1272373047648889 0.09739528931130732 0.07347156426739065 0.1418600994916 0.11451357428840002
0.08279314561334347 0.1264186605599945 0.1359150678622058 0.1382880505952163 0.09604727492205285 0.16079676628573733 0.09379537344719018 0.1659456607142595
0.14080509342919495 0.1026882459143989 0.19075329857155443 0.1087817517583272 0.12734917277408464 0.11436119333225796 0.12042587089240944 0.09483537332777243
0.10226902128451039 0.1533412646937117 0.0983901287045436 0.11169329016335687 0.11929927123911797 0.2052178876079326 0.07575718811079857 0.13403194819602823
0.11979615006536627 0.09629853064071052 0.1484419192406057 0.09314074191068931 0.14924859936027846 0.14284519991781122 0.13845996857171128 0.11176889029282717
0.08261138622711268 0.12826507640631313 0.10964661569483633 0.13547582728366836 0.10543329267503182 0.18410885655414747 0.09188795241848813 0.16257099274040204
0.1028980230264151 0.08332561661328136 0.21863072899442967 0.13446595477668863 0.09748372550762356 0.09225708697927863 0.1499195048032633 0.12101935929901977
0.08109984125630819 0.1281998035289547 0.12722994982707223 0.13868466529194837 0.09615862327009879 0.16814113679900164 0.09406438167627804 0.16642159835033804
0.10477003732122374 0.07682465273985453 0.23324554413700932 0.13542802998031034 0.09513364281018842 0.08660823474349794 0.14992439623379897 0.11806546203411669
0.09703297836123423 0.15112850400453084 0.10847268827859909 0.11521084769839365 0.11397414868052144 0.19778480599539006 0.0781430097432583 0.13825301723807237
0.1054042033748669 0.08545590681296404 0.21626931500167698 0.13277978434184132 0.09850298065747813 0.09404645330149239 0.1480395506020231 0.11950180590765719
0.10479275064105978 0.07541320488266087 0.260570573721621 0.13005412311563444 0.0928852861519172 0.07423470894067913 0.14500064174235658 0.11704871080407099
0.10317309319185602 0.07311141468517976 0.27720079227408767 0.1280925729255175 0.09041856940425468 0.06990658222141996 0.14281365966471873 0.11528331563296575
0.10223224072599278 0.07241035462037819 0.28332542068374755 0.12730922925951005 0.08940813941035393 0.06879601903085522 0.141940289935603 0.11457830633355905
0.10180994027083143 0.07217089869727594 0.2855735756986051 0.1270212657433126 0.08901735362148926 0.06846859469464696 0.14161923210485744 0.11431913916898133
0.08083868580184131 0.12566042379582615 0.1423681137969368 0.13827620862457243 0.09424503571132617 0.1588927404181263 0.0937873415018839 0.16593145034948692
0.07925629917511354 0.12277159840535413 0.10925112159708399 0.13014514344815323 0.10281438699173616 0.19547116348625246 0.09760885758611494 0.16268142931019156
0.07538197645506879 0.13371938787862567 0.10080091584211814 0.13597997960044655 0.095414677216105 0.20329718827984053 0.09222989920725941 0.16317597552053587
0.11451049646951297 0.09507383419554705 0.1516654157074185 0.09513171065822998 0.14386415439515082 0.14417665844755267 0.14141967733671204 0.11415805278987598
0.14122666076596482 0.10102451076614288 0.19082154012214705 0.10695576762505751 0.13523148386121028 0.10923214686868982 0.11924769912823574 0.09626019086255175
0.1475147702545419 0.10054940682355383 0.20334686442121702 0.10528013549133554 0.13111367224967724 0.1000635344711626 0.11737949434630991 0.09475212194220198
0.11333921595079849 0.07618206396486632 0.2526056119443829 0.12768414000010986 0.0985779596819631 0.074336995024822 0.1423582874329583 0.11491572600009889
0.08291861176676599 0.12652397967662465 0.13493626801307534 0.13832755809116873 0.09631868017853557 0.1611596627286781 0.09382216983574923 0.16599306970940247
0.0798969348792876 0.12281054020062968 0.107577727922344 0.13007721587761978 0.10324008356379738 0.19624306580108214 0.09755791190821482 0.1625965198470247
0.08867868721783098 0.15708156341334642 0.08227965478014065 0.11139836671639033 0.11218350866157605 0.23914302607384338 0.07555715307720387 0.13367804005966838
0.08781000969184584 0.16045238087566893 0.10813717385278412 0.15434475444232704 0.08332753017780467 0.18850336644081303 0.07851450552066203 0.13891027899809433
0.1074210459938252 0.07944226300027124 0.22503898672510958 0.13592008082829324 0.09283630045954296 0.09037777680363686 0.15046911674927047 0.11849442944005051
0.07209395520027835 0.11212333007802984 0.07898957369201265 0.08512092997172736 0.13959696319271858 0.24560972795373892 0.09622365996803962 0.17024185994345473
0.10056599148241595 0.08143693626484053 0.2044540948597065 0.1343222301714976 0.10514384964649655 0.10342762782650272 0.1497592625941921 0.12089000715434785
0.10409951624849138 0.07523568506430678 0.256125366856265 0.13061389865684123 0.09463991412104465 0.07610836056538564 0.14562474969650807 0.11755250879115711
0.12007603072374365 0.0851999264264782 0.20044732960265177 0.09332887613959942 0.1410834584503448 0.10913008455079576 0.1387396427388672 0.11199465136751931
0.10754543045313106 0.0747689687443986 0.2523987438639717 0.12863376594582257 0.10117907345330197 0.07628657869331365 0.14341704949482006 0.1157703893512403
0.09407529059536905 0.14504927908295284 0.15496119088031493 0.15896744100814042 0.08348530796983199 0.13952474747801036 0.08086604607805405 0.14307069690732635
0.08226755191700087 0.12522282812105537 0.11226156203562312 0.1303642048462026 0.10056828004224463 0.18858716334546818 0.09777315363465194 0.1629552560577532
0.11609286791849342 0.09365429081301499 0.15516456419986177 0.09489389430649472 0.1451972403404291 0.14005832189679474 0.14106614735711753 0.11387267316779366
0.08206933000867207 0.12792901296258197 0.11129138075013305 0.13573985382538184 0.10470794618694039 0.18330762038557352 0.09206703129025899 0.16288782459045822
0.07603595766131671 0.13505216503299725 0.10145883740027604 0.13628687498748773 0.09601329825111621 0.19917056234248146 0.0924380543393395 0.16354424998498526
0.10173847862792586 0.08450720720809249 0.21557744302534262 0.1350382980082843 0.09584349248630393 0.09520298764228396 0.15055762479431098 0.12153446820745585
0.13789713379946278 0.09990864850048405 0.215699855981786 0.10788498624161451 0.12249195618745082 0.09873722313072476 0.12028370854102395 0.09709648761745306
0.14612355459300774 0.10012457907599351 0.21229343916560345 0.10503859920177745 0.12728579853479982 0.09748909073866943 0.11711019940854889 0.0945347392815997
0.08760587952397993 0.12933509558725106 0.12439759812454745 0.1355674467444946 0.1010575468163179 0.1674054027963584 0.09195009431365722 0.1626809360933935
0.10683061404033052 0.07675693541222366 0.2315593745000096 0.13510404836718592 0.09601332329769141 0.08638695258717521 0.14956573527014477 0.11778301652523901
0.09745218645404059 0.1510747861670127 0.10814325652777948 0.11517751603883179 0.11417488683158894 0.19764394655128856 0.07812040218285982 0.13821301924659815
0.10550924344944963 0.08545317275689786 0.21612243068873047 0.1327847718141123 0.09855087577372744 0.09402809962297547 0.1480451112614058 0.11950629463270106
0.10482069681669046 0.0754156277284633 0.26051228689444533 0.13005894624397524 0.09289856133600512 0.07423481019032124 0.14500601917052164 0.1170530516195777
0.13734881991134082 0.0973237540078196 0.23060263340875173 0.1065702916549611 0.1203656154999435 0.09305770083927668 0.1188179221884417 0.09591326248946498
0.0861174945312591 0.12890999076036272 0.12863405555495588 0.1357635200639492 0.0996717332827734 0.1659038985561518 0.09208308317380903 0.162916224076739
0.10635353147561942 0.07664116733529336 0.23333907161967035 0.1349550605860762 0.09561457110753466 0.08604266846208895 0.14940079967200948 0.11765312974170747
0.08175218698818189 0.12684199383764877 0.13061574224179845 0.13867791109314098 0.09579488138594415 0.1658439905739947 0.09405980056752171 0.16641349331176916
0.10540559500557367 0.0765795998215296 0.23446776234351935 0.13514530388595913 0.09488480334642019 0.08608654589674017 0.14961140682531898 0.11781898287493872
0.08158669687636615 0.12683847178618296 0.13087091677055207 0.13869140745133718 0.09564339659209312 0.16587046696269603 0.09406895461916782 0.1664296889416046
0.1053600131856732 0.07657512197488743 0.23457717913874152 0.13513804396400694 0.09484770226670206 0.08608591596449361 0.149603369793284 0.11781265371221117
0.08157800987750458 0.12683661534310967 0.13089474856183073 0.13869024953947326 0.09563479465755423 0.16586911332029947 0.09406816925286013 0.1664282994473679
0.09611357184960327 0.14784361543307872 0.12840318614780727 0.15654688197834477 0.08652389503556321 0.16620601930888607 0.08188606134251881 0.13647676890419802
0.08228834623368969 0.1248209192618058 0.1058477455147614 0.1295743882348323 0.1006954520649904 0.1976243722202558 0.09718079117612424 0.1619679852935404
0.08911470512964359 0.15746133688494998 0.08191810220302542 0.11132162057229172 0.11148501428396539 0.23960817706860207 0.07550509917077176 0.13358594468675006
0.07556612242097596 0.13801731290908548 0.0928861553998697 0.132688731856358 0.09536887788201198 0.21624874665366994 0.08999757465039934 0.15922647822762956
0.10130890699823944 0.0892372324760516 0.2109162133402533 0.13433295268120835 0.09544758252246219 0.09808623717636533 0.1497712173923323 0.1208996574130875
0.1198826445338109 0.09086166102376822 0.1863153938340751 0.09376106916580262 0.14198733213164297 0.11529648961172906 0.1393821267002081 0.11251328299896315
0.14137412941178196 0.10306015735920546 0.20214735028145847 0.10560812134997034 0.13332893808212667 0.1016888201983528 0.11774517410213112 0.0950473092149733
0.14665782619885703 0.10453787719821483 0.2065325287659848 0.10439833923670988 0.1297797825883033 0.09773878337079818 0.11639635732809296 0.0939585053130389
0.08725217769403089 0.13519933761256017 0.12253334499883495 0.13459642072174338 0.10105795308217395 0.16655357566546916 0.09129148535909551 0.16151570486609204
0.11680268917099383 0.09960497291682985 0.15783952642169483 0.09422936874844737 0.14460954070407642 0.1337603740570544 0.14007828548276655 0.11307524249813686
0.10796634890932773 0.08061474885717057 0.23523881410299477 0.12994925731725135 0.10305659652034334 0.08133617850442079 0.1448837242029653 0.1169543315855262
0.13834156919286297 0.10154242332756407 0.22126752604373115 0.10648902218951024 0.12316474207926992 0.09462728439715284 0.11872731279934949 0.0958401199705592
0.12713119975512868 0.09093272012229071 0.1865251850949708 0.09109701487065666 0.14770626650322344 0.11186936474748797 0.1354218310614538 0.109316417844788
0.12461241906140509 0.08942019770835721 0.17554723398023558 0.09155857937945935 0.15611350850701347 0.11676978840378785 0.13610797770439034 0.10987029525535122
0.10896257580257594 0.07838066658419035 0.24177850293640107 0.12880769606759285 0.10470486103001259 0.07782780251765964 0.1436109686007341 0.11592692646083355
0.10433872717027734 0.07606762334866007 0.2694834926355612 0.12818149587103222 0.09302768069946776 0.07062483187814558 0.14291280211292698 0.115363346283929
0.08102998816703953 0.13018637105183245 0.13838503046600273 0.13773319421984556 0.09479674665853038 0.15916980029338737 0.09341903607954742 0.16527983306381464
0.10502156881181775 0.0766207107371972 0.23760975392159403 0.13479460641765736 0.09443628668506623 0.0847806564943719 0.1492231703117737 0.11751324662052183
0.081210532731539 0.13048009357419588 0.1311939124879883 0.13800599705438862 0.09517783694231842 0.16472036317697894 0.09360406756732446 0.16560719646526634
0.09607492893020649 0.14832856869653635 0.128468971755091 0.1565319762993494 0.08642788470806853 0.1658256308752454 0.08187826452581354 0.13646377420968922
0.10122172754441698 0.15357937304811503 0.09764556671363031 0.11951891398053249 0.12381337725856728 0.24287050758101897 0.08963918548539937 0.0717113483883195
0.11769138275505849 0.10061767319691282 0.14590827650837693 0.09120093789327526 0.14854327499370126 0.15102100956626432 0.13557631961448083 0.10944112547193031
0.10837148955093329 0.0809005315451536 0.23008175541304682 0.13005067184967734 0.10409732098005166 0.08445583215805597 0.14499679383837158 0.11704560466470959
0.10462602527689911 0.07677155690511346 0.26513545874583255 0.12874748802490485 0.09328030251813624 0.07202258818042484 0.1435438411262745 0.11587273922241435
0.10271657570631793 0.07535896191895419 0.27847960085677204 0.12739586310985349 0.090121415175829 0.06923442621988223 0.14203688021352318 0.11465627679886813
0.09254213273012056 0.14899535329557334 0.1609640857212305 0.15783681202099614 0.08095136088157023 0.1363662245035408 0.08029090002807195 0.1420531308188965
0.12076725525364998 0.08732632423711421 0.16704327238554603 0.09058087822176994 0.1470584405626027 0.13021855978151758 0.1437791717805872 0.11322609777721243
0.09748549404831545 0.15437581931569394 0.09348704447894708 0.11111755804708927 0.12362957100483811 0.21119675190362647 0.07536669154498228 0.13334106965650713
0.10530253561360196 0.09086695794425913 0.20867987531036664 0.13211690363299947 0.10043688059235271 0.0963911455563465 0.14730048808037402 0.11890521326969952
0.12074944057092027 0.09099203765268597 0.1853312217726593 0.09355932667214113 0.143345242146453 0.11466931624505966 0.1390822229335113 0.11227119200656936
0.12322104289139539 0.0896796984253492 0.17553696561413726 0.09186872447347535 0.1550903328411447 0.11779173716904194 0.13656902921728575 0.11024246936817042
0.10866868147432086 0.07844722718125625 0.24183685468518484 0.1288604363044949 0.10451777310189415 0.07802486454976232 0.14366977002904133 0.11597439267404541
0.10427485986950571 0.07608065946391118 0.269516164510396 0.12818756463219963 0.0929922164228532 0.0706601586034188 0.142919568328736 0.11536880816897967
0.13643171442959334 0.10002775287545508 0.23304648918011908 0.10582363392766543 0.11971561536198816 0.09172806914704683 0.11798545454323296 0.09524127053489888
0.12646882565008447 0.09054650069655393 0.19023521339114755 0.09096461698165247 0.14642269793906976 0.11097959225645546 0.13522501270705353 0.10915754037798295
0.08375376706139419 0.1318075165559616 0.11898892341249173 0.1350583390183657 0.10479931956796125 0.17191734109715603 0.09160478646463065 0.16207000682203881
0.11587864259752913 0.09900884845057033 0.15666800902956454 0.0942463407233506 0.14583175410166146 0.13516728076593423 0.14010351546336894 0.11309560886802072
0.09436873466959124 0.1545653939285268 0.12846523419535252 0.15590315320406697 0.09048572534973037 0.1565916645739594 0.07930725619511234 0.14031283788366028
0.10837325240302668 0.07843711461250308 0.2331712805581911 0.13490983762815237 0.09366085257746476 0.08448322162315414 0.1493507359986058 0.11761370459890207
0.09736573560811722 0.15585807900999535 0.10806754571933147 0.11455715617246598 0.11307667927738971 0.19590658044528586 0.07769963636045517 0.13746858740695916
0.10501046206268828 0.09085965935676653 0.21514592751862457 0.1318958155407293 0.09789514102353818 0.0934327691543926 0.14705399135660413 0.11870623398665636
0.12061342768128416 0.09094561953740325 0.187398735192298 0.09350895504880251 0.14246416417590002 0.11385101017349933 0.1390073421322497 0.112210746058563
0.08278589938411178 0.13208049720166412 0.11843256328482056 0.13531522825244535 0.10403880872004694 0.17318970487405758 0.09177902437991946 0.16237827390293438
0.10227168938993518 0.08762122298096256 0.22146324056239705 0.13339348888855757 0.09658402883941246 0.08988840396626846 0.14872378537276493 0.12005413999970181
0.13732916421133382 0.10352829947182933 0.21702439117553093 0.10714997157345096 0.12203769381115843 0.09703128330272823 0.1194642220378625 0.09643497441610586
0.11043517803854182 0.07947184110392232 0.2578070595331514 0.1269139781507386 0.09620241743945097 0.07344733095285605 0.1414996144456742 0.11422258033566472
0.10412897020140288 0.07582366916626594 0.2754769734911062 0.12745048278637322 0.09079475211122254 0.06952194065914566 0.14209777707674748 0.11470543450773592
0.11937275130519077 0.08749793995388917 0.20598236715939963 0.09260426759692165 0.13900646723893836 0.10674862215691576 0.13766246347243877 0.11112512111630599
0.09517559517284932 0.1511966062757573 0.14134286722361733 0.1559269162475135 0.089309779916222 0.14739466618928243 0.079319344351996 0.14033422462276215
0.09897386717415671 0.15086531269484094 0.13093902687037018 0.15615124669527286 0.08515887837562257 0.1601006984404331 0.08167911365598887 0.1361318560933148
0.08195596234340286 0.13654015915219134 0.1053522851484996 0.12778468748414815 0.09928965341446162 0.19350787748900003 0.09583851561311112 0.15973085935518516
0.11544399855305791 0.09990692875605689 0.1521670167937826 0.09425592518508341 0.14412456115195826 0.1408766959284938 0.14011776340946727 0.11310711022210007
0.12226652346325209 0.09161738595755901 0.16509704521938504 0.09225002348760192 0.15591476623416778 0.12501837164149163 0.13713585581142018 0.1107000281851223
0.1423007581252273 0.10334055192130467 0.1943177528932158 0.10569871934526241 0.13737085514947528 0.10399633104894103 0.11784618410583736 0.09512884741073618
0.11217139491654657 0.07984640326637296 0.24860530004449735 0.12751701238152077 0.09991949130941843 0.07500313432783344 0.1421719526104418 0.11476531114336869
0.10480608437633274 0.0760891685712353 0.2719775501461044 0.12781455794514324 0.0918052622994144 0.06997058080215308 0.14250369370898805 0.11503310215062891
0.1025151768520116 0.07507157846001447 0.2809908161392925 0.1270641927596114 0.08960532986638642 0.06872803991451147 0.14166709252452195 0.11435777348365025
0.1355995669239652 0.09959403884987761 0.2369305332051864 0.10555931875759998 0.11852777019694449 0.0910946223309638 0.11769076285362266 0.09500338688183997
0.08537350716637192 0.1340843262240274 0.1295239485039014 0.13480974967202772 0.09875947177228611 0.16424111901653338 0.09143617803841882 0.16177169960643326
0.10553648230214671 0.08357384083002814 0.23243256246872468 0.1337085692752766 0.09482776663993686 0.08533345092328695 0.14802088255138476 0.11656644500921551
0.09661945750652506 0.1572186887775256 0.10778961456650751 0.11436364878821693 0.11320693994129251 0.19599688400032503 0.07756838787374712 0.1372363785458603
0.10483783651136663 0.09108299783333247 0.21502576437454754 0.13190002049291155 0.09792920812713737 0.09345547465259892 0.14705867956448496 0.1187100184436204
0.08095835924030384 0.13390316501530036 0.12580684795599684 0.1376176985749006 0.09566880541192506 0.16756318560871644 0.09334069990297607 0.16514123828988073
0.10476989886152681 0.08378894787735729 0.23124864490929622 0.1341655419741686 0.09444035860725654 0.08609500619188101 0.1485267701138537 0.1169648314646598
0.08109327328008811 0.13223855181467778 0.12965945982236893 0.13787601081606737 0.0950936720067166 0.16507191629251108 0.09351590298828918 0.16545121297928084
0.07892223480368418 0.1332092776001661 0.10532789360502494 0.12829871380561184 0.10184088439960672 0.19580356817468259 0.09622403535420888 0.1603733922570148
0.07472122455384694 0.14187976323840418 0.09918398398545654 0.13467157254184875 0.0944835647431468 0.2021115459891286 0.0913424578979496 0.1616058870502185
0.11542740826467082 0.0947797558978961 0.14646892709324769 0.08995331348250009 0.15097789489293004 0.14716802124182046 0.14278303727380964 0.1124416418531251
0.0814137835975238 0.13236775775501045 0.10867626767532731 0.1345961375658079 0.1052926532489778 0.18484674177287874 0.0912912933055045 0.1615153650789695
0.07533649801303967 0.14199507241844145 0.10015079560077884 0.1350136614155455 0.0954322382464825 0.19848085721216582 0.09157448339489171 0.16201639369865456
0.07732670348899072 0.1342074245684822 0.09818913721928439 0.12736097669771926 0.1012111205260727 0.20698268410401213 0.09552073252328945 0.15920122087214908
