Action: 0
[0.13001069955137545, 0.1039487944273683, 0.2687742912588468, 0.09912791025007055, 0.10075457376212728, 0.09912791025007055, 0.09912791025007055, 0.09912791025007055]
[0.1594605651064001, 0.09872215780475108, 0.23974685596401282, 0.09872215780475108, 0.09872215780475108, 0.10718178990583158, 0.09872215780475108, 0.09872215780475108]
[0.1038547363762454, 0.20542053994244686, 0.1765047345764895, 0.10271026920054972, 0.10337762626398767, 0.10271155523918153, 0.10271026920054972, 0.10271026920054972]
[0.125, 0.125, 0.125, 0.125, 0.125, 0.125, 0.125, 0.125]
[0.10145286835703936, 0.10144341639902389, 0.2773647847911992, 0.10144341639901731, 0.10144342250644965, 0.11396525874923609, 0.10144341639901731, 0.10144341639901731]
[0.10035704309554602, 0.09943195460969029, 0.24160299237708338, 0.0994316582569648, 0.15764296057470298, 0.10267007457208303, 0.0994316582569648, 0.0994316582569648]
[0.125, 0.125, 0.125, 0.125, 0.125, 0.125, 0.125, 0.125]
[0.125, 0.125, 0.125, 0.125, 0.125, 0.125, 0.125, 0.125]

Action: 1
[0.10009330858070307, 0.0999335182319346, 0.0999335182319346, 0.0999335182319346, 0.1592800669445593, 0.24095903331506463, 0.0999335182319346, 0.0999335182319346]
[0.10008043625292937, 0.10008043625292937, 0.10008043625292937, 0.10008043625292937, 0.25832367545457, 0.14119370702785378, 0.10008043625292937, 0.10008043625292937]
[0.15974039407860885, 0.09766465666171707, 0.09766465666072574, 0.09766465666072574, 0.23430658123425668, 0.11762974138251443, 0.09766465666072574, 0.09766465666072574]
[0.125, 0.125, 0.125, 0.125, 0.125, 0.125, 0.125, 0.125]
[0.10560931620370209, 0.10254564379374113, 0.10254564379374113, 0.10254564379374113, 0.20509128758748227, 0.1765711772401099, 0.10254564379374113, 0.10254564379374113]
[0.10298777305032379, 0.10291920163503325, 0.10291920163503325, 0.10291920163503325, 0.20610233174541495, 0.17631388702909492, 0.10291920163503325, 0.10291920163503325]
[0.125, 0.125, 0.125, 0.125, 0.125, 0.125, 0.125, 0.125]
[0.125, 0.125, 0.125, 0.125, 0.125, 0.125, 0.125, 0.125]

