Action: 0
[0.10505919352422692, 0.10488941473204048, 0.22451934700521606, 0.10488941473204048, 0.10625805560627001, 0.14460574493612507, 0.10488941473204048, 0.10488941473204048]
[0.11946807811661557, 0.10438788837604122, 0.24908921688249683, 0.10438788837604122, 0.1095032631206815, 0.10438788837604122, 0.10438788837604122, 0.10438788837604122]
[0.10557805309351119, 0.10508128538240881, 0.24967412907564637, 0.10508128538240881, 0.11934088940771738, 0.10508178689348985, 0.10508128538240881, 0.10508128538240881]
[0.125, 0.125, 0.125, 0.125, 0.125, 0.125, 0.125, 0.125]
[0.10679287067531162, 0.10682857337303187, 0.2521537705593742, 0.10679286663309265, 0.1070533188599118, 0.10679286663309265, 0.10679286663309265, 0.10679286663309265]
[0.10670228488840872, 0.10670221579893419, 0.2521433248111247, 0.10670221579893419, 0.10764331130579562, 0.10670221579893419, 0.10670221579893419, 0.10670221579893419]
[0.125, 0.125, 0.125, 0.125, 0.125, 0.125, 0.125, 0.125]
[0.125, 0.125, 0.125, 0.125, 0.125, 0.125, 0.125, 0.125]

Action: 1
[0.10545362745781292, 0.10509232748922447, 0.10509232748922447, 0.10509232748922447, 0.22451878999012378, 0.14456594510594106, 0.10509232748922447, 0.10509232748922447]
[0.1111111111111111, 0.1111111111111111, 0.1111111111111111, 0.1111111111111111, 0.1111111111111111, 0.2222222222222222, 0.1111111111111111, 0.1111111111111111]
[0.1446809444930914, 0.10439588943765886, 0.10439588943765886, 0.10439588943765886, 0.11950863983154404, 0.21383096848707026, 0.10439588943765886, 0.10439588943765886]
[0.125, 0.125, 0.125, 0.125, 0.125, 0.125, 0.125, 0.125]
[0.1052607604888457, 0.1052607604888457, 0.1052607604888457, 0.1052607604888457, 0.1447489358754194, 0.22368650119150651, 0.1052607604888457, 0.1052607604888457]
[0.10562024803536772, 0.1050718126369698, 0.1050718126369698, 0.1050718126369698, 0.14459404094056902, 0.22442664783921423, 0.1050718126369698, 0.1050718126369698]
[0.125, 0.125, 0.125, 0.125, 0.125, 0.125, 0.125, 0.125]
[0.125, 0.125, 0.125, 0.125, 0.125, 0.125, 0.125, 0.125]

