0.125 0.125 0.125 0.125 0.125 0.125 0.125 0.125
0.13585418317672365 0.10698516925166987 0.16302501981206838 0.12838220310200385 0.11843698020534883 0.0932691219117122 0.14212437624641858 0.11192294629405464
0.0947164689857622 0.15786078164293704 0.09782563291061483 0.14207470347864334 0.11839558623220277 0.1973259770536713 0.1065560276089825 0.085244822087186
0.07295173961840629 0.12906846240179573 0.09118967452300786 0.16133557800224466 0.08754208754208755 0.15488215488215487 0.10942760942760943 0.19360269360269358
0.09707468616396206 0.07644631535412012 0.21032900526656323 0.15289263070824025 0.08462921357883871 0.07607871038392716 0.16925842715767742 0.133291011386671
0.07305687740089149 0.12176146233481917 0.11256845259034275 0.14611375480178299 0.09132109675111436 0.16295084651748334 0.10958531610133725 0.1826421935022287
0.07224261173133724 0.12040435288556209 0.09989797102640138 0.14448522346267448 0.09030326466417156 0.18369612930450419 0.10836391759700588 0.18060652932834312
0.07150883798523959 0.11918139664206599 0.09749683822121237 0.14301767597047918 0.08938604748154949 0.19337385175849497 0.10726325697785939 0.17877209496309898
0.07077669493083705 0.11796115821806175 0.0963579924846177 0.1415533898616741 0.09597197128204045 0.19427201349942078 0.10616504239625557 0.17694173732709256
0.08773088689800056 0.14621814483000092 0.08950874960903678 0.13159633034700086 0.11969682760850037 0.24759401473900944 0.09869724776025064 0.07895779820820051
0.07226953136132276 0.12786147856234026 0.09033691420165345 0.15982684820292534 0.09607493851145522 0.15343377427480834 0.10840429704198415 0.1917922178435104
0.09439617659114674 0.07433698906552806 0.21232278381118638 0.14867397813105612 0.09320245239833548 0.08286620296033982 0.1645882053384097 0.12961321170399764
0.061405975960638834 0.1023432932677314 0.07475502026630021 0.09210896394095826 0.13878775896722284 0.23585030298608195 0.1105307567291499 0.18421792788191652
0.0698002959504459 0.12349283129694277 0.08725036993805739 0.15436603912117847 0.09454242973752172 0.1806083430847706 0.10470044392566887 0.18523924694541413
0.0935883916448115 0.07370085842028908 0.21428810819227703 0.14740171684057815 0.09235044944712906 0.08698665482858586 0.1631797597909534 0.12850406083537583
0.07044222573360069 0.11740370955600116 0.11805512150542459 0.14088445146720138 0.09948535009981516 0.17196023870355437 0.10566333860040103 0.1761055643340017
0.10357055312161202 0.08156181058326947 0.1515292974044862 0.09787417269992336 0.15108319343848062 0.13668242719490606 0.15535582968241804 0.12234271587490421
0.05096202926440963 0.09016359023703244 0.06370253658051205 0.11270448779629054 0.11616578137932647 0.21348752598882373 0.1274050731610241 0.22540897559258108
0.06897730616457964 0.11496217694096608 0.09260058248944107 0.1379546123291593 0.10489003863928831 0.20470605877824707 0.10346595924686947 0.1724432654114491
0.06798087158226343 0.12618410157240006 0.09588440584846904 0.13596174316452686 0.10185750256774004 0.20020788893554695 0.10197130737339516 0.16995217895565856
0.10179065811064618 0.09019011457009059 0.1443888936075616 0.09619217191456066 0.15184826635003643 0.14266369338793453 0.15268598716596926 0.1202402148932008
0.06961429135922546 0.12316374625093734 0.08701786419903182 0.1539546828136717 0.09533550491287206 0.18174685404901747 0.10442143703883819 0.18474561937640602
0.09182456406045998 0.08107836803219116 0.2137719376653637 0.14462368839522446 0.09539939160892567 0.08711549224940156 0.16010436810541737 0.12608218988301623
0.10152235834646757 0.0863499067212763 0.17436730401411296 0.09593862863741187 0.15132699705557728 0.11828798190868789 0.15228353751970136 0.11992328579676483
0.06982072054131495 0.12352896711155721 0.08727590067664369 0.15441120888944654 0.09554889601147508 0.17938977529025413 0.10473108081197244 0.18529345066733582
0.06824826200032114 0.1276054218273237 0.09630031823938334 0.13649652400064227 0.1024719501594241 0.19588447577162085 0.10237239300048172 0.17062065500080284
0.053540115542284564 0.09420894835878371 0.07200287092933526 0.10021540258686158 0.1222179406428974 0.23712543366188024 0.1202584831042339 0.20043080517372316
0.06744090732313782 0.11931852834093612 0.08430113415392226 0.14914816042617018 0.09035655403153077 0.20929556222819212 0.10116136098470672 0.1789777925114042
0.09679097723605092 0.07993281639976836 0.212613124387973 0.14279999239819677 0.09431268724439888 0.09097263959855599 0.15808546166996137 0.12449230106509461
0.07489615104411065 0.12290120975395638 0.11924256635091329 0.1365245756123099 0.10257596746147679 0.1708103785526131 0.10239343170923244 0.1706557195153874
0.10769783717237333 0.08862379660386507 0.15097379597941876 0.09463807345333924 0.15364467330042147 0.13590506746225844 0.15021916421164958 0.11829759181667403
0.06889406615902263 0.12188950166596312 0.08611758269877828 0.15236187708245388 0.1000663582073299 0.18449526244897355 0.10334109923853395 0.1828342524989447
0.09677204394219668 0.07998901736077602 0.21437054694773985 0.1425852840425899 0.09671407066162117 0.08741614692905202 0.1578477706942794 0.12430511942174505
0.07475901302433753 0.12267885240158483 0.12060515987127281 0.13623645067904872 0.10382129402034104 0.1694263286453177 0.10217733800928655 0.17029556334881088
0.06160485368103066 0.1072921235239872 0.06536984765954611 0.08592414431056841 0.14202832925805847 0.2628234397729903 0.10310897317268208 0.17184828862113682
0.10267561654687923 0.08288272661013144 0.12834452068359906 0.10360340826266429 0.15270417954527465 0.15145203361593548 0.15401342482031888 0.12432408991519714
0.09288462941763316 0.07497915868652315 0.18576925883526632 0.1499583173730463 0.10688277346360574 0.08737104363644407 0.16719233295173969 0.13496248563574167
0.09623544598366719 0.07454120570315488 0.2482534885613438 0.13866216933107672 0.09556184205162142 0.0723561587933545 0.1535047214409966 0.12088496813478485
0.07454041300423057 0.12174392742066556 0.12767555515972792 0.1358255843654102 0.10371079978470343 0.16485255153444187 0.10186918827405766 0.16978198045676277
0.1070831564536884 0.08807376511772703 0.15423700458024622 0.09409550260460152 0.15471012203120227 0.13482313031455795 0.1493579406422246 0.11761937825575189
0.06755267645477343 0.11951627372767608 0.09703336883826459 0.1493953421595951 0.10428401490712695 0.18161489863888958 0.10132901468216017 0.1792744105915141
0.09590068337942216 0.07922293407531492 0.21909054299639502 0.1414205969461381 0.09748823797803313 0.08702883923921725 0.15655841420166688 0.12328975118381268
0.07442380725336613 0.12213023253851492 0.12271972923400293 0.13567193759086 0.10435052916071173 0.16935988904082414 0.10175395319314501 0.169589921988575
0.1069702208841645 0.08802519676786458 0.15331571849880557 0.0939990201304296 0.15525268426826452 0.13573359042960934 0.14920479385782476 0.11749877516303699
0.06740961082198846 0.11926315760813341 0.09677461815207145 0.14907894701016675 0.10418501885385283 0.18327949490860437 0.10111441623298267 0.1788947364122001
0.07353225987743164 0.12494632076281337 0.09825913685206883 0.13378553158632336 0.10435326652989423 0.19755242121882186 0.10033914868974253 0.1672319144829042
0.07494597644419301 0.12464475692674881 0.097859857406033 0.13264642066998766 0.10368419857256837 0.20092594864049387 0.09948481550249075 0.16580802583748458
0.0636551343989194 0.10560366184391207 0.062157605438338856 0.08429992774348147 0.14056505974006092 0.2739588420561466 0.10115991329217776 0.16859985548696294
0.05821320638233916 0.09684353295754894 0.05067869268334595 0.08442769539888882 0.1388694875528799 0.30667199073282353 0.09544000349439605 0.16885539079777764
0.09454805566654338 0.07209846136611593 0.1877417464200283 0.14419692273223186 0.10189551832044207 0.10897325715357416 0.1607688078820555 0.12977723045900866
0.10123352234587668 0.07334100533953287 0.2495018759931691 0.13663561621701423 0.09420727544538363 0.07470123129837122 0.15126124383812725 0.11911822952252521
0.07936276737951112 0.1205270483992731 0.12862559077218413 0.1344901160664079 0.10330275635263017 0.16471148889717768 0.10086758704980595 0.16811264508300985
0.07585133969263233 0.1245066425378657 0.10412012758708152 0.1330055779955719 0.10389717305531708 0.1926079831403877 0.09975418349667892 0.16625697249446483
0.0637471613834021 0.10559268196993135 0.0630575683767777 0.08428497186981765 0.1407558672766757 0.2728498391399789 0.10114196624378118 0.1685699437396353
0.04938401775770089 0.08211993501205302 0.0633588233242691 0.10264991876506625 0.11793399292685905 0.2632144360799312 0.11603903860398795 0.2052998375301325
0.09397265126364662 0.07230457600902088 0.19557157103457817 0.14460915201804175 0.09872928522843949 0.10343611485768144 0.161228412772354 0.13014823681623758
0.07848851148811138 0.12046373728766738 0.11810947376921435 0.13461955847746357 0.10425901130759073 0.17482059071502554 0.10096466885809767 0.16827444809682945
0.0755919022928629 0.12424132837012762 0.10192744247309586 0.1327204189908661 0.10402085379105089 0.19605721610026433 0.09954031424314959 0.16590052373858263
0.07494647488489771 0.12416332130341291 0.09848291774589359 0.13216117686667483 0.10361001094367714 0.20231374452209416 0.09912088265000613 0.16520147108334354
0.11152972272810444 0.08738576821766278 0.1457475296688664 0.0930109318864718 0.1542297460682617 0.1441962367527466 0.1476363998197965 0.11626366485808974
0.08698531120317393 0.1384833701874367 0.08542053497846495 0.12072909195827816 0.1216128692208565 0.22000809320841533 0.08188581889344083 0.14487491034993377
0.09647379899397919 0.07165977489778295 0.2037294713109335 0.1433195497955659 0.09969248052928996 0.09634672712317392 0.15979060253326527 0.12898759481600933
0.0787930074958955 0.12038692241479686 0.11970884737863315 0.13460284894960656 0.10461026379741951 0.1726924120644351 0.10095213671220493 0.16825356118700818
0.0933213782880696 0.15329675933926556 0.09461479032099784 0.12282076178606807 0.12858498994628245 0.24155329190812466 0.09211557133955106 0.07369245707164085
0.10813661687094686 0.07977063270200828 0.14613505586545297 0.09971329087751034 0.15005459353892844 0.14830335704139416 0.14823050405074673 0.11965594905301243
0.1095818352743839 0.079784357114888 0.158303557125069 0.09973044639361 0.15679690645947758 0.12787035508257436 0.14825600687766505 0.11967653567233201
0.1270265931650591 0.09236031957444028 0.18662631584237324 0.11545039946805037 0.13872541248314246 0.10718702024026594 0.1287185797054233 0.10390535952124533
0.1164579587863296 0.07920740157000426 0.16697993201780426 0.09900925196250532 0.154111821052135 0.11823862933881918 0.14718390291739597 0.11881110235500637
0.10330893813826482 0.06921505235265343 0.22720655591570388 0.13843010470530687 0.10377344681535777 0.07913957169634853 0.1543392361415884 0.12458709423477618
0.10106659237445942 0.07202029130773079 0.26301936199580683 0.13448221190219195 0.0934124016868815 0.06988090130742805 0.1488773367415393 0.11724090268396223
0.11531669371051866 0.07911368321863943 0.18896250638363563 0.09889210402329927 0.14202347891162181 0.11001125428670495 0.14700975463762103 0.11867052482795913
0.0785063580271749 0.11540778214491498 0.11362947101442096 0.14425972768114373 0.10378797441275228 0.17345128516196662 0.09784572834025401 0.17311167321737245
0.07566862330396298 0.1237938269895641 0.10136094837809607 0.1328748427391634 0.10412457107534574 0.19642750203554102 0.09965613205437254 0.1660935534239542
0.06350066637778241 0.1051450665762586 0.06262050169932964 0.08396288238685029 0.1405945597667062 0.2754950995551517 0.10075545886422035 0.16792576477370058
0.08309475880496128 0.13214422473481452 0.07364158751403785 0.11520265746112036 0.1186623018345365 0.2608738260713817 0.07813745462580336 0.13824318895334442
0.100174581395364 0.07050726864640608 0.2015263771090696 0.14101453729281216 0.1000502012970138 0.10259326508725015 0.15722068560855323 0.12691308356353095
0.10133742561508623 0.0726544221298793 0.25513662546005733 0.13551305303373845 0.09344458700142323 0.07375578181474549 0.15001852024899004 0.11813958469607969
0.0774904631322004 0.11641434912197053 0.1276184880107329 0.1455179364024632 0.09577987336499917 0.16385824420300735 0.09869912208167068 0.1746215236829558
0.1347928332394662 0.10445841070153879 0.18586929595635598 0.11202936425597058 0.12757636873807157 0.11358599043276073 0.12402111142704109 0.09766662524879487
0.08052931912177842 0.11501064791546861 0.11425113275695403 0.14376330989433575 0.10093123374359597 0.1754893571141582 0.09750902758050599 0.17251597187320292
0.10205709381155494 0.07758156935876176 0.2247955742183178 0.13880156969225535 0.09587271284222683 0.08622594005093898 0.15365904337115774 0.12100649665478673
0.10023470940786348 0.150167872689376 0.11620705576165281 0.1251446054092385 0.12897767979336672 0.21032285963603045 0.09385845405692889 0.07508676324554311
0.0889962221745604 0.13364552993242912 0.08262636967805087 0.11651148763339973 0.11810672640161732 0.2412746961032961 0.07902518291656677 0.13981378516007967
0.10074280117059889 0.07026479417730933 0.20545353968665964 0.14052958835461865 0.09996107760067535 0.09989156575829461 0.15668000373268676 0.12647662951915678
0.07107760681474538 0.1059878658895413 0.17788014027954224 0.19768297459711998 0.06444371937644984 0.10718528745072103 0.10340340209695507 0.17233900349492512
0.07707659487137822 0.12502731079042806 0.1159600508329222 0.13553554097627799 0.09790999027335125 0.17741943030308638 0.10165165573220848 0.16941942622034745
0.1132685838864295 0.08740476521635179 0.1513713016738145 0.09295986853244194 0.1525789524871825 0.13866134566133534 0.14755534687689195 0.11619983566555242
0.07761497558567755 0.11431529643248443 0.10838743131628 0.14289412054060555 0.10530964696031128 0.1830860940622864 0.09691949045362812 0.17147294464872667
0.07623800865070586 0.12317978435987548 0.10033046619584704 0.13229092535605796 0.10412045417685489 0.19925851054854296 0.09921819401704349 0.16536365669507244
0.11285203993180154 0.0870562717670329 0.1465817290702906 0.09270976437522235 0.15417251721825156 0.14358211601722654 0.14715835615114659 0.11588720546902793
0.09187769348150332 0.13538913208919423 0.08882294199082003 0.11803155105211804 0.12509102511570022 0.21909361255538162 0.08005618245274093 0.14163786126254166
0.07452541407582831 0.11343987873081235 0.09614142836166321 0.14179984841351542 0.09941143609877601 0.20834488773401916 0.096177288489167 0.1701598180962185
0.075502177823158 0.12253477473280339 0.09753905566641084 0.1316863517814968 0.10248718322430615 0.20687775320883126 0.0987647638361226 0.16460793972687096
0.07551051466925596 0.1233624070086085 0.0976698407552849 0.1314405101054771 0.10297191041577798 0.2061637968346412 0.09858038257910785 0.1643006376318464
0.06395623896188327 0.10456351552327997 0.062059096229348965 0.08349394534017304 0.13968147898170827 0.27906509987505274 0.10019273440820764 0.16698789068034608
0.0703070908389105 0.11165641683364645 0.08998886939441378 0.13957052104205808 0.10095857012522749 0.2253686835476172 0.09466522296765678 0.16748462525046967
0.11088553130158965 0.07969941014771321 0.14814302568425533 0.09962426268464153 0.14648729397756538 0.14751320332012358 0.14809815766254172 0.11954911522156983
0.10191579732153182 0.06871998958339391 0.22729733433118338 0.13743997916678782 0.10354805750792344 0.0841475407829652 0.15323532005610524 0.12369598125010904
0.13886857641107514 0.09747580378797323 0.21592721764237513 0.10922113891535569 0.1266221068253544 0.095754437082718 0.12091229053714589 0.09521842879800241
0.08079340206307854 0.11452228632289409 0.12150754080564528 0.14315285790361762 0.1013939182456165 0.1697515832923532 0.09709498188245369 0.1717834294843411
0.11387531605996538 0.08648410432486313 0.15292107820951917 0.09286507134177983 0.15352650956490918 0.13684170617605634 0.14740487514568226 0.11608133917722477
0.09201572990183522 0.13533494634589413 0.09031459251064036 0.11798431219898464 0.12590769741900545 0.21683740479772123 0.0800241421871374 0.14158117463878156
0.10080010783473467 0.06997220049952918 0.2093989850295911 0.13994440099905836 0.10163348862321718 0.09627329261278188 0.1560275635019352 0.12594996089915253
0.10348202769805392 0.07206267726821952 0.2584595856602722 0.1344197062494249 0.0931365871557215 0.0724448649773824 0.14880814041450374 0.11718641057642172
0.07737309229778136 0.11572958940648534 0.13111218218209122 0.1446619867581067 0.09604409835796991 0.16336610195625184 0.09811856493158541 0.173594384109728
0.13702482583331968 0.1038719761168433 0.18688179131160948 0.11141221434627258 0.1271053933959768 0.11323730076578808 0.12333790110779869 0.09712859712239146
0.0804697498155912 0.11441154233143147 0.11643530070710763 0.14301442791428934 0.10149727257425845 0.17555330292265675 0.097001090237518 0.1716173134971472
0.1032954067756764 0.07726481396324016 0.22572307397215324 0.1382534848488425 0.09571267004120101 0.08616958038054216 0.1530522909193535 0.1205286790989909
0.08204278296278994 0.1202310684880117 0.12489749830435327 0.13359225424717652 0.10335473066939076 0.16869715683392467 0.1001941906853824 0.16699031780897064
0.07798558814866774 0.12374210174722039 0.10365714551032913 0.13210870672934444 0.1036994736655258 0.19458957074022368 0.09908153004700833 0.16513588341168053
0.11466069413080067 0.08689615465783869 0.14742970970462707 0.09246333981306445 0.15374275752175143 0.14246096335310385 0.14676720605248325 0.11557917476633056
0.07751098606291316 0.11384067226982249 0.10839535114461116 0.1423008403372781 0.10613933793822594 0.18453471213539197 0.09651709170702343 0.1707610084047337
0.10290587280715092 0.07735703712947437 0.22274388403061143 0.13847650558626465 0.09677043692320898 0.08772397204570775 0.15329918404340245 0.12072310743417945
0.08196518596099386 0.12021296476193088 0.1243316298353791 0.13356088730575785 0.10355274021748653 0.169254817306936 0.1001706654793184 0.1669511091321973
0.07794681194348857 0.12369490426072309 0.10354353526536245 0.132056320707461 0.10370672628730694 0.19493906012073597 0.09904224053059575 0.16507040088432623
0.0770179182668567 0.12353382906716832 0.09904093481983212 0.13145092430552835 0.10328287812511047 0.2027716668044473 0.09858819322914626 0.16431365538191042
0.06504391636993093 0.10449284794631211 0.06228775874710137 0.0833979501346397 0.1396938535459047 0.27821023282526425 0.10007754016156763 0.1667959002692794
0.07031392828363367 0.1114459089465565 0.09032257726881697 0.13930738618319563 0.10145641169528571 0.22549817531320518 0.09448674888947181 0.16716886341983472
0.0722597261722138 0.11380138275311048 0.09724523832328309 0.14225172844138811 0.09602379674262944 0.21123227240789821 0.09648378102981107 0.17070207412966573
0.10226238308314745 0.07763518696038266 0.21877423189828052 0.13897234018377083 0.09520257821086563 0.09214981284487411 0.15384809332513497 0.12115537349354379
0.08182666002784895 0.1201851368835796 0.1235139875440582 0.13349748282541407 0.10317358061728817 0.17080818645098272 0.10012311211906057 0.1668718535317676
0.07742426203799922 0.12905878524094813 0.10280142014543618 0.1310583409549614 0.10300079395798567 0.19453971575274648 0.09829375571622108 0.16382292619370178
0.057068337260445495 0.09701143430338874 0.07339886392226765 0.09738659398709308 0.12245297963244037 0.24104469013566684 0.11686391278451168 0.19477318797418616
0.08303271254366153 0.13349021587712812 0.07701192017408268 0.11637608563647067 0.11737615596342794 0.25412826200107547 0.07893334504038879 0.13965130276376478
0.09959467688783988 0.07005714542786746 0.20496976685194215 0.14011429085573493 0.10050674877836095 0.10243753141431113 0.1562169780137821 0.12610286177016145
0.08109450725669969 0.12243691895178456 0.12032866586285908 0.13286986339867857 0.10384550821429005 0.17368480951833087 0.09965239754900893 0.16608732924834818
0.07725386446159554 0.12932369049147285 0.10209690723894539 0.13094176067711885 0.10305612208236953 0.19544413369426006 0.09820632050783915 0.16367720084639856
0.1139583072333664 0.09159301879688463 0.14641177585993717 0.09191458387592716 0.15289704224777242 0.1424358772587792 0.14589616488242407 0.11489322984490895
0.0666600860310619 0.09800239783689224 0.06516973782008405 0.0854379878578035 0.15234629066385247 0.26492545084413827 0.09658207323056048 0.170875975715607
0.0969347813147417 0.06990626383265466 0.20022579154983694 0.13981252766530933 0.10722431406200483 0.10418451210057564 0.1558805345760986 0.12583127489877838
0.11757074418349896 0.08425975281809016 0.17394039222209826 0.09145492791259874 0.15331689912699648 0.11997207160374894 0.1451665522422202 0.11431865989074842
0.07795472132463664 0.11394150856018183 0.11432411337071778 0.1424268857002273 0.10649944014727863 0.17733848471218297 0.09660258334450199 0.17091226284027272
0.07721914321726867 0.128033295505115 0.10099789914284739 0.13108867044202277 0.10367911533195986 0.19680453547674087 0.09831650283151708 0.16386083805252846
0.07667868669686373 0.12963550743921626 0.09786154647206396 0.13028878691978532 0.1025481415023686 0.20240975713013146 0.09771659018983898 0.16286098364973162
0.07650338796840242 0.12973977227670794 0.09713265672004125 0.13011688417636577 0.10219498114262245 0.2040785493631289 0.09758766313227432 0.1626461052204572
0.06460248172539086 0.11305486996465057 0.06146170765530719 0.08237543963057449 0.1380624077489474 0.2768416864572911 0.09885052755668938 0.16475087926114898
0.050483200812218056 0.0800746562688459 0.06495727496741188 0.10009332033605738 0.12127737866233386 0.2697785574663446 0.11314897081467354 0.20018664067211475
0.09516160390591559 0.07051653986233834 0.20181780254158238 0.14103307972467669 0.10186936560910977 0.10543047756784953 0.15724135903631864 0.12692977175220901
0.1035393066444673 0.07544698106040007 0.2555018480819065 0.13388612752366266 0.09297627191862787 0.07371077856008994 0.14821744683124233 0.11672123937960335
0.0819656789285104 0.12535626084783344 0.13034438471307142 0.13230708661441098 0.1020543111351678 0.16335810453218402 0.09923031496080824 0.16538385826801372
0.06626258110688582 0.11398848047173128 0.06655178395556803 0.08362100221556425 0.14006005745099226 0.2619288877094529 0.10034520265867708 0.1672420044311285
0.10850745306616355 0.07833473539732602 0.1408576851114377 0.09791841924665752 0.15651526355248813 0.15480203370953358 0.14556230682040433 0.11750210309598902
0.11655835083265671 0.07741285917050629 0.16104366861821795 0.09676607396313285 0.15961321164163808 0.12863727885796886 0.14384926816011986 0.11611928875575941
0.1034333720941163 0.06779063023403736 0.2339786544411391 0.13558126046807473 0.1054909151115669 0.08053904581240763 0.15116298741739073 0.12202313442126723
0.10013341567081714 0.06718790400389714 0.26084555895278266 0.13437580800779428 0.0942618003822193 0.07243828789215803 0.1498189978833169 0.12093822720701483
0.09886157598734018 0.06667495193203428 0.2701874646854043 0.13334990386406856 0.0915271964430814 0.07070880228733614 0.14867519132307344 0.1200149134776617
0.07773451572264228 0.11511877444900258 0.1351093749100023 0.1438984680612532 0.09563647075557001 0.1622235343516975 0.09760070007632826 0.17267816167350383
0.10209543649718192 0.08239974653164066 0.23171553709245907 0.13649078514271487 0.093610185852419 0.08359543246360894 0.15110090988530092 0.1189919665346745
0.10154585374842066 0.15747725800466292 0.11698113190750961 0.12333533568664526 0.12693833213741276 0.20721938533837778 0.09250150176498395 0.07400120141198716
0.06510715107890058 0.0958846807182673 0.06086511960289151 0.08359177293387407 0.14246591147904986 0.2904067706548891 0.09449504766437938 0.16718354586774814
0.09757467099471617 0.06972514267188623 0.19877073903422585 0.13945028534377246 0.10531251818005948 0.10818472554535055 0.15547666142059408 0.12550525680939523
0.1039893952704772 0.07532851127005873 0.25433386333034397 0.133821070550332 0.09360000899632093 0.07411720145112251 0.1481454260874656 0.11666452304387917
0.0820222330119641 0.12531243580591186 0.13014690468772408 0.13228325024729845 0.10216898361933878 0.16349969213316579 0.09921243768547386 0.16535406280912307
0.07752682375933076 0.13334298547485757 0.1037965873964776 0.13043163628117038 0.10243113811129526 0.19160755641452776 0.09782372721087779 0.16303954535146295
0.07644149641541148 0.1342085810167603 0.09810550666408269 0.1297117345364346 0.10194360952599164 0.20016560276845008 0.09728380090232597 0.16213966817054323
0.0761493684584305 0.13415314061648106 0.09683139747217784 0.1294783737040054 0.10167430176106942 0.20275667057982516 0.09710878027800404 0.1618479671300067
0.07606576048008978 0.134073266482063 0.09653306624932803 0.12940570854840944 0.1015673864634833 0.2035433946798076 0.09705428141130708 0.16175713568551178
0.07604122057480857 0.13403686658523217 0.09645991148248702 0.1293836722952902 0.1015301603232883 0.20378082414831336 0.09703775422146765 0.16172959036911275
0.07603391314720205 0.13402347676465529 0.09644112754677368 0.12937698795891736 0.10151801281390344 0.20385250585071338 0.09703274096918803 0.16172123494864668
0.0760317163502278 0.13401895694152735 0.096436094955367 0.12937495332497528 0.1015142275799086 0.20387414419804353 0.09703121499373146 0.16171869165621908
0.07603071324845054 0.13401692359239692 0.09643428584211268 0.1293736772164069 0.10151259197995781 0.2038844536878612 0.0970302579123052 0.16171709652050864
0.056802967078990345 0.10012470755391285 0.07204648265097459 0.09665591460886602 0.12134486324873467 0.2437261381101502 0.11598709753063922 0.19331182921773205
0.07094835497516824 0.1129898629916017 0.09381818071806278 0.1412373287395021 0.09934311792177908 0.21638260676056037 0.09579575340592318 0.1694847944874025
0.10183687451399193 0.08303270389184018 0.21625293124220282 0.13791060575929132 0.09534603464827672 0.09271838140484696 0.15267270967247554 0.12022975886707449
0.08163321270634924 0.12679373512461387 0.12238091588670755 0.13229596782419742 0.10245589420254829 0.16984833860718887 0.09922197586814807 0.1653699597802468
0.11503337076667178 0.09376007795604598 0.15187616756408107 0.09151448926612049 0.15218795509655872 0.1359737336946642 0.14526109407320714 0.1143931115826506
0.07885344707882874 0.11360108901815749 0.11036014884497682 0.14200136127269686 0.10611882235848055 0.1823495311233593 0.09631396677626396 0.17040163352723622
0.09277077326054994 0.1577663381888339 0.12028702668209344 0.1571033889684667 0.08668052840958138 0.16625285833958778 0.0821771573065826 0.1369619288443043
0.07913309813336093 0.13918924862633034 0.10148157333343236 0.12981435197104396 0.09886243550616632 0.19189058848757812 0.09736076397828299 0.16226793996380495
0.06540043522685071 0.11504586696402508 0.062255629374379125 0.08267829178805444 0.13764923944594984 0.2724000034789666 0.09921395014566532 0.16535658357610888
0.07116093579174905 0.1114757947320761 0.09084167057049101 0.13934474341509512 0.10135472519476077 0.22409635135964934 0.09451208683806452 0.16721369209811413
0.11312707490377373 0.0917061203711526 0.1427795482973383 0.09156246204121149 0.15195693514241962 0.14907754035733348 0.14533724133525636 0.11445307755151436
0.07842803931925173 0.11332159540698053 0.10831129236471002 0.14165199425872566 0.10583523869528474 0.1863924420430061 0.09607700480157046 0.1699823931104708
0.07711980819665563 0.13075799302488858 0.09933968495757334 0.13024407704634478 0.10299695504365136 0.19905332763819672 0.0976830577847586 0.162805096307931
0.07631917228386101 0.13588215241252946 0.09685343165304734 0.12908853245237745 0.10165512754454221 0.20202451874888758 0.09681639933928309 0.1613606655654718
0.07610303776420645 0.13682932677561435 0.09625240722735237 0.12891402277599512 0.10126106751396256 0.20281209239087872 0.09668551708199635 0.16114252846999388
0.07605170708960803 0.13700216169812893 0.09611235797941418 0.128880777212725 0.10115706311153566 0.20303437848313807 0.09666058290954378 0.16110097151590627
0.0760395198264023 0.13703189834449953 0.09607961502767476 0.12887295615197814 0.10113022059909968 0.20309987774638946 0.09665471711398362 0.16109119518997267
0.06455484469395018 0.11634355595128273 0.06117357306072767 0.08205833957654575 0.1373655141028304 0.2759174859697168 0.09847000749185489 0.1641166791530915
0.07099515020272358 0.11137479591161827 0.09055547486321107 0.13921849488952281 0.10122266081659317 0.22514477204557515 0.09442645740332853 0.16706219386742738
0.10198671618788552 0.08417334593489088 0.21450339914909872 0.13756675590552433 0.09556649331444711 0.09398124343055513 0.1522920537497054 0.11992999232789302
0.0818124511027605 0.12848316337185314 0.12181451842463599 0.13191265834046456 0.10226263628322645 0.1698892557961303 0.09893449375534843 0.16489082292558072
0.07745374486901037 0.13611548444147542 0.10178680706380348 0.12982111040246622 0.10204989626787028 0.19313073615044202 0.09736583280184968 0.16227638800308275
0.05719383099674896 0.10263153759865784 0.07289568548172282 0.0966738603713924 0.1215771309916851 0.23967160137133725 0.11600863244567085 0.1933477207427848
0.07106789130139377 0.11311064465553027 0.09407339395951281 0.14138830581941284 0.0994765376602185 0.21531910436920848 0.09589815525142785 0.16966596698329542
0.10199813727264441 0.08440300599509898 0.21603163266700887 0.1376028141813812 0.0952169984631933 0.09245401192947464 0.152331971743328 0.1199614277478708
0.07102214641660938 0.11157914813919116 0.07951235846438656 0.0858846789648945 0.14193652706997995 0.23523416825727597 0.1030616147578734 0.171769357929789
0.06123296181425238 0.0950279193586598 0.05596788888963284 0.08284485277421623 0.1450104996952942 0.30057546878344155 0.09365070313607053 0.16568970554843246
0.0969615340110075 0.06975080674205686 0.19684238529906534 0.13950161348411372 0.1058907943530484 0.10996752550838948 0.15553388846661634 0.12555145213570235
0.10421298260145849 0.07615532294679887 0.2535060032131503 0.13365862600346773 0.09364069666481183 0.07433787055286865 0.1479655932964722 0.11652290472097186
0.08225061392327283 0.12682341112833515 0.12983842544255444 0.1319521361680799 0.10197466811945463 0.16325647288214323 0.09896410212605994 0.16494017021009988
0.07760098053815617 0.13589526177297317 0.10347673151361987 0.1299536542831026 0.1020967212115221 0.19106934211442078 0.09746524071232696 0.16244206785387824
0.07646025507700932 0.13711525065588692 0.09775955066025599 0.12920363916874456 0.10156158273136957 0.19949244336924435 0.09690272937655843 0.1615045489609307
0.06469082011891267 0.1165033387255563 0.06146607040585143 0.08216570051329274 0.13765610794738373 0.2745877206464664 0.09859884061595127 0.16433140102658547
0.051036511043673106 0.08004650276916957 0.06513734733314731 0.10005812846146195 0.12131088991285309 0.2691851748612055 0.11310918869556567 0.2001162569229239
0.09592130598125224 0.07038405522424235 0.2021803604992782 0.1407681104484847 0.10182045738580028 0.10528847299011497 0.15694593806719115 0.12669129940363624
0.11815037708790505 0.0866151599419827 0.17431517017442238 0.09112216975542682 0.15129022230621764 0.11996582384860827 0.14463836469115368 0.1139027121942835
0.07931241305206045 0.11363279826881272 0.11503341297780796 0.1420409978360159 0.10605385255750846 0.1771364771984082 0.09634085070616732 0.17044919740321907
0.10302462899789253 0.08392667318992096 0.22378122600509787 0.13672934053179 0.09584858529181958 0.08612460757665641 0.1513650005073133 0.11919993789950925
0.08203433053297382 0.12851824569563178 0.12378788426740475 0.1319891423831453 0.10239667281825562 0.16729543953629833 0.09899185678735897 0.1649864279789316
0.11525983460213643 0.09567036056424649 0.1519950316305722 0.0912423178694348 0.15183552372887166 0.135114958284715 0.14482907598322986 0.11405289733679352
0.07889442831451507 0.11362054545724909 0.11048880370624596 0.14202568182156136 0.10606698691268189 0.18214227314898795 0.0963304624528851 0.1704308181858736
0.0770749829950337 0.13299109288615849 0.09964515932603271 0.12999958869735362 0.10290254037620698 0.19738745832450713 0.09749969152301523 0.16249948587169205
0.07649267072991207 0.1363478330889714 0.0969136639737554 0.12905842292519681 0.10162261925183315 0.2014479441799376 0.0967938171938976 0.161323028656496
0.07630948202533736 0.13691386831544733 0.09626536094141117 0.1288879194290244 0.10124217561691118 0.20260535481381972 0.09666593957176829 0.16110989928628047
0.07625955392818187 0.13699879243850988 0.09611209810067159 0.12884900659712595 0.10113682966233623 0.20294570607892257 0.09663675494784447 0.1610612582464074
0.06473603769404382 0.11632466216686486 0.061178743382184625 0.08204197678426545 0.13735164674840242 0.2758326075145893 0.09845037214111854 0.1640839535685309
0.07101116455263805 0.11136269984339223 0.09058338944850694 0.13920337480424028 0.10123177473451293 0.2251473448104845 0.09441620204113689 0.16704404976508833
0.11313064896029998 0.09314862991101625 0.14245509732193895 0.09133667334392495 0.1516434521639092 0.14913581004134577 0.14497884657765867 0.11417084167990618
0.07842577846288046 0.11331728883178305 0.1083267561715472 0.1416466110397288 0.10579342113581386 0.18644085753579948 0.09607335357477259 0.16997593324767457
0.10344417141320614 0.08400121952343033 0.22117912221305067 0.13689441753339418 0.09593609923026888 0.08765337136977454 0.1515477475339162 0.11934385118295905
0.08251704034223296 0.1284621769809034 0.12322227288576873 0.13190112374724422 0.10236072935700592 0.16773440919235627 0.09892584281043318 0.16487640468405526
0.07792176418944935 0.13611136857970155 0.10207858892672296 0.1298024353401592 0.10207040184536804 0.19241057043828055 0.09735182650511941 0.162253044175199
0.07680311283121617 0.13708464343998242 0.09743424273710777 0.12910876972009544 0.10149810502925012 0.1998535868021572 0.0968315772900716 0.1613859621501193
0.06499130706800325 0.11645118007214367 0.06140258919567667 0.08211969163883218 0.13758234766559793 0.2746698711154833 0.0985436299665986 0.16423938327766435
0.07106177398839335 0.11139408916683065 0.09065067904479365 0.13924261145853833 0.10129959065739491 0.2248173072054032 0.09444281472839991 0.167091133750246
0.10237249183260237 0.08413902393838567 0.21448282478295974 0.13749121743797593 0.09554054410350146 0.0939013300643473 0.1522084295609664 0.11986413827926105
0.0714017587485163 0.11141936301487547 0.07926186318768812 0.08578807311093012 0.14189773188157975 0.23570937610143397 0.10294568773311612 0.17157614622186024
0.11058924644701175 0.0782510084342604 0.144833097092683 0.0978137605428255 0.15708235870092194 0.1486472915030647 0.1454067246278421 0.1173765126513906
0.1028392369721591 0.06805626804169498 0.22924369430025943 0.13611253608338997 0.10554735069807146 0.08394431134834082 0.1517553200810333 0.12250128247505095
0.08252825672233857 0.12510380303521887 0.12500075119348414 0.13206843453393835 0.104493748291019 0.1666681371561244 0.09905132590045376 0.16508554316742294
0.07794741560982384 0.1354226264537006 0.1024612658792478 0.1298409415912909 0.10253850789003968 0.1921073593933154 0.09738070619346816 0.1623011769891136
0.06532781845206383 0.11646957575211453 0.062202666349327994 0.08235934422007118 0.13825559804257423 0.2718350956796204 0.0988312130640854 0.16471868844014237
0.07114537586464417 0.111462922427623 0.09087086988606521 0.13932865303452877 0.10150684550574197 0.22398977627741232 0.09450117336254994 0.1671943836414345
0.09130520650861819 0.15881097828785787 0.11481030775702397 0.15569212189826548 0.08523215551087465 0.17697868051772805 0.08143895606986196 0.1357315934497699
0.07896983540200102 0.1419175315576176 0.09985908882158327 0.12890930678552937 0.09798183524062534 0.1945437886215849 0.09668198008914701 0.16113663348191168
0.07700358976342667 0.13821248087986382 0.0969085948255587 0.12896763641685663 0.10056828076925262 0.20040414451132832 0.09672572731264249 0.16120954552107078
0.07662873067858449 0.1372984524625673 0.0962530281760107 0.1288573830433643 0.10101291463832807 0.20223472491441646 0.09664303728252321 0.16107172880420534
0.07654446702859032 0.13705739448737164 0.09609428069993411 0.12881212619795962 0.10107136001759771 0.2027961191726274 0.09660909464846973 0.16101515774744954
0.07652305805599559 0.13699126419839885 0.09605335449134099 0.12879735209438853 0.1010728803402513 0.20296738663084776 0.09659801407079141 0.16099669011798567
0.07651717506424603 0.13697263902329312 0.09604229608018404 0.12879278158968965 0.10106998251097878 0.20301956255222908 0.09659458619226724 0.16099097698711204
0.0936988303245489 0.1677265116447137 0.08820529315033922 0.1182858875006761 0.12376569807985052 0.24863183117395868 0.08871441562550708 0.07097153250040567
0.07482307114312911 0.11161347126513832 0.09612539493775918 0.1395168390814229 0.09901177283488405 0.21686043124560267 0.0946288125943564 0.16742020689770748
0.07635725417975348 0.13165764852395184 0.09618198889409535 0.1290405817058125 0.10078054877394058 0.20790081451082104 0.0967804362793594 0.16130072713226562
0.09370691644895117 0.16621287150611885 0.08817423803975477 0.11820452196694649 0.12361511869063861 0.25051022869221223 0.08865339147520988 0.0709227131801679
0.07478043619915793 0.11153904925397651 0.09606440619632212 0.13942381156747066 0.09892979673385884 0.21738821049639942 0.09456571567184965 0.16730857388096476
0.09223184400439616 0.15885917922518433 0.11605411503604943 0.15571347889420875 0.08480671020670617 0.17513433284255897 0.08145012742158612 0.13575021236931017
0.07930261667024102 0.14195196542216254 0.10011940550730022 0.1289213858951011 0.09790944463754969 0.19395241007744327 0.09669103942132583 0.16115173236887634
0.07720199120347584 0.13821657917328703 0.09695660328979566 0.12895670236819354 0.10055043134726667 0.20020428788159422 0.09671752677614517 0.16119587796024193
0.0767962860342763 0.13728626663589438 0.09625265826123956 0.12883699414367866 0.1009992219374754 0.2021545847000784 0.09662774560775901 0.16104624267959833
0.07670458840879386 0.137038605470787 0.09608228037766971 0.12878862368959765 0.10105626460922172 0.20275239006473483 0.09659146776719825 0.16098577961199706
0.07668128316019865 0.13697010699062984 0.09603841741200594 0.12877288596858874 0.10105680834508123 0.20293472618631808 0.09657966447644156 0.16096610746073592
0.07667489071999878 0.13695068580806843 0.09602658461650014 0.12876802272221238 0.10105350245370963 0.2029902682350858 0.0965760170416593 0.1609600284027655
0.07667305538330939 0.13694507981977322 0.09602327704400591 0.12876653957270567 0.10105178670918151 0.2030071823256128 0.09657490467952928 0.1609581744658821
0.0766725144063821 0.1369434393964401 0.0960223276583127 0.12876608840903053 0.10105112086481674 0.20301233244695677 0.09657456630677291 0.16095761051128818
0.07667235256264963 0.1369429543013037 0.09602204986654092 0.12876595114350392 0.10105088936259701 0.20301390047639703 0.09657446335762793 0.1609574389293799
0.07667230372094937 0.13694280966303746 0.09602196745532349 0.1287659093248428 0.1010508127627144 0.20301437842344697 0.09657443199363211 0.16095738665605347
0.06510072674511219 0.1162750419143121 0.061147564005982 0.08199918346752623 0.13727994491684242 0.27580015185414114 0.09839902016103146 0.16399836693505246
0.07105137245679596 0.11135280896197484 0.09058242150389877 0.13919101120246857 0.1012468788972783 0.22513847724077304 0.09440781629384826 0.1670292134429623
0.07576794265965839 0.13138613054080273 0.0949450224753877 0.12881538310891627 0.1010706938375547 0.21038406115984773 0.0966115373316872 0.1610192288861453
0.05713529241487988 0.10134519310336004 0.07153363922664084 0.09613180376438125 0.12071773461850972 0.24551456482620823 0.11535816451725749 0.1922636075287625
0.0709413239030444 0.1129060731050417 0.09371178828256176 0.14113259138130213 0.09921784949924307 0.21700655001696983 0.0957247141542745 0.16935910965756254
0.10263061267834392 0.0843183620971837 0.21575503953003836 0.13747742693097248 0.09510579056392948 0.09266748951072923 0.15219316290282667 0.119852115785976
