Action: 0
[0.10401235648834907, 0.10399646503162634, 0.2637051593603646, 0.10399646503162634, 0.11200777292364086, 0.10428885110114011, 0.10399646503162634, 0.10399646503162634]
[0.15263420098863725, 0.10079039707187307, 0.21523577695797838, 0.10079039707187307, 0.12636487802993368, 0.10260355573595838, 0.10079039707187307, 0.10079039707187307]
[0.10280029942222645, 0.10279936859411679, 0.15610071212916624, 0.1027993685941166, 0.22679730346548854, 0.10310421060665201, 0.1027993685941166, 0.1027993685941166]
[0.125, 0.125, 0.125, 0.125, 0.125, 0.125, 0.125, 0.125]
[0.10251288874400619, 0.10246900339198368, 0.23128504962090346, 0.10246900338799675, 0.1037274297145651, 0.15259861836455146, 0.10246900338799675, 0.10246900338799675]
[0.11171938374969384, 0.10133653105790809, 0.22915944051470813, 0.10132396314720296, 0.10134979919937416, 0.15246295603670695, 0.10132396314720296, 0.10132396314720296]
[0.125, 0.125, 0.125, 0.125, 0.125, 0.125, 0.125, 0.125]
[0.125, 0.125, 0.125, 0.125, 0.125, 0.125, 0.125, 0.125]

Action: 1
[0.10268283111931341, 0.10268632168011295, 0.10268283111931341, 0.10268283111931341, 0.1285434992774138, 0.2553560234459063, 0.10268283111931341, 0.10268283111931341]
[0.11262394867307943, 0.15235369041349434, 0.10022393895532689, 0.10022393895532689, 0.12761564338418527, 0.2065109617079335, 0.10022393895532689, 0.10022393895532689]
[0.10248275558419816, 0.10370074406887111, 0.10248275481721894, 0.10248275481721894, 0.15260540554454072, 0.23128007553351432, 0.10248275481721894, 0.10248275481721894]
[0.125, 0.125, 0.125, 0.125, 0.125, 0.125, 0.125, 0.125]
[0.10276031805358139, 0.10276031805368965, 0.10276031805358139, 0.10276031805358139, 0.155352488199102, 0.22808560347930149, 0.10276031805358139, 0.10276031805358139]
[0.10389240034106413, 0.10389240034103991, 0.1038924003410393, 0.1038924003410393, 0.21713613893159014, 0.1595094590221484, 0.1038924003410393, 0.1038924003410393]
[0.125, 0.125, 0.125, 0.125, 0.125, 0.125, 0.125, 0.125]
[0.125, 0.125, 0.125, 0.125, 0.125, 0.125, 0.125, 0.125]

