0.125 0.125 0.125 0.125 0.125 0.125 0.125 0.125
0.099626400996264 0.07845579078455792 0.199252801992528 0.15691158156911583 0.08685378548392246 0.06839735606858895 0.17370757096784492 0.1367947121371779
0.0745303753200788 0.12421729220013136 0.1056354961590544 0.1490607506401576 0.0931629691500985 0.15527161525016417 0.11179556298011822 0.186325938300197
0.06344843213867375 0.10574738689778962 0.0626255954080283 0.09517264820801065 0.1268968642773475 0.2415565988045162 0.11420717784961276 0.1903452964160213
0.07295173961840629 0.12906846240179573 0.09118967452300786 0.16133557800224466 0.08754208754208755 0.15488215488215487 0.10942760942760943 0.19360269360269358
0.07232933268668837 0.1205488878111473 0.09412619607858747 0.14465866537337674 0.09041166585836045 0.18860792144508604 0.10849399903003257 0.1808233317167209
0.07106690109238957 0.1257337480865354 0.08883362636548697 0.15716718510816927 0.0852802813108675 0.17671728426816372 0.10660035163858438 0.1886006221298031
0.09547280922976849 0.0751848372684427 0.2068804545695203 0.1503696745368854 0.08990082151607838 0.08463448077985965 0.16646541096472456 0.13109151113472062
0.06240205649801599 0.11040363841956675 0.054401792844424195 0.09624932580167357 0.12480411299603197 0.25043683614809203 0.10880358568884839 0.19249865160334714
0.12715610683085563 0.10013543412929879 0.16655506298127395 0.12016252095515856 0.12412437784953903 0.1240845774801739 0.13302485022304894 0.10475706955065105
0.0607876376346028 0.10754735889198959 0.05299435075837168 0.09375923595711913 0.1215752752692056 0.2698289680577296 0.10598870151674336 0.18751847191423826
0.0928236327173542 0.07492992038629796 0.1856472654347084 0.14985984077259593 0.08354126944561877 0.11124167565685106 0.16708253889123753 0.13487385669533636
0.0922600428295098 0.07447497433225489 0.2166258217282714 0.14894994866450978 0.08303403854655882 0.0845321430077188 0.16606807709311763 0.1340549537980588
0.09875148101657336 0.07141355892436342 0.2478282612438165 0.14282711784872684 0.08538770579209483 0.071160435621918 0.1581154906587452 0.12451594889376184
0.11166601108624992 0.08015474899281318 0.18868433671041343 0.09618569879137583 0.1379108485807986 0.1124905199818661 0.15267571236726318 0.12023212348921976
0.05742012790756458 0.08611648295895225 0.08807423096359365 0.10333977955074271 0.12825622375696663 0.20610586029980357 0.12400773546089125 0.20667955910148542
0.07945544356873521 0.14057501554468538 0.0795481779080035 0.12255257765434112 0.09534653228248226 0.2523365419692508 0.08312261788729222 0.1470630931852093
0.07256058384164572 0.11204422811728423 0.0950006442342364 0.13445307374074106 0.09806909177571776 0.21896623080889274 0.10083980530555581 0.1680663421759263
0.06117236178146102 0.09506150860663841 0.062228959369186 0.08555535774597457 0.1390686300457237 0.2831360376638975 0.10266642929516948 0.17111071549194914
0.06492038303573602 0.11485913921707143 0.08985462547174297 0.1435739240213393 0.07790445964288324 0.23921818523201577 0.09738057455360405 0.17228870882560715
0.09620543699862676 0.07112177453942278 0.21709562375751798 0.14224354907884557 0.092517253288196 0.09933970966284983 0.15746945604170123 0.12400719663283971
0.06797078459044185 0.12025600350616635 0.11596635350165792 0.15032000438270793 0.08156494150853022 0.18158173036558353 0.10195617688566279 0.18038400525924952
0.09055517071775515 0.0730987522661397 0.2166330639535895 0.1461975045322794 0.08149965364597964 0.09743879351324596 0.16299930729195927 0.13157775407905148
0.09447082964044806 0.06817584909213108 0.2678034609689048 0.13635169818426215 0.08933007320538808 0.07405044276646351 0.15094693490484046 0.11887071123756188
0.0645461100425474 0.09808764936981386 0.09137636042779014 0.08827888443283248 0.14178071707709056 0.23343784846486168 0.10593466131939895 0.17655776886566496
0.06538338875023106 0.11567830317348571 0.0981119035481677 0.14459787896685714 0.07846006650027726 0.2261759211754061 0.09807508312534659 0.17351745476022856
0.10194783099130916 0.08229523706527367 0.15485827967561688 0.10286904633159208 0.122337397189571 0.15932760666176307 0.15292174648696374 0.12344285559791049
0.09585247808825886 0.06833305913190264 0.2464866708774594 0.1366661182638053 0.09688791084114824 0.08533393088915477 0.15129501085777386 0.11914482105049692
0.06410897413799613 0.09727638560224659 0.08860020702438909 0.08754874704202194 0.14269204085232687 0.2396176548065492 0.10505849645042631 0.17509749408404388
0.05448533440792514 0.09639713010632911 0.05691394396319512 0.08403852368244076 0.12452622443319912 0.3205617257923137 0.09500007024971564 0.16807704736488152
0.0882485763350707 0.07123680258373179 0.19935954881746132 0.14247360516746357 0.08949097764395261 0.12211680739847543 0.15884743740312726 0.1282262446507172
0.11536558549572816 0.09312643648450346 0.21557200455875883 0.11640804560562933 0.11303727701038985 0.11193712611722975 0.12978628368269418 0.10476724104506639
0.09477723634777627 0.06668828279906487 0.27173691515621196 0.13337656559812974 0.09310526575892562 0.07638538760073538 0.14765334083309437 0.11627700590606183
0.0637406937941753 0.10291870049758997 0.08558252107265107 0.08972399530559126 0.1272848925250173 0.24987408106573272 0.1014271251280597 0.17944799061118252
0.10522497363452119 0.07979086574873277 0.15037638891819152 0.09973858218591597 0.13390185593318749 0.16301293367699038 0.14826810127936163 0.11968629862309915
0.07313373343332556 0.10993292526059796 0.11295911549505128 0.13191951031271756 0.10796513031760964 0.20025056455526288 0.09893963273453817 0.16489938789089695
0.07100666728216906 0.11011126373955853 0.10444027571108075 0.13213351648747024 0.10296606240638266 0.21507518139839826 0.09910013736560269 0.16516689560933778
0.07062901457004887 0.10974047275478603 0.10222005517258956 0.13168856730574321 0.1016975806832397 0.22064717490210625 0.09876642547930742 0.164610709132179
0.059109363607054745 0.09184821837132792 0.06391702152664021 0.08266339653419512 0.13907461335039256 0.298864517700965 0.09919607584103414 0.16532679306839024
0.07723208139131957 0.12874219619576474 0.07398096047581965 0.11223678642707698 0.1094345789223985 0.2875634325158934 0.07612582035923479 0.13468414371249235
0.069139780046763 0.10661956651371063 0.09309055873387748 0.12794347981645274 0.1028931796190504 0.24442647563724038 0.09595760986233956 0.15992934977056592
0.08004661708233633 0.13228575418299085 0.0806979118387274 0.11532604210824846 0.10625418154086957 0.26877710111307374 0.07822114160385545 0.13839125052989812
0.1047888204647119 0.07811980931917395 0.14626420986353258 0.09764976164896742 0.14467163039705494 0.16616312507052722 0.14516292925727098 0.11717971397876091
0.10164008413995788 0.06705181831496092 0.2424210454384483 0.13410363662992184 0.10257716298701998 0.08683715143365531 0.14845823835302702 0.11691086270300878
0.07155425622648535 0.11463487334816404 0.13147973562838192 0.14329359168520506 0.09826100631718411 0.1716337906728031 0.09719043609953039 0.17195231002224606
0.0690837064144602 0.11394345808255374 0.10743401009080172 0.1424293226031922 0.0966047498031927 0.2029853296815428 0.096604236200426 0.1709151871238306
0.12719886694660762 0.09133145942179437 0.18044465782497257 0.11416432427724296 0.1270884634965945 0.12973963433983574 0.12728470184343357 0.10274789184951867
0.10714309078339077 0.06653068592624405 0.24342152335340397 0.1330613718524881 0.09908311843305612 0.08265147532177669 0.1483534996624009 0.1197552346672393
0.10162457851512412 0.0655805426315134 0.2720096998879522 0.1311610852630268 0.09212224980637661 0.07322204523169927 0.1462348219275836 0.11804497673672414
0.1330939873631527 0.0867004635416866 0.23857258882585095 0.10837557942710825 0.12014314941605256 0.09474552661033378 0.12083068333141772 0.09753802148439743
0.10265401254794021 0.06479561354801874 0.2796678866205344 0.1295912270960375 0.09462524449308234 0.07222623297524383 0.14346281550721285 0.11297696721193012
0.07157495160935087 0.0995070913341343 0.08848429177667232 0.0867497719323222 0.140751641960004 0.24136774794720334 0.09806495957566858 0.1734995438646444
0.10039322651444392 0.06811294105779535 0.21165584502991389 0.1362258821155907 0.10428402330941366 0.10484309562053284 0.15188169244827796 0.12260329390403162
0.10314145319364466 0.06585829708137636 0.2628831544047545 0.13171659416275272 0.09357917452873396 0.07742221898737035 0.14685417289488997 0.11854493474647744
0.101856969333597 0.06457887207725975 0.28296705684434303 0.1291577441545195 0.08984759991155254 0.07134854184499495 0.14400124609466575 0.11624196973906754
0.10081409699754978 0.06403774251317484 0.2907899892950045 0.1280754850263497 0.08845296345694817 0.0697671782548953 0.14279460793236298 0.1152679365237147
0.100288487310872 0.0638210735027568 0.2938591618194409 0.1276421470055136 0.08791724877165688 0.06928248090700859 0.14231146837778902 0.11487793230496222
0.08032365723995939 0.11214038697894596 0.1480521856616624 0.14017548372368244 0.09388080328420347 0.16214135716097763 0.09507554548214985 0.16821058046841894
0.1022668496881521 0.06761400962342892 0.23920667043889693 0.13522801924685784 0.09382559160221493 0.08938449226125818 0.1507691498170191 0.12170521732217204
0.12058047677841367 0.07572736816098885 0.199533051046299 0.09465921020123606 0.14049223121664361 0.11469933668265035 0.14071727367228526 0.11359105224148326
0.1087015090849832 0.06492524518008397 0.25668717757380993 0.12985049036016794 0.09975068545082728 0.07844584460949071 0.14477360641648573 0.11686544132415115
0.10475944444744875 0.06437277558944986 0.28050104403964754 0.12874555117889971 0.0908392583341338 0.07136924866189102 0.14354168168751952 0.11587099606100976
0.10309684374140984 0.06387771578671533 0.28973122462757456 0.12775543157343067 0.08848137096865535 0.06963975266918226 0.14243777221694434 0.11497988841608761
0.10239404211369471 0.06365678586921433 0.29323408567161857 0.12731357173842867 0.08775219871047542 0.06912196985645082 0.14194513147553164 0.1145822145645858
0.10210803649518906 0.06356971949889267 0.294555333391501 0.12713943899778535 0.08750423971228738 0.06894675034164276 0.141750986464695 0.11442549509800681
0.11983513389060449 0.0746497496891836 0.2166630318809538 0.0933121871114795 0.1369406428490099 0.10790979666733122 0.13871483337766208 0.1119746245337754
0.14256530061659473 0.0851781917600906 0.2176725140028591 0.10647273970011324 0.13209080133383544 0.10148582781762211 0.11870915903878297 0.09582546573010192
0.11307673484391409 0.06404834835893783 0.26290527481577997 0.12809669671787566 0.09847620025183465 0.07529146058011724 0.14281825738545242 0.1152870270460881
0.14099615371156565 0.08545095060746118 0.23564356860563013 0.10681368825932648 0.12177301077448749 0.09410101736975181 0.1190892912383834 0.09613231943339381
0.11234188735328454 0.06372704767557631 0.2701508582217719 0.12745409535115262 0.09587918896447659 0.07363643180081848 0.1421018048168821 0.11470868581603737
0.10536778552804672 0.06384788346975907 0.28526106767001885 0.12769576693951815 0.09048704474582546 0.07004301079854892 0.14237125060271652 0.11492619024556634
0.10334541244781432 0.06361005675296333 0.2912524366814331 0.12722011350592666 0.08906486214599588 0.06916808378974582 0.1418409325207869 0.114498102155334
0.09474276185543892 0.12837676039080229 0.16928543233327936 0.16047095048850288 0.08176047646318399 0.1393088882154234 0.08163087481371668 0.14442385543965255
0.11420844215535456 0.07680223603938392 0.1735649100001062 0.09216268324726071 0.14760281993603616 0.13416558115443225 0.14628997340835034 0.11520335405907588
0.07206605556425763 0.09510718294907151 0.07118893944381217 0.08291395436585722 0.1526466166255307 0.26652052434096124 0.09372881797879512 0.16582790873171444
0.10198329789203864 0.06779284576470256 0.20362536375755813 0.1355856915294051 0.10830997437039173 0.10950777658934135 0.15116792772009793 0.12202712237646461
0.12176853931019195 0.07565752128156644 0.18733864137855757 0.09457190160195805 0.14655381290613756 0.12003581802379072 0.1405874835754481 0.11348628192234966
0.10981018764670161 0.0649613235848125 0.2513326425760172 0.129922647169625 0.1026881219868528 0.0795006387091346 0.14485405587419387 0.11693038245266253
0.10559977369519764 0.06433173072886006 0.27812854033877665 0.12866346145772012 0.09248813074433401 0.07154108994866064 0.14345015777450287 0.11579711531194811
0.10376174683318111 0.06378441516834953 0.28855251285562944 0.12756883033669905 0.08969036310048246 0.06960045863917533 0.142229725763454 0.11481194730302914
0.10297070799683149 0.06353982813991883 0.2925189400793565 0.12707965627983767 0.08881327871630765 0.06902156494031382 0.14168433319558021 0.1143716906518539
0.08245344975576578 0.11169735480835474 0.14761274960089543 0.13962169351044346 0.09480313385418163 0.1615656550072653 0.09469993125056163 0.16754603221253211
0.10343345110277888 0.06737341246973279 0.2385251977704411 0.13474682493946558 0.09531490036167008 0.089101416836093 0.15023265407429967 0.12127214244551901
0.10478422055151496 0.06483695475887162 0.2736200597284943 0.12967390951774324 0.09211887639300538 0.07368272852954463 0.144576731954857 0.11670651856596893
0.0952983302215669 0.12864646146591868 0.16470838554605238 0.16080807683239834 0.08290755375968012 0.14110155350613554 0.08180236951908959 0.14472726914915848
0.10459817723988465 0.06749024579850282 0.2524006826687685 0.13498049159700565 0.09076973249917739 0.08265641698353865 0.14942895284650196 0.1176753003666203
0.07312887144939542 0.0988630181943954 0.08502627070142985 0.08618827227203701 0.14099988745133443 0.24598691455807467 0.09743022082925923 0.17237654454407403
0.1329040318901346 0.08816118238732899 0.17096949444144505 0.11020147798416124 0.13844440393777366 0.13727165521196594 0.12286642396144545 0.09918133018574511
0.11291205781358597 0.06512974108258915 0.24431116641690317 0.1302594821651783 0.10211706667618752 0.08280735013959956 0.14522960175729577 0.11723353394866046
0.14183267637891417 0.08577656413066627 0.2290658564481291 0.10722070516333283 0.1239054063743602 0.09615707214564337 0.11954308471195467 0.09649863464699955
0.11288164713992559 0.0637995716766815 0.2674134360189737 0.127599143353363 0.09711115373436721 0.07409229654379343 0.1422635225148689 0.1148392290180267
0.08431031475634608 0.11165767666050748 0.14167402435907106 0.13957209582563435 0.0970984950721766 0.16353458725376868 0.09466629108173462 0.16748651499076123
0.07876322778374485 0.11192857155321594 0.111638246113797 0.13991071444151992 0.09682662836727991 0.19814379157202258 0.09489596283859614 0.1678928573298239
0.11735191069315506 0.07708695090071753 0.15809584148366343 0.09635868862589692 0.14646533018247962 0.1457671892683944 0.1432436624946169 0.11563042635107629
0.1097929537570284 0.06557510164649222 0.2394218679588796 0.13115020329298444 0.10501202322052464 0.08478997781733108 0.14622268934307367 0.118035182963686
0.08375427263587108 0.11179720267713214 0.1350467138833101 0.13974650334641517 0.09929955629114107 0.16787536227199415 0.09478458487843813 0.1676958040156982
0.11844656580492346 0.07689049195697084 0.16581715005757602 0.09611311494621354 0.14721447683698852 0.13730386173585832 0.14287860072601297 0.11533573793545625
0.09771858894663354 0.1275860553093973 0.13495164038611437 0.15948256913674663 0.09350804411457263 0.16209070036607498 0.08112808951738851 0.14353431222307195
0.08086446269259655 0.10990057019105542 0.10984081731565094 0.1318806842292665 0.1024235121651292 0.2013285849477684 0.09891051317194988 0.1648508552865831
0.09138614623933349 0.13082772481194122 0.08511882371506659 0.11405493957964108 0.1152090162459167 0.249178419415036 0.07735900249749567 0.13686592749556928
0.10662251748861602 0.06771076788201592 0.21012717722938556 0.13542153576403185 0.1012628620175523 0.10599085113863266 0.15098490629213698 0.12187938218762867
0.10642543806550052 0.06536234962220135 0.26227402607159733 0.1307246992444027 0.09460347890032442 0.07720949469307273 0.14574828408293852 0.11765222931996241
0.1044901689714784 0.06410837980164677 0.2824160557637355 0.12821675960329354 0.09150890087616259 0.07091253279794243 0.1429521185427765 0.11539508364296419
0.08274382232332152 0.111666983095366 0.14520964314527413 0.13958372886920753 0.09634006363459925 0.16228110296919845 0.09467418131998423 0.16750047464304899
0.07845206239452608 0.11187728987376648 0.11242542336270331 0.1398466123422081 0.09711539587967537 0.19761479644349508 0.09485248489297593 0.1678159348106497
0.1035992647771975 0.068096622256243 0.22386325037405563 0.136193244512486 0.09733088157999317 0.09649751248232905 0.15184530395645823 0.12257392006123739
0.14004557862421788 0.08661745054997892 0.22257066330046626 0.10827181318747364 0.12422179565622808 0.10011307509493451 0.12071499171797434 0.09744463186872628
0.11269850599928338 0.06394340780660544 0.2648610797084181 0.12788681561321089 0.09798848720534704 0.07493931399872505 0.14258425561652022 0.11509813405188982
0.10567508771724239 0.06387126659967007 0.28304754328174203 0.12774253319934015 0.09196132829915057 0.07031056953105008 0.14242339149239863 0.11496827987940612
0.12122486574850486 0.07443183159597432 0.21241432478497715 0.09303978949496788 0.14091118228922725 0.10802036266703201 0.13830989602535523 0.11164774739396147
0.10866054503595142 0.06424499814023418 0.2610613660517768 0.12848999628046837 0.1020038128116449 0.07664152798047316 0.14325675704702964 0.11564099665242153
0.10488660987769435 0.06398291170034934 0.281651402658323 0.12796582340069868 0.09295672735315186 0.07071494054568842 0.14267234340346555 0.11516924106062881
0.13830769420954508 0.08507848209917003 0.24221774996298756 0.10634810262396252 0.12107337733645275 0.09269110340616656 0.11857019800014926 0.09571329236156627
0.11153346473939124 0.063464583159103 0.27252210408067495 0.126929166318206 0.09665492117480516 0.07314296272247917 0.14151654811895503 0.1142362496863854
0.10512029879099491 0.06368142604995766 0.2859660091794448 0.12736285209991532 0.09143206012143043 0.06981071146738269 0.14200007540095036 0.1146265668899238
0.10328462610173823 0.06348878097238177 0.29132970534067076 0.12697756194476353 0.09004384692325003 0.06902516733595573 0.14157050563095278 0.11427980575028719
0.10268653093097786 0.06337759526384715 0.2933978918087445 0.1267551905276943 0.08960383249342822 0.06877670940458067 0.14132257809580243 0.11407967147492486
0.08234218288520641 0.1115308970875077 0.1477401147837788 0.13941362135938465 0.09583293050059659 0.16128510369981208 0.09455880405245219 0.16729634563126156
0.10336581071523557 0.06731553196136279 0.23846068725403732 0.13463106392272559 0.0959471155223928 0.08900824391427634 0.15010358917951644 0.12116795753045305
0.10474765292440859 0.06478925620995139 0.273500628780955 0.12957851241990279 0.09266433286917297 0.07362858430774537 0.1444703713099513 0.11662066117791252
0.10370233666835026 0.06384341225795184 0.2867090846969795 0.12768682451590369 0.09075103731457042 0.07002788201419985 0.14236128046773142 0.11491814206431329
0.1378237547482203 0.08500182385651527 0.24402265684336288 0.10625227982064409 0.12035212660854121 0.09245694355873199 0.11846336272540467 0.09562705183857967
0.11135877752676585 0.06342807474621324 0.27323997247539067 0.1268561494924265 0.09644870775432562 0.07306264365446652 0.14143513980722774 0.11417053454318385
0.09656413986394174 0.1282593897808351 0.16444256170595403 0.16032423722604386 0.08398259593342572 0.1405790195713726 0.08155624241498755 0.14429181350343948
0.10689199416384858 0.06727426035294683 0.2518900262575818 0.13454852070589365 0.09074979885423495 0.08239594599351426 0.14895074331299582 0.11729871035898422
0.09964421068709131 0.13395242668263194 0.1151708316478566 0.11677903864639709 0.11520412823917499 0.1999078654218763 0.0792066522992954 0.1401348463756765
0.10776745505134003 0.06720526298037595 0.22317423103560358 0.1344105259607519 0.10040224654093613 0.09621309925634304 0.14985770580997262 0.12096947336467671
0.10621856020060713 0.0650470337075037 0.26734773733096023 0.1300940674150074 0.0939914812625037 0.07517128275467164 0.1450451766552396 0.11708466067350666
0.10425275753833278 0.06397939840782581 0.28433737744521964 0.12795879681565162 0.09121183645738323 0.07043240691599033 0.14266450928551008 0.11516291713408647
0.10317107246445495 0.06355578369059542 0.29076908223409886 0.12711156738119084 0.09007745331276931 0.0691947185816554 0.1417199116921635 0.11440041064307176
0.1375183378403771 0.08490106311667 0.2454089555273132 0.10612632889583751 0.12003893311495155 0.09216974865502865 0.11832293684356808 0.09551369600625376
0.11123589672406696 0.06339604410623477 0.273782439991406 0.12679208821246954 0.09633775220961788 0.07297918310421397 0.14136371626076827 0.11411287939122258
0.09653170340442485 0.12824888712936713 0.16458187869615248 0.16031110891170888 0.08395574097814815 0.14054111876109554 0.08154956409856495 0.14427999802053798
0.10687392099667745 0.06726664438488499 0.2519899886237584 0.13453328876976997 0.09073525975497586 0.08238158530118213 0.14893388093356708 0.11728543123518406
0.08332568172460747 0.11201932377608514 0.1381203969519253 0.14002415472010643 0.09633797634727731 0.16717057587527662 0.09497290494059393 0.1680289856641277
0.07852509876727283 0.11184084764760345 0.11074171693449604 0.1398010595595043 0.09708576240046636 0.1994226549962836 0.09482158822296816 0.16776127147140515
0.10366731067226867 0.06812838190205481 0.2231460501105638 0.13625676380410962 0.09738613961622247 0.09686814324470903 0.15191612322637293 0.12263108742369863
0.10538554811961068 0.06517114658937619 0.26759301036867134 0.13034229317875237 0.09348950803794605 0.07538849998726167 0.1453219298575045 0.11730806386087712
0.10406919896914739 0.06399163202802577 0.2844694253556996 0.12798326405605154 0.09113060331067126 0.07047915019731554 0.14269178843264252 0.11518493765044638
0.1031256534174953 0.06355444283162788 0.29082366246199287 0.12710888566325576 0.09007132500484662 0.06920111174705744 0.1417169217767941 0.11439799709693017
0.10267181081632121 0.0633936864102468 0.29321516070554154 0.1267873728204936 0.08964242991245744 0.06882244484588515 0.14135845895061003 0.11410863553844425
0.10247942247329678 0.06333418349719379 0.2941162613229272 0.12666836699438758 0.08947602069130313 0.06869843839040918 0.1412257763355336 0.1140015302949488
0.1024022603863917 0.06331199299663844 0.2944561572168936 0.12662398599327687 0.08941260196547021 0.06865511921606986 0.14117629483131017 0.11396158739394918
0.1023721492805401 0.06330367253296419 0.2945844615726982 0.12660734506592838 0.08938860488948608 0.0686394146598707 0.14115774143917686 0.11394661055933554
0.10236056684131413 0.06330054218549708 0.2946329162171027 0.12660108437099415 0.08937954679694589 0.06863360642271012 0.14115076123154122 0.11394097593389474
0.13713794138345092 0.08480921311144034 0.24673568255256367 0.10601151638930043 0.11974716570783837 0.09195318663815916 0.11819492946687672 0.09541036475037037
0.11109677616699347 0.0633646270626925 0.27430048957578274 0.126729254125385 0.09625011619874244 0.07290874721477743 0.14129366094278 0.11405632871284652
0.10495415286018535 0.06363840066636026 0.28664572324741155 0.1272768013327205 0.09130443453919095 0.06972723093745567 0.1419041352172272 0.11454912119944845
0.13815499796786015 0.08495275778784388 0.24391985610763736 0.10619094723480485 0.1204704666930372 0.09234414022823965 0.11839498146925258 0.09557185251132436
0.08820113403284036 0.11002629149049632 0.1351436914765732 0.1375328643631204 0.10182841378421678 0.1689450074402833 0.09328316017672515 0.1650394372357445
0.0792715711955559 0.11155448937443455 0.10987961614841146 0.1394431117180432 0.09811866436578384 0.19982200692735957 0.09457880620875973 0.1673317340616518
0.10384648275336762 0.06811949813417822 0.22272033494621477 0.13623899626835645 0.09761911778281739 0.09694415972360113 0.15189631374994367 0.12261509664152079
0.14014627648439285 0.08663169066368631 0.22215366024619254 0.10828961332960788 0.12435147050459024 0.10023179922679785 0.12073483754808521 0.0974606519966471
0.11273422493582906 0.06394951714113455 0.2646893038919132 0.1278990342822691 0.09805327565585888 0.0749676347182738 0.14259787852067912 0.11510913085404217
0.14101896210523623 0.08522619660113799 0.23598632117811705 0.10653274575142249 0.12275482627162979 0.09382541560824716 0.11877606130792924 0.09587947117628022
0.11237129109463519 0.06357772949401423 0.27001210889949573 0.12715545898802846 0.09720826959254918 0.07346638128375722 0.14176884755829441 0.1144399130892256
0.14071742258195608 0.0850920461223004 0.23780640099750244 0.1063650576528755 0.12234970668967343 0.09335171247601771 0.11858910159208656 0.09572855188758794
0.11223204650561928 0.063534991787104 0.27072505030575883 0.127069983574208 0.09706245613785616 0.07333893762201968 0.14167354885064684 0.1143629852167872
0.1053405670852023 0.06371762780796501 0.2852639560404727 0.12743525561593003 0.09158790808956775 0.06988215538846587 0.1420807999180593 0.11469173005433704
0.13831580968245927 0.0849810887492943 0.24343738646044513 0.10622636093661787 0.12059404470949521 0.09240711951477174 0.11843446510396052 0.09560372484295608
0.11148707340005846 0.06343290815962697 0.2729920220103032 0.12686581631925395 0.09653595415378002 0.07306107367191343 0.14144591759773537 0.11417923468732856
0.10509004412293352 0.06366779275472556 0.2861411300764963 0.12733558550945112 0.0914103679344612 0.06978337745602335 0.14196967518740297 0.114602026958506
0.12099479379384856 0.07437901656858066 0.2133804435321955 0.09297377071072582 0.14067742074632325 0.10781427512697313 0.13821175466848196 0.11156852485287097
0.1434680798471313 0.08486407704197649 0.21592631099401785 0.10608009630247063 0.1347218630758006 0.10119609511422206 0.11827139095215752 0.09547208667222355
0.1135469142097883 0.06389826593214133 0.261830367212077 0.12779653186428266 0.10029647581806565 0.07513097031173213 0.1424835959740584 0.1150168786778544
0.10594876498907421 0.06391322044636717 0.2818236278098817 0.12782644089273434 0.09253552269018925 0.0703916840595272 0.142516942308765 0.1150437968034609
0.09543198214647895 0.12834736728424315 0.1667821765857104 0.16043420910530393 0.08327539783345705 0.13972589421820447 0.08161218463182852 0.14439078819477352
0.10656541091920585 0.06722700944099519 0.252947981306187 0.13445401888199038 0.09054909282700523 0.08219403656184164 0.14884612590924454 0.11721632415353009
0.08326325350302227 0.1120094037437794 0.1383403933640025 0.14001175467972427 0.09631093280972357 0.16708566180565715 0.09496449447842167 0.1680141056156691
0.10391615033715304 0.0675380134188045 0.2346218649625694 0.135076026837609 0.0963739444713333 0.09030588619525881 0.15059968962342377 0.1215684241538481
0.12191804740689838 0.07532542211015444 0.197370922399814 0.09415677763769306 0.14380055906885772 0.11446976429024294 0.1399703739211079 0.11298813316523167
0.10938494686360613 0.06460624459146663 0.2550986897697559 0.12921248918293327 0.10317805056580076 0.07816605604590007 0.14406228271589722 0.11629124026463994
0.10527344889592408 0.0641286902516867 0.2793653388092043 0.1282573805033734 0.09342023095793407 0.07112586031388625 0.14299740781495512 0.11543164245303605
0.08289410918744422 0.11167077113579087 0.14449706354987701 0.1395884639197386 0.09679448267947666 0.1623715599045116 0.09467739291947487 0.16750615670368627
0.10360361967664916 0.06738563507157523 0.23712044931339807 0.13477127014315046 0.09627750968040444 0.0892874643338479 0.15025990865213937 0.12129414312883541
0.08270237081124267 0.11205858235899258 0.1345730795725258 0.14007322794874072 0.0975964234665856 0.169902252912104 0.0950061893913198 0.16808787353848886
0.10390241919340126 0.06761881780331574 0.23306310976056202 0.1352376356066315 0.09677431906317857 0.09090995518641481 0.15077987134052795 0.12171387204596834
0.12194174511986898 0.07534595322169871 0.1968721060994997 0.09418244152712338 0.14397309613022585 0.1146572030525953 0.14000852501644012 0.11301892983254806
0.10940740853885475 0.06461663652482588 0.2548968070299965 0.12923327304965176 0.10323963005854554 0.07821084387718531 0.14408545517625357 0.11630994574468662
0.08365261168356784 0.11168136044245043 0.13868890397486486 0.13960170055306306 0.09899359966515328 0.16517341220732124 0.09468637080990364 0.16752204066367563
0.10396016959195524 0.06749774482373848 0.2346889985284981 0.13499548964747696 0.09692111320657756 0.08993064685235987 0.1505098966666646 0.12149594068272927
0.10501728424147896 0.06487532873697653 0.27202714360018393 0.12975065747395306 0.09301275201102818 0.07387894201125 0.14466230019857154 0.11677559172655776
0.10381531589812452 0.06387667547468916 0.2861425910546114 0.1277533509493783 0.09089358397455016 0.07010501431780955 0.14243545247639644 0.1149780158544405
0.10300354068344048 0.06351102136750261 0.29145189385643305 0.12702204273500523 0.08997751787436213 0.06909404662914131 0.14162009839261033 0.11431983846150472
0.13743985603933537 0.08488182896265635 0.24563916707562833 0.10610228620332045 0.12002013960523143 0.09212853349519731 0.11829613103564232 0.09549205758298838
0.08805980740888134 0.1100129205767622 0.13554085988948378 0.13751615072095277 0.10173487351000385 0.16884418306151786 0.09327182396725492 0.1650193808651433
0.10496804450289815 0.0674182182679231 0.23306733092682602 0.1348364365358462 0.09746879050750151 0.09055582205991178 0.1503325643168315 0.12135279288226158
0.10528978597835319 0.06489282178924553 0.2713541465916025 0.12978564357849107 0.09315940590740746 0.07400980984003012 0.1447013070942281 0.11680707922064197
0.10389975217857829 0.06388989557831672 0.2858796211990518 0.12777979115663343 0.09094289003028318 0.07014130648183062 0.14246493133433605 0.11500181204097007
0.10303207712941709 0.06351692666684511 0.2913511908172262 0.12703385333369022 0.08999597391402277 0.06910624380972144 0.14163326632875609 0.11433046800032118
0.10262941959472281 0.06337925979714902 0.29341158848064886 0.12675851959429804 0.08962015267439966 0.06879210246728569 0.1413262897566278 0.11408266763486824
0.08232940353407556 0.11152707658405299 0.14774098498172483 0.13940884573006626 0.09586035514175041 0.1612871542222924 0.09455556492995798 0.1672906148760795
0.10335976049365639 0.06731291974094855 0.23845563184559862 0.1346258394818971 0.09597781536941394 0.08900701321690174 0.1500977643178763 0.1211632555337074
0.10474348604698708 0.06478674905297618 0.2734936896524257 0.12957349810595237 0.09269510946221093 0.0736265386599916 0.1444647807240991 0.11661614829535713
0.1036987766254784 0.06384103065931236 0.28670179543832186 0.12768206131862472 0.09078077724016091 0.07002573367311178 0.14235596985822788 0.11491385518676227
0.10295629922534744 0.06349731554637468 0.29166365627137 0.12699463109274936 0.08993662807466798 0.06906676534887624 0.14158953645713995 0.11429516798347444
0.09469525983785874 0.12819205024632355 0.1693208011802069 0.16024006280790443 0.08269453168824772 0.13912781445788913 0.08151342325445574 0.14421605652711397
0.08234318429505981 0.11010234788194945 0.11804379305715557 0.13212281745833934 0.10034974405470266 0.19279247833611446 0.0990921130937545 0.16515352182292417
0.07788276610857955 0.11111405807907514 0.10552558936885022 0.1388925725988439 0.09741610158483745 0.208292428074159 0.09420539706704197 0.1666710871186127
0.1036255074384729 0.06818901826150588 0.22084658754432085 0.13637803652301175 0.09758596950336615 0.09858331460086583 0.15205133325774595 0.12274023287071059
0.09542448080958157 0.1293529917329605 0.15082963099185498 0.1616912396662006 0.08471152786179269 0.1502163826252228 0.0822516306128064 0.14552211569958054
0.1082450293585969 0.06753735539080177 0.24624406106763908 0.13507471078160355 0.09125010296967576 0.08435804290618162 0.14953325735692374 0.11775744016857745
0.061840970694800476 0.08289399157719547 0.10118577546482614 0.10361748947149434 0.11897542728922027 0.2071185523743073 0.11713281418516751 0.20723497894298867
0.11245103933225219 0.07692495042394915 0.15420761722350207 0.09615618802993642 0.1539612487602068 0.1479688988362941 0.14294263175793537 0.11538742563592372
0.1087033198746912 0.06562531200405815 0.23776026129876557 0.1312506240081163 0.10693780470533797 0.08526246555536346 0.14633465094636247 0.11812556160730465
0.10576276058609664 0.06456709794125388 0.2727316766532757 0.12913419588250777 0.09480951148658892 0.07279898962731364 0.14397499152870644 0.11622077629425699
0.12146279222093918 0.07459471072598658 0.20916418266982612 0.09324338840748324 0.14214429637103426 0.10888600403238738 0.13861255948336315 0.11189206608897989
0.10882872931741776 0.0643153523685595 0.25975906005778376 0.128630704737119 0.10241333664328771 0.07687154613686124 0.14341363647556402 0.11576763426340711
0.12231347630305925 0.07458784966818052 0.20474936036610555 0.09323481208522566 0.14465983032300386 0.10997308654784882 0.1385998102043056 0.11188177450227077
0.10916211176833628 0.06439130926307968 0.25794539647172526 0.12878261852615935 0.10307879703666657 0.07715240124699552 0.14358300901349408 0.11590435667354343
0.10510861381923987 0.06405130339485726 0.28044080744523203 0.12810260678971452 0.09330551861016788 0.07087395715554291 0.1428248466745026 0.11529234611074306
0.10348312931904202 0.06362647352099113 0.289244778997583 0.12725294704198226 0.09064216822156058 0.069345311097832 0.14187753946322496 0.114527652337784
0.10280598291883287 0.06342734162155127 0.2926085936030751 0.12685468324310253 0.08981905193290982 0.06888162671308284 0.14143350504865312 0.11416921491879228
0.10253033233952866 0.06334723949950392 0.2938838328468986 0.12669447899900785 0.08954223566654357 0.06872196027738195 0.14125488927202817 0.11402503109910707
0.08230758765211103 0.11152055428356578 0.1478491241127634 0.13940069285445722 0.09583905098722091 0.161252123531075 0.09455003515345795 0.16728083142534866
0.07837006896781654 0.11186809493301977 0.11303283962679286 0.1398351186662747 0.09703080660750375 0.19721623961671989 0.09484468918234285 0.16780214239952962
0.13455729812667316 0.09869244752148273 0.1821684959617713 0.11027328748089607 0.12651701660475598 0.12559900938022725 0.12294648619138708 0.09924595873280645
0.11246199091629616 0.0713871721479962 0.2480204792465915 0.1288735907026466 0.09946039210652645 0.0801257070462522 0.14368443620130894 0.11598623163238193
0.08367575445674875 0.11925996878398674 0.13635786193191934 0.13843052957280136 0.09748613375634077 0.1647811046484197 0.0938920113624218 0.1661166354873616
0.10332918950785298 0.07536275367734246 0.23241650975271183 0.13379525997393762 0.09603466771399537 0.08947415524756905 0.14917173015004687 0.12041573397654387
0.09450873647317201 0.13820420387346277 0.15283976525713558 0.15986219652311404 0.08364574951992611 0.14574216716410696 0.08132120431827976 0.14387597687080264
0.12201191167964305 0.07630319713743959 0.16752273881857088 0.09156383656492752 0.14744159690989533 0.13536250006443173 0.14533942311893255 0.11445479570615938
0.09948201304195223 0.13915691331623928 0.09546646451909277 0.11199291491852106 0.12609908448319387 0.21745069996099597 0.0759604118577795 0.1343914979022253
0.10729702971444513 0.07666974928741781 0.21259267045956345 0.13320184710512947 0.10253689297848634 0.09931002897447314 0.14851011908586823 0.1198816623946165
0.10604272705544467 0.07020607858138318 0.26246404531139256 0.1297614834658918 0.0944134087503743 0.0756525513445373 0.14467437037167338 0.11678533511930261
0.10397974298100139 0.06853092997214685 0.2818546322670745 0.12743217458945452 0.09110938855505545 0.07032680970129179 0.14207736480346644 0.11468895713050906
0.10279295755859173 0.06791884851674809 0.2892412170512033 0.12647970086589383 0.08978966432920528 0.06893045321722834 0.14101542768182493 0.11383173077930445
0.10224954450677103 0.06768813648041731 0.2920422960709658 0.12611710754714184 0.08927698548502289 0.06850936992663403 0.1406111631906193 0.11350539679242763
0.10202264451631123 0.06760132987592174 0.2931039225463828 0.12598063311656635 0.08908095935829671 0.06836893639642487 0.14045900438518663 0.11338256980490972
0.11951732133483702 0.07922559203602118 0.21508885825708818 0.0922840943377186 0.13914927055702592 0.10680744585358762 0.13718650441845928 0.11074091320526232
0.10770979595613724 0.06928250394573468 0.2613719133827762 0.12750483822955017 0.1011862826223943 0.07603193211729872 0.1421583793395134 0.11475435440659515
0.1042521039872172 0.06835489344635633 0.28116343422530715 0.12719793805165514 0.09243862826826611 0.07029864923054965 0.14181620854415877 0.11447814424648961
0.10285808198104725 0.06790400143377551 0.2889386483854026 0.12647176197944682 0.09007133705117472 0.06892500697176021 0.1410065764158907 0.11382458578150215
0.10227196356646047 0.06769170108328491 0.29192142104337165 0.1261255265476091 0.08934270209788103 0.06851316202068802 0.1406205497478567 0.1135129738928482
0.1020316070092825 0.0676041432797437 0.29305712971681275 0.1259855129376057 0.08909809077669648 0.06837210961453398 0.14046444502147978 0.11338696164384512
0.10193566236357819 0.0675699372025554 0.2934885246390212 0.125931336152402 0.08901152631748639 0.06832076883877353 0.1404040419490213 0.11333820253716181
0.10189808841805297 0.0675568340146934 0.29365227343270917 0.12591065943475777 0.08897994820932299 0.06830161404729505 0.14038098895188664 0.113319593491282
0.10188355273254181 0.06755184824910246 0.2937144194734675 0.1259028021052032 0.0889682294909907 0.06829439743821007 0.14037222861580115 0.11331252189468287
0.11946648100359732 0.07921197573574877 0.21528111759704624 0.09227220669617572 0.13909708530080342 0.10677565299033553 0.13716883264088212 0.11072664803541088
0.10769102363035685 0.06927708113393025 0.26144912852486435 0.12749640390432285 0.1011689005864408 0.0760217230098822 0.14214897569631219 0.11474676351389057
0.10424499252614583 0.06835263896202255 0.2811933303573408 0.1271943395516133 0.092432548032675 0.0702950484885938 0.14181219648515692 0.11447490559645197
0.10285536783894292 0.06790310677232843 0.28895007884161306 0.12647034230951867 0.09006912916592787 0.06892367340323585 0.14100499358986632 0.11382330807856679
0.11982621781595644 0.0793108979900053 0.21377263533622481 0.09235933259991991 0.13957045585959532 0.1070309101298567 0.13729835114853764 0.11083119911990388
0.10782850805750539 0.06931867406507719 0.2608424005321095 0.12756172844960414 0.10131878456378561 0.07610254103793967 0.1422218076893348 0.11480555560464374
0.10429846499180807 0.06837024165286021 0.28095834352204935 0.12722252418613536 0.09248312059041965 0.07032341303988741 0.14184362024931807 0.11450027176752181
0.09431650156229612 0.1364568647574819 0.16551632691724805 0.15884291384938026 0.08259153378681498 0.13851453700852137 0.08080269965381519 0.14295862246444224
0.108012653838851 0.06717894963390102 0.25225216618481944 0.13435789926780203 0.09036953926214664 0.0819565467005329 0.1487397175451451 0.11713252756680177
0.0990332652977842 0.14205374111484564 0.11444369750649863 0.11551126821627998 0.11410741977080723 0.19789031300929327 0.07834677322495509 0.13861352185953596
0.10679272267500407 0.07663118625804725 0.22121147772523356 0.13285185998129206 0.0994700746321611 0.09535609518386735 0.14811990956123158 0.11956667398316287
0.12221871046774653 0.08099914953691618 0.19226423660638411 0.09356962682164534 0.14423591885997614 0.11533127072380706 0.13909753479755038 0.1122835521859744
0.12484398318149857 0.07999897208238477 0.18026716901660125 0.09186944524368108 0.1571187188898637 0.11908827660294677 0.13657010069060652 0.11024333429241728
0.1100260241632308 0.06998997276493045 0.2469612949025399 0.12870247065619522 0.10607491785717635 0.07891944594568308 0.14349365011966841 0.1158322235905757
0.10528245491314024 0.06873716184435069 0.2755386455780573 0.12783213231267374 0.09391053332836845 0.0711268651247387 0.1425232878172646 0.11504891908140635
