0.125 0.125 0.125 0.125 0.125 0.125 0.125 0.125
0.099626400996264 0.07845579078455792 0.199252801992528 0.15691158156911583 0.08685378548392246 0.06839735606858895 0.17370757096784492 0.1367947121371779
0.07295173961840629 0.12906846240179573 0.09118967452300787 0.16133557800224468 0.08754208754208756 0.1548821548821549 0.10942760942760946 0.1936026936026936
0.09612633457119008 0.07759595682252693 0.19225266914238015 0.15519191364505386 0.08651370111407106 0.0796193001960873 0.1730274022281421 0.13967272228054847
0.07457374187018977 0.12428956978364963 0.10511509755772286 0.14914748374037953 0.09321717733773721 0.155361962229562 0.11186061280528466 0.18643435467547442
0.0707718975585699 0.12521181875746984 0.09697700123387927 0.15651477344683729 0.08492627707028388 0.1716226574589003 0.10615784633785486 0.18781772813620473
0.09727030936801931 0.0766003686273152 0.2116562992903578 0.1532007372546304 0.0913333460491269 0.06677980854689018 0.1695995137698798 0.13355961709378036
0.07049221472266205 0.12471699527855593 0.1054034754996012 0.1558962440981949 0.09175241101128814 0.15892484438787088 0.10573832208399307 0.1870754929178339
0.1064760783287063 0.08595056925329304 0.14618253421528726 0.10743821156661629 0.14688012473992407 0.11843251052317406 0.15971411749305944 0.12892585387993957
0.12878021791985647 0.10141442161188696 0.19126271004890757 0.12169730593426435 0.12761376428766688 0.08841257268728607 0.13472392028538827 0.10609508722474327
0.11656439877657339 0.08378011950625183 0.15345459439979836 0.10472514938281478 0.1510912699180795 0.10903332042086025 0.15568096833624406 0.12567017925937773
0.13260552164052988 0.09621671006301656 0.17106255019858052 0.12027088757877069 0.14179828346066034 0.0957091840265906 0.13409306421095776 0.10824379882089362
0.10944840572396687 0.0720428472034085 0.20832446389355413 0.144085694406817 0.10487542365595776 0.07090124355032121 0.16064479659983927 0.12967712496613532
0.1197341667347329 0.08136560638851748 0.17105348821838195 0.10170700798564683 0.14845671207373456 0.10444031057784549 0.15119429843836454 0.12204840958277619
0.1447302540808204 0.09242615267427676 0.18587094974626178 0.11553269084284594 0.1367842775380163 0.09186592491204446 0.12881032844717302 0.10397942175856134
0.11221107951219299 0.06839565898833433 0.24004617496237587 0.13679131797666866 0.09963203076870417 0.06729944037604844 0.15251211123667385 0.12311218617900178
0.09519736709265889 0.1345841783595224 0.15185097481056814 0.168230222949403 0.08374777288309257 0.12940430027168284 0.08557798297860936 0.15140720065446273
0.10678378141176295 0.07003554099722126 0.23740003228575193 0.14007108199444251 0.09236977178540584 0.07110701437243426 0.15616880335798292 0.12606397379499826
0.08357227104451818 0.11676013118692022 0.13369027333488703 0.14595016398365027 0.09563470781230911 0.15025997072059816 0.0989922851367367 0.1751401967803803
0.0813045293912855 0.1186515739762226 0.112305707238213 0.14831446747027827 0.09728895599988224 0.1635615052842914 0.1005958996754931 0.17797736096433392
0.10521700274060468 0.0702744600227024 0.22428315854021802 0.1405489200454048 0.09516527286000438 0.08131560062495154 0.15670155712524983 0.12649402804086435
0.12307994633802433 0.07778210478722108 0.19318034691001928 0.09722763098402634 0.14056404412157242 0.10695736600652837 0.14453540367177647 0.11667315718083163
0.07219212057202652 0.12032020095337756 0.12166157063365607 0.14438424114405304 0.10227313321705873 0.15040025119172193 0.1082881808580398 0.18048030143006633
0.09034057606491917 0.1505676267748653 0.10190097809525582 0.13551086409737878 0.12382270642777306 0.2149175820083465 0.10163314807303409 0.08130651845842726
0.07995018006097758 0.11433688941493711 0.10285330399479972 0.14292111176867137 0.10159924444896966 0.18989613864179228 0.09693779754744668 0.17150533412240565
0.07807656493942336 0.1275344542616128 0.10290874801840785 0.14274336269308469 0.09714191746643251 0.18348568008446237 0.09681723730487483 0.1712920352317016
0.09320275919743685 0.07339717286798153 0.22662380220455786 0.14679434573596306 0.0943572182262383 0.07514276893581084 0.16250737501091556 0.127974557821096
0.08077095110189947 0.1232247829710844 0.1307228327645481 0.14314328947617228 0.0971636359309151 0.1561140683914396 0.09708849199253426 0.17177194737140675
0.07100996382029923 0.11834993970049872 0.11133372968725766 0.14201992764059845 0.1031927120711519 0.17005387179899706 0.10651494573044884 0.17752490955074804
0.06596645165641894 0.11919514596697484 0.06298280258051565 0.08564852801212525 0.14139356735968525 0.25669637325588807 0.09682007514414158 0.1712970560242505
0.10070211419613637 0.08410642854217198 0.20065446124920913 0.13809144535389545 0.10686944142338273 0.09133215217884776 0.1539616562378506 0.12428230081850591
0.10421606216785198 0.07638252122938567 0.25535099536640316 0.1323551106718506 0.09547631761597283 0.06953332219182198 0.14756607115204834 0.11911959960466553
0.08693975650536204 0.06846505824797262 0.2813383618936838 0.13693011649594525 0.09157515445329366 0.0637893112953643 0.15158726775293896 0.11937497335543945
0.09429803271417699 0.15204707712310825 0.11915495891213491 0.11765584212392434 0.11479971416017956 0.18105601062936583 0.07980135378840084 0.1411870105487092
0.07777574861408072 0.14036769779971595 0.10339915044517338 0.13661719785600454 0.09800775757996749 0.18722971086247547 0.092662099415377 0.16394063742720544
0.07072163487236732 0.11786939145394555 0.10649283627251074 0.14144326974473465 0.10676018625981377 0.1738261419071586 0.106082452308551 0.1768040871809183
0.06469982256468217 0.11692314372340128 0.06143551827022543 0.08389595545376145 0.14088046502840335 0.2695342778868816 0.09483890616512164 0.1677919109075229
0.0895225614573201 0.1403425928960701 0.11659635625286428 0.1684111114752841 0.09568143560361118 0.15453403297496668 0.0880919660024563 0.14681994333742715
0.06722006537730944 0.12048705130506714 0.06259431757503407 0.08345238747766373 0.13712422074908343 0.2678797010640253 0.09433748149648942 0.16690477495532746
0.09968792597677867 0.08324693618416872 0.1982703962373782 0.13572863857084305 0.10536497156658921 0.10421805374687182 0.15132730300361158 0.12215577471375876
0.13691689052653863 0.1003352986946327 0.2100595086723711 0.10864226634078093 0.12572283624040229 0.09941714048041728 0.12112801933815426 0.09777803970670283
0.10634551342675445 0.06732322237993979 0.2649847083072907 0.13464644475987958 0.09561441264187301 0.06464246917106158 0.14905914926612632 0.11738408004707451
0.07263296755030574 0.11144936449642735 0.08559023176302288 0.08631015779426252 0.14232358006798837 0.23150537827638884 0.09756800446307937 0.17262031558852503
0.1375797087660356 0.09628099050658612 0.1792167122542659 0.11553718860790335 0.13963440134481034 0.10312185280952114 0.1279044171809105 0.10072472852996703
0.08915442069400432 0.11336274853233365 0.120877869414924 0.13603529823880037 0.11183761137799893 0.15666145526433786 0.1020264736791003 0.17004412279850045
0.08279799612884368 0.11544331995054374 0.10927793789428777 0.13853198394065247 0.11013042852072827 0.16675436568363894 0.10389898795548937 0.17316497992581562
0.07689181599092067 0.13424546245899285 0.10222002892447239 0.13838078459078834 0.09831100160860107 0.19003569362961342 0.09385827128766512 0.16605694150894598
0.10461804634907858 0.07042263569938072 0.22684482742188508 0.14084527139876143 0.09675394949572336 0.08180557914238366 0.15592150517079 0.12278818532199716
0.07290711454059816 0.09822254226362172 0.08575366148831057 0.08840028803725955 0.14655079359777257 0.2252846783532069 0.10608034564471144 0.1768005760745191
0.11361162593228875 0.07673607563984491 0.14430911826389026 0.0920832907678139 0.16688983722018055 0.14510198511650968 0.1461639535997046 0.11510411345976736
0.10260314972931268 0.13537069783777123 0.10242194548773598 0.12183362805399411 0.14719233823791877 0.22610284278037504 0.09137522104049559 0.07310017683239646
0.09066629660823214 0.15597641153817743 0.07930154438825407 0.10783305926248372 0.12019851065612011 0.24348556188850226 0.07313894454324982 0.12939967111498044
0.10424379623870962 0.08669056683423179 0.20370456533654327 0.13359182679066073 0.10053455890215905 0.10205712445382686 0.14894491733227397 0.12023264411159465
0.08093539534839658 0.12878006018692575 0.12372494996535985 0.13857617247502999 0.09668301641372155 0.17101820339659693 0.09399079524393339 0.16629140697003597
0.1158779316240221 0.09441157311659884 0.15935310914605597 0.0952335006892602 0.1442691900006948 0.1350034995417733 0.14157099505448234 0.11428020082711225
0.08203026809998919 0.12836459841106784 0.11240902931922751 0.13607345491731332 0.10468693740499255 0.1808542660896734 0.09229329985696033 0.16328814590077595
0.1027013484126909 0.08334700843767302 0.21990510797806215 0.13452989567154025 0.09731120301275177 0.0911377362535815 0.14999079412931426 0.12107690610438622
0.10410709868600442 0.07518863226039416 0.26216307672135925 0.13015061987205065 0.09264459489478215 0.07350219125605363 0.1451082284245102 0.1171355578848456
0.13705378866772897 0.0973196747239258 0.23123886348092434 0.10661490960038347 0.12031011371137694 0.0926415633074251 0.11886766786789021 0.09595341864034512
0.11009211579794002 0.07532312763954031 0.2638073030535307 0.1269424000061641 0.09569518378972695 0.07236040701411056 0.14153130269343966 0.11424816000554769
0.12121295251876044 0.08493748363289659 0.20254165621217232 0.09298957382799086 0.14098337408910686 0.10751222406178401 0.13823524706369986 0.11158748859358902
0.10765259551726013 0.07470216046407727 0.25322858327505343 0.1285809181590237 0.10109557881299844 0.07565920927206181 0.14335812815640403 0.11572282634312134
0.08187499070995376 0.12631081002471567 0.13512007489263952 0.138455759730431 0.09691318786697192 0.16126914110769605 0.09390912399107496 0.16614691167651718
0.11553656273029009 0.09821245701272013 0.16235590316858947 0.0945208218695175 0.14356482556395733 0.1318728932890574 0.14051155012244693 0.11342498624342101
0.10749784696754398 0.08034843526073063 0.2371814739097892 0.12990478476677245 0.10275585506980552 0.08056315710723451 0.14483414062802835 0.1169143062900952
0.09366538729344982 0.15089299895438457 0.15057906848338615 0.15834286954342316 0.08348887771044003 0.139973886136355 0.0805483292894805 0.14250858258908086
0.10536460486434648 0.06851965853201254 0.2448186503128773 0.13703931706402508 0.09244489028926682 0.08063454781606762 0.15170815727071557 0.11947017385068855
0.0719609372308527 0.11372133635854383 0.08200773446496774 0.0853045996620829 0.13988117157578134 0.24008373480907727 0.0964312865745285 0.1706091993241658
0.10010432690958358 0.08512720157016701 0.2051099925849423 0.1336503442705343 0.10485266615776599 0.10185999870816911 0.14901015995535688 0.12028530984348086
0.10368532017849642 0.0781888367852815 0.25595664352721476 0.13012604083021978 0.09433481860297593 0.07551407870148812 0.14508082462712565 0.11711343674719782
0.11963177862005597 0.08824890965815453 0.20009118729145398 0.09300329834282277 0.1406311381645396 0.10853408043479255 0.13825564947679325 0.11160395801138732
0.0826647629272781 0.13148093249512283 0.12138416422894248 0.1354136104376057 0.10373058336818403 0.170983860851364 0.09184575316637605 0.16249633252512682
0.07579285990240638 0.14221253205661652 0.10325878044675037 0.1354793425720417 0.09539958545335751 0.19339135178134045 0.09189033670103698 0.16257521108645004
0.08606147819621121 0.16726618487594302 0.11454182469885575 0.15634312717324347 0.08103311238328122 0.17451438917624404 0.07953106904030212 0.1407088144559191
0.07988831168749536 0.11160397149902283 0.10522912914863737 0.1339247657988274 0.10139847533259458 0.2001058149357678 0.10044357434912055 0.16740595724853424
0.06432777128628239 0.11709953999513287 0.05939148397045062 0.08075815852070217 0.13509848307928154 0.2905164147355176 0.09129183137122854 0.16151631704140434
0.09871859469619394 0.0860807250424932 0.19503462974266375 0.1340824361206571 0.10435733040862884 0.11156018135818847 0.14949191012258334 0.12067419250859136
0.07975355373013963 0.1324274189245367 0.12113773581892782 0.13749448950663123 0.09690752313695213 0.17402875946166163 0.09325713201319337 0.16499338740795746
0.07529781233211023 0.1424669534264486 0.10320900101631791 0.13554839111449576 0.09397076524402742 0.19491183790372102 0.09193716962548408 0.16265806933739488
0.07414460943083644 0.1443400240048189 0.09878597161516223 0.13484114968042027 0.0928936140624204 0.20172777615442197 0.09145747543541549 0.1618093796165043
0.10092006792741948 0.09018651911259461 0.21361664348746937 0.134335050148931 0.09485990819072428 0.09540671008650776 0.1497735559123156 0.12090154513403789
0.1372047927101523 0.10427574909080156 0.21444912982865938 0.10740614695847345 0.121822880864259 0.09842592981043165 0.11974983847459651 0.0966655322626261
0.11050557782494648 0.07966240040889652 0.2568363507749928 0.12704364178675062 0.09624500675333829 0.07372356511956303 0.14164417972343687 0.11433927760807557
0.13841416160305314 0.10081458308068282 0.22845261315735965 0.10587362210215631 0.12068325224247452 0.09243432029500333 0.11804118762732949 0.09528625989194067
0.12704620930548313 0.09072352920860878 0.18877762751413726 0.09100489259993631 0.14678921711366907 0.11116776801953042 0.13528488511871128 0.10920587111992355
0.1090994072646455 0.07826972907735935 0.24700753257782435 0.12827810594810007 0.10233542125704147 0.0765389933825886 0.14302051513915037 0.11545029535329009
0.12095268441877631 0.0881302652452933 0.19694068870022371 0.09283051498867477 0.14298913827978146 0.10876129496484067 0.13799879541600008 0.11139661798640971
0.08289069438052278 0.13140160508439233 0.12064603265518596 0.13535129421753941 0.10421077830553915 0.17127455578300738 0.09180348651276585 0.16242155306104727
0.10223205203310769 0.08745820975736279 0.22237243419207411 0.13331201894604047 0.0965594520426943 0.08945206351057923 0.14863295246670483 0.11998081705143641
0.10368130384815438 0.07814397297669456 0.2626032389541509 0.1294446501395228 0.09213946816478498 0.07316605593407166 0.14432112485705006 0.11650018512557053
0.13652783184674375 0.10065930122956923 0.23082686857227516 0.10607550665239268 0.11972891054894773 0.09244735132808624 0.11826627383483183 0.0954679559871534
0.14471487415981976 0.10372096649362689 0.2167825575631366 0.10407867443645165 0.1256400210785741 0.09535214434419731 0.11603995493138713 0.09367080699280647
0.1119550044448584 0.07933996198007294 0.2573329534895237 0.1265702314201344 0.09677857709032454 0.07299370080317318 0.14111636249379167 0.11391320827812099
0.10446361820827699 0.07579278373500238 0.2752463822515432 0.12742542956455802 0.09090173990372384 0.06941731512472636 0.14206984460406694 0.11468288660810223
0.10232977474809611 0.07494552091624009 0.28220346944706115 0.12691904176180724 0.08932574713473546 0.06854404841229911 0.14150525999413432 0.11422713758562653
0.11879840320873475 0.08726706998826382 0.20806743957035595 0.09251588637569615 0.1384236735685534 0.10637738478652575 0.13753107885103485 0.11101906365083536
0.10673693366063282 0.07742521478178571 0.2549063124303411 0.12781350067743166 0.10016198267504378 0.07542139023068614 0.1425025149343902 0.1150321506096885
0.1034214442817114 0.07561686695649576 0.2744683401140725 0.12764515702841714 0.09172881389407124 0.06992391207095869 0.1423148243286979 0.11488064132557543
0.08084916444536301 0.13003649041966264 0.13949414554492587 0.13768798358721074 0.0944967609845159 0.15882150323712596 0.09338837147654294 0.16522558030465287
0.07568466986795955 0.1422158753100079 0.10751345683037533 0.13589666108692863 0.0937051324639818 0.1897348236166028 0.09217338751982987 0.16307599330431435
0.10105382650234807 0.08963267408938234 0.2172688499450556 0.13404552350039095 0.0948110963305847 0.09309630317622666 0.14945075530565974 0.12064097115035186
0.10361668522959971 0.07863769948249635 0.26073680780694203 0.12972971519649187 0.09196165045494309 0.0739217470306254 0.14463895112205882 0.11675674367684268
0.11958462701876833 0.08826953873093683 0.20157712460099736 0.09293192210082626 0.13979160421249384 0.10817733291584712 0.13814954389913875 0.11151830652099151
0.12270336770473896 0.08903795109738225 0.18066218658944252 0.09169110713384074 0.15369882728377862 0.11587224251781207 0.13630498911239608 0.11002932856060887
0.10838399655490794 0.07822749903369342 0.24387337963956662 0.1286592002041552 0.10406849186688123 0.07754874572227403 0.14344540679478196 0.11579328018373967
0.08170957399804143 0.13068587220401842 0.13253897229801834 0.13767632681997946 0.09712181748837162 0.16167537986013117 0.09338046514746434 0.16521159218397533
0.07580519156787371 0.1423247884680744 0.10593906868996873 0.1358419037201709 0.09422126804225056 0.19072124730681886 0.09213624774063767 0.1630102844642051
0.1011254749490197 0.08968839264622587 0.21661145714949984 0.13410127948103343 0.09496220648212787 0.09330711869598107 0.149512919063182 0.12069115153293006
0.11977514282068608 0.09089652322347298 0.18812278480113012 0.09371163696105207 0.14176252281865281 0.11396878261397053 0.1393086424077729 0.11245396435326248
0.08264775744255884 0.1320903300750958 0.11860799947777997 0.13534675517918832 0.10390181207694339 0.17318883167274074 0.09180040786066687 0.16241610621502597
0.11562750112896307 0.09909670613961195 0.15659800388244813 0.094291142853885 0.1455978758157455 0.13546928191517776 0.14017011683950667 0.113149371424662
0.1408422412553737 0.10532844406310563 0.1918066707821894 0.10622488520333238 0.13505533586862606 0.10670720637289707 0.11843281977147654 0.09560239668299914
0.08615202020067379 0.13534914768317677 0.11912938158152547 0.1345976035728955 0.10213542654561267 0.16982700848789473 0.09129228764074653 0.16151712428747458
0.10300964315590497 0.08808868935748797 0.2216683948959169 0.13330305831307385 0.09612180090640648 0.0892126988597925 0.14862296202965097 0.11997275248176646
0.10387859472084496 0.078254691865162 0.2623246993183486 0.1294683971374654 0.09206533044900612 0.07313912809786209 0.14434760098759203 0.11652155742371888
0.08096968225094688 0.1308126761392901 0.13677151532373674 0.1378214029728046 0.09461843745319769 0.16014173766762568 0.09347886462503269 0.1653856835673655
0.1328331927297 0.1140101371639281 0.18758788730675463 0.10879605120412059 0.12334431327432312 0.11421249425316944 0.12129947798429565 0.09791644608370853
0.11046237310776913 0.08189919806496673 0.24650298328234455 0.12824666605419152 0.0974214050215217 0.0770599130167309 0.14298546200370307 0.11542199944877238
0.13872679781071096 0.10151614051977 0.22500814621657117 0.10615913432915546 0.12129268427395733 0.09339436350004447 0.11835951245355095 0.0955432208962399
0.11044932542240608 0.07893069742797447 0.26080923384491106 0.1265159620459564 0.09577538761606097 0.07259917160979397 0.14105585619153643 0.11386436584136074
0.10402617801521019 0.07566150327339363 0.27658648568138344 0.127307662431365 0.09061375873005231 0.06928897264121817 0.1419385430391487 0.11457689618822847
0.10218925904055853 0.07489457563947072 0.2827059906202753 0.12686378955273148 0.08923067236938151 0.06849464427581017 0.14144365790431407 0.11417741059745833
0.10158825372209145 0.07464009135147885 0.2850008644171623 0.1266189501146402 0.08878617180877461 0.06823793328023436 0.1411706802024421 0.11395705510317618
0.11855342164539784 0.08717503034948292 0.20892447473277645 0.09247070180765363 0.1381945289943045 0.10625309134534515 0.13746390895585525 0.11096484216918436
0.10665312027988956 0.07739093116256845 0.25524156785581303 0.12777893636739585 0.1000891415482092 0.07538128174734109 0.14246397830812643 0.11500104273065627
0.12019805101697724 0.08789300590880376 0.19951916286954163 0.0927357704203388 0.1421480816011037 0.10836505242710066 0.13785795125172753 0.11128292450440656
0.10732008099247292 0.0777114378855812 0.25153502183616344 0.12813313477669 0.10118238959730355 0.07593923051099566 0.1428588831017723 0.11531982129902102
0.10366315605658018 0.07574203264879219 0.27319751040632534 0.1277900711363545 0.09203526709928897 0.07008450588537746 0.1424763927445624 0.11501106402271906
0.10222601726831211 0.07499725627056553 0.28146433622731143 0.12702734876822264 0.08962646358749314 0.06870794976301982 0.14162601422367507 0.11432461389140036
0.10163891279124683 0.07468777839647338 0.2845449693554794 0.12667703716148718 0.08890429446134776 0.06830223146380482 0.14123544292482226 0.11400933344533845
0.10140553126863704 0.07456494219730293 0.285684926751512 0.1265403609525144 0.08866845599589285 0.06816639882534296 0.14108305915153468 0.11388632485726295
0.09221442910665166 0.14865271827422483 0.16275371459814528 0.1577048943077325 0.08062983152492395 0.13588621325047243 0.08022379406089002 0.14193440487695924
0.10359877823861366 0.07773773017306809 0.24804111925952915 0.13461796956021346 0.0905860237138598 0.0790314974911189 0.1490276260495647 0.11735925551403224
0.09652287621236767 0.15591849388902085 0.11103721960932697 0.11475659971884045 0.11249302207403364 0.1937289577201538 0.07783491111364829 0.13770791966260854
0.10473358925287797 0.09080294020460966 0.21641154670571194 0.13180913018356946 0.09769860044957882 0.09295863238601212 0.14695734365242744 0.1186282171652125
0.1043505756817985 0.07872207372750785 0.26015394921710394 0.12951810017717452 0.0924569538255109 0.07382904104376156 0.1444030161676856 0.11656629015945706
0.08104650895402275 0.13092323416300675 0.13626943538198147 0.1378098464759741 0.0946936839997145 0.16041444894868834 0.09347102630544331 0.1653718157711689
0.10147885848561247 0.08710094426983564 0.229017865259036 0.13295965143258665 0.0942290413916464 0.0873098638866681 0.1482400889852869 0.11966368628932798
0.11963876175625533 0.09025623578571323 0.19192568728201817 0.0935014801191425 0.14125394101464359 0.11222588775199345 0.1389962301472626 0.112201776142971
0.10748268867211437 0.07829870811231308 0.2486515508852988 0.12852129109909177 0.1012671675361253 0.07681778327151365 0.1432916484343605 0.11566916198918259
0.08154301165054728 0.13069515558981842 0.1336074432006779 0.13766270564930108 0.0965126119140889 0.16141259877600958 0.09337122644039551 0.16519524677916128
0.0757733274688254 0.14232282984172742 0.10617117193490726 0.13583564327065345 0.09408966008654039 0.19067259394985764 0.09213200152270408 0.16300277192478413
0.07428482806162345 0.14441015724597753 0.09950790838310518 0.13494767829833385 0.09298957441303557 0.2003929100114885 0.09152972962843514 0.16193721395800062
0.10093130192288528 0.09017668047195188 0.21391177950388585 0.13430385465796083 0.094859068758091 0.09520507022515479 0.14973877526790555 0.12087346919216474
0.10370157207607612 0.07880822232536369 0.2594635864298685 0.12987898292556566 0.09207229440718141 0.07437888370234196 0.14480537350059336 0.11689108463300911
0.10274057070247346 0.07584873312534747 0.2764547919953671 0.12772707377368603 0.0900819890911667 0.06978631952915897 0.14240615538648277 0.11495436639631743
0.10192970587832698 0.07494907071591611 0.2827093969360191 0.12691641778182866 0.08915111552661747 0.0686171827053681 0.14150233445227764 0.11422477600364582
0.1186865515536154 0.08726306835579961 0.20822641541376433 0.0925104180681559 0.1383612833204604 0.10641681176181525 0.1375229498446019 0.11101250168178707
0.10670429860878385 0.07741929465617423 0.25496609212517973 0.12780327426755356 0.10014303220911835 0.075449948041851 0.14249111325054106 0.11502294684079822
0.10341030860593567 0.07561292947918433 0.27448845655034537 0.1276389899647279 0.09172169611253005 0.06994457980610859 0.142307948512913 0.1148750909682551
0.08084362560356192 0.1300292762104906 0.13949384723867644 0.1376804965683022 0.09449109880785325 0.15886176636456528 0.09338329332458759 0.16521659588196266
0.1013263968351098 0.08687139136884893 0.23030677689175244 0.13281697995768602 0.09408944649383194 0.08697270555295586 0.14808102093789768 0.11953528196191743
0.1368272730695089 0.10321068605887374 0.22007111554113581 0.1069665730770859 0.1211635200630195 0.09623117002012851 0.11925974640087038 0.0962699157693773
0.08558352711694753 0.13504068789633006 0.125689071791445 0.13486222990516195 0.09932050387856423 0.16619753019837757 0.09147177332697941 0.16183467588619432
0.07630046918734457 0.14311404267626482 0.10419665931582675 0.135437786055399 0.09446110072686377 0.19210244822989953 0.0918621505419228 0.16252534326647877
0.11422123097978985 0.10133017386119557 0.15215410067187335 0.09454864939010789 0.14292613817725833 0.14080841005082845 0.1405529176008171 0.11345837926812948
0.08129881827392321 0.13425086515404627 0.11006631420290529 0.13481730422295626 0.10369192793961182 0.18265270314430904 0.09144130199470075 0.16178076506754746
0.10216797004294641 0.08818189733284464 0.21802816321612128 0.13371006371355224 0.09674738729008091 0.09174871838461039 0.14907674267764703 0.12033905734219702
0.13740078088015273 0.10372225093476747 0.21586630371726467 0.10723967262820612 0.12217464838037215 0.09751640607404552 0.11956423201980591 0.09651570536538549
0.11049255485542593 0.07953197076463331 0.2573623900300537 0.12696495567138807 0.09626676242437844 0.07355645557296556 0.1415564505769058 0.11426846010424928
0.12116856769691675 0.08823140287012908 0.2001725402966456 0.09268118939998146 0.14087278488211608 0.10787927467515633 0.1377768128990769 0.11121742727997774
0.1075185068748615 0.0777434618837028 0.2517782138119515 0.12809669769952242 0.10089024845396191 0.07586758486651435 0.14281825847991528 0.11528702792957018
0.10369751755504042 0.07573841259562772 0.2732838621048639 0.12777408093757703 0.09196544462065225 0.07008544447619548 0.14245856486622394 0.11499667284381933
0.10222882788099545 0.07499270253469591 0.28149330512784454 0.12701941927780705 0.08960772760732562 0.0687233667876904 0.14161717343361474 0.11431747735002637
0.10163665399986212 0.07468468032881978 0.2845530989337369 0.126671999502457 0.08889786275360592 0.0683210786183588 0.14122982631094833 0.1140047995522113
0.10140286215268286 0.07456262810193655 0.28568547823371404 0.12653634740950867 0.08866518801452757 0.06818619906847107 0.14107858435060144 0.1138827126685578
0.11848837549285997 0.08714872381772173 0.20912941784858544 0.09245543518343939 0.13813710353266404 0.10625320781101158 0.1374412140935905 0.11094652222012727
0.10662875705469506 0.07737957444458216 0.25531715008152583 0.12776499777764988 0.10006874599213793 0.07540383882877125 0.14244843782075292 0.11498849799988492
0.1033813459291507 0.07559801788693879 0.2746200262188232 0.1276230774164077 0.09169599404978658 0.06993056161508657 0.1422902072090396 0.11486076967476691
0.09270190420939244 0.14910704393817276 0.15999998053455555 0.15788507973893434 0.0812638402380509 0.13663012596952565 0.08031545360632747 0.1420965717650409
0.10377573959796907 0.07783108054665429 0.24707390850303787 0.13472792194898614 0.09078333054628612 0.07920355955060722 0.14914934786375345 0.11745511144270586
0.08104358108080117 0.13088795939211273 0.1334048614854531 0.13810182873834692 0.09445826834226637 0.16271224002638549 0.09366906644861792 0.16572219448601627
0.10246149040944623 0.07729678652895061 0.23670338432183477 0.13607402238002309 0.09430698841223649 0.083889156676987 0.15063953637511712 0.11862863489540475
0.07127223971891314 0.1153305607165508 0.0806128353477529 0.08497828434730208 0.13996945048435772 0.24181765229791688 0.09606240839260234 0.16995656869460415
0.09995847755025143 0.0853834574728602 0.2044247740283315 0.13361302248348708 0.10488175636334995 0.10251824291857421 0.14896854894800723 0.12025172023513837
0.10369347987431951 0.07822958703823026 0.25566396589146384 0.13011977315439352 0.09434796674597755 0.07576359482034457 0.14507383663631637 0.11710779583895418
0.10285323972531815 0.07584640003561409 0.2750178773793041 0.1278759420349081 0.09064985824933665 0.07009620235592799 0.14257213238817365 0.11508834783141728
0.09259761325632927 0.14919259018722106 0.1601004646767904 0.15790336754159115 0.08107426840118605 0.1366939086174232 0.08032475653202681 0.142113030787432
0.10374454628583046 0.07782892807159433 0.24719721982420115 0.13471297289067524 0.09073618961748521 0.07920526573818966 0.1491327986416917 0.11744207893033223
0.08103710594175823 0.13088580748105075 0.13343143429168058 0.13809979986679577 0.09444706375820452 0.1627113384759198 0.0936676903444354 0.1657197598401549
0.10245547974989444 0.07729298091046306 0.2367439732444021 0.13606709359229993 0.09430051345587961 0.08388549871097542 0.1506318659222856 0.11862259441379994
0.09619834603785267 0.15566602368005444 0.10881477589163031 0.11469914412445138 0.11335250019542761 0.19583429588900525 0.0777959412322366 0.1376389729493417
0.10472016077620032 0.09081894237475893 0.21548094942260954 0.13188623788513779 0.09794410470500965 0.09340867775428996 0.14704331298537002 0.11869761409662401
0.10437755242024514 0.07874747273633446 0.25979771102486554 0.12955720580389993 0.09253460195451262 0.07393735481347824 0.1444466160231541 0.11660148522350994
0.08105032520464758 0.13092847832642807 0.13618712518753343 0.13780887088603913 0.09470928439734974 0.16047490633378944 0.09347036460096567 0.16537064506324692
0.11529918589060499 0.09896342353975317 0.16260139810948915 0.09441546322408459 0.14275330930004307 0.1323137366474395 0.14035492741968397 0.1132985558689015
0.14063686610824963 0.1052234602394707 0.19397006088063642 0.10614817580530932 0.13416784360865439 0.10597294061563826 0.11834729451726277 0.09553335822477838
0.11184238283859221 0.0801862816271311 0.24856342805592363 0.12760757393478306 0.0993002037590239 0.07538039125923698 0.1422729219840044 0.11484681654130476
0.13900977268351017 0.10106332793721748 0.22560256195718797 0.10603361940550379 0.12168476112343732 0.0929561267477252 0.11821957268046467 0.0954302574649534
0.11048358739990635 0.07883688338425154 0.2610169137984921 0.12647197165329013 0.09582940829684543 0.07252965079267464 0.14100681018657868 0.1138247744879611
0.08204387117144459 0.13075195731595787 0.13637614356505406 0.1375254401684638 0.09529189284048135 0.15970204210044023 0.09327812463600155 0.16503052820215655
0.1016866483646062 0.08705178421628404 0.22901339368637694 0.13291487485971562 0.09433134347736959 0.0871884015738325 0.14819016644807098 0.11962338737374408
0.08052204496778727 0.13306494820828788 0.1291153046683249 0.13786097519471607 0.09504800997500676 0.1654498418375407 0.093505704914677 0.1654331702336593
0.10250409618715091 0.07756194457094506 0.23501858054462962 0.13627351405167035 0.09455909172224997 0.0844198403554985 0.150860381856143 0.11880255071171261
0.11990896363090223 0.08856958615120535 0.19387486701865464 0.09352521845397951 0.14135887794678378 0.11150070587733553 0.13903151877636358 0.11223026214477541
0.08269636139006578 0.13151479314178965 0.11993696031451524 0.13537065613760654 0.10384770699213672 0.17237211571325103 0.09181661894550705 0.16244478736512785
0.11561776602314094 0.09897461664408784 0.1570140417659408 0.09427051612613874 0.14555244310065726 0.13530654316533328 0.14013945382333462 0.11312461935136649
0.10772003685288126 0.08054008093892093 0.23492092687657115 0.1299888852549903 0.10328722335961223 0.08162494359129734 0.14492790639623546 0.11698999672949129
0.10433327408098254 0.07661065291829411 0.26699491857601915 0.12856830562544955 0.09298524026800016 0.07145206734564728 0.1433440661227027 0.1157114750629046
0.10258928153359848 0.0752888046233912 0.2791723528510142 0.12731452459889078 0.09000738516918026 0.06909838524108533 0.14194619384383791 0.1145830721390017
0.1017967143671474 0.07478898053691213 0.2836981398159118 0.12677940099616888 0.08904861356826418 0.06843711885764325 0.14134957096140024 0.114101460896552
0.10146764113879261 0.07460006261509416 0.2853704545946381 0.12657546397005376 0.08872110978722295 0.06822515392468709 0.14112219639646292 0.1139179175730484
0.101337836201237 0.0745295450654909 0.28598751111952686 0.12649979308619777 0.08860555154323019 0.0681521201986949 0.14103782900804437 0.11384981377757798
0.08043328539323533 0.12967058546603105 0.14205290255860004 0.13757491878834385 0.09377207785446565 0.158094643345565 0.09331168404774627 0.1650899025460126
0.13253570760663758 0.11366389129931384 0.1894468801366205 0.10867943514371646 0.12298801855741834 0.11370511584731229 0.12116945977963611 0.09781149162934481
0.1261934823963434 0.09355844462564233 0.17673913659962692 0.09162101104511824 0.14837258709314646 0.11736933841741687 0.13620078656856383 0.10994521325414189
0.08364719897385019 0.13251950460831172 0.11587490839812933 0.13500545216618437 0.105143372481998 0.1742341053898235 0.09156891538228158 0.16200654259942124
0.10253118990793533 0.08773908768113117 0.22037125653884856 0.1334576270689111 0.09687309251384028 0.09012058726988571 0.14879529465742775 0.12011186436202001
0.10381254919073322 0.07823456529761193 0.26183519929178223 0.12952598021173647 0.09225998878653968 0.07334653321287377 0.1444118018181599 0.11657338219056283
0.11959979988918099 0.08816915862325912 0.20189090844443347 0.09289713145521561 0.13984280629143403 0.10802581228246462 0.13809782526775335 0.11147655774625873
0.10712628167049697 0.07771575408706902 0.25250452904609466 0.1280734312752077 0.10064801926806173 0.07587357835227829 0.1427923181531047 0.11526608814768693
0.13757135634482315 0.10056016689459335 0.22706909712848844 0.10603638848311439 0.12204622243074875 0.09306135908807585 0.11822265999535293 0.09543274963480296
0.11011151648409352 0.07873080711602402 0.2616023685919342 0.12642563510980098 0.09587023996684951 0.07252121273393758 0.14095514839853926 0.11378307159882087
0.10392090084609136 0.07560954289393289 0.2768806943058884 0.12726827959621093 0.09060823253909461 0.06927626406522255 0.14189463411696948 0.11454145163658985
0.13610830913817562 0.09976603324788166 0.23550990451379586 0.10563063381193956 0.11887453980815547 0.09127273523211393 0.11777027381719232 0.0950675704307456
0.10950658494519941 0.07841369306007039 0.2648763243495526 0.12610030572870898 0.09497773677480993 0.0720426495688869 0.14059243041693373 0.11349027515583807
0.10367685611271911 0.07548165200133736 0.2781079844210563 0.1271266021919688 0.09033182022433076 0.0691244686916356 0.14173667438418014 0.11441394197277194
0.10205809608899191 0.07482783715974356 0.2832678258919799 0.12679203741966977 0.08912727614014937 0.06845043399117565 0.14136365963058703 0.1141128336777028
0.08057488440459211 0.12977182585352195 0.14145206056909548 0.1376060792133669 0.0938994576097511 0.15823557834891386 0.09333281894471841 0.16512729505604026
0.07563174979552081 0.14214030406288614 0.10793989516105998 0.13588337088529642 0.09357376860611179 0.18960649313065506 0.0921643732961141 0.16306004506235572
0.10102326194842622 0.08960558317486193 0.2174349471979166 0.13401856291165318 0.09476655175600852 0.09311369012944418 0.14942069626120136 0.12061670662048785
0.1036013572465149 0.078626899737446 0.2607959320224492 0.1297168168831463 0.09194502213706898 0.07394426631330385 0.14462457046523924 0.11674513519483168
0.1195755147953191 0.08826351625620671 0.2015905450245231 0.09292673572563072 0.13978031192916526 0.10820945939432629 0.13814183400407196 0.11151208287075688
0.08264360993572105 0.13143663472813108 0.1216866353265422 0.1353530803395541 0.1035197153244067 0.17113192996874324 0.0918046979694367 0.16242369640746493
0.07575153666237405 0.1421250645830675 0.1032712754506492 0.13538850393984 0.09530697068938204 0.1938617195355095 0.09182872441136974 0.16246620472780798
0.1140628052678232 0.1011439102466241 0.15182951482057502 0.09453776264457074 0.14318615230805704 0.1412578058164882 0.14053673372237682 0.1134453151734849
0.10755944087798336 0.08103762234649933 0.23291903121435567 0.13025362620298167 0.10298036449099258 0.08279857848804527 0.14522307279645866 0.11722826358268351
0.10437245953615401 0.07674451071093583 0.26625687274577126 0.1286716790913012 0.09298986721516288 0.07170077969581441 0.14345931982268953 0.1158045111821711
0.11961611777405437 0.08780143672732976 0.20317448757364207 0.09277267618662921 0.13991764327843434 0.10747761288389146 0.13791281415206372 0.11132721142395506
0.12267002053944158 0.08892219607529588 0.18113845988199545 0.0916525445127642 0.15368841778465211 0.1156976446043949 0.136247663186139 0.10998305341531701
0.10835600010655624 0.07819396791825783 0.24405322063687282 0.12863080331838722 0.10404762026073006 0.07753691838632594 0.1434137463863213 0.1157677229865485
0.10412917491365307 0.07598624838355118 0.27035100016452757 0.1280883065295453 0.09282911010217187 0.07052778107836273 0.14280890295159754 0.11527947587659079
0.10242231137096715 0.07510233921736442 0.28040160718196855 0.12714837935664325 0.08986865410798964 0.06886221304645732 0.14176095429763058 0.11443354142097892
0.08065299189977897 0.12986836295873394 0.1408172854064973 0.13764033483029645 0.09407499972703927 0.15842157019205386 0.09335605318924454 0.16516840179635572
0.07564499184393941 0.142163933026346 0.10779899491711253 0.13588350435758284 0.09361013401644509 0.18967377278433142 0.09216446382514314 0.1630602052290994
0.07398207785219925 0.14787096105814143 0.09951387283184343 0.13432737486968088 0.09255256105988365 0.19945130039911152 0.0911090020855227 0.16119284984361704
0.10059130056615771 0.0931206280570987 0.2133998297746021 0.13382354762498588 0.09453094645859753 0.09488928588612393 0.1492032687699469 0.1204411928624873
0.11947114272542901 0.0931870956697638 0.18689404735138568 0.09351831784073864 0.14142851925987812 0.11425763519261148 0.139021260551307 0.11222198140888637
0.10746226159324603 0.08034575575006683 0.24641755364192458 0.12844620170235616 0.10133133566878877 0.07718738075081046 0.14320792936068663 0.11560158153212054
0.08135252647429014 0.1332221260276674 0.13286313101226946 0.13726251382938556 0.09630266840072065 0.16118222567177737 0.09309979198862674 0.16471501659526266
0.08697013680038311 0.17069177164307994 0.12179718086761317 0.1557769477658338 0.08100737565992101 0.16431427823651612 0.07924305603740242 0.14019925298925043
0.10404727950365118 0.08043180055281973 0.23207905262150572 0.13663851763047538 0.09196530148327262 0.0844528334262766 0.15126445582209724 0.1191207589599016
0.0961556241982627 0.1600764500000231 0.10757737945281574 0.1141642359281359 0.11230185786276659 0.19529423551036681 0.07743313393386608 0.13699708311376307
0.11725335360411131 0.10724161413564699 0.15041865122870196 0.09213585016075326 0.14593149129561506 0.13948988988956557 0.13696612949270187 0.11056302019290393
0.14079026518562002 0.11014147769160669 0.18876443453375222 0.10559937494286323 0.13466577637986482 0.10726381130679266 0.11773542251092364 0.0950394374485769
0.11178030640789162 0.08364965661479558 0.2460114846317623 0.12727886606938568 0.09931251813824032 0.07550975143095337 0.141906437244524 0.1145509794624471
0.10460096219203355 0.07864665112628881 0.2706829070241971 0.12754536532625257 0.09157112511273426 0.06995859639694 0.1422035640279264 0.11479082879362733
0.10231667420433757 0.07727450391040061 0.2802168816412316 0.12675889602136434 0.08941657400387987 0.06860675435484284 0.14132670944471515 0.1140830064192279
0.08036771870384186 0.13328672077080106 0.14043594601905038 0.1370585424296954 0.09365840837984224 0.1577609666114282 0.09296144616970646 0.16447025091563447
0.1007924896878112 0.09101171784451095 0.22997128484608548 0.13206732402202948 0.09353957865608921 0.08651180280953383 0.14724521051411346 0.11886059161982652
0.1028408664729844 0.08090590935473747 0.2650731244941568 0.12862487404273193 0.09105620679979133 0.07232949651069036 0.1434071356864489 0.11576238663845874
0.10211392073905175 0.07813409920345664 0.27816821353352356 0.12702247621459764 0.08948554354060428 0.06913493648562168 0.14162058169000663 0.1143202285931379
0.08029320854245338 0.13399796988758308 0.13991797518267596 0.13698466526118572 0.09362830416518576 0.15788494047034118 0.09291133817715205 0.16438159831342283
