0.125 0.125 0.125 0.125 0.125 0.125 0.125 0.125
0.09592326139088728 0.15987210231814547 0.08633093525179857 0.14388489208633093 0.11990407673860912 0.19984012789768185 0.10791366906474821 0.08633093525179857
0.07295173961840629 0.12906846240179573 0.09118967452300786 0.16133557800224466 0.08754208754208755 0.15488215488215487 0.10942760942760943 0.19360269360269358
0.0986809039440685 0.07771121185595395 0.197361807888137 0.1554224237119079 0.08602950600252127 0.07723866263839801 0.17205901200504253 0.135496471953971
0.09314981388063176 0.15524968980105294 0.09900506651918715 0.13972472082094764 0.11643726735078971 0.20780506851911146 0.10479354061571074 0.0838348324925686
0.07087610901821875 0.12539619287838705 0.08859513627277345 0.15674524109798382 0.08505133082186252 0.17892753706586567 0.10631416352732816 0.18809428931758054
0.0961271070380342 0.07570009679245193 0.20810323821567436 0.15140019358490386 0.08380311895623493 0.08527009514416091 0.16760623791246987 0.13198991235607005
0.07190709558593224 0.11984515930988707 0.11598772884675779 0.14381419117186447 0.0898838694824153 0.17093357325941427 0.10786064337889836 0.1797677389648306
0.08805798841585316 0.14676331402642195 0.09458376427944333 0.13208698262377977 0.11007248551981647 0.2501180385925827 0.09906523696783483 0.07925218957426786
0.0832116250269635 0.14722056735539696 0.07254346797222458 0.12834613564316658 0.11003118600007768 0.21757949366370127 0.0870521615666695 0.1540153627717999
0.0942486571056766 0.07608024127807629 0.1884973142113532 0.15216048255615258 0.10007321961837773 0.08234806813960853 0.16964758279021785 0.13694443430053735
0.12706814597434243 0.10006616495479465 0.20014447254434228 0.12007939794575359 0.1107773580289139 0.10424702757983283 0.13293282963469666 0.10468460333732364
0.08336481426643157 0.1474915944713789 0.08636522352792153 0.128582415692997 0.11833198799088708 0.19435264414005915 0.0872124210787284 0.15429889883159642
0.06783605500060748 0.12001763577030554 0.09179877676457857 0.1500220447128819 0.09756378615128874 0.19098116544396834 0.10175408250091121 0.18002645365545827
0.09929110493794169 0.07338906543405217 0.21534050208410746 0.14677813086810435 0.08124471224282535 0.0935066381648684 0.1624894244856507 0.12796042178244996
0.07650944964255786 0.11623545155236657 0.1230747745416949 0.1394825418628399 0.08717658866427493 0.17855611001058616 0.10461190639712992 0.17435317732854985
0.09183221240839484 0.14239393915265625 0.09759699299327848 0.12815454523739062 0.10679545436449217 0.26021821977331017 0.09611590892804296 0.07689272714243436
0.05658263281694229 0.10010773498382099 0.05402125892759931 0.08727340998589522 0.13950613644565396 0.28930510862337266 0.09865689824492503 0.17454681997179045
0.06440883750984078 0.11395409713279524 0.08486734061027734 0.14244262141599404 0.10143866003365332 0.22534404133348543 0.09661325626476117 0.17093114569919282
0.09048997689297406 0.07304612592565375 0.19604328122810605 0.1460922518513075 0.1017355257108248 0.09822785331760367 0.1628819584073533 0.13148302666617678
0.08807439527813606 0.07109619859801344 0.23538332327268555 0.1421923971960269 0.09901837697709177 0.0777282397009771 0.1585339115006449 0.12797315747642418
0.08551188747122365 0.06902766819966247 0.26045532694726403 0.13805533639932493 0.09592606550437963 0.0728525152705503 0.15392139744820255 0.12424980275939243
0.09788332832947642 0.07901425298885446 0.20273690000858213 0.09876781623606808 0.14588086767447958 0.11037046278504288 0.14682499249421463 0.1185213794832817
0.08423997739487618 0.06800094560791209 0.2555664234499555 0.13600189121582418 0.10558312641762659 0.07657397450878652 0.15163195931077714 0.12240170209424177
0.08294583023605424 0.06695627260018838 0.27979156589966375 0.13391254520037676 0.09582640229783772 0.07074359866064243 0.14930249442489765 0.12052129068033907
0.08194450061637146 0.06614797037707094 0.2910446504090611 0.1322959407541419 0.09284483483805349 0.06915565521710487 0.14750010110946862 0.11906634667872769
0.06505381244775439 0.1150952066383347 0.14801979688018815 0.14386900829791835 0.09772049611051924 0.1600181509961517 0.0975807186716316 0.17264280995750203
0.1131356311896763 0.10202212461000161 0.19995213109312493 0.11415794111006496 0.12859388455141357 0.11211855535827439 0.12727758508838585 0.10274214699905844
0.09192314091095051 0.07343138698459928 0.25890490684344636 0.1326956216061672 0.10029467129514637 0.07537849748159231 0.1479457154325476 0.11942605944555047
0.0703548620951086 0.12228719395542983 0.14006673988447843 0.14200420609843772 0.09832409605392807 0.16024195828424734 0.09631589631024472 0.17040504731812525
0.09099474420041746 0.07710488102649264 0.23718793377438835 0.13701406611894387 0.09729677747445993 0.08432847910593314 0.152760458792315 0.12331265950704949
0.08115947377835571 0.14170152269749256 0.15587638393065523 0.16402397156734955 0.08501095186347314 0.14116784056345097 0.08343828118860824 0.14762157441061458
0.09630533239677935 0.07769330098728135 0.2429212929681713 0.1355299650442821 0.09357466375434283 0.08089267946141052 0.1511057968478787 0.1219769685398539
0.07528440104213001 0.12238647780423248 0.13641444841293474 0.14147927262824456 0.09717018563708614 0.16153023284319107 0.09595985447828763 0.16977512715389345
0.09596894684113505 0.07678669332932508 0.23500740691409827 0.13632539403324045 0.09697430294982172 0.08425176049226814 0.15199264081019495 0.1226928546299164
0.09560086250877729 0.07088624086704458 0.273619648789324 0.13123060552955146 0.09355071831864954 0.07069204717337778 0.14631233183667902 0.11810754497659631
0.0940924179271331 0.06936407207558636 0.2881484357923534 0.1290786150337919 0.09146469659005149 0.06776798602045846 0.14391302303021275 0.11617075353041269
0.10964205951395614 0.08087761733689963 0.215552514694877 0.09418527743731013 0.1417947301601171 0.10491272714466353 0.1400127407874043 0.11302233292477214
0.09711039911209467 0.07065968679378094 0.26414180849509394 0.13010062153998223 0.10265643110625979 0.07318800955133174 0.14505248401547272 0.117090559385984
0.0863564987302209 0.1391567002431464 0.1624140203653893 0.1618724961378359 0.08549064413767155 0.13668055886982813 0.08234383499185566 0.1456852465240523
0.0999996697144379 0.0769452189856794 0.2448459874150128 0.13439785698525203 0.0932664383183925 0.07974317644676228 0.14984358084773622 0.12095807128672684
0.09951645794557189 0.07027736057267939 0.27668786651164623 0.13000311638806547 0.09206429528070398 0.06950432550448474 0.14494377304758937 0.1170028047492589
0.09817211248415586 0.0688801313780905 0.2885902000904822 0.12818864670676364 0.09066858547337656 0.06720976706992095 0.14292077476112305 0.11536978203608729
0.0781002693190204 0.12020738588057626 0.14675090827392578 0.1399875218957045 0.0961189863571066 0.15590184366956078 0.09494805832926043 0.16798502627484535
0.09892755909632213 0.07602806119916317 0.2385369022225834 0.13514061481877646 0.09618124244752509 0.0828873664763043 0.15067170040242686 0.12162655333689881
0.11586623751864897 0.08192299392780884 0.1995576259890926 0.09480490537102543 0.14435307216262833 0.10879541925789171 0.14093385932767363 0.11376588644523053
0.10291962868758198 0.07072921333189594 0.25692348313211905 0.13003546148687936 0.1036007522666013 0.07377971033777742 0.14497983541895357 0.11703191533819145
0.13265037352599385 0.09251242424971533 0.2343312757380405 0.10756080541961932 0.12520582929508012 0.09101229577679558 0.11992227111709798 0.0968047248776574
0.138929426180031 0.0934283909129209 0.22406764587025985 0.10617871779623904 0.13020604967373745 0.09324757699230034 0.11838134655789637 0.09556084601661514
0.08578853519597897 0.12132593785662625 0.1304751914043225 0.13768657268992168 0.10400258083568185 0.16210988026944192 0.0933874145201208 0.165223887227906
0.07826154109285448 0.1260984932074878 0.10907889715184904 0.13985185943781914 0.09880364942098513 0.1852272845710137 0.09485604379260777 0.16782223132538296
0.10250373562416894 0.07697842648720019 0.22202876795214796 0.13596987817335826 0.09758194195733695 0.09096809229230454 0.1515962671574606 0.12237289035602243
0.12037532956943835 0.08162568967514676 0.19341794753545566 0.09432438168304982 0.1443935990121442 0.11245426591358662 0.14021952859151882 0.11318925801965979
0.08403310309933805 0.11948535652612943 0.12280449660386267 0.13720321974185534 0.10679250858467325 0.17197787662465644 0.09305957512925842 0.1646438636902264
0.10359192327986994 0.07590290070008551 0.22715774455050253 0.13481342949558558 0.0986608213840742 0.08823418085997108 0.1503069131838842 0.12133208654602701
0.08202431236521862 0.12072216279967532 0.13196382145816354 0.13962315092102223 0.09784958092425955 0.16556827067130597 0.09470091975512812 0.16754778110522667
0.08987707059864235 0.14520304379814153 0.12616624580185445 0.16104718527244194 0.08428729748706383 0.16655268735372034 0.08192400294293786 0.14494246674519773
0.11958369850406403 0.0885581624219041 0.1628468516263886 0.09603592481888192 0.14233338497726808 0.13263501545151204 0.14276385241732298 0.1152431097826583
0.1093345851117918 0.07160152108529567 0.24109469680661536 0.13070065919383947 0.10399458423516839 0.07992187907223984 0.14572148122059417 0.11763059327445555
0.12199112944262061 0.08046305609889806 0.19877663267109116 0.09341748064222236 0.14547687711550106 0.10890248797593516 0.13887135928306488 0.11210097677066683
0.10840715630799608 0.06997835525789624 0.2552212620165417 0.12869868371523357 0.10328679939437461 0.07508950000114392 0.14348942796310368 0.11582881534371019
0.10422240645401075 0.06873975668430554 0.27909192299820673 0.12787198609288547 0.09325858314982519 0.0691628353291313 0.142567721808038 0.11508478748359693
0.09406711602775611 0.13704782594312087 0.16538965370511458 0.15951913321754843 0.08301330335770284 0.13624905834664552 0.08114668950631812 0.14356721989579357
0.10483172876869551 0.0760950273680117 0.24469140928154723 0.13294227894375055 0.09217739040621836 0.08139339422571197 0.14822071995668903 0.1196480510493755
0.08245541101639517 0.12063866049524434 0.1360701895868511 0.13947083755094872 0.09637489719339308 0.16302738753973353 0.09459761155629566 0.16736500506113847
0.07756296472863292 0.12483798101844047 0.10948859149432662 0.1384137263968191 0.09635276870894852 0.19336688155098108 0.09388061442566861 0.1660964716761829
0.10285557006226606 0.07662407867613698 0.22164491348334425 0.1354016763546892 0.09682660718925262 0.09382288098232511 0.1509627645327654 0.12186150871922027
0.10479886974755603 0.0702224045691854 0.26649429606562614 0.1298404959313733 0.09314674516111672 0.07387827881267395 0.14476246337423263 0.11685644633823598
0.13808905131092888 0.09141924344224059 0.23642987272615018 0.10625611013450596 0.12114383622034754 0.0925637538052551 0.11846763323951637 0.09563049912105538
0.1111916300559828 0.06953642329935626 0.26955976640016827 0.12638780416787634 0.09650519977948707 0.07215718282454262 0.14091296972149792 0.1137490237510887
0.08345674233912205 0.11910863539631532 0.14158394989897566 0.13849378638988658 0.09690194946752588 0.1603274768541266 0.09393491598618396 0.1661925436678639
0.10321795152653546 0.075348479173642 0.2348337708668567 0.13383344573254283 0.09586738356637671 0.08723456355354953 0.1492143044212082 0.12045010115928856
0.10447226479597686 0.0697617400040597 0.27154591315722865 0.12912858140382674 0.09247933747688342 0.07242770809461242 0.14396873180396802 0.11621572326344408
0.10333777435962074 0.06834912179741277 0.28545217933973865 0.12715563032762942 0.0904876487665741 0.06900853952499497 0.14176903858916293 0.11444006729486647
0.08204208079786655 0.11901886399467057 0.14535355843518252 0.13855893012713597 0.09558099323951606 0.15919575681900777 0.09397910043405745 0.16627071615256317
0.10276973349071682 0.07526628291601964 0.23643262782694666 0.1336990842945072 0.09548271553079567 0.08695587863118621 0.14906450144477146 0.12032917586505648
0.10431260706645633 0.06971846126003302 0.27217517245080414 0.12905725204530605 0.0923512581183552 0.07234451732596585 0.1438892048923039 0.11615152684077544
0.10327830737566346 0.06833057785700664 0.2856937695480541 0.12712579421541575 0.09044263399835806 0.06897992866100747 0.14173577355062028 0.1144132147938742
0.12010299042608254 0.07950476392544377 0.21289988195405476 0.09255901645971952 0.13992919835067186 0.10633813451463184 0.1375951946177323 0.11107081975166343
0.10797979210155821 0.06944182690075992 0.26064135228316493 0.12778758268938115 0.10150346860326911 0.0751635346895313 0.14247361831189212 0.11500882442044302
0.08290412980456487 0.11915928533818626 0.1394822942641238 0.13858079606961154 0.09805738372316436 0.1615252242696005 0.0939939312472148 0.16629695528353386
0.0776396381928799 0.12437351922485275 0.11007593261721389 0.13804191451175718 0.09653370464707627 0.19405656441891944 0.09362842897319183 0.1656502974141086
0.10278651549511036 0.07644691042266147 0.22161011593994429 0.13509565757447511 0.0967202772164665 0.09513285510426565 0.15062157643004911 0.1215860918170276
0.13909687700990608 0.09308181046966807 0.22093436219200727 0.10757087559444689 0.12349674690153965 0.09907204118690473 0.11993349861052512 0.09681378803500221
0.11202755373504308 0.06998804243392673 0.26337813216192657 0.12700404799744747 0.09747345204965152 0.07422509282117747 0.14160003560312426 0.11430364319770273
0.10517729363198607 0.06835153669262552 0.28190331373355865 0.12710122366064666 0.09157932948464102 0.06978782228628398 0.1417083792156762 0.11439110129458199
0.10304432775458255 0.06789601247521616 0.28922888466528335 0.1264592189243318 0.08987574743082226 0.06868991987237896 0.14099259184548632 0.11381329703189862
0.1023045262018119 0.06769744942824131 0.29204909026462816 0.12613991457480853 0.08930519276413368 0.06834131232459796 0.1406365913244507 0.11352592311732768
0.10203490402773598 0.06761560972803961 0.2931251401650252 0.12600908253762466 0.08909990582407187 0.0682164600670649 0.14049072336657553 0.11340817428386217
0.10193446177539438 0.06758345396140718 0.2935343592371577 0.1259580951031365 0.08902369828825199 0.06816976985967584 0.14043387618215367 0.11336228559282284
0.09370217563805554 0.1361878273899991 0.16879458668705372 0.15864125503843937 0.08183808196289366 0.1373588270554962 0.080700116693467 0.14277712953459545
0.10464102486680121 0.07573497380074777 0.24565878468442945 0.13232222905545632 0.0915972881715441 0.08342628266748967 0.1475294106036207 0.11909000614991071
0.10437890236825607 0.06945241637332841 0.2756320561778794 0.12847925596848653 0.09116426897737392 0.07201698736235207 0.14324478240068572 0.11563133037163786
0.10314105556369312 0.06817463720144029 0.2869368254466945 0.12685384311638245 0.09003294500347579 0.06925966649351323 0.14143256837005624 0.11416845880474422
0.1369231730700189 0.09061140717628427 0.24329617756569266 0.10549607733329486 0.11953508585226244 0.09157135601744971 0.11762025338503172 0.09494646959996535
0.11067590329234174 0.06924624063450367 0.27215290975647327 0.12593303705002198 0.09588107646621681 0.07236516113248787 0.14040593832293494 0.11333973334501976
0.12207959464747846 0.0794913433189098 0.20818498742645747 0.09244470611980293 0.14161753709896724 0.10782291942473433 0.13742526461988616 0.11093364734376353
0.1431024124244489 0.09157053103381248 0.21305881841553523 0.10530517370981443 0.13438400079060348 0.10039699719556236 0.11740741009139012 0.09477465633883299
0.1489860002829361 0.0920747926755875 0.21396694080500317 0.10455609480040429 0.13160493251581593 0.09813851059108018 0.11657224300880897 0.09410048532036387
0.1314945283387963 0.0802852245128893 0.18683236618074092 0.09111610714594603 0.15202882886880603 0.11345340336669779 0.13545021301098845 0.10933932857513523
0.08615618963266929 0.11840624546818533 0.12066006992975728 0.1360390288345474 0.10800594571446989 0.17521573582678615 0.0922699499921278 0.16324683460145686
0.0779250266466685 0.12371780520823412 0.10532476185918101 0.13735641823371172 0.09832392046834394 0.1993608820318456 0.093163483671561 0.1648277018804541
0.10298449590092297 0.07647175089792871 0.2194981519645993 0.13520849660605713 0.0972186746072899 0.09618339954831087 0.1507473835294398 0.12168764694545141
0.08202791990222993 0.12022312834918766 0.12969715744741733 0.13893449930540502 0.0971438651386699 0.17101819637911203 0.0942338343114921 0.166721399166486
0.13544145520717604 0.09927308168140749 0.18844882406918714 0.11007153968777389 0.12626931731831897 0.11870984385927855 0.12272155245786134 0.09906438571899649
0.11246899545587721 0.07130289430040461 0.2505981956730028 0.12865321836598362 0.09922457024698181 0.07852549193673829 0.14343873749162653 0.11578789652938527
0.10578246572055985 0.06878362702493261 0.2770276377731877 0.12775594150488018 0.09238003764436956 0.07085160222522206 0.14243834075245596 0.11498034735439215
0.08246729104058446 0.11898057905425208 0.14327910573610303 0.13845172818280305 0.09594113034972603 0.16083170226709273 0.0939063895500751 0.16614207381936363
0.10285582366028666 0.07521710639700162 0.23537870880644252 0.13358148514739512 0.0955284052674598 0.08828174691696136 0.14893338717179722 0.12022333663265561
0.10433702373086934 0.06968102650101303 0.27166979051430273 0.1289808254031447 0.09233627681901348 0.07310831927905155 0.14380399488977477 0.11608274286283024
0.12066033415817257 0.07978323309720375 0.20841142596292597 0.0927665703300787 0.1408282441287521 0.10832657054056591 0.13790373738620654 0.11131988439609443
0.08423773822132861 0.1185516617862411 0.12584937301173976 0.13629873499815567 0.10562021039484518 0.17343770106941475 0.09244609852048818 0.16355848199778678
0.07759955894385727 0.12378000795725905 0.10654938387778415 0.13741125093276396 0.09783055175665106 0.19873507086666703 0.09320067454570077 0.16489350111931675
0.1345325886392007 0.09998171215770903 0.17984404265220774 0.11047950025320738 0.12695536874185143 0.12559883928443583 0.12317639804350138 0.09943155022788663
0.11257740078843759 0.0715702877215096 0.24714232806265585 0.12905404874072116 0.09966512173095554 0.07995653564232677 0.14388563344674432 0.11614864386664904
0.083738126226091 0.11935273538106696 0.13620440995988892 0.1385187308135119 0.09758116703656407 0.16443051879401996 0.09395183481264287 0.16622247697621428
0.10338480636180922 0.07540408003942094 0.2324154413320163 0.13386924517352486 0.09609128059172231 0.08909860771903085 0.1492542181263031 0.12048232065617237
0.0945595162945348 0.13827723903633776 0.15288962208410464 0.15994582684396502 0.08369173952058327 0.14532106536201947 0.08136374669888656 0.1439512441595685
0.07990338049590376 0.12675498430048318 0.1133142745870256 0.13817614263788064 0.09348103357881928 0.18883934257569435 0.09371947065873644 0.16581137116545674
0.13520884688241275 0.10021819764306196 0.18247063549857587 0.11044670225746402 0.12562618121893232 0.12348757374197616 0.12313983072585913 0.09940203203171762
0.11264051370205652 0.07151909079285301 0.24819868037487516 0.12892828864831643 0.09928543468661397 0.07964711168300558 0.1437454203287946 0.1160354597834848
0.12312905602313685 0.08005195739658975 0.2006230031120257 0.09290946057888666 0.14333694476112285 0.11034207209540839 0.13811615333816585 0.11149135269466398
0.14364034499640158 0.09175479251773959 0.2103288345929801 0.10546209002210162 0.13505501633461922 0.10126068044684872 0.11758236006941776 0.09491588101989144
0.08842087829617101 0.11964660991939258 0.1261938692079192 0.13584028013102906 0.10416868949215126 0.1705861902724475 0.09213514652365448 0.16300833615723484
0.11864787647806752 0.08558721330840854 0.16144078001158038 0.09490776814562167 0.1476328358272655 0.13680743270350557 0.14108677175080475 0.11388932177474602
0.10948345703302854 0.0710827243230613 0.23983723520254813 0.1300459782086973 0.10489635642968452 0.0826213076362021 0.14499156077895056 0.11704138038782756
0.10547020121410992 0.06904319868042315 0.27288636680925327 0.12827861409465002 0.09394224202774924 0.07190754280399717 0.14302108168463218 0.11545075268518502
0.10345073147433564 0.06817062736982533 0.28579873481365076 0.12689405926022107 0.09066093233028827 0.0693428550482485 0.14147740636923153 0.11420465333419896
0.10252984567645516 0.06779624401980881 0.29073876417861505 0.12629237044016128 0.08957258800461536 0.06860048604718356 0.14080656823701565 0.11366313339614517
0.0817797035604637 0.1187097107339387 0.1464287914017996 0.1382542380232186 0.09521413114947994 0.1599358998005323 0.0937724397027048 0.16590508562786233
0.08967021678672905 0.14391222255367664 0.1293090917623437 0.1597671510532159 0.0832798452368583 0.16899818155829824 0.08127285510098374 0.1437904359478943
0.10507850093340566 0.07732828865963716 0.22957264038938174 0.13418998982896627 0.09316210987812164 0.09028565498346616 0.14961182448095192 0.12077099084606964
0.08244184478430285 0.12033534755726498 0.13210789728602743 0.13893435928483672 0.09626030085824483 0.16896527974649933 0.0942337393410197 0.16672123114180407
0.13547865795512196 0.09920834766057772 0.18929056490611992 0.10998149105921393 0.12592569368390147 0.11851074782470873 0.12262115495706387 0.09898334195329252
0.11243021576550954 0.07126051937218877 0.2509074009093162 0.12857841727960387 0.0991063956598413 0.07864113559941306 0.14335533986248372 0.11572057555164349
0.14068433313740691 0.09147589180693487 0.23042423508868107 0.10619157802298307 0.12283558567652973 0.09442027129578219 0.11839568475099752 0.09557242022068475
0.08796510754971562 0.11976551506664158 0.13105415889072017 0.13602132391884902 0.10152975001077877 0.16818061442006535 0.09225794144061064 0.1632255887026188
0.10440203868433483 0.07540015622509473 0.22991475531183525 0.13376365298862838 0.09695241726873091 0.09004320111145288 0.14913649072015733 0.12038728768976556
0.10485969934546266 0.0697961909827616 0.26947217172322485 0.12917016787589503 0.0927777854978113 0.07365573586968295 0.14401509761685607 0.11625315108830553
0.10346813227637842 0.06834147146261862 0.28456769222322637 0.12712589053598433 0.09055728716527114 0.06979034391326927 0.1417358809408661 0.11441330148238589
0.10258155288283767 0.06784199617394676 0.2902802654044517 0.12635786240526936 0.0895927401580891 0.06874391992001191 0.14087958689065105 0.1137220761647424
0.10216677349442038 0.06765997064450381 0.2924411299512924 0.12607364041977964 0.08920641103757349 0.06842309748720275 0.14056270058742595 0.11346627637780168
0.1364249278470048 0.0904115117296715 0.24516434736684867 0.105308887564269 0.11912226153749333 0.091378514384917 0.11741155076195364 0.09477799880784209
0.11048622954811134 0.06917342037917228 0.2728670094411501 0.12581900984865524 0.09572173589003968 0.07241667952617796 0.14027880650290367 0.1132371088637897
0.10447389421010182 0.06804149793928518 0.2855184486406194 0.12661224465824417 0.09089351393186375 0.06934617630849814 0.1411632041189677 0.11395102019241973
0.08215518581764802 0.11876081690959239 0.1452095139734038 0.13828288862969199 0.09552464300135359 0.16033561302471475 0.093791872287965 0.16593946635563037
0.13501348654619072 0.0987797105507417 0.19403686429262107 0.1096554977738101 0.12536990994471903 0.11619688612379246 0.12225769677169573 0.09868994799642908
0.12846445525655276 0.08146293601294627 0.18101044600698382 0.09190146823199365 0.1509529122630375 0.1193083153365628 0.13661770501353085 0.11028176187839239
0.1264593958519931 0.07993211396664834 0.17624889165094915 0.09173419010835245 0.15921846528720054 0.11995688015719319 0.13636903484764035 0.11008102813002292
0.110530618886841 0.07005538795182799 0.2452612457963218 0.1288305839602724 0.10664264993040934 0.07909550101706207 0.1436364868930201 0.11594752556424515
0.08332021124847827 0.11910427186438989 0.13572873703538574 0.13843141704674344 0.09910943299997055 0.16429561604767062 0.09389261330126947 0.16611770045609212
0.11738136813272691 0.08567210522976242 0.16493335652294266 0.09507654279431092 0.1461233883544062 0.13538372101098572 0.14133766660169206 0.11409185135317311
0.10907671271275927 0.07102629525397403 0.24132219524065665 0.12993291084099237 0.10447083383565485 0.0823659332572469 0.14486549910182284 0.11693961975689314
0.10532123509361731 0.06900223782697275 0.2734671282463905 0.1282076391649152 0.093804478695364 0.07186845578970223 0.1429419499346144 0.11538687524842368
0.08237174609107822 0.11899996128885956 0.14241754342937452 0.13844702528370034 0.09625195382967472 0.16147213997923204 0.09390319975764023 0.1661364303404404
0.10283245820705007 0.07521435964764746 0.23497189541123395 0.1335650271110697 0.09559778756453424 0.0886949099689957 0.14891503768950606 0.12020852439996274
0.138665334577441 0.09260606360536885 0.2255228225133565 0.10713211244462899 0.12274141538614751 0.09746903983089428 0.11944431044199678 0.09641890120016608
0.11175387159783831 0.0698203520424274 0.26515721847785906 0.12674755207188382 0.09714239264785818 0.07399175450983003 0.14131406178760775 0.11407279686469542
0.13997776283688923 0.09098275948166566 0.2353216056088255 0.10575332285698066 0.12184127826272151 0.09303821743512054 0.11790706294651425 0.09517799057128258
0.10106831852214897 0.13772648966307824 0.1521408154073858 0.15648762407456368 0.0874271831058028 0.14470613357415685 0.07960457398575631 0.1408388616671073
0.10681260668752941 0.07609849947150985 0.23848501262929772 0.1327324020237783 0.0931433943514786 0.08528220016162885 0.1479867228533767 0.1194591618214005
0.10511602796882358 0.06962213470789351 0.27277784758974005 0.128748921846772 0.09168256563500653 0.0726330328590147 0.14354543973065473 0.1158740296620948
0.10340550243677367 0.06824188169369179 0.28581994500496843 0.12695784611839292 0.09021627955345163 0.06954795973028807 0.14154852395587983 0.1142620615065536
0.08196278276755106 0.11880488073452812 0.1452818830657084 0.13831012378427582 0.0953825568956309 0.16047527938357897 0.09381034482759579 0.165972148541131
0.10263945102985093 0.07513111825233691 0.2361602376875363 0.13343886512339745 0.0953207348455235 0.08844023796197202 0.14877437648832523 0.12009497861105771
0.10424170396261322 0.06963972768879921 0.2719509491464128 0.12891037947066528 0.09225204385355981 0.07326040142213149 0.14372545293221936 0.11601934152359876
0.10323639369010702 0.06826963086330111 0.28552107981016306 0.12700888732437293 0.0903697044434062 0.0696808741852117 0.14160543109150237 0.11430799859193565
0.09405878972022962 0.13639615939225413 0.16670413667665523 0.15878578801369772 0.08215600796555989 0.13821826902969878 0.08077363998957666 0.1429072092123279
0.10478220608967675 0.07578179583157937 0.2447681197198932 0.13237247907740807 0.09170836262132083 0.08386636986235928 0.14758543562809523 0.11913523116966723
0.12144655905930199 0.08077749035989878 0.20006292633542977 0.09338717297546724 0.14140943720587051 0.11202550159262724 0.13882630490084386 0.11206460757056069
0.12455815042844344 0.07993095218912667 0.18286177130803594 0.09180986910286547 0.15609158674487136 0.11809429054731697 0.1364815367559015 0.11017184292343855
0.10987372620352787 0.06993184812461029 0.24803471792042933 0.12860396989404133 0.10577096214142118 0.07865737369066265 0.14338382912066996 0.11574357290463722
0.10521098468515558 0.06870902368172209 0.27595954559657826 0.12778647151397973 0.09381410828505797 0.07103966244068147 0.14247237943424307 0.11500782436258175
0.10326518885321444 0.06805697066083963 0.28694723379253545 0.12671841258643188 0.09052327369107752 0.06916077565219508 0.14128157343591732 0.1140465713277887
0.1369308286470302 0.09056634661855659 0.2432524090035576 0.10545275912136155 0.11963719667184165 0.09168101991699865 0.11757195681142847 0.09490748320922537
0.11067119255580843 0.06922652904131707 0.27210698039358444 0.1258978543821953 0.09588839391446634 0.07253426849477226 0.14036671227388045 0.11330806894397577
0.13941576827336766 0.09076636360663538 0.23773110830232197 0.1055566320917189 0.12129012110803163 0.09255127031371467 0.1176877674216627 0.095000968882547
0.11143221088423781 0.06934725145346862 0.26987154584484746 0.12609409101101554 0.09638913503386545 0.0727955823921605 0.14058550147049045 0.113484681909914
0.08342842231031389 0.11886184702290548 0.14148598342124427 0.13821587912675673 0.0967233774084382 0.1616790133939983 0.09374642236423501 0.16585905495210806
0.11734589598459123 0.08560200110462257 0.16684624812645654 0.09501647690216466 0.14524782665910205 0.13467340432172523 0.1412483746187403 0.11401977228259759
0.1090006156048077 0.07097523907119722 0.24210746517540319 0.12984665956309965 0.10421515116221275 0.08222354045285485 0.14476933536363495 0.11686199360678967
0.10527342121291235 0.06897738717720135 0.27377012860015404 0.12816661717764305 0.0937232259784208 0.07184305091364143 0.14289621348014828 0.11534995545987874
0.09460244210469408 0.13667865617433453 0.16366653621646118 0.15901775971847917 0.08290081929397251 0.13912615975820095 0.08089164298722637 0.14311598374663123
0.10501694408718715 0.07587799936429816 0.24352782999575426 0.13251037230159463 0.09196153394837388 0.08410680894883252 0.14773917628252417 0.11925933507143517
0.08240746926305985 0.1200831523727142 0.13538588368980206 0.13881722237679514 0.0959593627772908 0.1666119527082705 0.09415428995991323 0.16658066685215414
0.10309379093982216 0.07547984668011741 0.23209594759781046 0.13390905856894247 0.09576672714106842 0.08983786926914605 0.14929860709104478 0.12051815271204822
0.10449792117706251 0.06976932121149738 0.2703749737071789 0.1291113348075601 0.0924793338457682 0.07361741078793882 0.14394950313619015 0.1162002013268041
0.10335299784660397 0.06831841547201223 0.2849189935702683 0.12708526606501186 0.0904675901357256 0.06978940976445858 0.14169058768740875 0.11437673945851069
0.12006150127804292 0.07941999661087622 0.2125219946506899 0.09245287866156567 0.13981944998496895 0.1073433107678589 0.1374374136521185 0.11094345439387879
0.10793101600158889 0.06935818839730022 0.2603456913381833 0.12762228964107863 0.10141549957825266 0.07617792546828868 0.14228932889833693 0.11486006067697077
0.08278879555193924 0.11892471860801694 0.13923337984343415 0.1383039898422225 0.09787952945501971 0.16309861447397558 0.09380618441472482 0.165964787810667
0.07749379618028682 0.12409582718543594 0.10983220002953716 0.1377367314087181 0.09632014933311032 0.1958157829561023 0.09342143521634792 0.1652840776904617
0.1027304187457633 0.07638690179735745 0.2214080693146242 0.1350056902896701 0.09663515567183682 0.09580737329857686 0.150521269621468 0.1215051212607031
0.12130969616045431 0.08115234701728044 0.1925951453807812 0.09378611801716571 0.1435521823587615 0.11564180594481302 0.13941936350014486 0.11254334162059886
0.10896181252293742 0.06997827017868621 0.25239350908527913 0.1285630332984373 0.10290551328649296 0.07815294378803209 0.1433381878715413 0.11570672996859357
0.10487285032237481 0.06863181156840355 0.2777073408364286 0.1276364378942505 0.09309423137843233 0.07087943075050074 0.14230510314478378 0.11487279410482547
0.1031281470289968 0.06801143351124177 0.28762302843059484 0.12664164651563495 0.09032002892502518 0.06910224872864511 0.14119598499579 0.11397748186407144
0.08189693474009821 0.11874878685541564 0.1456950197492497 0.13827279820277577 0.09538897261476523 0.160285101648134 0.09378502834623052 0.1659273578433309
0.07735547394885932 0.12411529557726105 0.11135431094294113 0.13777972038125605 0.09580285142952026 0.19480609030841162 0.09345059295424325 0.16533566445750725
0.11601311419081288 0.08629385062429372 0.15685372142867382 0.09532053102626767 0.14538162334563096 0.1440521506570348 0.14170037149576506 0.11438463723152117
0.14283849762742964 0.09335944123613232 0.19487978933241543 0.10668004282133688 0.13701040947302867 0.11027949442188875 0.11894028654856513 0.09601203853920318
0.1137047649989607 0.07045619028945915 0.2525809649152483 0.12780138837279204 0.10106576495473048 0.07688066631467616 0.14248901061862035 0.11502124953551282
0.10593431721511724 0.06861487365633434 0.277670217353923 0.12753704036074043 0.09264604077150128 0.07061989200507103 0.1421942823126464 0.11478333632466638
0.10336873033854291 0.06800270721784325 0.28758743207449555 0.12662645932395192 0.09021671762568449 0.06905508761748927 0.14117905241043596 0.11396381339155673
0.10243792349658283 0.06773124696621727 0.2914043458243142 0.12618845181434216 0.08941422466735208 0.06856349387393487 0.14069070672434864 0.11356960663290795
0.10208864264271036 0.06761982391843532 0.29286040798533725 0.12601047419574132 0.08912933192188775 0.06838961759820016 0.14049227496152053 0.1134094267761672
0.11954091585000766 0.07923128249921725 0.2150126271135844 0.09228929099903373 0.13917195990655598 0.10681254482822673 0.13719422960453373 0.11074714919884047
0.10771854884609477 0.06928515095544308 0.26134203696367614 0.12750918951404583 0.10119426471253137 0.07602930774856424 0.14216323069700335 0.11475827056264125
0.10425559940827213 0.06835617730108648 0.28115238429767025 0.12720011287165622 0.0924417798795835 0.07029521135108079 0.14181863330615999 0.1144801015844906
0.10285965040971765 0.06790470369206641 0.28893487589017286 0.12647299865148515 0.09007283605160374 0.06892128130569296 0.1410079552129245 0.11382569878633665
0.10227281749196579 0.06769217532833575 0.29192041927185786 0.12612640066439537 0.089343616050977 0.0685092862716715 0.14062152432284078 0.11351376059795582
0.10203219448805388 0.0676045306534174 0.29305717720003976 0.12598624967172894 0.08909879256510106 0.0683681642920559 0.14046526642504703 0.11338762470455604
0.1019361500839653 0.06757029171446824 0.29348896863962204 0.12593202098804498 0.08901214992275733 0.06831679427224562 0.14040480548965614 0.11333881888924051
0.10189853868120763 0.06755717611364459 0.293652867145252 0.12591132467158908 0.08898054271245036 0.06829762783011714 0.14038173064130902 0.11332019220443018
0.10188398890408612 0.0675521856608419 0.29371506968869177 0.12590345994169672 0.08896881309610105 0.06829040670665641 0.14037296205439917 0.11331311394752705
0.10187840273247999 0.0675502908084941 0.2937386768156112 0.12590047496320098 0.08896441788697489 0.0682876753002219 0.140369634026136 0.11331042746688089
0.10187626781157812 0.0675495717361111 0.2937476365484533 0.12589934232361652 0.08896276190383888 0.06828664036762262 0.14036837121752468 0.11330940809125488
0.10187545413497155 0.06754929887423253 0.2937510372072028 0.12589891253350918 0.08896213602265689 0.06828624791363985 0.1403678920336289 0.11330902128015828
0.10187514453190308 0.06754919532664294 0.2937523279594494 0.1258987494317894 0.08896189904382475 0.06828609903039688 0.1403677101873831 0.11330887448861045
0.09367377896529876 0.136131304184618 0.16881551706944053 0.15857667157118482 0.08180011443056781 0.13761634600035155 0.08066726336447227 0.14271900441406632
0.11992622610383219 0.0867880163997515 0.1759847712372797 0.09476825811444968 0.13995569061280091 0.12797574707515563 0.14087938071939088 0.1137219097373396
0.10931932009585796 0.0708569993684544 0.2458637780032651 0.12947613998938975 0.10276472643136786 0.0808342764315513 0.14435623368966288 0.11652852599045077
0.08309357566873522 0.11921841544055664 0.13585028815107297 0.1384612327563436 0.09823839611604346 0.16507177642924628 0.09391283613038957 0.1661534793076123
0.13550752185303183 0.09896468681951312 0.19055502231705507 0.1098153992082181 0.12633251942495097 0.11755501615171696 0.12243597493811778 0.09883385928739627
0.08686422662169457 0.12062383391026063 0.12144906870879149 0.13605716253686098 0.10217797223888321 0.1772768915664484 0.09228224937282746 0.16326859504423316
0.07798835765532143 0.12386790475082622 0.1054162435711345 0.13723258492503035 0.09695722260891142 0.20077909219480602 0.09307949238393365 0.16467910191003643
0.11534622746879244 0.09314903543207612 0.15376456392006016 0.09439572267857581 0.14477707385879102 0.14496692765448588 0.14032558177292764 0.11327486721429098
0.10855389011509722 0.07643239378695452 0.23594500034123725 0.12960172766261405 0.1041922205672182 0.08413695805743254 0.14449625457309354 0.11664155489635263
0.08244794062923103 0.12589557185556088 0.13285993021148548 0.13740982679001548 0.09795803606725978 0.16533719369302685 0.09319970860540179 0.16489179214801855
0.1163737975101131 0.09326259951210077 0.16303875211878366 0.0942273088434919 0.14483847902010286 0.13511106908751888 0.1400752232956984 0.11307277061219026
0.14197968811322495 0.09975199568150478 0.19613816045274818 0.10569141422128495 0.1359784796830921 0.10749994961122762 0.11783803943776097 0.09512227279915644
0.1130130634790053 0.07575623459329014 0.2522915572076879 0.12687194587939393 0.1004020646382669 0.07602763131103957 0.1414527515998616 0.11418475129145454
0.1054304432159485 0.07260552453706638 0.2770108571197415 0.12688477424410785 0.09219209589675471 0.07021295389750694 0.14146705426917694 0.11419629681969705
0.08189127057533921 0.125084303012471 0.14262525497741949 0.13733643885913185 0.0952874147571065 0.1598216587439887 0.09314993244358509 0.1648037266309582
0.07655830006011195 0.1344852508325214 0.1096452303515214 0.13603937416221393 0.09482328435527768 0.19293112702932577 0.09227018421437119 0.1632472489946567
0.13294316672147108 0.10948059848102636 0.17954548676280607 0.10917833545124644 0.12496153359171007 0.12390468069445232 0.12172569639116582 0.0982605019061218
0.14643462330014917 0.10175177295183002 0.2016364305095517 0.10494162016850445 0.1294983422151719 0.10428767767944777 0.11700207502369078 0.09444745815165399
0.14954888375469982 0.09961334519459772 0.20887683347028804 0.10391750027389542 0.12974727123442034 0.09891015805753334 0.11586025776805951 0.09352575024650588
0.13115777044695578 0.08646688400962252 0.18451305644037613 0.09049566689096611 0.1507997257182482 0.11344420932407137 0.13452788690060036 0.10859480026915934
0.11096888486679929 0.07454631886580108 0.2478780019175458 0.1276806771245585 0.10416927624392361 0.07748980498412689 0.14235442658514208 0.11491260941210264
0.1051156218580895 0.07258387313816654 0.2753250331745957 0.12711498629538887 0.0931492585915665 0.0705840157499913 0.14172372352635149 0.11440348766585
0.0818378853140967 0.12509234253266324 0.14223181227854048 0.13735454330999702 0.09551022131284144 0.15998553129569296 0.09316221198417189 0.1648254519719964
0.10209065330112546 0.08183547374432869 0.23377611324418773 0.13244877037956707 0.09489651964135833 0.08807808161120054 0.14767049473662178 0.11920389334161034
0.1038094826113791 0.07408803945205754 0.2704089888298364 0.1283011930802414 0.09188490212131763 0.07299006456438296 0.14304625556856768 0.11547107377221728
0.10283992483129806 0.0721313303107217 0.2844120766250071 0.12642913752791313 0.09002001877015635 0.06942223482642193 0.14095905333335987 0.1137862237751218
0.08138081092748285 0.1249392919426184 0.14433817080668154 0.13727653394897635 0.09476868604668798 0.1594553643016495 0.0931093012871318 0.1647318407387716
0.10191354108517271 0.08176408419699756 0.2346609481404489 0.13236147466606102 0.0946727550520747 0.08792870312912206 0.14757316653066802 0.11912532719945493
0.10373702643695026 0.07405698342905666 0.2707572540719247 0.12826055326318755 0.09181000491276904 0.07294273474386831 0.14300094520537474 0.1154344979368688
0.1028107340708222 0.07211870734148546 0.2845462935995326 0.126412773465173 0.08999342809232176 0.06940575868740588 0.14094080862460331 0.1137714961186557
0.11946507117249965 0.08368530843921866 0.21194644726632156 0.09195060898714631 0.13911865794499137 0.10680241935868329 0.13669075604656378 0.11034073078457557
0.10742256804680823 0.07373465316325763 0.25946056350813534 0.12690612922616928 0.10094694248187869 0.07582276378967824 0.1414908634805201 0.11421551630355237
0.10390523384095635 0.07222148763036577 0.2798967946170672 0.1266363087958141 0.09213307011705375 0.07004439324598305 0.14119003383652706 0.1139726779162327
0.08158851516011578 0.12497364178090642 0.14328420274974527 0.1372976471042942 0.09525423614332787 0.15972095902224054 0.09312362151421695 0.16475717652515304
