0.125 0.125 0.125 0.125 0.125 0.125 0.125 0.125
0.11301829483647666 0.08900190718372537 0.135621953803772 0.10680228862047045 0.14127286854559584 0.11125238397965673 0.169527442254715 0.13350286077558807
0.07485325150544486 0.12475541917574144 0.08982390180653384 0.14970650301088972 0.10550364450993392 0.15594427396967678 0.1122798772581673 0.18713312876361216
0.0734313625485831 0.1223856042476385 0.08811763505829971 0.1468627250971662 0.10065483252332715 0.17482239033065286 0.11014704382287464 0.1835784063714577
0.0622421613608461 0.10373693560141017 0.05601794522476149 0.09336324204126915 0.14485139823749618 0.24102594300215552 0.11203589044952297 0.1867264840825383
0.11178451178451179 0.09023569023569024 0.13973063973063973 0.1127946127946128 0.13414141414141414 0.10828282828282829 0.16767676767676767 0.13535353535353534
0.08793054721067682 0.14655091201779472 0.10551665665281218 0.17586109442135364 0.09819066454702634 0.14064644472670454 0.09198888015886192 0.15331480026476985
0.07834221360844021 0.12064511582342582 0.08686448339286659 0.14477413898811098 0.10917488182058 0.17065088839035442 0.10858060424108323 0.18096767373513872
0.06575642665111124 0.10204736976818317 0.05510557967481891 0.09184263279136486 0.1543793606117166 0.23697220557043777 0.11021115934963782 0.1836852655827297
0.07207083804495641 0.1275099442333844 0.0900885475561955 0.15938743029173053 0.09856013337616068 0.15301193308006128 0.10810625706743461 0.19126491635007659
0.10187999608633541 0.07508286690273022 0.19068664610217195 0.15016573380546044 0.10283252146772061 0.08219887879303002 0.1662396401916371 0.13091371665091422
0.06684431905321755 0.1014486417184285 0.06484744594902343 0.09130377754658565 0.15224909820047877 0.23113462938319207 0.10956453305590277 0.1826075550931713
0.06976946680037072 0.1234382874160405 0.0872118335004634 0.15429785927005066 0.09555798821373018 0.17991293347472753 0.10465420020055609 0.18515743112406075
0.07372429440871846 0.11504020214338871 0.08987920522726772 0.13804824257206647 0.10663457584164916 0.20057699466277665 0.10353618192904984 0.17256030321508306
0.07675932797975314 0.11335615683829767 0.08889759389980591 0.13602738820595717 0.10777865449545328 0.20512610216881838 0.10202054115446789 0.17003423525744646
0.06415227309463423 0.09419149162869489 0.05539368647475786 0.0847723424658254 0.14390349409068265 0.28631521635476365 0.10172681095899047 0.1695446849316508
0.05704196215359747 0.10092039457944169 0.04972889008262344 0.08798188245387224 0.1298072393951262 0.29909808626234763 0.09945778016524688 0.17596376490774449
0.06556035780700009 0.11599140227392324 0.0819504472587501 0.14498925284240405 0.08863844690639751 0.23054245279014005 0.09834053671050014 0.17398710341088483
0.10198493493730769 0.07198020831250905 0.19786138632243777 0.1439604166250181 0.09763879452128132 0.10170020733564325 0.15937009899065901 0.12550395295514397
0.11769193930436009 0.07852767098592092 0.1615075390257572 0.09423320518310513 0.15561132926850965 0.12506029358980675 0.1495765161636589 0.1177915064788814
0.0657716744642353 0.10469362900546467 0.05158816501718549 0.09127136887655896 0.13579435830729372 0.265161736541773 0.10317633003437097 0.1825427377531179
0.09709567620392073 0.07361287153845471 0.18238412948333557 0.14722574307690942 0.09304276929786917 0.10998992509528994 0.16414571653500198 0.1325031687692185
0.10389875425426318 0.06985024797806158 0.2345007936512501 0.13970049595612316 0.09668719609485348 0.07891814440624184 0.15465419169745828 0.12179017596174842
0.06930791137554587 0.09733322960385404 0.0809130688252187 0.08759990664346864 0.14775260160751322 0.23677358068529974 0.10511988797216237 0.1751998132869373
0.05911925230833998 0.09789690739088613 0.05209255927125982 0.085346021827952 0.12680920508728025 0.31156589882677976 0.09647811163159792 0.170692043655904
0.1235261357352845 0.09409972172627712 0.1533743870547683 0.1176246521578464 0.11834031495061799 0.15602989223626154 0.13114270919688248 0.10586218694206175
0.10820658360514822 0.07191697997737977 0.20519624130602115 0.14383395995475953 0.08956155624488725 0.09146998348057211 0.16036413147194833 0.1294505639592836
0.10325392423329148 0.0681228715846567 0.25429481687151656 0.1362457431693134 0.09384074494220204 0.07463392065233614 0.15082963834779503 0.11877834019888861
0.06899337334084187 0.09678706213715786 0.08711110927281802 0.08710835592344209 0.14641004740453037 0.23484331296619515 0.10453002710813049 0.17421671184688417
0.052084709776206335 0.08213032945249343 0.06696484673538644 0.10266291181561678 0.1065214147001538 0.26825623748864713 0.11605372640026244 0.20532582363123356
0.09642725588357688 0.07122501548852345 0.19753600662345924 0.1424500309770469 0.09449147006718848 0.11084403914078224 0.15882115394008062 0.1282050278793422
0.10049221673806674 0.06737965786339162 0.2591813494501681 0.13475931572678324 0.09403915035835142 0.07748172741976307 0.14918410206628016 0.11748248037719564
0.07720741351898618 0.11580480407099764 0.13030198781732663 0.14475600508874703 0.09174327600680832 0.1682969735043571 0.0981823338862806 0.17370720610649643
0.13432387066982024 0.09285766906571881 0.19216512525004692 0.1114292028788626 0.1287144322628719 0.12000958412297268 0.12335670811172413 0.09714340763798276
0.08014307129813374 0.11408443111814694 0.11643910600861623 0.14260553889768368 0.09538689294407543 0.18349055623856408 0.09672375681755938 0.1711266466772204
0.10348808976507584 0.06870005667212288 0.2307363710926236 0.13740011334424576 0.0961435198300471 0.0916395615141498 0.1521075735841874 0.11978471419754758
0.10225888074932209 0.1369615367011956 0.12334974765841288 0.12326538303107604 0.13050750684313145 0.21724867792490932 0.09244903727330703 0.07395922981864561
0.06347070414603294 0.09464069824720082 0.06006161860698466 0.0825072753949956 0.13245425214108886 0.3085818067489282 0.09326909392477764 0.1650145507899912
0.06883987559028029 0.10907555935063667 0.08794480036350856 0.13634444918829586 0.09198325644126434 0.24972161537321522 0.09247710466684414 0.163613339025955
0.07082251361230066 0.11142666669848492 0.09475042357430762 0.13928333337310614 0.09166684800636439 0.23043977987812383 0.09447043480958503 0.16714000004772736
0.09770679608446518 0.06994981614908677 0.21115123542848388 0.13989963229817354 0.09446385345069205 0.10494134777934597 0.15597764974139647 0.1259096690683562
0.11775874422446363 0.07540965435505183 0.1848379379824533 0.0904915852260622 0.15137663765204876 0.12337352216057705 0.1436374368667654 0.11311448153257772
0.06686056063432876 0.0972180404045717 0.07136745041250075 0.08475418907065226 0.1490848215029379 0.2653974765364451 0.09580908329725908 0.1695083781413045
0.09606989574515865 0.06903123767363285 0.20346457076731742 0.1380624753472657 0.10406574356818095 0.11112049224350619 0.15392935684239922 0.12425622781253914
0.11261237655191036 0.07739571706626325 0.18739080081958343 0.09674464633282905 0.14288849728139905 0.12305697180011589 0.14381741454850408 0.11609357559939487
0.09924613998592872 0.06628931329431004 0.2511408497873895 0.13257862658862007 0.10206138528459356 0.08154764641044589 0.147815274718954 0.11932076392975806
0.09574265322526772 0.06535824310248765 0.27922051675378606 0.1307164862049753 0.09255630963647021 0.07302182633564493 0.14573912715689039 0.11764483758447779
0.1264430681022635 0.08673072709938796 0.24446711444213912 0.10841340887423494 0.12049525215883113 0.09500550099446103 0.1208728603418709 0.09757206798681145
0.10376959496632412 0.06419149647616226 0.27558483471847944 0.12838299295232453 0.09496463635924843 0.07442429454889703 0.14313745632147226 0.11554469365709205
0.13280860243903475 0.0859338242805291 0.24256044495887663 0.10741728035066138 0.12022730494190938 0.09461473933735762 0.1197622513760359 0.09667555231559524
0.1249767970043291 0.07403303928667054 0.1991293997394542 0.09254129910833815 0.14619071049003154 0.1145103388562381 0.13756885658493254 0.11104955893000579
0.10741688315577284 0.06464169235397303 0.2570798247462019 0.12928338470794606 0.10255374267339037 0.07852810018998856 0.14414132593557566 0.11635504623715144
0.1025620710895641 0.06419835121761631 0.2821367347550632 0.12839670243523263 0.0925378053007714 0.07145856163822396 0.14315274137181905 0.11555703219170936
0.11808067856995169 0.0746419897160799 0.21407668568091004 0.09330248714509987 0.14033276506604858 0.10890199552164177 0.13870041372614844 0.11196298457411984
0.08238333788422024 0.11018185644981476 0.12880120138680834 0.13772732056226847 0.10597396312731056 0.17624448370740375 0.09341505220745167 0.16527278467472215
0.13422777026396115 0.08893644001046946 0.19028479512234908 0.11117055001308683 0.12949670968553134 0.12188337293793458 0.12394686695488935 0.10005349501177815
0.11135018745714376 0.06472350277268356 0.2536699624045759 0.12944700554536712 0.10000280190943756 0.07998048396117169 0.14432375095878988 0.11650230499083039
0.12198351829039093 0.07465447012766893 0.2043779161289512 0.09331808765958617 0.14368465302182307 0.11127604464134819 0.1387236049387281 0.1119817051915034
0.10791355225288009 0.06431909803877553 0.2593368674216153 0.12863819607755106 0.10293511338768704 0.0776608075906044 0.14342198876109052 0.11577437646979596
0.1208543016527771 0.07448980884867203 0.20609748601549654 0.09311226106084003 0.14485529555348095 0.11043850372020782 0.13841762987551742 0.11173471327300805
0.08452544509980801 0.10981835359272574 0.12677951275428384 0.13727294199090717 0.10723640431940297 0.17653294685125537 0.09310686500252835 0.16472753038908858
0.10403265329106393 0.06745557516992004 0.23022965967443942 0.13491115033984008 0.0989080768199529 0.09262698476629998 0.15041586463262765 0.12142003530585606
0.10472291647207939 0.06478230331676833 0.27183549499939386 0.12956460663353667 0.0934605922321629 0.07457107297997756 0.1444548673958983 0.116608145970183
0.10327401808284313 0.06368001955192969 0.2879255101358785 0.12736003910385937 0.0908620222575144 0.07027741655422856 0.14199693912027303 0.11462403519347343
0.08217381695788777 0.11134020356443104 0.14760546278404005 0.13917525445553883 0.09611944913163763 0.16217837865084397 0.09439712910897416 0.16701030534664657
0.0780451432818007 0.11157171053165094 0.11341337854538654 0.13946463816456367 0.0971497987562372 0.1984043581677892 0.09459340675509537 0.1673575657974764
0.10334386674949374 0.06788709383894748 0.2249017776784128 0.13577418767789495 0.09739920780665359 0.09711901047970445 0.15137808685878737 0.12219676891010546
0.10508659375646116 0.06490058155449258 0.269734660337624 0.12980116310898515 0.09344540367693963 0.07549194055485585 0.14471861021255508 0.11682104679808664
0.10373388022021651 0.06369151230571807 0.2870449191168305 0.12738302461143614 0.0910228474833552 0.0704565278662663 0.1420225662458848 0.11464472215029255
0.10275301665761159 0.06323554851668867 0.29366954918453697 0.12647109703337733 0.08991905899431624 0.06912190723278333 0.14100583505064607 0.11382398733003961
0.12004187488520789 0.07402021116813587 0.21728591850867 0.09252526396016984 0.1400087332753993 0.10754266219002043 0.13754501926019277 0.1110303167522038
0.08478688274948776 0.10967087149956839 0.12942285823572575 0.1370885893744605 0.10629491513090747 0.17524774992390685 0.0929818258365906 0.16450630724935256
0.10443949203083212 0.06733317004924261 0.2312354759984575 0.13466634009848522 0.09871468578907755 0.09226821046233032 0.15014291948293798 0.1211997060886367
0.08296193222766485 0.11169251180402374 0.1339840778793557 0.1396156397550297 0.09817272179758792 0.17133852360515195 0.09469582522515056 0.1675387677060356
0.11833933031325233 0.076652038627483 0.16597883167192062 0.09581504828435375 0.14698145544900992 0.13881973309900011 0.14243550461375573 0.1149780579412245
0.1250389933954483 0.07407892888069668 0.17313828013949245 0.09259866110087085 0.1596251726111798 0.1267474415117634 0.13765412903950355 0.11111839332104503
0.1457662300519753 0.08492568942277039 0.20176914487816291 0.10615711177846299 0.14116795685201497 0.10631520895553136 0.11835725746046544 0.09554140060061668
0.08980269762721682 0.10946302472830315 0.12568768758029175 0.13682878091037892 0.10660957738029246 0.17460808675924006 0.09280560792182223 0.16419453709245468
0.07959176558876947 0.11105358842861524 0.10789843617691844 0.13881698553576904 0.09921207886742119 0.20269263343967076 0.09415412931991292 0.16658038264292285
0.07740036689003661 0.11071161989490602 0.10334585131878196 0.13838952486863254 0.09723298397336344 0.21298802373580436 0.09386419947611599 0.16606742984235903
0.10368166273707836 0.06801494251252893 0.22039106527567345 0.13602988502505786 0.09775832731800169 0.10003405029012528 0.1516631703189824 0.12242689652255209
0.10562238567308321 0.06496536673376711 0.26785988347805156 0.12993073346753423 0.09373372873150378 0.07608717030237173 0.14486307149290756 0.11693766012078081
0.10422310134077338 0.06369504885968114 0.28623471723229665 0.12739009771936227 0.09120420376738769 0.07057129089969438 0.14203045223337854 0.11465108794742604
0.10318543030845592 0.06321271361190706 0.2932739477075885 0.1264254272238141 0.09003924341887709 0.06912543660674685 0.14095491662117782 0.11378288450143272
0.08260310743905112 0.11114230890827868 0.14881767924384276 0.13892788613534834 0.09606647018695853 0.16149973586708366 0.09422934885701888 0.166713463362418
0.1034854087989873 0.06705087387454506 0.23971567023467127 0.13410174774909012 0.09609781647280521 0.08934346874859996 0.14951344114711987 0.12069157297418111
0.12184632396303066 0.07493144922539172 0.20006660723026173 0.09366431153173964 0.1436768568153431 0.11417898741761925 0.1392382899785264 0.11239717383808757
0.1254557992284895 0.07363276937932511 0.18429839686001628 0.09204096172415639 0.15787032931738312 0.1194275179630452 0.13682507145859665 0.11044915406898766
0.11070230788548853 0.06440168805525513 0.250415106065065 0.12880337611051026 0.1068096450237244 0.07933868618952557 0.14360615217097186 0.11592303849945923
0.10584829665491181 0.06391546086962104 0.2790195024745858 0.12783092173924207 0.09441104363765766 0.07140500694043402 0.14252193811822955 0.11504782956531787
0.12147779789787921 0.07414905063202433 0.212429370326925 0.09268631329003041 0.14192099561756077 0.10832846638176724 0.13778442990577652 0.11122357594803649
0.10890972091411094 0.06394395267422287 0.26228876122014494 0.12788790534844574 0.10250426086790923 0.07678081357158173 0.1425854705899835 0.11509911481360115
0.10501450416229291 0.06365190766777479 0.2837211757678025 0.12730381533554957 0.09311959592658156 0.0706813135235929 0.14193425381441122 0.11457343380199461
0.13839306513497002 0.08462152700841302 0.24438915080637336 0.10577690876051629 0.1211218114035573 0.09256495953289087 0.1179333594688144 0.09519921788446466
0.11171755519259582 0.06310301879333931 0.2748229713550339 0.12620603758667862 0.09676777564317214 0.07308689405303667 0.14071031354813274 0.11358543382801077
0.10519760543731574 0.06331966207341923 0.2885274061936414 0.12663932414683846 0.09144725090965225 0.06969996377908533 0.14119339572789302 0.11397539173215461
0.13828233923779995 0.08449979301965856 0.24605760007412456 0.10562474127457319 0.12049080730819878 0.09221874786075848 0.11776370407777041 0.09506226714711587
0.11162860823840681 0.0630634140770513 0.27548576128584734 0.1261268281541026 0.09657545931270971 0.07298378265122761 0.14062200094196214 0.11351414533869232
0.14047204125801638 0.08456631138029672 0.24111527119043513 0.1057078892253709 0.12207962267853564 0.09306535612667262 0.1178564078378389 0.0951371003028338
0.11231162214933395 0.06315137298383665 0.27345722154181473 0.1263027459676733 0.09705369292286538 0.07323273688767155 0.14081813617589842 0.11367247137090597
0.0843305840608292 0.11110428885746636 0.14403240102817133 0.13888036107183294 0.09767727392115894 0.16312154330822903 0.09419711446611279 0.16665643328619953
0.10404494307888036 0.06713413514024176 0.2376525770609773 0.13426827028048352 0.0966100752414166 0.08974945460299644 0.14969910134256892 0.12084144325243515
0.08294765693025431 0.11165991454719512 0.13552426907829015 0.1395748931839939 0.09783188719229488 0.17030331882673114 0.09466818842044805 0.16748987182079267
0.11832874853897328 0.07661709427357824 0.16646334160412826 0.0957713678419728 0.14703326845177464 0.1384899671768101 0.1423705707023954 0.11492564141036737
0.08439262234035827 0.10952645792703172 0.11692497277470926 0.13690807240878966 0.10781542172454144 0.18728337769153874 0.09285938824248342 0.16428968689054757
0.09133985462139722 0.12908333614879527 0.12303146382085164 0.16135417018599407 0.08679655457655773 0.18109570264526464 0.08208016483374482 0.14521875316739466
0.10731591121148953 0.06813070780376103 0.23408255249354823 0.13626141560752206 0.0936745644196119 0.09089585673278026 0.15084698838113958 0.11879200335014743
0.07344466048836037 0.09814851362113645 0.08253389002325245 0.08556537084919588 0.1423204007737759 0.25013035115114385 0.09672607139474318 0.17113074169839176
0.10221798410035063 0.06743622146037774 0.20905916247917322 0.13487244292075548 0.1077596763232621 0.10689660533843914 0.1503727087489617 0.12138519862867993
0.08240017807965674 0.11141139685934143 0.12838458956321772 0.13926424607417678 0.10014371557051364 0.1768212899224661 0.09445748864161556 0.16711709528901214
0.10336865782333801 0.07475036281410191 0.22972470167457076 0.1336339833679328 0.0970227548744744 0.09223703564452342 0.1489919187699191 0.12027058503113953
0.08222426543319057 0.11953835889753389 0.13285504120029615 0.13831360723466418 0.09721870762551603 0.17006098341151682 0.09381270751568527 0.16597632868159698
0.11722792661432117 0.08547217591278405 0.1644684759188532 0.09477761093214966 0.14577137267498375 0.13765602051725231 0.14089328431107623 0.11373313311857959
0.14323139798327075 0.0927359073847815 0.19826780950130726 0.10600843117759992 0.13727285929257035 0.1088845169145601 0.11819148968607038 0.09540758805983993
0.1304997034019117 0.08018678228033191 0.18252645934688683 0.09091976586798986 0.15458262097691938 0.11702261057016666 0.13515833851420583 0.10910371904158785
0.12713581126707996 0.07936811552767221 0.17725539886706965 0.09115906069864668 0.16071065753268796 0.11946601691644955 0.13551406635201807 0.10939087283837602
0.14538999892418994 0.09137275843731539 0.20208689478012717 0.10503530106921509 0.1406657228810363 0.10381103070895155 0.11710652223687114 0.09453177096229357
0.11427713711189169 0.06977406981102256 0.25645689871633 0.12673704889277052 0.1018029979521848 0.07558615198559128 0.1413023515267158 0.11406334400349347
0.10605739133778168 0.06815799134307823 0.28069867204231586 0.12672722661999458 0.09274378240384877 0.07026903186940969 0.14129140042557606 0.11405450395799513
0.1033841116039881 0.06759034632249314 0.29047767016738163 0.12587329504171504 0.09017390676137704 0.0688753741234701 0.14033933044203153 0.11328596553754354
0.13695933967287932 0.09003020065741306 0.24597767027632733 0.10484137107231264 0.11946171349749021 0.09148216609578333 0.11689030476271275 0.09435723396508137
0.08750652816826343 0.11909157435736213 0.13554545388023606 0.13537371477548446 0.10097654132775877 0.1672390362604202 0.09181869349989381 0.16244845773058136
0.11839767407252945 0.08517355471575706 0.16501008610444143 0.094451150591122 0.14665658904549808 0.13656158567360782 0.14040797908769778 0.11334138070934639
0.1095136448923892 0.07068891204575443 0.24218515679939634 0.12932231044293488 0.10487986445620526 0.08283530673949584 0.14418472522518264 0.11639007939864139
0.10552307037072 0.0686603197248887 0.27526358365823866 0.1275727492363889 0.09396131575884642 0.07196939189401443 0.14223409504415296 0.11481547431275001
0.10347185079886109 0.06777910012027948 0.28840617511178057 0.1261704417409578 0.09062759962095177 0.0693208082037469 0.1406706268365604 0.113553397566862
0.10251884947981711 0.06739437413325858 0.29351857582232427 0.1255500305314607 0.08950147492970126 0.06854275298780847 0.13997891463731513 0.11299502747831462
0.13659631419687177 0.08994892551949452 0.2470614537322769 0.10476447029228506 0.11919163424307043 0.09134461262109864 0.11680456613184617 0.09428802326305655
0.11069439059366068 0.06878262760290697 0.27509029312298977 0.12510745809987617 0.09581729137996438 0.07242574750682156 0.13948547940389178 0.11259671228988856
0.10455761742966106 0.06765173802037543 0.2880620942182249 0.12589310726693548 0.09088677475489236 0.06928345217504109 0.14036141959462803 0.11330379654024192
0.10276624976213489 0.06737343899108937 0.2933421980153437 0.12552416288116908 0.08954573567400052 0.06852639394554849 0.13995007413766164 0.11297174659305219
0.10217020930714152 0.06723851029548623 0.29541912050243446 0.12530380772497623 0.08910985514017992 0.06828067549438177 0.13970439458292125 0.11277342695247862
0.11962644548142108 0.07882173465172349 0.21722705368973708 0.09181697245255867 0.1391595803313707 0.10667575008780741 0.1364920963623111 0.1101803669430704
0.12393567103668181 0.07918684230451015 0.1892556208522041 0.09108354406397885 0.15531957435459237 0.11651668870868674 0.13540180580257155 0.10930025287677463
0.10971348960032565 0.06943287144817464 0.2516821249481608 0.12772561440168823 0.10571588508794798 0.07837243325656963 0.14240452829561356 0.11495305296151939
0.10516955463040298 0.06828588764452588 0.2789056568948104 0.12701813212917015 0.09378370388067835 0.07090500754521865 0.14161573835894045 0.11431631891625314
0.08248410017866596 0.11845892432167363 0.14470458868128835 0.13786425109218534 0.09636366941047375 0.1611794381773475 0.09350792682774312 0.1654371013106224
0.1028752710615538 0.07487902528719378 0.23669423702282424 0.13297424074193948 0.09569389569630098 0.08895015854598158 0.14825635497646086 0.11967681666774553
0.13876735775411156 0.09215235829593534 0.22730408053735562 0.10660681829303252 0.12281008390436837 0.0975545180874444 0.11885864666402282 0.09594613646372925
0.10118492233578656 0.13753191875198653 0.15090769307844382 0.15603978797855556 0.08789660869605422 0.14662649826764296 0.07937676171083044 0.1404358091807
0.10833992781661064 0.06734830535417524 0.24624323648832563 0.13469661070835048 0.09285968566967802 0.08396973446591266 0.14911468503325734 0.11742781446369017
0.07336313708939816 0.10461916735613487 0.08418737394981252 0.08503745511662897 0.1415165634577042 0.24507209570870012 0.09612929708836318 0.17007491023325794
0.1015050417552059 0.0744315844473825 0.2085343357152753 0.13365168858004414 0.10700672477472357 0.10557244624519 0.14901165876013878 0.12028651972203976
0.1210365830206732 0.08060681140296838 0.18895925026548083 0.09329644038196055 0.14710244071624662 0.11835132094770191 0.13869142480661598 0.11195572845835267
0.12474676497780514 0.07963359961935498 0.17986367119601918 0.09145127103472656 0.15851211379613062 0.12010259749162355 0.13594845664266814 0.10974152524167186
0.08500247449706068 0.11775629627835602 0.11940226792804548 0.13533271796222757 0.10973608662504962 0.1785800081889028 0.09179088696568478 0.16239926155467307
0.0776819988882141 0.12305939095311853 0.10514629599932458 0.13663086048323714 0.09877056674369296 0.20208248811172372 0.09267136624080433 0.16395703257988456
0.07609320381834339 0.12334805717631489 0.10150605597705151 0.1363083275851869 0.09602182845649905 0.21069992908747065 0.09245260479690938 0.16356999310222428
0.11570057723615494 0.08592797724113682 0.15365256929017998 0.0949275444594644 0.14563633448647595 0.14912577336563887 0.14111617056959186 0.11391305335135728
0.10929575914016422 0.07104703476518168 0.23751305150830598 0.1298889972947125 0.10508238468214738 0.08545613626939597 0.1448165387748511 0.11690009756524124
0.12254221887177197 0.07981322134879427 0.19821974165684 0.09265601701108996 0.1456297213958812 0.11221246685000792 0.13773939245230685 0.11118722041330795
0.1092140204732654 0.06941091542545867 0.2556796718917647 0.1276290695527014 0.10340669023735705 0.07749658182818878 0.14229688799383272 0.11486616259743124
0.10492849918237117 0.0682045809376234 0.2805208162848104 0.12686861870399002 0.09317482877094643 0.0706718572390846 0.14144904204758288 0.114181756833591
0.12066809498453701 0.07910332467194853 0.2123858878817235 0.09206792596814424 0.14084646331856848 0.10758163639498922 0.13686515561831591 0.11048151116177307
0.0844024770395228 0.11795953619904383 0.12741851880318186 0.13564722538315901 0.1059116016256213 0.17387976544718994 0.09200420504249049 0.16277667045979083
0.10375259503091075 0.07511605053290332 0.22902447166158832 0.13342029397421984 0.0982194133665324 0.09163523981414863 0.14875367104289883 0.12007826457679785
0.1048637354728652 0.06951916499671788 0.2705226136063251 0.12865271874704892 0.09316897603414283 0.07404716381675676 0.1434381804537993 0.11578744687234402
0.12093475485437385 0.07942826827169587 0.20926914624314102 0.09233900817683888 0.14118411578092513 0.10876975933226396 0.1372681375285545 0.11080680981220666
0.10845302042783611 0.06914358165335795 0.2602592943716832 0.12718133420107328 0.10207984991660897 0.07662202215862125 0.14179769648985333 0.11446320078096595
0.09549317310401371 0.13623162345681075 0.1611168849263047 0.15841559132446414 0.08468184877991286 0.14090152367316175 0.08058532254331438 0.14257403219201772
0.10676148258988531 0.06717590991162153 0.2511656396626907 0.13435181982324307 0.09193722667852194 0.0827477064457151 0.14873298735011034 0.1171272275382119
0.09895809059926877 0.1415958741457641 0.11495837367022926 0.11510969697959623 0.11469602753610082 0.19847589752475586 0.07807440316876961 0.13813163637551548
0.07931894724220273 0.1241158319378799 0.10289134781572644 0.13446359934459498 0.09871677283669339 0.20793578379305447 0.09120139781633399 0.16135631921351395
0.11643450107733887 0.08584344407651133 0.15391539862164064 0.09474543027040695 0.14633538287779643 0.1481858811558094 0.14084544559600795 0.11369451632448835
0.08323212125623247 0.1183685394345767 0.11292118002816456 0.13525984133043786 0.10668009888958992 0.18948495186643713 0.09174145759803613 0.16231180959652544
0.11733223548268579 0.08521855838097567 0.1571953757059739 0.09456252533742614 0.14878251755332708 0.142860212006228 0.14057354512847228 0.11347503040491136
0.10952410856202723 0.07087218050315054 0.23890047212100524 0.1296535192027193 0.10561984565544603 0.08418770839793338 0.14455399827527063 0.1166881672824474
0.1056465682745961 0.06875688935661474 0.27396762550116116 0.12773249909509568 0.09423079373591456 0.07229417063605192 0.1424122042149798 0.11495924918558612
0.10354892570267418 0.0678191913684036 0.2879037140149335 0.12623455512648865 0.09072786326051319 0.06941254243630082 0.1407421084768463 0.11361109961383979
0.13710070717306613 0.09011665191144837 0.24508109349807936 0.10492113683065567 0.11970000354863758 0.09167214625992613 0.11697923763059667 0.09442902314759008
0.11088732572743436 0.06884109178406968 0.2742934400507256 0.1251951612086084 0.09599013045985887 0.07253394385643545 0.1395832618251201 0.11267564508774756
0.08349426444539661 0.11836134200739175 0.14351180488699694 0.1376545484505134 0.09676723153320525 0.16165965680422748 0.09336569373165256 0.16518545814061603
0.13552361506514293 0.09839085076772727 0.19392524514373596 0.10921174184745462 0.12587566033373981 0.11701937714956696 0.12176294202992329 0.09829056766270915
0.11253783598173318 0.07079293610959199 0.2538587077197662 0.12777088898740346 0.09914431507493913 0.0784465099579172 0.14245500607998565 0.11499380008866311
0.10580503095063105 0.06835424545529277 0.27981427419340815 0.12697477127627033 0.09231573519973679 0.07089125453217585 0.14156739424384165 0.11427729414864328
0.10336873803140115 0.06763718834805078 0.29015958880308296 0.12593842968618427 0.09012174211689505 0.06901777558699976 0.14041195070982038 0.11334458671756585
0.08209532681086838 0.11828918500185368 0.1473687230234887 0.1377435773450519 0.0954677433229199 0.16031707313467633 0.09342607854707868 0.1652922928140623
0.10269057053293854 0.07480168057811752 0.2378201160255033 0.1328554761485069 0.09541207701454399 0.08872620984892052 0.14812394131781292 0.11956992853365621
0.13867353733068472 0.09211998597764735 0.22770739069145957 0.10657628417991154 0.1226978110729826 0.09748173157883569 0.1188246034065581 0.09591865576192038
0.11193975573071502 0.06943114756479804 0.26736925142431056 0.12604284130614074 0.0972341798779118 0.07401590504643735 0.1405283618741599 0.11343855717552667
0.10514070772581986 0.06789516451542056 0.2850555767586091 0.12627428431351834 0.09144307776360437 0.06975792948534155 0.1407864035555197 0.11364685588216651
0.12063733021235831 0.07900883018365241 0.2138519979274157 0.0919818502493504 0.1401561676243168 0.1072484052225619 0.13673719828112388 0.11037822029922047
0.1427212047506802 0.091002807546773 0.21607112360335257 0.10465717107999088 0.1341283639459146 0.1005429395837549 0.11668493551754207 0.09419145397199179
0.11315556568148619 0.06945445767934236 0.2622752296094361 0.12619707743724118 0.09994409294592527 0.07469588330287397 0.14070032365017784 0.11357736969351707
0.08396544254905645 0.11851553154217515 0.14065916532653883 0.13776114912653545 0.09772195158494623 0.16262538412003782 0.09343799679886752 0.1653133789518425
0.10335464552867556 0.07496281421513144 0.23493720050162004 0.13311426152644817 0.09610140604918721 0.08931436910325852 0.1484124677018758 0.11980283537380336
0.12135005280944224 0.0805054256772219 0.19792964968495763 0.09312646612426977 0.14317301476775962 0.11372488493084808 0.13843874665637715 0.11175175934912371
0.10898437358590472 0.06951147295445771 0.25566330551252786 0.12773344475802315 0.10291976943888341 0.07781427490941024 0.14241325855857204 0.11496010028222083
0.083186022724339 0.11858858737936472 0.13906161953376442 0.13785545880860667 0.09843085737229584 0.16394894024546375 0.09350196336583756 0.16542655057032798
0.11737031393865899 0.08529525864502373 0.1664939094868881 0.09465846255948542 0.14602545632553557 0.1358502817204176 0.1407161622526082 0.1135901550713825
0.10923055334580334 0.07068352838820724 0.24285469535331564 0.12930019166973428 0.10471074909557196 0.08269004520088802 0.14416006444371865 0.11637017250276084
0.1224141057217084 0.07970158566272184 0.1999440366144508 0.09255510686782292 0.1453731419395349 0.11135651220558009 0.13758938274679347 0.1110661282413875
0.08472743841747045 0.11803825960388513 0.12442132232189915 0.1356649019095733 0.10693563487752737 0.1753983662394895 0.0920161943386671 0.16279788229148795
0.1360988046336627 0.09846498768894921 0.18639037387285634 0.10930003049443768 0.12904171209901225 0.12047268648348354 0.12186137728260439 0.0983700274449939
0.1129316546035901 0.07095825830283273 0.25070264915671103 0.1280613831516436 0.10006999363140752 0.07924193092289146 0.1427788853944444 0.11525524483647921
0.14100717026427767 0.09103598669057683 0.23157692273593622 0.10567798745820214 0.12318820865320633 0.09458046588649797 0.1178230695989209 0.09511018871238194
0.11230392848432244 0.06920903108565651 0.2688078125161603 0.12576091664107072 0.09716032169652199 0.0733591276875434 0.14021403691176093 0.11318482497696365
0.10516415138533969 0.06783371421466751 0.28559480527059544 0.12618491638691537 0.0913704189856089 0.06959880402204371 0.14068676498660565 0.11356642474822384
0.09464183505242135 0.13583294313424282 0.16791374342928178 0.1581448518351268 0.0824468765394433 0.13824178481565338 0.08044759854221667 0.1423303666516141
0.10630017389131476 0.06699678617810269 0.25422962106703023 0.13399357235620538 0.09124097297349706 0.08208757162262849 0.1483363926776063 0.11681490923361496
0.08280645751090965 0.11858013009960042 0.138816804258213 0.13824004342832005 0.09591710082898801 0.16598859969555918 0.09376281206442577 0.16588805211398405
0.10316622854740587 0.07504374544279571 0.2342352406495512 0.13325783602631128 0.09578871519666533 0.0900036391588821 0.14857254255470825 0.11993205242368014
0.08219752673036256 0.11958301027461815 0.13395638553586184 0.1383211121836496 0.09695060434319225 0.1691882284830259 0.09381779782891016 0.16598533462037948
0.13541590808391848 0.0987437621719633 0.19044858463052802 0.10948953186671743 0.12622071739508234 0.1190682600009417 0.12207265717080286 0.09854057868004568
0.14809022840938918 0.09321975307724424 0.20741848744080713 0.10512248366410969 0.1305977863302228 0.10373730145651337 0.11720372432401482 0.09461023529769871
0.10321993211969359 0.13760302315994444 0.14540614403034668 0.15593197545163348 0.08942043334498427 0.14875779603979217 0.07932191794713529 0.14033877790647012
0.10888203733794 0.06739080654100117 0.24458136293639196 0.13478161308200234 0.09324741204223669 0.0844060628082116 0.149208786155086 0.11750191909713026
0.0993993231810152 0.1415805511743527 0.11359144038231038 0.11507659746325191 0.11500745857292803 0.1992007592082077 0.07805195306203173 0.13809191695590228
0.07939214968949057 0.12409887246050194 0.10255961448005073 0.13444640756511617 0.09877517771805366 0.20820235170361215 0.09118973730503531 0.1613356890781394
0.08875802912970447 0.14339550123958125 0.11721908939022364 0.15826772274372883 0.08366012830029464 0.18574847628790997 0.08051010243920119 0.14244095046935595
0.10690618692129145 0.06825968760752901 0.2331541826128705 0.13651937521505803 0.09317041556844305 0.09184070059104225 0.1511325602706381 0.11901689121312753
0.0729055589863793 0.10444750216185833 0.08199206439516679 0.08483355915937017 0.14121015179106391 0.24904523918117674 0.09589880600624454 0.16966711831874035
0.10144839905526895 0.07446094689951843 0.2075383609475908 0.13372168963124298 0.10700464769346983 0.10638673039652395 0.1490897047082664 0.12034952066811867
0.08166842403881346 0.11922650376338657 0.12727735423434014 0.13799270781266712 0.0992687051166108 0.17538000166430273 0.09359505399467859 0.16559124937520053
0.07721829121845883 0.12352109360490197 0.10718208330541532 0.13700253433499732 0.09661076039901477 0.20113873786452108 0.09292345807069384 0.16440304120199678
0.10283253993502119 0.07617755671165923 0.22074909724011457 0.13463994053274186 0.09694233311211234 0.09736910005163228 0.15011348593725096 0.12117594647946768
0.0946293068625612 0.13797283334309646 0.15058998604628732 0.1594352249777069 0.0840045641545735 0.14877237638630925 0.08110400574952917 0.14349170247993623
0.10696274363262004 0.06744045753712387 0.24726971642285708 0.13488091507424774 0.09213829221866031 0.08440066750724932 0.14931871754251275 0.1175884900647288
0.09832939448124742 0.14776226436088974 0.11353669496692108 0.11414969633109562 0.11395022200380846 0.19786881996458852 0.07742327229413441 0.13697963559731474
0.11934001693739368 0.09479406051437778 0.154596217110714 0.09212252055222368 0.14855388841462033 0.1430999576736516 0.13694631413435043 0.11054702466266843
0.10959237165610855 0.07624542146116492 0.2368141158300282 0.128761429624852 0.10520672994008344 0.08393525985559841 0.14355938496979764 0.11588528666236678
0.1053738368420746 0.07284288239696021 0.27255661462313147 0.12714155855102915 0.09387763632663185 0.07202671895586023 0.14175334960838623 0.11442740269592624
0.13751921661806518 0.09542461780826506 0.238921040418379 0.10466177385234564 0.12044901663026555 0.09213867094034142 0.11669006726522715 0.09419559646711106
0.11078518783617564 0.07398184807284788 0.2711089344202377 0.12462575433694839 0.09595392683862633 0.07243275393564118 0.1389484156562693 0.11216317890325354
0.10437645758006463 0.07163529413496728 0.28599102496692125 0.12542776877529105 0.09072349048129806 0.06911837026049822 0.1398426019031976 0.11288499189776194
0.10245834345762043 0.07109775279771405 0.2920544495941161 0.12498921334196048 0.08926472760520779 0.06829157587256528 0.13935364532305147 0.11249029200776445
0.11932278717562923 0.08309238832714506 0.21569474137597733 0.09137377274070248 0.13874208974677435 0.10629244312143638 0.13583325022349205 0.10964852728884299
0.10744294196539797 0.07328939620019712 0.26222933649873453 0.12614377438024732 0.10099159350084931 0.07573266579288132 0.14064089471946975 0.1135293969422226
0.10392561714715798 0.0718116700570855 0.282582984690089 0.12590928316921898 0.0921314189462019 0.06994121661943244 0.14037945451851724 0.11331835485229706
0.10247828671612284 0.0712130671883997 0.29074459721837753 0.12516357115108878 0.08968194610055039 0.06852327632102823 0.13954804126845272 0.11264721403597991
0.11935499964742312 0.08312934566252235 0.21527196622621564 0.09139901424344433 0.1389143572082854 0.10638072650733336 0.13587077341264264 0.1096788170921332
0.10746569779439903 0.07330447711311971 0.2620563992259168 0.1261626487220862 0.10104350013646653 0.07575895495604702 0.14066193820208717 0.1135463838498776
0.10393724339473676 0.07181794999777423 0.28251480243225535 0.12591747468535486 0.09214815900135422 0.06995005582400342 0.1403885874477016 0.11332572721681938
0.10248349595682425 0.0712155934775988 0.29071803615209024 0.12516684371881764 0.08968769953347377 0.0685264818770105 0.1395516899372489 0.11265015934693587
0.13605231581057017 0.09475812039982305 0.24537383232367366 0.10418422165092102 0.11876117920619297 0.0909468989241275 0.11615763219886269 0.0937657994858289
0.11019912756395442 0.0737408125201376 0.2737206916809112 0.12434365265045556 0.09538396474394371 0.07206857012699308 0.13863389332819448 0.11190928738541
0.08287182231048161 0.12476994925015042 0.1427458537040805 0.13658821140710653 0.09604052282515689 0.16043534777315455 0.09264243904134183 0.16390585368852784
0.07628058964277458 0.14030704357426116 0.10936825584254209 0.13437139300408196 0.09449640147533156 0.19279178699247218 0.09113885786363819 0.16124567160489833
0.10139838448304406 0.08902154405949864 0.21955977312437536 0.13250759139122656 0.0954114009671804 0.0951083979475768 0.14773607577499434 0.11925683225210389
0.1202333176449574 0.09004402088072092 0.1920101920911929 0.09242086319869487 0.14225074372870636 0.11474600610102502 0.1373898205162688 0.11090503583843385
0.10825923913506252 0.07764005337688501 0.2520658920182692 0.1267131988869918 0.10234016231884219 0.07766381471553303 0.1412757605501237 0.11404187899829263
0.10424198386906706 0.07502024485980895 0.2781981339230617 0.1259296257753479 0.092526540774998 0.07034467259365702 0.1404021350062461 0.11333666319781312
0.13653099718745434 0.09863662801915837 0.2404060690832017 0.10402852386188562 0.11949609811629214 0.0912919714729845 0.11598404078332619 0.09362567147569704
0.08636619326218137 0.13303487852107174 0.13285996400261343 0.13309363139435543 0.09971896701028049 0.16494180597314304 0.09027220216312803 0.1597123576732265
0.1167374287553204 0.0986512624725236 0.16248018882166523 0.09296300290665387 0.14465018375617641 0.13476658219515752 0.13819574760451828 0.11155560348798464
0.08239599350720538 0.13286734864502317 0.11384628112654718 0.13322670350876345 0.10523190967573758 0.18219725955504582 0.09036245977116131 0.15987204421051615
0.10238460700542298 0.0900543900688295 0.22070380792200223 0.13159646220677002 0.0973526637870508 0.09275101829479085 0.14672023472904058 0.118436815986093
0.12019156361496067 0.09200474196546284 0.19204307601017878 0.09207714750134975 0.14252314308742958 0.11378888677221605 0.13687886404678262 0.11049257700161969
0.1080646175803784 0.07961707758240985 0.25175475256142205 0.12636013201860094 0.10224076954018042 0.07735641456012586 0.14088211734014164 0.11372411881674084
0.13804117800296611 0.10181884467100125 0.23037343268924015 0.10418538812966713 0.12254969769989671 0.09310567675491438 0.11615893273561395 0.09376684931670042
0.1275460273239936 0.09218946177674602 0.19209342130575072 0.08928188421606763 0.14779459148113128 0.11123283540538277 0.13272351743164681 0.10713826105928116
0.10964438514644115 0.07944731447984864 0.25131472657034487 0.12593198409276726 0.10320090115742817 0.07671713851550455 0.14040476435417482 0.11333878568349053
0.10441083085437278 0.0766979284212099 0.2775870262423571 0.12560592964448233 0.0925623266001277 0.07004938358065738 0.14004123797675866 0.11304533668003411
