0.125 0.125 0.125 0.125 0.125 0.125 0.125 0.125
0.07575757575757576 0.12626262626262627 0.09090909090909091 0.15151515151515152 0.0946969696969697 0.15782828282828282 0.11363636363636365 0.1893939393939394
0.06994484476470064 0.10916140319663138 0.05894715772618094 0.09824526287696825 0.13099368383595764 0.21832280639326276 0.11789431545236188 0.1964905257539365
0.08769198837691987 0.1551473640514736 0.07644942576449425 0.13525667635256675 0.10523038605230385 0.18617683686176836 0.0917393109173931 0.1623080116230801
0.14293944048847704 0.10418858492058397 0.1587635579742232 0.1250263019047008 0.11534104639152969 0.10633452381065432 0.13840925566983558 0.10899728883999554
0.08260640408129283 0.12150595381949666 0.10041666783738902 0.14580714458339597 0.09112946536462248 0.16692007514701124 0.10935535843754698 0.18225893072924496
0.07793821856680834 0.12058632875177226 0.09497120741813073 0.1447035945021267 0.09814325928580259 0.17425020247110598 0.10852769587659503 0.18087949312765836
0.09646982456268136 0.1497681566534563 0.08812275450521466 0.13479134098811066 0.1308862876938165 0.2179933252627711 0.101093505741083 0.0808748045928664
0.07220547824774111 0.12774815382292656 0.09025684780967638 0.1596851922786582 0.09687609514748445 0.1532977845875119 0.10830821737161166 0.19162223073438983
0.10082330629082481 0.07428464920823637 0.20489340908691195 0.14856929841647273 0.09578732432308326 0.08164773961753546 0.16447232059129252 0.1295219524656429
0.07717927547616057 0.11713421442401592 0.11435238834430535 0.1405610573088191 0.10246765510912625 0.1671832947199347 0.10542079298161433 0.17570132163602387
0.07392483460660339 0.11452068819161267 0.09898958645992906 0.1374248258299352 0.10132408654684072 0.19896632670520858 0.1030686193724514 0.17178103228741898
0.08995268772691639 0.1396453235472877 0.08866532218523901 0.12568079119255893 0.12979879418201332 0.2565880130560301 0.09426059339441921 0.07540847471553536
0.08578467981159295 0.15177289505127983 0.0747866439383118 0.13231483158316704 0.12469170492833799 0.18212747406153582 0.08974397272597415 0.15877779789980043
0.09872521253278466 0.0715862872174575 0.20613925846956305 0.143172574434915 0.10276821447638991 0.09429341139450766 0.1584979253003536 0.12481711617402845
0.09293797832838832 0.14082576351539808 0.11369126072212662 0.12674318716385827 0.1316854748040699 0.22301303279495016 0.09505739037289371 0.07604591229831496
0.06201254486968861 0.10971450246175678 0.05406221860434392 0.09564854060768539 0.15971167010895318 0.21942900492351355 0.10812443720868783 0.19129708121537078
0.09278359473599015 0.07489760057001615 0.1855671894719803 0.1497952011400323 0.11363822157895698 0.0814920409522126 0.1670104705247823 0.1348156810260291
0.09567443038964174 0.06890613544367075 0.2525867680414228 0.1378122708873415 0.09699272292087581 0.07531979236008592 0.15256384892697142 0.12014403102999
0.09172405196931266 0.13910800556270808 0.13000087375308314 0.12519720500643727 0.1291656453539277 0.2157879915958409 0.09389790375482795 0.07511832300386237
0.05889940661666901 0.10420664247564518 0.057745451238186994 0.09084681651722912 0.1523986353673881 0.2515130134700774 0.10269640128034598 0.18169363303445824
0.09045093673821501 0.07301461158386031 0.19117868924950945 0.14602922316772063 0.11036583615659383 0.09472271612436516 0.16281168612878702 0.13142630085094856
0.10661171005833939 0.07682979833865038 0.18126816626860578 0.09219575800638045 0.1547047675922506 0.12680262920179716 0.1463424730260007 0.11524469750797556
0.06658179730807047 0.11779856446812466 0.10986641752401606 0.14724820558515583 0.10892550833393395 0.1730089641164063 0.09987269596210571 0.176697846702187
0.09339160235983589 0.06882448464451539 0.23599810377690958 0.13764896928903078 0.09648110624228612 0.09527100080859939 0.15238306734479595 0.12000166553402683
0.0896415024366034 0.13600616309358043 0.13372562158396206 0.12240554678422239 0.12663357667540937 0.22634010126752216 0.09180416008816679 0.07344332807053343
0.05588309608233579 0.09887009306874796 0.060337185230667556 0.08619444011121617 0.15133100236794042 0.27755810974745876 0.09743719316920088 0.17238888022243234
0.06329969244785477 0.11199176356158921 0.0878490343888168 0.13998970445198652 0.10888695053451404 0.22504567060107275 0.09494953867178217 0.1679876453423838
0.09933423290662914 0.08018546511739943 0.14369657458023777 0.10023183139674928 0.15949012155198744 0.14778222741095404 0.14900134935994372 0.12027819767609914
0.12418136467100871 0.09097450799927193 0.17791638563705645 0.1137181349990899 0.1527528108671321 0.11132324023125983 0.12678723409600023 0.10234632149918091
0.0920606867459111 0.13247766630217037 0.12436947752678075 0.16559708287771294 0.10037082634186024 0.1518483695430472 0.08423851607257572 0.14903737458994165
0.09469081450263632 0.06808830738906842 0.24624745112653412 0.13617661477813683 0.09393679700254265 0.09138883040201726 0.150753110377099 0.11871807442196546
0.08023361487176703 0.11544504594846343 0.11818392741474747 0.1443063074355793 0.1015532642029543 0.16923294963879176 0.09787732156500162 0.17316756892269514
0.12620049125127142 0.09172751367814086 0.1988334971486567 0.11007301641376904 0.12699870247775677 0.12835033385183572 0.12185535394605282 0.0959610912325166
0.0992024815864839 0.13354209587616087 0.09030322532922698 0.11642131435357617 0.13038882700284266 0.2114724567180359 0.07896402190938209 0.1397055772242914
0.07866481579160457 0.11169445274043954 0.09220432931217037 0.13961806592554943 0.11124556219147558 0.20433362412642422 0.09469747080167701 0.16754167911065931
0.10590665870620423 0.06966658921936263 0.20192404614381212 0.13933317843872525 0.10833629155940148 0.09408727937685396 0.1553460959607877 0.12539986059485272
0.10797242952000079 0.06650359392727397 0.24755442800957703 0.13300718785454793 0.10309756523351069 0.07386523783771681 0.14829308854827955 0.11970646906909316
0.08368851573045978 0.11190540117681023 0.13763673986915395 0.1398817514710128 0.1046811554403518 0.15947201615796142 0.09487631838903476 0.16785810176521535
0.1392784860016227 0.08839773749510071 0.19221622004804045 0.11049717186887588 0.13579478273748566 0.11117204659069183 0.12319610057619444 0.09944745468198829
0.11887831811807467 0.06375225304001203 0.2513549198508365 0.12750450608002406 0.10757158911212028 0.07402634930933166 0.14215800901757908 0.11475405547202168
0.14703049799288695 0.08296936087073725 0.2381788596443413 0.10371170108842155 0.13006234691559165 0.08907589547403762 0.11563080703440433 0.0933405309795794
0.11928141231761553 0.06135125519306556 0.2782033831877597 0.12270251038613111 0.1028580822969884 0.0683669550941456 0.13680414217677606 0.11043225934751802
0.10966181217851981 0.06070353952177375 0.30463613642625664 0.1214070790435475 0.09442521442798213 0.06454001435895135 0.1353598329037761 0.10926637113919274
0.10522285510015135 0.05961530260074527 0.32199870310555495 0.11923060520149054 0.09077769595384744 0.06291406636356539 0.13293322699330362 0.10730754468134147
0.13840537423916496 0.07918278910958737 0.28106110344483537 0.09897848638698421 0.11958399552453097 0.0833539876793318 0.1103536258672794 0.08908063774828578
0.11379990047433658 0.05866463820227192 0.312377296208867 0.11732927640454384 0.09653086197729506 0.06488829069367938 0.1308133872749168 0.10559634876408945
0.10578125975081122 0.05848591432812558 0.33118719542238195 0.11697182865625116 0.08997048238353202 0.06191381395749656 0.13041485971077554 0.10527464579062604
0.10251098753275549 0.057904936310815634 0.34202879281298565 0.11580987262163127 0.08748921165955156 0.060907948257480846 0.1291193654453113 0.10422888535946814
0.10092344451402994 0.05747680284275707 0.3483735611974003 0.11495360568551415 0.08630052503040975 0.060349123900867746 0.1281646917120583 0.10345824511696274
0.11980811642317443 0.06848941896674772 0.263563641720048 0.08561177370843466 0.13673075114133204 0.09579451792805073 0.12726765166209092 0.10273412845012157
0.10916097952475155 0.058768190912161955 0.30965567058116655 0.11753638182432391 0.1012218066086443 0.06682993254471709 0.13104429436234322 0.10578274364189152
0.10456121956306087 0.058152771104424864 0.33396905424127543 0.11630554220884973 0.09078081150746835 0.06188361334216391 0.12967200004479215 0.10467498798796475
0.1021190439835202 0.05747668895234283 0.34615046329527005 0.11495337790468566 0.08717583181797305 0.06050211617855792 0.12816443775343309 0.1034580401142171
0.08502232517554431 0.10552630507341262 0.18566277713799592 0.1319078813417658 0.09642547355530025 0.14769782580449062 0.08946795430137157 0.15828945761011892
0.10493918166047751 0.0633043339954758 0.27509478028360324 0.1266086679909516 0.09614722902524048 0.07879878945054292 0.141159216401852 0.11394780119185643
0.10576563346297475 0.05963826248856258 0.31863939026496546 0.11927652497712515 0.09132878098541249 0.0650181112252596 0.13298442411628728 0.10734887247941263
0.12330886074114855 0.06901540771881697 0.25252865866614443 0.08626925964852121 0.13960730900887974 0.09750234396673083 0.12824504867153302 0.10352311157822545
0.11098338413186667 0.058932392012515315 0.3052042510120423 0.11786478402503063 0.1022598057019728 0.06726663918554046 0.13141043830850432 0.10607830562252757
0.1418863543498867 0.07818399732846072 0.27954008332095837 0.09772999666057593 0.12244412338130688 0.08329679497108375 0.10896165299320927 0.08795699699451831
0.11530003139423681 0.057794393150420814 0.3180929169557021 0.11558878630084163 0.09624650090304923 0.0640745929283819 0.12887287069660996 0.10402990767075745
0.10634215987793899 0.05762654671332037 0.33869914934458806 0.11525309342664074 0.088858593557399 0.06099407480255332 0.12849859819358303 0.10372778408397666
0.10284374329018144 0.05716184467968337 0.34893044482685515 0.11432368935936674 0.08630551644150322 0.06008105896189516 0.12746238201708499 0.10289132042343006
0.10134534381561532 0.05687573072364925 0.35388316030720673 0.1137514614472985 0.08527407269900525 0.05966952510595191 0.12682439059870446 0.10237631530256863
0.10067023988401473 0.056727617789522296 0.3562583169876304 0.11345523557904459 0.08481814082490288 0.059466616051735366 0.12649412086200942 0.10210971202114014
0.10035776282582796 0.05665463579602446 0.357394195686557 0.11330927159204893 0.0846075186437779 0.05936688911357571 0.1263313819093441 0.10197834443284404
0.08488781495631889 0.10511918505992728 0.18950368003167883 0.1313989813249091 0.09544819660499644 0.146840577098862 0.08912278733341661 0.1576787775898909
0.10497388417635506 0.06310503040327214 0.27730160940142506 0.1262100608065443 0.09563731672338778 0.07846824462508316 0.14071479913804266 0.11358905472588987
0.10600272871819515 0.05949240317723811 0.3199220789509976 0.11898480635447622 0.0910198807351873 0.06483259672279694 0.13265917962208018 0.1070863257190286
0.10394224015104803 0.05786990777844223 0.34018098934271424 0.11573981555688446 0.08775438396956045 0.0613055721538967 0.12904125704625774 0.104165834001196
0.08613758886635657 0.1055209240759528 0.18412689348430347 0.131901155094941 0.09659257031854725 0.14797608989461844 0.08946339215135128 0.15828138611392917
0.1057188509447644 0.06327366090245702 0.274483678198223 0.12654732180491404 0.09616998156416291 0.07882309697856218 0.14109081998249373 0.11389258962442264
0.12556687253290016 0.07025469887793433 0.23476734142833622 0.0878183735974179 0.1435103580188308 0.1021523966261444 0.13054791060153467 0.10538204831690148
0.09147629320786135 0.10523999724403851 0.14967066487440733 0.13154999655504812 0.1132560668592262 0.16172177033863244 0.0892252150547283 0.15785999586605776
0.10877121513380295 0.06407571844752172 0.2556446267148869 0.12815143689504344 0.10326403841314631 0.08187738259215296 0.14287928859790663 0.1153362932055391
0.14456050004709473 0.08021005565556405 0.2579567446562658 0.10026256956945506 0.12695007720211166 0.08803845746836783 0.11178528278863124 0.09023631261250956
0.11761318230773309 0.058338403900337274 0.30715687783994117 0.11667680780067455 0.09978114994903235 0.06533851770838518 0.1300859334732894 0.10500912702060711
0.08986918800284803 0.10561763021859771 0.17360165073607686 0.13202203777324714 0.1014112254517246 0.14950644034775457 0.08954538214185458 0.15842644532789654
0.12356399558153074 0.0730242030335954 0.1932695496380008 0.09128025379199424 0.1519334950808286 0.12169797029854329 0.13569422802511383 0.1095363045503931
0.11492571591722914 0.06078062131821439 0.2748387456278964 0.12156124263642878 0.11016268006884031 0.07279416225351218 0.135531713805093 0.10940511837278591
0.12800001104757064 0.06934886783847467 0.23348661839032 0.08668608479809334 0.14989557635873885 0.09969485255699953 0.128864687252091 0.10402330175771199
0.13176695936713892 0.06843701400545539 0.2133491123785767 0.08554626750681923 0.16633342530383977 0.10474142813626776 0.12717027229371936 0.10265552100818308
0.0930052261192291 0.1046830128577891 0.1425453758425137 0.1308537660722364 0.12110995047894801 0.16202516018056146 0.0887529891620386 0.15702451928668365
0.08394714576164304 0.1073844707136852 0.1204816856358704 0.1342305883921065 0.10835434512830723 0.19348170269277876 0.09104335560508094 0.16107670607052782
0.0816205959855589 0.10757269825748425 0.11340688252963216 0.1344658728218553 0.1047377604866192 0.2056342027056265 0.09120293982699752 0.16135904738622633
0.10679923708860715 0.07216934857187352 0.2346870653711056 0.1289413202854056 0.10253075359751385 0.09506513719699043 0.14375994963163874 0.11604718825686502
0.1082764139340649 0.06508830375409858 0.2976678171220569 0.12027568411595684 0.09580799650773125 0.07053725686976069 0.13409841199196978 0.10824811570436116
0.08690842523089852 0.11259815857270725 0.169445899416405 0.13083644812242912 0.10002598272063126 0.15444010511567074 0.08874124307434321 0.15700373774691492
0.10561362673033504 0.07045101950820909 0.2647554884298603 0.12510428099940443 0.09843361119155301 0.08356618306721142 0.13948193717396284 0.112593852899464
0.12476113587653083 0.07496135213112942 0.2292676712452133 0.08667737362643486 0.14588816225737308 0.10557971900125473 0.12885173751034198 0.10401284835172182
0.11250966628910858 0.06383370723309167 0.2919512881768902 0.11728261224338091 0.10692252783206141 0.07118448698880411 0.13076136021762022 0.10555435101904283
0.10657635074613296 0.0620398612810564 0.3251805266403395 0.11545451798811292 0.09405728066740365 0.06405922493971211 0.12872317154794083 0.10390906618930164
0.10330518451237014 0.061004974022260995 0.34165589512217953 0.11371393123047548 0.08924339351581541 0.061951536281761393 0.1267825472077092 0.10234253810742792
0.10155477874650155 0.06044056371072112 0.3496426663447129 0.11276245472512202 0.08727271701104442 0.06111888829933869 0.12572172190994946 0.10148620925260982
0.1006546112561521 0.06015785232665893 0.35348024456497046 0.1122903216277536 0.08641650931616811 0.06074384270312153 0.1251953287401969 0.10106128946497824
0.10020449905083394 0.06002076290998655 0.35531738377202216 0.11206227990128745 0.08603031708711249 0.060567626134372235 0.12494107923322642 0.10085605191115869
0.09998340148539007 0.05995501568058854 0.3561955044957326 0.11195305750864526 0.08585209586386719 0.06048386879164017 0.12481930441635523 0.10075775175778073
0.09987598392496382 0.059923595129942074 0.3566149628845896 0.11190088107380407 0.08576871079777557 0.060443941637230186 0.12476113158527109 0.10071079296642364
0.09982414619714888 0.05990859449211315 0.35681527860882106 0.11187597371295871 0.08572937525196483 0.060424893658643786 0.12473336173668681 0.10068837634166285
0.09979923278346622 0.059901434332835714 0.35691093286153813 0.11186408492339178 0.08571072820836294 0.06041580383580993 0.12472010662354277 0.10067767643105259
0.08413737084115654 0.11069141161155387 0.18810881869205565 0.12919631994800862 0.09634800123030147 0.14885368542675118 0.08762880831256237 0.15503558393761033
0.08080408753757437 0.11883733841621517 0.13360746926025063 0.13208065226358673 0.1003424435254682 0.18624608822355945 0.08958513805704142 0.15849678271630405
0.1382876731574903 0.0946816195367469 0.2012469153536992 0.1045304742812851 0.1317528464942394 0.11887936628141237 0.1165436780419701 0.09407742685315658
0.135920373792414 0.07598297083577864 0.19908127639759854 0.08548447634186908 0.15980169538522318 0.11406942006000563 0.12707841557686808 0.10258137161024289
0.15375178060915495 0.08459708570898403 0.22569183914961352 0.09702657849832003 0.1472133546119795 0.09621804653727313 0.10817739423618666 0.08732392064848801
0.1396780005747742 0.07366625649155584 0.20785470149597196 0.08361881071480275 0.16441511424054775 0.10611956530825066 0.12430497831633362 0.10034257285776328
0.11780444485642347 0.06387370371469658 0.27963148905363155 0.11745241897164026 0.11306262290675347 0.07151746137489313 0.13095068204748547 0.10570717707447623
0.10868875281549499 0.06229067297693013 0.3187834272045263 0.11591518544669811 0.0963882712985674 0.0643732419696599 0.12923678138609476 0.10432366690202831
0.12365446326619448 0.07257672357051193 0.2509713414160522 0.08453191114923297 0.14284269400940705 0.09832220976976667 0.1256623634397553 0.10143829337907957
0.11097578413189027 0.06286013070374184 0.30289727549108303 0.11572929505446959 0.10523966760492343 0.06911195399369192 0.1290295274711773 0.10415636554902263
0.099802080024513 0.12761426768673997 0.19531808134858997 0.1485487836519737 0.08821787526380497 0.13123888635811976 0.07556612037948227 0.1336939052867763
0.1250606684228842 0.08132551290141349 0.2006253392882723 0.08884191817169698 0.14479601980999895 0.12067076124296613 0.13206947835673163 0.10661030180603637
0.13097400707040627 0.07490275047900635 0.19867237026094822 0.0854840776127921 0.1657989459323322 0.11450913266984947 0.12707782283931482 0.10258089313535051
0.0916255308471218 0.11185782034473649 0.13622187360264812 0.12843597592333814 0.12059001939914482 0.17003251206178432 0.08711309671322064 0.15412317110800575
0.08253335361936756 0.11877854798715287 0.11710410434793983 0.1318848524446253 0.10767748297161409 0.19430750099417807 0.08945233470157195 0.15826182293355034
0.1068444825706257 0.07275242090012495 0.23651583045544822 0.12852548475035647 0.10360004434102657 0.09279247666453569 0.14329632404256157 0.11567293627532081
0.10817613353927745 0.06500677914839745 0.2984769609056662 0.12003617573544069 0.09640858643459153 0.07003142805327599 0.133831378021454 0.10803255816189661
0.1410606328642039 0.08333807864091393 0.2755023175456252 0.09683622175099749 0.12250870343800299 0.08563628551570933 0.10796516066864945 0.08715259957589773
0.1527101322735417 0.08315081208328665 0.26126806923024976 0.09449121283396511 0.1304058602673115 0.08758117103425295 0.10535065072682377 0.08504209155056858
0.11908003207516488 0.06274493571017944 0.307025119089184 0.11406803541588104 0.10077256654603095 0.06647073234051573 0.12717734694875096 0.10266123187429294
0.1077236301269007 0.06131558235203125 0.3322465655767822 0.11418710620569543 0.09180665845666922 0.0626419597032812 0.12731010199351417 0.1027683955851259
0.10328078962804288 0.06066802726101934 0.34495083774483665 0.1131517458541945 0.08851533058004603 0.06144094519579702 0.1261557524672885 0.10183657126877506
0.10138067264928118 0.06027710400766289 0.35116130127595796 0.1124866443326507 0.08714081321418048 0.060901270715672 0.12541421390520904 0.10123797989938564
0.08460193221271603 0.11080086410921548 0.18628684349045652 0.12927673744801588 0.09709079719778757 0.14912738824814398 0.08768335235604555 0.15513208493761904
0.10401227568429441 0.0696864037762955 0.27357221675076643 0.12390566409124396 0.09720690579340245 0.08195586745149085 0.13814556877038692 0.11151509768211956
0.12385119443300707 0.07462738775669531 0.23283494216483108 0.08634025880105879 0.14557524202841526 0.10481207057434193 0.12835059368037996 0.10360831056127055
0.14787522031081488 0.08401652078089765 0.24231075846284653 0.09649905195261148 0.14128151210115525 0.09357854812894947 0.1075892415053743 0.08684914675735032
0.11858759057738784 0.06344793703265574 0.2974388006968357 0.11528529054793582 0.10479597938706287 0.068153144683923 0.1285344955810568 0.10375676149314222
0.10805542828755281 0.06168050031028983 0.3275675605531146 0.11479826575454224 0.09335384897796355 0.0632344576558921 0.1279914992815568 0.10331843917908802
0.1231801509855456 0.07233578020747537 0.25464171052665285 0.08429400448947458 0.14130408866634256 0.09778276052592051 0.1253086992112189 0.10115280538736948
0.1284403685219107 0.07281050827615775 0.22111000481043108 0.08379677738786877 0.16208179707931256 0.10663487333004472 0.12456953772883178 0.1005561328654425
0.11369122367406816 0.06353119669591847 0.2869292583269128 0.11693045625619701 0.11201861371905755 0.07129310812506086 0.1303687325722077 0.10523741063057732
0.08811073218593789 0.11191590537581837 0.16582815324656297 0.13020116926401276 0.10519407561066645 0.15419820291676892 0.08831035828341735 0.1562414031168153
0.10605178631284971 0.07039369887474478 0.2625416475503944 0.12505802549911685 0.1004221983969373 0.08355005467370646 0.1394303657430452 0.11255222294920518
0.124879554227446 0.07489065392116719 0.22814870496244885 0.08659455826946393 0.14734803018510503 0.10549640159103298 0.12872862691997922 0.1039134699233567
0.09018492554521851 0.11202582645445461 0.1458284717418413 0.12863985265618602 0.1151216627970042 0.16658005929454592 0.08725137832332618 0.1543678231874232
0.08220225824724423 0.11883319784048142 0.12014601917496709 0.13192092527355717 0.10611890192926446 0.19299678571632597 0.08947680148989097 0.1583051103282686
0.10660833085822999 0.07266606859720293 0.23823528276925568 0.12836386726673446 0.1030375152754329 0.09244532208375367 0.14311613260932932 0.11552748054006103
0.1436153797799721 0.08634394978720915 0.24874679026821986 0.09965337058651862 0.1278941884623037 0.092952216202642 0.11110607138526779 0.08968803352786675
0.11725700862835761 0.0637388939249044 0.3013684776817609 0.11558698885023301 0.10102561209661651 0.06812386217959851 0.12887086667331948 0.10402828996520969
0.10752787123749587 0.061644416002542425 0.32962564003379863 0.11469910261617584 0.09222448391853162 0.06316835405438485 0.12788093978251247 0.10322919235455826
0.1033659980149015 0.060789480741740676 0.343716926242066 0.11334500693263694 0.08877710080634019 0.06162375687565821 0.12637122414728327 0.10201050623937326
0.10146899056995125 0.06032583635666006 0.3505739709960325 0.11256515958055875 0.08728487932536068 0.06097076700165429 0.12550175254727966 0.10130864362250287
0.10058087134136932 0.06008949303088673 0.35387736259035796 0.11216975260885147 0.08660516977326045 0.06066367002549892 0.125060903281809 0.10095277734796632
0.1001603121342263 0.05997347091569017 0.35546168177331655 0.11197649401769247 0.08628778069160564 0.0605159814765959 0.12484543437494965 0.10077884461592321
0.13509544457917322 0.08097793561732329 0.30089292837350956 0.0945058994000409 0.11641461678310325 0.08169084063482726 0.1053670251519859 0.0850553094600368
0.11190312619671693 0.061684809251273225 0.32760502409049214 0.11239051824898864 0.09544357613681331 0.06451443915611192 0.1253070404955142 0.10115146642408977
0.1406529750953782 0.08157803517165711 0.28777437847285914 0.0950388145937697 0.1204296549907687 0.08303002271797146 0.10596118582320292 0.08553493313439271
0.1142058260049065 0.06205595171472281 0.32089842870000085 0.11300575590560667 0.09705755809411543 0.06507831469621632 0.12599298456938535 0.10170518031504601
0.1418477139839054 0.08177603616687763 0.2846828967987169 0.09523865281869884 0.12124183678447058 0.08331408537980327 0.10618399053069855 0.08571478753682894
0.10779639114258055 0.12800163765588954 0.18752768942046194 0.14565863600186385 0.09152791862488653 0.13429903991690947 0.07409591483573075 0.13109277240167747
0.11097487552119607 0.0704740162645801 0.27333737178388523 0.1230818515270392 0.0951537514113382 0.07897738787777779 0.13722707923984817 0.11077366637433526
0.10746235750863564 0.06346848110506483 0.3166347799414364 0.11737614769505646 0.09225082220994975 0.06630323334832514 0.13086564526598085 0.10563853292555082
0.09877088919176757 0.1277696776439359 0.20023491876427557 0.14865532557051545 0.08486915823613085 0.13028991978969212 0.07562031779021873 0.1337897930134639
0.14255380900356035 0.09299288565882688 0.23198591500225185 0.10157096082305836 0.1229852456465236 0.10325327772976582 0.11324404139526058 0.09141386474075251
0.1557210262002764 0.08568082870858147 0.24177904399245065 0.09648846336425382 0.132714837129645 0.09319874755741561 0.10757743601954867 0.08683961702782843
0.12110831922885919 0.06358238006110922 0.29712161761356737 0.11532638945802337 0.1023846650770971 0.06810256025040123 0.12858031779872156 0.10379375051222103
0.10884817060118573 0.06169430249411567 0.3273841121092046 0.11480760364819603 0.09270682408408529 0.06323023344371312 0.12800191033612301 0.10332684328337642
0.10385845874994704 0.06084578445234701 0.34259559311750265 0.11344536564416471 0.08898432820561927 0.06168652412949065 0.12648311662118067 0.10210082907974824
0.13712731954757798 0.08141298208206037 0.2950687091448909 0.09494084810209068 0.11786065393926101 0.08229076339632446 0.10585196049591304 0.0854467632918816
0.11280692667119348 0.06187900709342894 0.32466735416065456 0.11270053703408357 0.09608202384653075 0.06478097955826868 0.1256526883051648 0.1014304833306752
0.10501920283027753 0.06077147669289696 0.3410014367240922 0.11325912983607657 0.08985944838824973 0.06188061108258122 0.126275477593357 0.10193321685246891
0.12171221356505015 0.07199688958089996 0.26027598173497535 0.08396526517549172 0.13937770050827378 0.0970936250832417 0.12482000614147724 0.10075831821059006
0.10992348241360318 0.0625370466915902 0.30767607332939667 0.11519104018938718 0.10396179213153289 0.06860921560915736 0.12842941346488393 0.10367193617044847
0.10499372289186683 0.06139868061997089 0.33283807357089 0.11438377307475965 0.0928217831534998 0.06308920004584036 0.12752937087588875 0.1029453957672837
0.13796996956674584 0.08172296187312131 0.29063956907072613 0.09525697852275664 0.11962032350404081 0.08285449446899512 0.10620442232313312 0.08573128067048096
0.10660282905279658 0.1279351801736736 0.18964642790192843 0.14559075417974696 0.09105590489792836 0.13407584138419562 0.07406138364795824 0.13103167876177224
0.08644212730767754 0.1207216117307428 0.13420221763022336 0.1317803996516887 0.09902517874003999 0.1803104968981949 0.08938148845940624 0.15813647958202642
0.10732728542665748 0.07233114745404952 0.24597302844021177 0.1275184245548392 0.10030164160763907 0.08960836333894184 0.14217352707830577 0.11476658209935527
0.10785058715755598 0.06465345748323918 0.3032436724535218 0.11941622740774623 0.09506345740134275 0.06915781152874727 0.13314018190087526 0.1074746046669716
0.10489732959375404 0.061985690222154916 0.3311649918357448 0.11527409223534801 0.09082787001985464 0.06358133278311383 0.12852201029821636 0.10374668301181322
0.08571629755913938 0.11143141014924522 0.17998941467599322 0.12981730977557665 0.09850549951364064 0.15070929518271328 0.0880500014129998 0.15578077173069196
0.10467390952445202 0.06994445188369804 0.27023494155992644 0.1243029293664559 0.09791765710174573 0.08246498422832556 0.1385884899055859 0.11187263642981031
0.10574700495209895 0.06362136500292385 0.3153007765344975 0.11774522395398838 0.09326036500622288 0.06707742523999331 0.13127713775168556 0.10597070155858956
0.13927933274307241 0.08265568604412857 0.2830515401213738 0.09615598034695688 0.12066991480730295 0.08444042135747622 0.10720674226742803 0.08654038231226117
0.11408753398392348 0.06234666309001026 0.31866385743265185 0.11342702602060223 0.09740111469613633 0.06552681204859681 0.1264626693095371 0.102084323418542
0.10570075938487854 0.060991832567793 0.3380783231061725 0.11362294439140352 0.09047550180004116 0.06218888512524148 0.1266811036722066 0.10226064995226318
0.10240615817041002 0.06047841458480012 0.347796274210239 0.11282939268827062 0.08794470234125411 0.0612022518420928 0.12579635274348977 0.10154645341944356
0.10098665239287975 0.060177823478932406 0.35253170927077404 0.11231969892397538 0.08689025747624522 0.06077804719246651 0.12522808223314866 0.10108772903157784
0.11998686435300651 0.07176802540047296 0.2651693641895075 0.08374231288723934 0.13777968140441352 0.09657440371009027 0.12448857259058264 0.1004907754646872
0.08871162599559072 0.11112177949564729 0.15755706044243836 0.12795237685852578 0.11193579025233383 0.16239342433423296 0.08678509039100009 0.15354285223023093
0.1064587247234158 0.07044804576294048 0.2577719372340258 0.12521707938011958 0.10261732577523523 0.08518381673148469 0.13960769895067063 0.11269537144210762
0.14245490948361264 0.08534243061559492 0.25741632371052936 0.09867757475033331 0.12675370461269242 0.09052710770343142 0.11001813184850597 0.08880981727529999
0.1164183335719872 0.06336911116541924 0.30575314813411586 0.11501552950985552 0.10029005548002871 0.0674061134247054 0.12823373215501802 0.10351397655886997
0.12656106409621612 0.07267938870499666 0.24515194305652888 0.08454679792931863 0.14475665867506518 0.09916349638448131 0.125684493638211 0.10145615751518236
0.09049723826728374 0.11142378062215884 0.15122375567580168 0.1281959770290023 0.11420478510695192 0.16366897600954508 0.08695031485445373 0.1538351724348027
0.10731726850851163 0.07065910606163214 0.2542830964375893 0.1255633106076516 0.10354888148225834 0.08562763642425295 0.1399937209312175 0.11300697954688643
0.14295005783669348 0.08545658707833123 0.2557915085684876 0.09879255362457383 0.12722914322206325 0.09072052669496306 0.11014632471277111 0.08891329826211644
0.09474197052321556 0.11289853917050868 0.154776144253793 0.1280571906210688 0.10882642446544616 0.1601749207559603 0.08685618146472493 0.15366862874528256
0.09647572791815939 0.13764656132037173 0.14233847368332186 0.1526492504080252 0.09049928869341055 0.16535436261931927 0.07765200999016934 0.13738432536722267
0.14438375526969421 0.0959566979491361 0.20504096756392168 0.1039817522695856 0.12763875951208503 0.11348259644462119 0.115931893948329 0.09358357704262703
0.1380583927555214 0.07596972574458098 0.20065874408757597 0.08534010472822576 0.15822332624071175 0.11247778329292685 0.12686379747658638 0.1024081256738709
0.11786767367160449 0.06444242004294409 0.2762031896202211 0.11824922440202257 0.11194498060736832 0.07302914905474917 0.1318390606392699 0.10642430196182029
0.1089277547420829 0.06247406908202284 0.3171413791553054 0.11619689497264203 0.09636240524984482 0.06476942483830105 0.12955086648442327 0.10457720547537783
0.10438661255768834 0.06123693990915182 0.33765845280579865 0.11409892249401718 0.09044671928157351 0.06227153897128807 0.1272117837358669 0.10268903024461544
0.12163357157937679 0.07215372364534564 0.2589512868069835 0.08411422654060273 0.13982546018148329 0.09734321218190232 0.12504144721558258 0.10093707184872328
0.10996922006459832 0.06259463537362106 0.3070116220765608 0.11528082802795502 0.1041621368348828 0.06869929219292037 0.12852952020430208 0.10375274522515952
0.10504037063574886 0.06142425169030437 0.33251359048575196 0.11442555406858525 0.0929117998410268 0.06312548105083624 0.12757595356601967 0.10298299866172671
0.08569650010093333 0.11124224314301123 0.18038964393059226 0.12966191813578232 0.0990846461827872 0.15038614139968523 0.08794460534426975 0.15559430176293876
0.12020907705463527 0.08031054902558712 0.1941726109864181 0.08921657137191387 0.15020968534531592 0.1261951950677045 0.13262642550212866 0.10705988564629662
0.11304158267208272 0.06548506451247485 0.273938707644962 0.11971693019434623 0.11047107334481603 0.07612596138897884 0.1334754430674278 0.1077452371749116
0.10768507760852714 0.06275489858840445 0.3162968721207716 0.11661391681751605 0.09619010194584218 0.06549079306274973 0.1300158147204246 0.10495252513576443
0.10408218927284524 0.061316855438608764 0.33731677111717806 0.1142197586628125 0.09047075009421938 0.062449385571355605 0.12734650704644918 0.10279778279653128
0.08543261444359816 0.11119392992155744 0.18192516997389063 0.12961674160278508 0.09830893766031427 0.15006855260479735 0.08791396386971509 0.15554008992334206
0.09371351494601897 0.13732500584849144 0.15205682484387506 0.15255882208182314 0.08769628460153134 0.1617405983108223 0.07760600949379699 0.1373029398736408
0.10879558817524577 0.07287225077442314 0.2555917328419702 0.1263741577221375 0.09615190871363304 0.08557986486977599 0.1408977549528906 0.11373674194992375
0.10019035099565599 0.13108149477129305 0.1789032375894217 0.15120690230225464 0.08684282311602465 0.13877068537347811 0.07691829377984258 0.13608621207202917
0.1441993177370758 0.094065330332871 0.22211929413722364 0.10248124930714719 0.12466674065826215 0.10597599832794456 0.11425894512304322 0.09223312437643248
0.09523601145993707 0.1145458234230433 0.14401062386427324 0.1288768948910815 0.10827456512109773 0.16699165257557919 0.08741215479569006 0.15465227386929778
0.1431463586381808 0.09324276586030168 0.20505416836928292 0.10326826939614753 0.13385853896121883 0.11335204252889931 0.11513641378943613 0.09294144245653277
0.15705559633137695 0.08640603058836667 0.22908331095111598 0.09732060753544763 0.13780994726419662 0.09623074587747477 0.10850521467011848 0.08758854678190287
0.12218271520736064 0.06401491386318864 0.2905071299414943 0.11604237744013869 0.10441565582544611 0.06902047705940537 0.12937859096684118 0.10443813969612481
0.10950108274928971 0.06192866609636775 0.32410323426428495 0.11520107805899113 0.09355826163589516 0.0635861020016819 0.12844060494039755 0.10368097025309203
0.10421294018111132 0.06096317729279545 0.3410010182802165 0.11364104854257616 0.0893590911631133 0.061844492402160604 0.12670128844970804 0.10227694368831856
0.09737902292638659 0.12660627760825957 0.20870573243266746 0.14762833060888583 0.08371204421831592 0.128005204739054 0.07509788991843323 0.13286549754799723
0.08420218165624124 0.12070799299933196 0.1403116451331333 0.1319602058425158 0.09691030281913446 0.17805198057587446 0.08950344396274985 0.15835224701101894
0.10635400582930903 0.07216769449971491 0.249420129103559 0.1272313703886722 0.09945992511122838 0.08900515861272937 0.14185348310498228 0.11450823334980498
0.10738487413819287 0.06453765350455767 0.3050084588750182 0.11921733190691501 0.09468923256371413 0.06894842203498218 0.13291842826039627 0.10729559871622349
0.08661834698653768 0.1123117070066064 0.1717312142828239 0.13055316344591306 0.10002805246392403 0.1535446175157843 0.08854910216331494 0.15666379613509565
0.1048073111508711 0.07598368354684264 0.2649320277580831 0.12376333677746475 0.09824812247790282 0.08289163075215301 0.1379868844369644 0.11138700309971827
0.14088123181568094 0.09054657880355645 0.26007317858705603 0.09778700158327278 0.12431602868733697 0.0893624698702339 0.10902520922791754 0.08800830142494549
0.11541786973445885 0.06815023810534913 0.30658078346150713 0.11406743267023164 0.09913848428822664 0.06680782740468516 0.1271766749323329 0.10266068940320848
0.1063963826835984 0.06507818917727794 0.33182143110258105 0.1137604932854177 0.09119498632134904 0.06252961304871034 0.12683446042418958 0.10238444395687592
0.10261204927974707 0.0640738180965409 0.34445226309098714 0.11261733243583558 0.08812557667814909 0.06120343983907137 0.12555992138741665 0.10135559919225202
0.12039303348102919 0.07586568882878877 0.2614656000287682 0.08347169866553802 0.1380895699032516 0.09646208431953711 0.12408628637444162 0.10016603839864563
0.08831630873635347 0.11802030146907687 0.15571651029047695 0.12688532180592493 0.11143682603727227 0.16130099679063659 0.08606134870314909 0.1522623861671099
0.10584864110839377 0.077038561865231 0.25580220763454947 0.12423689275898091 0.10207161476192887 0.08467401437147686 0.13851486401635632 0.11181320348308282
0.10642626830032574 0.0683349540953056 0.3075224076286372 0.11787748790200016 0.09471022681154702 0.06761431396710942 0.13142460218327479 0.10608973911180013
0.10390711861982255 0.0653771539885052 0.33284913854448206 0.114337451795052 0.09023797751672562 0.06290972681403904 0.12747772610582664 0.10290370661554679
0.10187013081563587 0.0641400078219899 0.3450711868028399 0.11268602509913661 0.08788558014598258 0.06129313814451308 0.12563650858067918 0.10141742258922296
0.1356892509562073 0.08571148087413491 0.29566168436213086 0.09429457961833043 0.116901248774864 0.08174521439232348 0.1051314193655117 0.08486512165649739
0.11196334266396707 0.06635952653690241 0.3244995006079553 0.11189841576909314 0.0954512759425564 0.06436098133284558 0.12475838295449634 0.10070857419218382
0.10446545634250458 0.06427605812209616 0.3405861457186264 0.11266927688626242 0.08941580083551384 0.06156707732416931 0.1256178355731911 0.10140234919763617
0.10160985046260267 0.0636961681489926 0.34869085453654236 0.11209162435053965 0.08727618717600844 0.0607790573055701 0.12497379610425836 0.1008824619154857
0.10039992028307358 0.0634034133630356 0.35265446728337396 0.11168091568925857 0.0863953938962755 0.060437178767820114 0.12451588659683006 0.1005128241203327
0.09985712517498643 0.06325049170961257 0.35457128366186264 0.11146180420346477 0.08600233791157094 0.06026973991361095 0.12427159364177338 0.1003156237831183
0.09960609773203308 0.06317362261290226 0.35549379676380877 0.11135252951350376 0.08581986995522717 0.06018704634307709 0.1241497605172945 0.10021727656215339
0.09948810392740653 0.0631359193808241 0.3559367891525292 0.11129926245793005 0.08573360088404088 0.06014661625964914 0.12409037172548319 0.10016933621213706
0.1342519427770558 0.08522059146305652 0.3005424482540588 0.09390000707744041 0.11570082044815974 0.08118268318240125 0.10469150042813133 0.08451000636969637
0.11128461411815721 0.06615175402352064 0.3269597394755157 0.11163268928975059 0.09491519206085404 0.06412447291106244 0.1244621177603637 0.10046942036077552
0.1398642404421592 0.08618696591435591 0.28689024831070653 0.09445330346045733 0.11975363015798561 0.08253525399550359 0.10530838460442032 0.08500797311441158
0.11363339413788642 0.0666350307684441 0.3199624919509802 0.11227454340476473 0.09656399566009338 0.06470571781449914 0.12517773719904365 0.10104708906428825
0.10517728526150766 0.06443850930406049 0.3383373656750156 0.11290671110739323 0.08989466267976014 0.06174686896482873 0.12588255701078022 0.1016160399966539
0.10192778380307406 0.0637831483880927 0.347595946934351 0.11221695914066948 0.08749498793928477 0.060872375526014905 0.1251135350419106 0.10099526322660253
0.1355771025667726 0.08555288151619841 0.29675543882353045 0.09417228498659223 0.11663493716080776 0.08155722848057677 0.10499506997758866 0.08475505648793301
0.11187227814066916 0.06630298450334747 0.3250427031016536 0.11183058607436332 0.095327439619862 0.06429372318638726 0.12468275790679015 0.100647527466927
0.1044112933277097 0.06425145501378832 0.34085016849904176 0.11263607304266085 0.0893586370373256 0.061539091575604686 0.1255808157654741 0.10137246573839476
0.10158093635551325 0.06368474014358681 0.3488181422647007 0.1120757710439148 0.08724964545657236 0.06076644994573453 0.12495612085045427 0.10086819393952333
0.10038523342612281 0.06339800845583614 0.3527156213046339 0.11167336439653443 0.08638297471560781 0.06043130227541195 0.12450746746897196 0.10050602795688099
0.13474823746119796 0.08535361255415634 0.2990853707474958 0.09400862752566076 0.11605299969198424 0.08133078312451672 0.1048126041218934 0.08460776477309467
0.11150676756369755 0.0662109329178948 0.3262234808618533 0.11170961418606279 0.09507207860418825 0.06419058981975884 0.1245478832790879 0.10053865276745652
0.10424530221321904 0.06420467299788211 0.3414301931136375 0.1125699815626146 0.08924151941824349 0.06148821859062786 0.12550712869742253 0.10131298340635313
0.13672160077011222 0.08574914672331375 0.29388917870715614 0.09432293734497368 0.11744749233579037 0.08181596439370668 0.10516303611447067 0.08489064361047631
