Action: 0
[0.10916300296124905, 0.1086407041394209, 0.2357690038217157, 0.10864030533456709, 0.10872675947813654, 0.11177961359577664, 0.10864030533456709, 0.10864030533456709]
[0.12681674316860203, 0.10914790710392475, 0.2182958142078495, 0.10914790710392475, 0.10914790710392475, 0.10914790710392475, 0.10914790710392475, 0.10914790710392475]
[0.11173213274836784, 0.1086651821583564, 0.12710572060526545, 0.1086651821583564, 0.21783623585456935, 0.10866518215837191, 0.1086651821583564, 0.1086651821583564]
[0.125, 0.125, 0.125, 0.125, 0.125, 0.125, 0.125, 0.125]
[0.10925294652071948, 0.1092438569996321, 0.23522920936286315, 0.1092438569996321, 0.1092985591022874, 0.10924385701560158, 0.1092438569996321, 0.1092438569996321]
[0.10959479793548234, 0.10919941778800075, 0.23519853606526436, 0.10919941778800075, 0.10920957705924851, 0.10919941778800177, 0.10919941778800075, 0.10919941778800075]
[0.125, 0.125, 0.125, 0.125, 0.125, 0.125, 0.125, 0.125]
[0.125, 0.125, 0.125, 0.125, 0.125, 0.125, 0.125, 0.125]

Action: 1
[0.10877758773143292, 0.10877758773143292, 0.10877758773143292, 0.10877758773143292, 0.11170261272794602, 0.2356318608834563, 0.10877758773143292, 0.10877758773143292]
[0.1087554711342271, 0.1087554711342271, 0.1087554711342271, 0.1087554711342271, 0.23575789060104602, 0.11170928259359138, 0.1087554711342271, 0.1087554711342271]
[0.10925309558838928, 0.10925309558838928, 0.10925309558838928, 0.10925309558838928, 0.10925395920584491, 0.2352274672638194, 0.10925309558838928, 0.10925309558838928]
[0.125, 0.125, 0.125, 0.125, 0.125, 0.125, 0.125, 0.125]
[0.10925321940018902, 0.1092532194078958, 0.10925321940018902, 0.10925321940018902, 0.10925322154646074, 0.23522746204469824, 0.10925321940018902, 0.10925321940018902]
[0.10924596969374957, 0.10924596969374957, 0.10924596969374957, 0.10924596969374957, 0.12598327014556776, 0.21854091169193482, 0.10924596969374957, 0.10924596969374957]
[0.125, 0.125, 0.125, 0.125, 0.125, 0.125, 0.125, 0.125]
[0.125, 0.125, 0.125, 0.125, 0.125, 0.125, 0.125, 0.125]

