Action: 0
[0.15992224001701127, 0.09268950231855506, 0.2502177238388332, 0.09268949845946306, 0.11570378803560451, 0.10339825041160668, 0.09268949845946306, 0.09268949845946306]
[0.1208559242975016, 0.0976449023867992, 0.2932746613817033, 0.0976449023867992, 0.0976449023867992, 0.0976449023867992, 0.0976449023867992, 0.0976449023867992]
[0.19786380071852436, 0.09785399888207863, 0.1995870743042953, 0.09785399888206707, 0.10233120880050799, 0.10880192064839254, 0.09785399888206707, 0.09785399888206707]
[0.125, 0.125, 0.125, 0.125, 0.125, 0.125, 0.125, 0.125]
[0.14008729010798418, 0.09640739621666589, 0.2809091057769379, 0.09640739621666589, 0.09696662302283665, 0.09640739622557767, 0.09640739621666589, 0.09640739621666589]
[0.09954338185772209, 0.09944084741867083, 0.1991359066083305, 0.0994408474186676, 0.19892010483215256, 0.10463721702712124, 0.0994408474186676, 0.0994408474186676]
[0.125, 0.125, 0.125, 0.125, 0.125, 0.125, 0.125, 0.125]
[0.125, 0.125, 0.125, 0.125, 0.125, 0.125, 0.125, 0.125]

Action: 1
[0.09719250253520997, 0.09719250253520997, 0.09719250253520997, 0.09719250253520997, 0.22408586391203503, 0.1927591208767051, 0.09719250253520997, 0.09719250253520997]
[0.1111111111111111, 0.1111111111111111, 0.1111111111111111, 0.1111111111111111, 0.1111111111111111, 0.2222222222222222, 0.1111111111111111, 0.1111111111111111]
[0.10907147261412373, 0.09708072407228045, 0.09708072407207818, 0.09708072407207818, 0.10981639670390593, 0.29570851032137707, 0.09708072407207818, 0.09708072407207818]
[0.125, 0.125, 0.125, 0.125, 0.125, 0.125, 0.125, 0.125]
[0.09682259973388677, 0.09682259973388677, 0.09682259973388677, 0.09682259973388677, 0.1873876811265921, 0.23167672047008728, 0.09682259973388677, 0.09682259973388677]
[0.15895389529910517, 0.09396292137621313, 0.09396292137621313, 0.09396292137621313, 0.15166972366181491, 0.2195617741580143, 0.09396292137621313, 0.09396292137621313]
[0.125, 0.125, 0.125, 0.125, 0.125, 0.125, 0.125, 0.125]
[0.125, 0.125, 0.125, 0.125, 0.125, 0.125, 0.125, 0.125]

