0.125 0.125 0.125 0.125 0.125 0.125 0.125 0.125
0.099626400996264 0.07845579078455792 0.199252801992528 0.15691158156911583 0.08685378548392246 0.06839735606858895 0.17370757096784492 0.1367947121371779
0.09444644354078607 0.15741073923464347 0.10039762527401264 0.1416696653111791 0.1180580544259826 0.19676342404330432 0.10625224898338434 0.08500179918670747
0.06430745814307458 0.11377473363774733 0.056062912227295786 0.09918822932521562 0.12861491628614916 0.22754946727549466 0.11212582445459157 0.19837645865043124
0.09567579728864391 0.0772322701004716 0.19135159457728781 0.1544645402009432 0.08610821755977952 0.08393305897246617 0.17221643511955903 0.13901808618084885
0.07368716589095932 0.12281194315159888 0.10393931775954247 0.14737433178191864 0.09210895736369915 0.16532962048844435 0.11053074883643899 0.1842179147273983
0.07795371415915771 0.12163984871868024 0.09599287185324698 0.14596781846241627 0.09122988653901018 0.17528022334265606 0.10947586384681222 0.18245977307802036
0.06576628627690377 0.10213303956884873 0.060124042949991706 0.09191973561196386 0.12255964748261847 0.2633540941513891 0.11030368273435662 0.18383947122392771
0.08356030643163086 0.14783746522519306 0.07688582337338427 0.128883944042476 0.10027236771795703 0.2204824243991431 0.08741693595924457 0.15466073285097118
0.10185839336710834 0.07426899161730954 0.20251088512167287 0.1485379832346191 0.09011578464428119 0.08877565656660927 0.1644376533977061 0.12949465205069355
0.0975844468510506 0.14809459789251705 0.1074129578868673 0.13328513810326534 0.12072285874144456 0.21296506408544688 0.09996385357744902 0.07997108286195921
0.10624374467995841 0.08576302281394232 0.14620156429158515 0.1072037785174279 0.1274924936159501 0.13908524484028495 0.15936561701993762 0.1286445342209135
0.09214306251655792 0.07438054444107689 0.20969826290698657 0.14876108888215378 0.09290084909857205 0.08237369963091022 0.16585751252980424 0.1338849799939384
0.09835111501936095 0.07108558130272781 0.24518851585872298 0.14217116260545562 0.09118006434727657 0.07069014914984022 0.1573893212400648 0.12394409047655106
0.07617080183393837 0.11566817923006621 0.12882023068037743 0.13880181507607944 0.10053696736475659 0.16239837566262322 0.10410136130705958 0.17350226884509928
0.10946745931458693 0.08018980339530027 0.15705355329964985 0.09622776407436033 0.1556249206270295 0.12840931153840773 0.1527424826577148 0.1202847050929504
0.0681341182048905 0.12054497836249857 0.10770605037208589 0.15068122295312322 0.09396221746765239 0.1759527677886657 0.10220117730733574 0.18081746754374783
0.09706133688212948 0.07164027073153878 0.22523404081020507 0.14328054146307756 0.09782793752894364 0.08142718206986733 0.1586174492387346 0.12491124127550352
0.07519863002821736 0.11416961234485552 0.12937297672378406 0.13700353481382663 0.10696902627697757 0.1632791501846856 0.10275265111036998 0.1712544185172833
0.07352964920179604 0.1140023042102806 0.10886216940958905 0.1368027650523367 0.10993127642737976 0.1832663055939443 0.10260207378925255 0.17100345631542088
0.08962444782051537 0.13907640916542569 0.09592604965677916 0.1251687682488831 0.1352419949732009 0.24598449299920383 0.09387657618666233 0.07510126094932987
0.10160267460997192 0.08201661685383276 0.14798740803592259 0.10252077106729093 0.15032435521713508 0.14011923702013973 0.15240401191495787 0.12302492528074911
0.08861144785400968 0.07152972296648974 0.22242850024756464 0.14305944593297948 0.10619202579138862 0.07992474973066896 0.15950060613721742 0.12875350133968153
0.09344594255916591 0.0675022833920122 0.26958060151472285 0.1350045667840244 0.0963606038449461 0.07095410784573637 0.1494556050681914 0.11769628899120074
0.0803222742164396 0.14210863899831622 0.1121941813227995 0.1238895827164808 0.1171347963781419 0.1916535710046928 0.08402945610335219 0.14866749925977696
0.06633940955798814 0.1173697246025944 0.10354823663812023 0.146712155753243 0.10286097104264044 0.1876058011645399 0.09950911433698222 0.17605458690389159
0.09495023839978699 0.07006973442287115 0.22790834710747276 0.1401394688457423 0.09920014283101013 0.0904190453861982 0.1551401527311433 0.12217287027577535
0.09196519026361645 0.1396453383378318 0.12409663498156402 0.12568080450404862 0.13334673985837958 0.2155962059740939 0.09426060337803646 0.07540848270242917
0.054893087966736594 0.09711854024884169 0.061379879038912274 0.08466744534514403 0.14729103199397256 0.2896040995433334 0.09571102517277151 0.16933489069028806
0.06269305155940035 0.11091847583586215 0.08952107483474381 0.13864809479482768 0.10413940894034066 0.23366260294193175 0.09403957733910051 0.1663777137537932
0.08776524503699348 0.07084664358407909 0.21118125140222568 0.14169328716815818 0.10122473674751349 0.10178743654309953 0.15797744106658826 0.12752395845134235
0.09271062564742757 0.06697064022015874 0.2717899877563534 0.13394128044031747 0.09479676077311695 0.07474288037596588 0.14827850337715243 0.11676932140950755
0.06536299934120803 0.11564222960367573 0.1388059440870334 0.14455278700459467 0.09868617737636587 0.16544201916979662 0.09804449901181204 0.17346334440551361
0.07101233231958398 0.11095281271791164 0.11151213807912184 0.13314337526149397 0.1056672334100181 0.2014253576888824 0.0998575314461205 0.16642921907686747
0.07600034138336424 0.13446214244749058 0.08519374468376978 0.11722340623627385 0.11736117840754343 0.24958304991081756 0.07950804944721182 0.1406680874835286
0.09712993646715512 0.07840609329276377 0.14830851564224545 0.09800761661595471 0.15422895502120557 0.16061483832079707 0.14569490470073268 0.11760913993914565
0.08473749295454024 0.06840255455366502 0.23504301174014888 0.13680510910733004 0.10969412043446193 0.08966562569508435 0.15252748731817242 0.12312459819659705
0.06484838694121571 0.11473176151138165 0.13327338909494724 0.1434147018892271 0.10188210616114719 0.17247943172318492 0.09727258041182359 0.17209764226707247
0.10458300590732286 0.0772351368028231 0.16253775526132785 0.09268216416338772 0.1578111146494672 0.14218357172034501 0.1471145462910916 0.11585270520423464
0.07573019850472483 0.13398419735451317 0.09576810916456086 0.11680673615521663 0.13234756001331957 0.2259696769856929 0.07922543843571213 0.14016808338625994
0.08587923381000427 0.06932420078638898 0.21725871800251179 0.13864840157277797 0.10701380965883599 0.10250945389597332 0.15458262085800767 0.12478356141550018
0.11136840147336423 0.08989979396042655 0.2245081269303204 0.1123747424505332 0.13112118183847518 0.10430103348386571 0.12528945165753477 0.10113726820547986
0.09517718862956198 0.07682977877326087 0.19636577327781882 0.09603722346657609 0.15790736844315093 0.11967221630539705 0.14276578294434294 0.1152446681598913
0.08255444680025509 0.06664033657369989 0.25955033311318476 0.13328067314739978 0.10883022041438806 0.08059337987795336 0.14859800424045916 0.1199526058326598
0.06443330672377387 0.11399738881898454 0.14134580838224933 0.14249673602373067 0.10187974874367153 0.1682009679934525 0.0966499600856608 0.17099608322847681
0.09282174551079807 0.06856874091263111 0.24465070776434444 0.13713748182526223 0.098061124913734 0.08738761599043617 0.151816829696668 0.11955575338612603
0.05674457260189892 0.10039424383412887 0.08444541530275518 0.08752318693231749 0.14576111836234187 0.2511458343088681 0.09893925479305454 0.17504637386463498
0.08532500681257958 0.06887681272822689 0.213069591489798 0.13775362545645378 0.10991146896459168 0.10750021937489845 0.15358501226264323 0.1239782629108084
0.08299315482085932 0.06699447437346474 0.2685886287283947 0.1339889487469295 0.09855170302291437 0.07890535775765423 0.14938767867754676 0.12059005387223655
0.08132453250234399 0.06564751418863912 0.2903568500619775 0.13129502837727824 0.09427867139422634 0.07254771943176523 0.14638415850421918 0.11816552553955044
0.10876375261543483 0.08779724608715825 0.25193769383653847 0.10974655760894782 0.12497935833414946 0.09564426797735401 0.1223592216923642 0.09877190184805303
0.07382496107832617 0.13061339267703864 0.16100100801558462 0.1632667408462983 0.09095621143919351 0.15034453796877345 0.08305308121311696 0.14694006676166843
0.08646628447054387 0.133986221437336 0.14120756253384378 0.16078346572480318 0.08831986358226177 0.16496428082994752 0.08410212053297399 0.14017020088828996
0.07651959616542402 0.11026521437282062 0.11190731726844347 0.13231825724738472 0.10373780498854554 0.20061529546261228 0.09923869293553855 0.1653978215592309
0.08076444102981456 0.13243354351900466 0.08660091173878925 0.11545488409349124 0.11702439870925027 0.2508674299166577 0.07830853008080275 0.13854586091218948
0.06736799245608409 0.10989221957566549 0.09759008655224026 0.13736527446958186 0.10038157544617601 0.22939503162695074 0.09316949050980336 0.16483832936349824
0.09069028486849992 0.07626146442416919 0.2185707885393218 0.13674031495399558 0.09896104253227483 0.10325457455055369 0.1524552466725891 0.12306628345859603
0.08944458690275833 0.071206384157447 0.2692626939837989 0.1318856827748802 0.09506235588440047 0.07739848772046407 0.14704269407885895 0.11869711449739216
0.087639497514587 0.06950230702810438 0.28897508305024083 0.1292999959569357 0.09250985203226372 0.07154342181807269 0.14415984623855366 0.11636999636124212
0.08679467385923698 0.06883274979274924 0.2964745675862431 0.12823547508657074 0.09127897874023573 0.06999864244709776 0.14297298490995275 0.11541192757791366
0.08645666754658818 0.06857378551184262 0.2993083703942982 0.12782367553463256 0.09075411022607098 0.06952822366454658 0.14251385914085155 0.11504130798116934
0.069009433432944 0.11997283932396907 0.150075014069827 0.13980063799013345 0.0965062232441891 0.16205378406181728 0.09482130228896009 0.16776076558816014
0.09371154778396697 0.07555560205974154 0.2405742973990046 0.13417648160845566 0.0962791216631325 0.08934735221493002 0.14959676382315873 0.12075883344761008
0.09442730642553075 0.07009920661719797 0.276894934361483 0.12981180141046733 0.0932359884573317 0.07396967033376399 0.1447304711248046 0.11683062126942059
0.10916584700586572 0.08047531505160982 0.2128965755015979 0.09360227510248993 0.1426007792654717 0.10979040929015609 0.13914606865982085 0.11232273012298791
0.07491050804337224 0.11933739059391102 0.1280857253234007 0.13724994248192002 0.10692475793569838 0.17570047930783042 0.09309126533556314 0.164699930978304
0.09448104441300592 0.08183773979425717 0.22984755712874075 0.1337522286489215 0.09864186303817375 0.09193880775892493 0.1491237534339468 0.12037700578402935
0.12570747980970998 0.099431974983875 0.2262213619337902 0.10776214669600472 0.12474526712004115 0.09899908581537542 0.12014675161479929 0.09698593202640425
0.10282175586479068 0.07548106303510473 0.26749284290656544 0.12661748958835858 0.09801586625328215 0.07444618989774315 0.1411690518246326 0.11395574062952273
0.09811140270967939 0.07244045241997916 0.28569957135901064 0.12669297932316334 0.09183888439373536 0.06993981115820744 0.1412532172453776 0.114023681390847
0.12931980893458553 0.09587432579342683 0.2448754658880243 0.10532136906791104 0.12039634839265713 0.09199798305521627 0.117425466707059 0.09478923216111991
0.08296735160241774 0.12783224583685346 0.13466862996471657 0.1346273913605164 0.10067412439967963 0.16636489567171575 0.09131249153148072 0.1615528696326197
0.07513308824220868 0.1346512331776913 0.10808077437087782 0.1355308503153987 0.0961109339509442 0.1959308271765653 0.09192527238783563 0.1626370203784784
0.09982025925033661 0.08392680083368094 0.2203469542479226 0.13381581825691904 0.09642723180882973 0.09603404806971305 0.1491946511013709 0.12043423643122712
0.11752676607617794 0.08643773831137082 0.1931468402492485 0.09324380299225754 0.14349270848423928 0.11564640450452149 0.1386131757914754 0.11189256359070904
0.10506679544683034 0.07458883634431351 0.2536872184264341 0.12781622764170858 0.10311567060744993 0.07818509135967143 0.1425055552960542 0.11503460487753772
0.1012596899583423 0.07246570322589782 0.27980104303555464 0.12688331383375534 0.09315140590160824 0.07077843557384221 0.14146542602061976 0.11419498245037982
0.07933765455426481 0.12499507104143606 0.14442333947342292 0.13724758737527207 0.09582793025961467 0.16038164448678277 0.0930896679588802 0.1646971048503265
0.1319397179793368 0.10716674478390671 0.19332995622591617 0.10834952793871003 0.12486659406271992 0.11603124599857662 0.12080163786599464 0.09751457514483902
0.10963897602759816 0.07687579260470026 0.253171169364137 0.12723628401277357 0.09868893533613013 0.0780172256139978 0.1418589614291669 0.11451265561149618
0.10351033797579157 0.0726281694145843 0.27931855912589526 0.12664552605673327 0.09206720359408306 0.07064891998725605 0.14120031039459663 0.11398097345105995
0.1351920014412035 0.09546334952951334 0.24167914493312967 0.10476353099673653 0.11998752733039779 0.09182374898454994 0.11680351888740625 0.09428717789706287
0.085244224950972 0.1275511652310974 0.13382604517494773 0.13434970141491473 0.10047880979158681 0.1662062664310763 0.09112414530750738 0.16121964169789765
0.10211970466137758 0.08213111570528822 0.23090344186121597 0.13227353406489792 0.09638427937886625 0.08966662434684358 0.1474751193231026 0.11904618065840811
0.1364491694077864 0.09826854206765775 0.2247213707382312 0.10626028357291972 0.12274838020548662 0.09744571248039358 0.11847228631189706 0.09563425521562774
0.11027426614049082 0.0748180041395878 0.26564182658456775 0.12552445543668703 0.09704251262553139 0.0737765248648852 0.13995040031523162 0.11297200989301831
0.08239325582602686 0.12516855582921382 0.14087637129968658 0.13682465357501902 0.09652144174476336 0.16122332892351546 0.09280280851175204 0.1641895842900228
0.10186351630642591 0.0817200031234442 0.2340764627192025 0.1321286974506349 0.09535850285262389 0.08862335253519531 0.14731363730690192 0.11891582770557142
0.10326491008523137 0.07386991807640789 0.2721043165148054 0.12786798859301643 0.09212332358168589 0.07312508852113359 0.14256326489400487 0.11508118973371478
0.11931917787688673 0.08392463420646665 0.2094537383750765 0.09191469564440642 0.14037481109132918 0.10807793958205601 0.13663736845049074 0.1102976347732877
0.09607345907880067 0.14440418260750848 0.14534823801802615 0.15516077511218787 0.09095865457056754 0.1494803813244359 0.07892961168750427 0.13964469760096906
0.11975473805025426 0.09532315454582145 0.167438285156999 0.09346095747066477 0.1421801809437797 0.13075354435905295 0.13893599050863004 0.11215314896479772
0.10918055580761966 0.07611614391373435 0.24249844186375125 0.12848179586654507 0.10346572714901088 0.08137610492197195 0.14324761419747634 0.11563361627989056
0.09497331809256213 0.1442478940741446 0.1555022995111636 0.15739336417932662 0.08449250964851593 0.14167126669384456 0.08006532003904876 0.14165402776139394
0.06992784140126228 0.12228645597198168 0.16018976926268821 0.1919644148363047 0.06146327999095965 0.12374880198479159 0.09765146319933761 0.17276797335267424
0.07592780158618533 0.11256366618156119 0.11798078445361974 0.13507639941787342 0.09908291691400573 0.18921563261100782 0.10130729956340506 0.16884549927234174
0.07523739545974946 0.13126418331879097 0.10396617541656752 0.13530073386108588 0.09557897261357325 0.20452246529549784 0.09176919340143215 0.162360880633303
0.10167656445818396 0.0834405928019095 0.21815052403888022 0.13362624766543627 0.09625718080349772 0.09760197329427296 0.14898329403892668 0.12026362289889263
0.13811025025364027 0.09864519803444956 0.2199550005671134 0.10643697776741316 0.12292366544517365 0.09946634078891459 0.11866928715262334 0.09579327999067185
0.14695901704414924 0.0986745344442955 0.21696097435357792 0.10338727272796351 0.12797941739192129 0.09772114495935996 0.11526909362356529 0.09304854545516716
0.13058084629073455 0.08596507702779553 0.18811944669988384 0.09001365964666838 0.15043054462551994 0.1130626833750647 0.1338113507583309 0.10801639157600205
0.1453976787185168 0.0972349432336982 0.205276586918677 0.10407894765343605 0.13678621031014815 0.10151432072949594 0.11604025954793543 0.09367105288809245
0.13029198371193296 0.08582156372857115 0.1841004232172236 0.09008411899087912 0.15351266165203428 0.11417221260445987 0.1339160933058442 0.10810094278905494
0.11100344983908923 0.07420815540782996 0.2487328533967249 0.12711983154648782 0.105106486577166 0.07769224922112229 0.14172912561974088 0.11440784839183903
0.10521404364621652 0.07224583063326752 0.27718578217695417 0.12649719072731574 0.09342717006420441 0.07054758352536078 0.14103492757209676 0.11384747165458417
0.10295881354422894 0.07140631079303449 0.28863731140194965 0.1254247026400055 0.09013165168034017 0.06871979417326599 0.1398391833911703 0.11288223237600493
0.08154122773606877 0.12440608767642825 0.14641333024556735 0.13674480939253317 0.09491997938564382 0.15913214096560946 0.09274865332710945 0.16409377127103977
0.13375708746557588 0.10683108421654262 0.19376295423294543 0.10806063145646111 0.1243419106784114 0.11551222379152257 0.12047953984772605 0.097254568310815
0.11164436141492858 0.0766622781420695 0.2529854072477182 0.12688124901714004 0.09839721777448598 0.07777323838404707 0.14146312390418447 0.11419312411542604
0.10526681887804477 0.07246572576936343 0.2789411519502968 0.12636282679349248 0.09186584935109422 0.07048596133052205 0.1408851218130431 0.11372654411414325
0.1029266489738196 0.0713930514980855 0.28933425173403776 0.1253527888857668 0.08974533185616192 0.06867141213304616 0.13975900492189225 0.11281750999719013
0.10200986759907897 0.0710055604501541 0.2933994968219673 0.12487798884071498 0.08897449060857417 0.06811276741836837 0.1392296383044986 0.11239018995664347
0.1016481685925496 0.07085483017540123 0.29497878163621566 0.12468537718531147 0.0886829712000541 0.06791814106095968 0.13901489068272785 0.11221683946678032
0.11903842479103208 0.08302397130299526 0.21665376908389633 0.0913329437010689 0.1384925129692166 0.10608629059668039 0.13577255511382783 0.10959953244128268
0.08354557769222347 0.12497872095735224 0.12775810794360123 0.13446075787419443 0.10472178406892121 0.17198267145652493 0.09119947055814928 0.16135290944903333
0.102926865500675 0.08186530372785887 0.22806290805746818 0.13231401966589468 0.09742288174721628 0.0908051458546812 0.14752025774690047 0.11908261769930521
0.1043180677408958 0.07396871177801037 0.26954043324939714 0.12799414788921928 0.09268549947992495 0.07359448366785705 0.1427039230943982 0.11519473310029735
0.10308981915886978 0.07186090322456742 0.28575914976577793 0.12588863264570965 0.09026441058852544 0.06948088450952292 0.14035643072588821 0.1132997693811387
0.10219039020263476 0.07116249282515984 0.29202951867750404 0.12506554007095944 0.08920686700387832 0.06834746122613938 0.13943874392986075 0.11255898606386348
0.10174630256433496 0.07091036187943298 0.29445066157664496 0.12475349312546317 0.0887770205987227 0.0679931815697665 0.1390908348727179 0.11227814381291686
0.10155310948469881 0.0708161567327153 0.29538623369602796 0.12463488577781376 0.0886077299395927 0.06787189063773567 0.1389585965313834 0.11217139720003237
0.10147361699935346 0.07078038047582383 0.2957480711052609 0.12458950439372501 0.08854191752415191 0.06782795587253736 0.1389079996747949 0.11213055395435251
0.10144180014455406 0.07076667473143783 0.2958881017779559 0.12457205261717982 0.08851645314703478 0.0678115279800573 0.13888854224631839 0.11211484735546184
0.10142924954054162 0.07076139839191545 0.295942315003891 0.12456532018890042 0.08850661242580966 0.06780528018772461 0.1388810360912069 0.11210878817001037
0.13556077478650452 0.09457487298767839 0.24723488632625887 0.10405428165007471 0.11829024099213417 0.09062333097734807 0.11601275879493404 0.09364885348506723
0.08661299183426445 0.12713501368561694 0.13506192334216632 0.1340260657276999 0.09996460687168647 0.16546348378045114 0.09090463588487473 0.16083127887323986
0.1173643910563418 0.0929617464523182 0.1639245586690081 0.09359035908236475 0.14539689921600685 0.1353252599295475 0.13912835469557508 0.1123084308988377
0.10888067342562936 0.07588563889449079 0.2409769306421483 0.12857870804409788 0.10428439626643772 0.08231715144431226 0.1433556640431957 0.1157208372396881
0.1050614441523986 0.07270450890499935 0.2742388534536538 0.12697303889223188 0.09355630770813592 0.07162464912065052 0.14156546276492124 0.11427573500300871
0.10305344761380403 0.07154647301001243 0.28750875116908564 0.12558229222751893 0.09026184224853237 0.06900824670544872 0.14001488402083082 0.11302406300476706
0.10210886043003764 0.07107018336560456 0.29269041038914856 0.12496282723515473 0.08914181128932112 0.06823513599601876 0.1393242267830755 0.11246654451163925
0.10169970021035935 0.07087889858335718 0.29470121550836287 0.12471492910849834 0.08873899063013183 0.06797499088992813 0.13904783887171382 0.11224343619764852
0.10153073555129971 0.0708037601151541 0.29548019527943536 0.12461829052136575 0.0885895461335774 0.06788091687104268 0.13894009405889582 0.11215646146922917
0.10146282511602658 0.07077454371594431 0.2957818589942901 0.1245808598095089 0.08853311603091478 0.06784566089624519 0.13889836160851218 0.11212277382855802
0.10143594939002717 0.07076322446319311 0.2958986805521633 0.12456637900547274 0.0885115875794647 0.06783222131208469 0.13888221659266886 0.11210974110492546
0.10142540765825117 0.07075884315374431 0.2959439243570207 0.12456077609639918 0.08850332400369693 0.06782705647694896 0.1388759697671794 0.11210469848675927
0.0812159020646198 0.12418524927963862 0.14812456422567863 0.13663232533676464 0.0944919085920505 0.15871890030349858 0.09267235979363167 0.16395879040411754
0.07651618600310403 0.13398498788550944 0.11131910079529264 0.13556568359239127 0.09480639192077608 0.19317993105547854 0.09194889843657841 0.16267882031086947
0.10144218195894986 0.08797891280385571 0.22050433808276085 0.1325134832623781 0.0954656475705346 0.09509065661374401 0.14774264477163646 0.11926213493614031
0.08090588049175675 0.1325112264589846 0.12941953012647925 0.13629435241342905 0.09572627379955084 0.16914638782892402 0.09244312598476058 0.16355322289611485
0.11553452197590372 0.09884237094914328 0.1617002901613056 0.09331626506354661 0.14371052234619386 0.13619561590034907 0.1387208955273021 0.1119795180762559
0.12282764391571831 0.09065948853808423 0.1698992124839664 0.0908810174154549 0.1569814625712717 0.124593217839954 0.1351007363370046 0.10905722089854589
0.12433862514686475 0.08874009483760098 0.17208518384343488 0.09036926309837426 0.1608123097778275 0.12087142840474284 0.1343399791731056 0.1084431157180491
0.10972937021730352 0.07773144850585155 0.24325558497514757 0.12713150287204264 0.10693670851330254 0.07905489405477392 0.14174213827674007 0.11441835258483837
0.1048752578944754 0.07523719376303627 0.2746266315040843 0.12628106627842053 0.09377737684616395 0.07075554912297215 0.14079396494026883 0.11365295965057848
0.11998918928670124 0.08660031922193628 0.2096878052474426 0.09129981169520193 0.14024041616434005 0.106899382188313 0.13572330216182257 0.10955977403424232
0.0733265970132056 0.11449062319575617 0.17679938340085505 0.18811777742023073 0.06905670198625524 0.11320822183519816 0.09569469547029129 0.16930599967820767
0.09775066343523575 0.06806107666954765 0.2603066699144997 0.1361221533390953 0.09023607094892787 0.07815995114866402 0.15069281932533135 0.11867059521869848
0.0805699712475551 0.12778138054812652 0.139484138885448 0.13693478023834893 0.09496341427321497 0.16306707540310328 0.09287750311818449 0.16432173628601868
0.10157373096994803 0.08620901790857374 0.23268332038776104 0.1313805744754823 0.0946635193965891 0.08876778381403222 0.1464795360196795 0.11824251702793406
0.10356584597102317 0.07708420339069583 0.2709742963254314 0.12727705170038192 0.09169508096510585 0.07294976075853243 0.1419044143584855 0.11454934653034372
0.10261203769858605 0.07458032592580274 0.28595202278155124 0.12534864587072386 0.08977489483258734 0.0691639058377977 0.13975438576929958 0.11281378128365147
0.10182859571426409 0.07377679398960969 0.29175405732940113 0.12459677041022707 0.08886997514526027 0.06812061330107878 0.13891610074095465 0.11213709336920435
0.10143079007070759 0.07349522406837992 0.29400021177900987 0.12431148146666707 0.08848944795879313 0.06779448647733723 0.13859802485910494 0.11188033332000037
0.10125550535241352 0.07339180741939105 0.29487069508671065 0.12420286207675679 0.08833686498323515 0.06768276686713222 0.13847692234527958 0.11178257586908111
0.08085781252108351 0.12847538019215518 0.1474429085067276 0.1359154708568641 0.0940591476576908 0.1579645697864994 0.09218614545074261 0.16309856502823689
0.10133918785754704 0.08606385517434482 0.23598933116474227 0.1309546418442356 0.09417719149197634 0.08761196188548519 0.14600465292185671 0.11785917765981206
0.08091190383153898 0.1320219102014978 0.13318603086143224 0.13626920053954006 0.0954579502705498 0.1662038971950875 0.09242606645290545 0.16352304064744808
0.133112569861965 0.11377586658262198 0.18784603112423498 0.10750804296163163 0.12409986544008787 0.11703694045005147 0.11986344491393855 0.09675723866546847
0.111362267273627 0.0813139192463172 0.24989820884596353 0.126442813443744 0.09821245498755354 0.07799750314450461 0.14097430095892055 0.1137985320993696
0.10505462502626033 0.07563422346256882 0.2773075722515151 0.12600193930094472 0.09167883227597025 0.0704383031211359 0.14048275919075476 0.11340174537085024
0.1026947873619568 0.07414603410486587 0.2883335847939785 0.12496172100116874 0.08952693774269901 0.06854839267954321 0.13932299341473586 0.11246554890105187
0.10175362043247634 0.07363790737681547 0.29266085626766086 0.12446490216244588 0.08873247963945846 0.06796274468934896 0.13876907748559264 0.11201841194620131
0.10137766665924473 0.07344712314224372 0.29434712087917586 0.12426239306287427 0.08842865131028342 0.06775759623740159 0.13854329495218967 0.11183615375658684
0.1351567368301508 0.09796565016200859 0.24617275583008327 0.10362755370897869 0.11790982907532212 0.0903656870693951 0.11553698898598071 0.09326479833808081
0.08609271111761718 0.13283182551790473 0.134236699004899 0.13305742377957533 0.09934094487594644 0.1645238432137245 0.0902476439548424 0.15966890853549037
0.10288954625549511 0.08697433252927346 0.22997532788891556 0.13118330045224816 0.09559680549627901 0.08905612676504979 0.14625959020571547 0.11806497040702334
0.10395017905978357 0.07724999292939154 0.26983153591109776 0.1273488438973187 0.09195589977156664 0.07306513162281142 0.14198445730044343 0.11461395950758685
0.11990544432149344 0.08710115771784391 0.20824669739869986 0.09146490506881366 0.13983516676401192 0.10772001809650365 0.13596872455005732 0.10975788608257639
0.10758037939413505 0.07673505110448237 0.2587209082774729 0.12595732701888204 0.10124451390058145 0.0759672061619228 0.1404330198255297 0.11336159431699386
0.08206645738616893 0.12939681016836715 0.1387174113870975 0.1359884054895922 0.09702554906066906 0.16138366576243626 0.09223561415815819 0.16318608658751063
0.10190744763810732 0.08643658813568253 0.23222715230895813 0.13130062014681257 0.09509279871735732 0.08847444201099713 0.1463903929099537 0.1181705581321313
0.10365227434323224 0.07712290975524617 0.27077124345865333 0.1272797176736347 0.09179358613753258 0.07292113600572055 0.1419073867197091 0.11455174590627121
0.0902553738347979 0.06559100531668957 0.2513815952059827 0.11023075424933478 0.10528906310152296 0.08110988344271296 0.16386541974975738 0.13227690509920173
0.07910289625208272 0.12706128227487049 0.13728793266321998 0.1368739420680816 0.09836384979811012 0.16422512749402085 0.09283623896791622 0.1642487304816979
0.11491832290887088 0.09775889271415739 0.16435282413745883 0.09323450056229118 0.14448174386439772 0.13477296803353428 0.13859934710454033 0.11188140067474943
0.10797426674904904 0.07963438031359164 0.2406337766385749 0.1279972957843508 0.10381998582159584 0.08203529572436981 0.14270743276255227 0.11519756620591569
0.10460364553952073 0.07565242236171663 0.27370251951051766 0.12650353457190613 0.09323441576533316 0.0714082806508963 0.14104200048539386 0.11385318111471553
0.10272071533246832 0.07424989287710144 0.2869370994775386 0.12514362322586145 0.08998295697527178 0.06881065038800772 0.13952580082047536 0.11262926090327531
0.1018103676859211 0.07369185356802209 0.2921201925452676 0.12453334815512838 0.08887562011349817 0.06804321493302329 0.1388453896595237 0.11208001333961554
0.10141054155479669 0.07346988310897654 0.29413763680923616 0.12428849250407503 0.08847656276794427 0.06778484611989469 0.13857239388140902 0.11185964325366753
0.10124406623715532 0.07338269452398054 0.29492162572098163 0.12419283069882243 0.08832819781930977 0.06769129926331699 0.13846573810749307 0.11177354762894019
0.10117677186854171 0.07334870089090188 0.2952261931256107 0.12415568282692677 0.088272042522767 0.0676561732184592 0.13842432100255864 0.11174011454423409
0.08909204313873069 0.06459325002080751 0.2601368416676131 0.10934253378773394 0.10364042130018464 0.0794388491626599 0.16254502037698956 0.13121104054528074
0.09979686819278472 0.07318289326307265 0.28221683663819586 0.12637805086227877 0.09297959009810634 0.07080341965589536 0.14090209551361527 0.1137402457760509
0.1184854861733722 0.08617472074464622 0.21222674244119194 0.09124001100762784 0.13988218214002007 0.10686843986070861 0.1356344044232796 0.1094880132091534
0.10709174785172816 0.07648684751231753 0.26036013391319723 0.1257807487876485 0.10112553756928731 0.07571616218175344 0.1402361482751842 0.11320267390888364
0.08196631982045702 0.12931693545438439 0.1391042065603922 0.13596959842843823 0.09699012350643096 0.1612664400512653 0.09222285806450593 0.16316351811412586
0.07605921874038508 0.14140810808907814 0.10844505489576846 0.1342718948099952 0.09464620028070816 0.19297187728007403 0.09107137213199677 0.16112627377199426
0.08795322258392613 0.07741527076157775 0.19014608732600796 0.11500120553234776 0.11044733950809675 0.11007841166382577 0.17095701598540058 0.13800144663881733
0.10206205555464773 0.07712286793879909 0.25438966398328844 0.1298529513100842 0.09683472331476897 0.07809373152734643 0.14477635019198937 0.11686765617907578
0.13672979102022187 0.0997620781281626 0.23216472744412114 0.10483647342913942 0.1215433956223303 0.09372586401372886 0.11688484425607036 0.09435282608622546
0.11054978744843912 0.07784597115725309 0.26790008298576373 0.12435233676998751 0.09614352775464129 0.07264761531752265 0.13864357547340397 0.11191710309298875
0.10418533059470263 0.07459466447403432 0.28435990179724496 0.12510660784224933 0.09063604551783329 0.0690369712858212 0.1394845314300899 0.11259594705802439
0.10222895605182379 0.07379300388102121 0.2910732385465001 0.1246142678517441 0.0890749612154811 0.06812712230439308 0.1389356090824669 0.1121528410665697
0.10154398487614122 0.07350999011233417 0.2937236820609677 0.12433201341483568 0.08854862012655276 0.06782198088673833 0.13862091644907798 0.1118988120733521
0.09267353992292207 0.1471867937890324 0.16855338723829358 0.15567501066998646 0.08083981801809884 0.13577273967872916 0.07919120107994965 0.14010750960298782
0.10333613925888147 0.0882615435903652 0.2444249046295818 0.12961211434437525 0.09035307942910129 0.08285348088962563 0.1445078349481318 0.11665090290993771
0.12030976714394413 0.08953638450968722 0.2001351189701679 0.09198444477224135 0.13997700090021256 0.11093489476339688 0.13674105521366028 0.11038133372668961
0.10798575166717664 0.0773453864168256 0.2554169587587854 0.1263481159199017 0.10156050082228528 0.07676126180029805 0.14086872028681574 0.11371330432791152
0.13819118367689334 0.09945121689865379 0.23201351598649103 0.10439362186319016 0.12251211307286115 0.09309299101637807 0.11639109780866129 0.09395425967687115
0.1108769119717785 0.07777071748948573 0.267768374750948 0.12429618927448949 0.09632885461638635 0.0725114063438362 0.1385809752060353 0.11186657034704055
0.10426263438510852 0.07458130495527222 0.28429575316442085 0.1251022709420978 0.09067468669600845 0.069011609899134 0.13947969611007022 0.11259204384788801
0.10224862468541522 0.0737916902840167 0.29104589668398356 0.12461540367496031 0.0890842552888213 0.0681233906347485 0.13893687544059008 0.11215386330746428
0.10154943709128278 0.07351032546837653 0.2937125907089767 0.12433294563655584 0.08855126965544795 0.06782182455973265 0.13862195580672715 0.11189965107290024
0.08091723978411698 0.12851354076598143 0.14716659040067662 0.13592480487983571 0.09411234453133933 0.1580632374289672 0.09219247635327989 0.16310976585580284
0.0758964943017676 0.14126024886842528 0.11038215034070278 0.13432843235983613 0.09404169572943968 0.19178714022831023 0.09110971933971493 0.16119411883180332
0.0862260324206012 0.16636402281401552 0.11707665085320137 0.154503275351637 0.08112440888858971 0.17705751743747528 0.07859514441800665 0.13905294781647326
0.07625203803569028 0.1500098525640017 0.10250298771266432 0.13309054723887073 0.09036135402833124 0.19780445343264957 0.09027011030114711 0.15970865668664488
0.10159122195683544 0.0907791840870078 0.21651471624755828 0.13275342343518243 0.09465671253466507 0.09621650048875653 0.14801016015833027 0.11947808109166419
0.10416543149742186 0.0782526409122266 0.26453116953878264 0.12806715256743675 0.09222287534110082 0.07471497496983782 0.14278531786250037 0.11526043731069308
0.09347820655963539 0.14907241196813606 0.16078323243346634 0.156239898164598 0.08177461211640558 0.13855717351719468 0.07947855689242594 0.14061590834813817
0.09011426184545121 0.16893643934767757 0.1308490864524945 0.15455403024118416 0.07882341201639675 0.1590031796700841 0.07862096320964586 0.13909862721706573
0.1013873573311141 0.06870204938983336 0.24050256318494734 0.13740409877966672 0.09333266605911068 0.0867710909505905 0.15211198562502787 0.11978818867970947
0.07160262381892954 0.11275666326330061 0.08278986588095441 0.08417868059007945 0.14049992818107765 0.24465636859236617 0.0951585084931333 0.1683573611801589
0.08642240981222392 0.07296050429365938 0.17780259260918066 0.11391063792872207 0.1220265370551389 0.12084873879107537 0.16933581399553313 0.1366927655144665
0.13426173539274364 0.10089218153778001 0.20497441482726866 0.10711550217889085 0.13125651400380028 0.10566990886324402 0.11942579123527086 0.09640395196100177
0.11096633049864468 0.07876988713586508 0.25686280984089577 0.12561369830498992 0.09920167269623806 0.07548337359540179 0.14004989945347382 0.11305232847449093
0.13903663557161305 0.0996565277967519 0.23243837823195013 0.10428853750681673 0.12172826172602118 0.09271803881729083 0.11627393659342103 0.09385968375613504
0.14632068346624275 0.10248117346908407 0.22061571159434148 0.1023235315951981 0.12665654920668618 0.09542807058857064 0.11408310164419848 0.09209117843567827
0.11310100010869933 0.07838676313587023 0.2627698986435165 0.12446112542724365 0.09743550400008986 0.07306582909237308 0.13876486670768806 0.11201501288451927
0.08310122442862218 0.12978659494894965 0.13969306072151785 0.13589618084038108 0.09612258907807 0.16015187118661295 0.09217306178738892 0.1630754170084573
0.10188217018542271 0.0888825374970859 0.2321819337194139 0.13079938297005927 0.09463635817604332 0.08806662191528845 0.14583155086363325 0.11771944467305336
0.10346751375407173 0.07908744012989857 0.2704661892087449 0.1269445201332225 0.09153096098707954 0.07271964119019132 0.1415336664768913 0.11425006811990022
0.1024479486217508 0.07629533944554942 0.2855180859754818 0.125075872912082 0.08960997134073914 0.06903423180691808 0.13945026427660487 0.11256828562087381
0.10165410140808243 0.07539167640798311 0.29136984442469877 0.12433585087181835 0.08870975584605194 0.06801131032949283 0.13862519492723627 0.11190226578463652
0.10125418421324274 0.07507549263303825 0.293641627989939 0.12405255951163503 0.08833064658930961 0.06768883930058564 0.13830934620177815 0.11164730356047153
0.11844585823574935 0.0878396197552071 0.21570670636922706 0.09077548741053618 0.13777248577822687 0.1055853986615533 0.13494385889685676 0.1089305848926434
0.1067921389449172 0.07824565550593879 0.2615041351344146 0.12530347165164077 0.10039787762597666 0.07527957676440308 0.1397040198862323 0.11277312448647668
0.10339429378091892 0.07624435874591322 0.281693430022644 0.1251886628154791 0.09166174328724286 0.06957169821213488 0.13957601660173566 0.1126697965339312
0.10199165385009994 0.0754648663528259 0.2898340444220104 0.12447399466490322 0.08925034667499328 0.06817928388946677 0.13877921494728762 0.1120265951984129
0.10138516721968092 0.07512598656322551 0.293036787810901 0.1241186307598195 0.08849141131751345 0.06775223793220836 0.13838301071281367 0.11170676768383755
0.10112999515839063 0.07498396832409421 0.294287623428571 0.1239715299218599 0.0882308889276768 0.0676026130535704 0.1382190042561632 0.11157437692967392
0.10102560686619108 0.07492651059612965 0.2947750610315399 0.12391329557952724 0.08813659303492481 0.0675468895598043 0.1381540773103087 0.1115219660215745
0.0806081469001227 0.13104449865623985 0.14715598962612164 0.13546699041524504 0.09376679306397973 0.15751523412356985 0.09188195871642707 0.16256038849829405
0.10102164030908604 0.08890620489727848 0.23539424636118264 0.13048523230373923 0.09388702691762438 0.08738764382295809 0.14548129631476597 0.11743670907336531
0.1031485417898378 0.0790067795518717 0.2717630445994922 0.12679921181680295 0.09126950376645096 0.07252196929243401 0.14137165854798775 0.11411929063512266
0.10232629054714099 0.07624719139802215 0.2860300470514273 0.12501601237211749 0.08951376050058603 0.06896876275405125 0.1393835242417489 0.11251441113490575
0.10160717819249478 0.07536986403919754 0.2915702801203053 0.124312058772666 0.08867336337330743 0.06798773409441833 0.1385986685122112 0.11188085289539941
0.10123599796201328 0.07506644278749568 0.2937198495399739 0.12404321982378867 0.08831668524984529 0.06767997364865232 0.1382989331468211 0.11163889784140979
0.10107106969424351 0.07495606611253088 0.29455467782654116 0.12394046592243113 0.08817277825942786 0.06757415263962846 0.138184370215009 0.11154641933018802
0.06964183129264988 0.11321232880541096 0.20332136535613182 0.187241132548921 0.060756608723485706 0.10206096394361625 0.09524875003575548 0.1685170192940289
0.13173663642730907 0.09223950858266881 0.2229352149669708 0.1106874102992026 0.11990522012830573 0.10346377969130079 0.12253551323314245 0.09649671667109969
0.08531166107604228 0.13422969326313447 0.12843381668750845 0.13297136308152946 0.0996596694689695 0.16963888837403007 0.09018927235095042 0.15956563569783536
0.10263261916821109 0.08987467278859662 0.22701325298108932 0.13096447802309719 0.09562564880174641 0.09000567848922783 0.14601561952724418 0.11786803022078746
0.10381554513091869 0.07938876383165165 0.26836201349264865 0.12715389050629095 0.09189441889214654 0.07317976787247374 0.14176709881820795 0.11443850145566185
0.0812192412131413 0.132553393536382 0.1408450924368315 0.1357276837224594 0.09472829325074468 0.15999429858782163 0.09205877678566814 0.1628732204669513
0.10138327172248549 0.08936033328869607 0.2327016227565878 0.13076344102753698 0.09429693521720355 0.08801582078275134 0.14579147827995542 0.1176870969247833
0.08067594237162484 0.13545855730244669 0.13208462171424448 0.13574701706466843 0.09519277371117599 0.165872777523071 0.09207188983516641 0.16289642047760208
0.07540405945504516 0.14671946587913612 0.10626736201083645 0.13340729048673888 0.09374123076572771 0.19388689796655406 0.09048494485187505 0.16008874858408664
0.1312903155771341 0.12080227368155216 0.17685779381931108 0.10734129409183013 0.12361332166919346 0.12381030411027664 0.1196775323680554 0.09660716468264713
0.0974593031255725 0.16335142676739078 0.13428724841648657 0.15200352198433154 0.086201568860452 0.15257023031131695 0.07732353074855126 0.13680316978589838
0.07800959918651677 0.15690837520851483 0.10613659027695303 0.1321409960492798 0.0910805707481116 0.1875286063858898 0.08962606688559849 0.15856919525913576
