0.125 0.125 0.125 0.125 0.125 0.125 0.125 0.125
0.099626400996264 0.07845579078455792 0.199252801992528 0.15691158156911583 0.08685378548392246 0.06839735606858895 0.17370757096784492 0.1367947121371779
0.06509140612911068 0.10848567688185116 0.06919289235371703 0.09763710919366604 0.13018281225822137 0.21697135376370233 0.11716453103239925 0.19527421838733208
0.07295173961840629 0.12906846240179573 0.09118967452300787 0.16133557800224468 0.08754208754208756 0.1548821548821549 0.10942760942760946 0.1936026936026936
0.11004175475552297 0.08665788186997433 0.1430546338914166 0.10398945824396921 0.13755219344440373 0.12365462285646721 0.16506263213328445 0.12998682280496152
0.07171388179621159 0.1268784062548359 0.0896423522452645 0.15859800781854488 0.08605665815545391 0.169222261653118 0.10757082269431739 0.19031760938225384
0.11630235031457342 0.08590332835801306 0.1417284480021409 0.1030839940296157 0.1363544894571636 0.12414700995287743 0.16362538734859633 0.1288549925370196
0.07092830590486864 0.12548854121630607 0.0886603823810858 0.15686067652038257 0.09573761696861804 0.16769920632697685 0.10639245885730296 0.18823281182445906
0.07743775160427002 0.121078856056496 0.0998454172090704 0.14529462726779518 0.09080914204237199 0.17494495128440607 0.1089709704508464 0.18161828408474398
0.06646765806982666 0.10323811337358257 0.06500578634829049 0.09291430203622432 0.13449793212727582 0.24055044152888236 0.11149716244346916 0.18582860407244864
0.06796263090074718 0.12024157774747578 0.08495328862593397 0.1503019721843447 0.09195058827411097 0.20228362929505314 0.10194394635112078 0.18036236662121366
0.11173965355968907 0.08260566382727352 0.14397359281833824 0.09912679659272823 0.1426939344214127 0.13860774146388893 0.15734412157575908 0.12390849574091026
0.06899027671823675 0.12205972034764963 0.08623784589779593 0.15257465043456203 0.09385202195174312 0.18971048905118296 0.10348541507735512 0.18308958052147442
0.07450781526748348 0.1164186385582155 0.09613620192072272 0.1397023662698586 0.10127448732261653 0.1925557581213858 0.10477677470239397 0.17462795783732324
0.07816289011599342 0.11544257771318213 0.09689477015666967 0.13853109325581855 0.1016990370587337 0.19220744518796548 0.10389831994186392 0.17316386656977317
0.10070667308296363 0.1428661370127976 0.09011093114441686 0.1285795233115178 0.12604677423017036 0.23810760474758466 0.09643464248363837 0.0771477139869107
0.08600198011764808 0.13859307387880204 0.06829223930259812 0.12082473107382745 0.10551733598181426 0.2538302751935992 0.08195068716311774 0.14498967728859294
0.09906906796962188 0.07374824699966707 0.18271953734245872 0.14749649399933415 0.09073659872815688 0.10903562675314772 0.1644475836082128 0.13274684459940073
0.12366334885292275 0.07956009762851089 0.16007254754870268 0.09547211715421308 0.14637607560002447 0.12397262367093426 0.1515430431019255 0.11934014644276632
0.07541190661964522 0.11913479580206819 0.09723664847893218 0.14891849475258523 0.09227397598184188 0.18731639691659316 0.10100558774523173 0.17870219370310225
0.1062203376428829 0.07143103542653553 0.2124296871960029 0.14286207085307107 0.09562658631986015 0.08872967674657578 0.15815418507136886 0.12454642074370297
0.08452367984201999 0.11306198847615449 0.12145012853374093 0.13567438617138536 0.10357434267999352 0.17036670195393497 0.10175578962853904 0.1695929827142317
0.07989755676146927 0.11136526851550188 0.10273344786801597 0.13363832221860225 0.10355659542664582 0.20153216477256017 0.1002287416639517 0.16704790277325282
0.07824930832223984 0.10991710363233756 0.098117466863085 0.1319005243588051 0.10236408387608195 0.21565046422984038 0.09892539326910382 0.16487565544850635
0.08320564618244532 0.13663305600546916 0.07386158121951207 0.11911599754322953 0.10921863260364291 0.25423416932102644 0.08079172007279914 0.14293919705187544
0.0965912810904753 0.07194746254393285 0.19150650903349736 0.1438949250878657 0.09575868943723093 0.11036359718219403 0.16043210304572486 0.12950543257907912
0.14349737168042645 0.09225437782081923 0.20326694360237096 0.11070525338498308 0.12490226971578769 0.10630624535125431 0.12255526626257793 0.09651227218178013
0.05508463167073643 0.08520770993373691 0.08181523542924925 0.10650963741717115 0.11757188147242555 0.22038943042292733 0.12040219881941085 0.2130192748343423
0.10508578904024177 0.08038152193285654 0.14250259441232266 0.10047690241607067 0.14436765979366942 0.15724758561539545 0.1493656638901588 0.1205722828992848
0.09582987205545043 0.0698887607676831 0.21739294944033746 0.1397775215353662 0.10393292699077784 0.09153669447494554 0.15584150535360977 0.12579976938182957
0.08405022561633611 0.11162730779323221 0.12132697516478054 0.13395276935187864 0.10411656173024511 0.1770206216397701 0.100464577013909 0.1674409616898483
0.08065296658308012 0.10984862364659409 0.10159513608539976 0.1318183483759129 0.1025030123985682 0.20994521615861922 0.09886376128193468 0.1647729354698911
0.06909699913848337 0.11297169463219882 0.09859220698985444 0.14121461829024853 0.09480958724332192 0.21807700196073043 0.09578034979686421 0.1694575419482982
0.09313074737407401 0.07023766263623682 0.2137377146055471 0.14047532527247364 0.095496280361288 0.10387497255957516 0.15661950444557882 0.12642779274522628
0.14476015767196107 0.09134359962269152 0.20900328311653948 0.10961231954722982 0.1237819011733609 0.1045939372244927 0.12134534357690888 0.09555945806681575
0.064309911050234 0.09895624910918988 0.07597672112970445 0.08626955050544759 0.14444665594869852 0.2599797106744548 0.09752210057137553 0.17253910101089517
0.11943074627512909 0.09033351458040911 0.1685619259177889 0.11291689322551139 0.13530817778749535 0.14592962899808348 0.1258939093126224 0.10162520390296026
0.10131669512663112 0.06697914388087936 0.2417403091777474 0.13395828776175872 0.09880098325770455 0.08728862784248143 0.14935349396721456 0.12056245898558285
0.09660263279993647 0.06574136722244772 0.27587670493429073 0.13148273444489544 0.09046071416964843 0.07490794866667846 0.14659343676169684 0.11833446100040589
0.09437345440361718 0.06462464168454506 0.29217157215829476 0.1292492833690901 0.08761421232132394 0.07153917554332036 0.14410330548762734 0.1163243550321811
0.07477812420881506 0.11253451480954492 0.1505633158356866 0.14066814351193113 0.09238117615558379 0.16486325592559384 0.09540969733852722 0.16880177221431739
0.09529351492498336 0.06766852296030158 0.24353890361089428 0.13533704592060317 0.09410610764080982 0.09136185719193862 0.1508907064219262 0.12180334132854286
0.07483501677042755 0.11252586479262627 0.13902495981426666 0.14065733099078284 0.09580863006497264 0.17295703674945348 0.09540236362853097 0.16878879718893938
0.07188732014680271 0.11183857843890434 0.11242702809588007 0.13979822304863043 0.09666806671739424 0.20480325156539542 0.0948196643286363 0.16775786765835649
0.095693707049265 0.06822783803138262 0.227006553261164 0.13645567606276524 0.0979068380599535 0.09976138352840536 0.15213789555057555 0.12281010845648872
0.09519405034893 0.06524658613910803 0.2752530911354863 0.13049317227821605 0.0941096781159481 0.07676941813814495 0.14549014879377223 0.11744385505039445
0.10936995427801156 0.0749249496152502 0.21598296226641472 0.09365618701906274 0.14309488553632796 0.1113574245173017 0.13922621234475596 0.11238742442287528
0.08711380964585662 0.12762887486953137 0.1519394590070837 0.1595360935869142 0.09390686066803652 0.15513710082188092 0.08115531717247375 0.14358248422822278
0.10022692738883818 0.06698904229041579 0.24387603803405064 0.13397808458083157 0.0960005148767761 0.08897355076323295 0.14937556594310625 0.12058027612274842
0.09906902413723713 0.06435524256065206 0.28155915421345384 0.12871048512130412 0.09300061036202396 0.07396346134598462 0.1435025856501704 0.11583943660917373
0.09735072943266887 0.06328925228684851 0.29659884819597004 0.12657850457369701 0.09096051278965259 0.07017591216222116 0.14112558644261444 0.11392065411632733
0.09643526987753417 0.06286780330583104 0.3025633715503556 0.12573560661166208 0.0899738175475063 0.06907626703883643 0.14018581811777844 0.11316204595049587
0.08908536557360743 0.1274868805366134 0.17679886135179906 0.1593586006707667 0.08307048167241393 0.1397120422933715 0.08106502729773786 0.14342274060369004
0.07834215874193605 0.11159363198372864 0.12218578943167062 0.1394920399796608 0.09487093995754058 0.19151299959583956 0.09461199233403081 0.16739044797559294
0.11491148576663641 0.07648117951998908 0.1634221611390237 0.09560147439998633 0.1465970999550004 0.14614681724925144 0.14211801269012894 0.11472176927998361
0.10637020187206998 0.06493937496867502 0.24527155305112738 0.12987874993735005 0.10612775997445599 0.08571637151658636 0.14480511373612012 0.11689087494361503
0.10237508202531072 0.06380344412424585 0.2812406154933567 0.1276068882484917 0.0948785265631705 0.07297708662682179 0.14227215749496014 0.11484619942364255
0.10026787627182436 0.06298155224311497 0.29593623736757724 0.12596310448622994 0.09124460771385316 0.06980036660932505 0.1404394612704683 0.11336679403760694
0.09927030060572876 0.06260767725823131 0.30180676367736126 0.12521535451646262 0.08995148074413417 0.06884882827685124 0.1396057758564143 0.11269381906481635
0.09883445046813764 0.062453678354735385 0.30413500841952845 0.12490735670947077 0.08946737808121873 0.06852312564185577 0.13926238128652935 0.11241662103852369
0.11613474667491314 0.07344852430396485 0.2244471009675038 0.09181065537995606 0.14013736879039443 0.10736611181771406 0.13648270560960632 0.11017278645594726
0.10426562075972078 0.06337766968406626 0.2709611286270535 0.12675533936813252 0.10250429163134747 0.0767334004565767 0.14132274404178355 0.11407980543131926
0.10090665167963468 0.06310624761704145 0.2915765337238536 0.1262124952340829 0.0932568199468745 0.07063249274476373 0.1407175133430745 0.11359124571067461
0.09954020427277967 0.06269346320053655 0.3000298483531637 0.1253869264010731 0.09061452412794817 0.0690897341796501 0.13979706570388298 0.1128482337609658
0.0989454842716828 0.06248807686855691 0.3034122365255314 0.12497615373711382 0.0897574774404787 0.0686029479549891 0.1393390848382448 0.11247853836340244
0.09869232107205933 0.06240109342219553 0.3047544179320348 0.12480218684439107 0.0894549384940198 0.06842794933988469 0.13914512473546287 0.11232196815995195
0.09858750565754584 0.06236591831914738 0.30528547631583425 0.12473183663829476 0.089342655737068 0.06836126485196375 0.13906668950568085 0.11225865297446527
0.0796917678036804 0.11051383406445627 0.15440586789673857 0.13814229258057034 0.09628714997393284 0.1614918250945068 0.09369651148943033 0.1657707510966844
0.10046502425765096 0.06663442526788105 0.24456770177028175 0.1332688505357621 0.09653214025591544 0.0900050695195553 0.14858482291076758 0.11994196548218587
0.11797166982853502 0.07453265676767636 0.20471814411454348 0.09316582095959546 0.1445423913164135 0.11477308159939775 0.13849725026232398 0.11179898515151453
0.10700504805050591 0.06371844583771097 0.262387435496265 0.12743689167542194 0.10415688017952478 0.07851947225039298 0.1420826240022988 0.11469320250787973
0.09486557510506345 0.12726341225288637 0.16533073920353555 0.15907926531610797 0.08623314194316194 0.1431335967774231 0.08092293061732449 0.14317133878449717
0.10398335067257977 0.07450859625816453 0.24759339226652088 0.13109800880496145 0.09302127034781862 0.0856426773414504 0.1461644963840391 0.11798820792446532
0.09369912231617006 0.1367354004530671 0.1602388480942396 0.15814948821709893 0.08347195506566929 0.14492068940879832 0.08044995704956773 0.14233453939538904
0.07952507393656999 0.12542611092685113 0.11654182212852632 0.13671287853822334 0.09376498042759897 0.191246683918263 0.09272699587809932 0.164055454245868
0.08900767293552578 0.1432583258326402 0.12214772371620336 0.15784659379100527 0.08325950252916327 0.18212237081161117 0.08029587597194617 0.14206193441190473
0.1054396841269697 0.07675912065959675 0.22866310502241963 0.13306293689242105 0.09370009726127727 0.09426316826900444 0.1483552445651321 0.11975664320317894
0.08285997243205691 0.11903450613698188 0.13444897578949153 0.13737263193598861 0.096822967908828 0.17143930668210053 0.09317448079136618 0.1648471583231863
0.10350285935997128 0.07470130277868818 0.23408423105839818 0.13247273494256923 0.09646243775745947 0.09185375921863241 0.14769721343596898 0.11922546144831232
0.12164949087093009 0.07982376036204467 0.20010241608639467 0.09230101258892259 0.14360144042154502 0.11454901002828127 0.13721165453517448 0.1107612151067071
0.10931900920586485 0.06878434604609605 0.2592175013710512 0.12637768370337119 0.10355520197899468 0.07810465620275463 0.14090168615883325 0.11373991533303408
0.10499206728834319 0.06742753176457257 0.285569733969131 0.12541343677788316 0.09328652791996142 0.07061198638437376 0.1398266227956399 0.11287209310009487
0.08271942444681799 0.1174478605922861 0.1487206042285697 0.13670526221332047 0.09655228238028005 0.1610864214597936 0.09272183002294779 0.16404631465598454
0.07769917710063233 0.12274900536715724 0.11337188586186928 0.13623356015836072 0.09655618900399329 0.1975080173409793 0.09240189297697511 0.16348027219003286
0.0754595062599049 0.13212126067585878 0.10308594418859647 0.1336794049310305 0.09500987704001065 0.20955921155588056 0.09066950943148157 0.16041528591723658
0.10197535190859189 0.08312713181002139 0.21876779685376302 0.13260067656123314 0.09649105468294333 0.09985752048544036 0.14783985879289724 0.11934060890510981
0.08164175196687977 0.12625437867745473 0.13114759601564877 0.1360513984358009 0.09675938070576129 0.17260547626686326 0.09227833980863019 0.16326167812296108
0.10266258003216781 0.08163547996274614 0.2314515250196228 0.13144747789052624 0.09603965869072409 0.09190641996807787 0.14655412833466136 0.11830273010147363
0.10432153830487659 0.07328952065263208 0.2741855166711776 0.12664723481560664 0.09248606758825365 0.07388539510018666 0.14120221553322113 0.11398251133404597
0.10302971234798619 0.07102520727812797 0.29147347333513585 0.12435289238381059 0.09016577434549815 0.06939114222265873 0.138644194941353 0.11191760314542953
0.10203360349141594 0.07025850003636021 0.29839422012007755 0.12343794659954009 0.08904785216830748 0.06810962697328526 0.13762409867142752 0.11109415193958609
0.08159046737269982 0.12325266998744527 0.15126983224966198 0.13549731020614383 0.09490166007600166 0.1589887644165078 0.09190252344416713 0.1625967722473726
0.11604354223350923 0.09185841738162169 0.17099549924882337 0.0928520457052961 0.14410781333486974 0.13468942497717415 0.13803080227235062 0.1114224548463553
0.08304169693260051 0.12565812730101025 0.11757495699363141 0.1330305103864279 0.10646018432199165 0.18436852194722164 0.09022938965340328 0.1596366124637135
0.07652221708890249 0.13276363653105086 0.10417100533525586 0.13363602130106111 0.09739996292640206 0.20450384724316056 0.09064008401289364 0.16036322556127336
0.10219455301017377 0.08315995460837677 0.2192129096360933 0.13252111714567036 0.09703318202598363 0.09885812216078434 0.14775115598181457 0.11926900543110333
0.09168434807894564 0.06465871328581282 0.23572790405150493 0.11147299407188428 0.10878352585511535 0.08819282909048061 0.16571209267999515 0.13376759288626114
0.1015863057880106 0.07126484628311666 0.27626557796938195 0.1267753537700515 0.09542673789791342 0.07323830129216859 0.14134505860631114 0.11409781839304636
0.10227877632051081 0.0707309506147791 0.29233348200482734 0.12426197350908808 0.09078110301227385 0.06923511119931364 0.13854282718102803 0.11183577615817927
0.10181340518026454 0.0701979728183995 0.29873901273341524 0.12339066730815833 0.08916936841042349 0.0680665871821542 0.13757138578984218 0.1110516005773425
0.08154132671953584 0.12323011954080441 0.15135047732589121 0.13548476137008258 0.094938510282717 0.15897907905716177 0.0918940120597082 0.16258171364409907
0.10148671028175221 0.08481792000977355 0.2395943543265616 0.12971003521371546 0.09457993614336864 0.08845500292256597 0.14461700940991856 0.1167390316923439
0.10341468340853775 0.07618773710374299 0.277080189350584 0.12566808389464654 0.09161839565528769 0.07281909975470441 0.14011053532731488 0.1131012755051819
0.1024328537174682 0.07373329089193736 0.29226944874081573 0.12371291108773377 0.08964755629392955 0.06893165573312936 0.13793066355602557 0.1113416199789604
0.10160394234999992 0.07291346197358554 0.29836525093000793 0.1229244002388161 0.08868746360162744 0.06782198788745299 0.13705153280357554 0.11063196021493447
0.101168957893215 0.07261463990001212 0.3008096541095364 0.1226146215294127 0.08826959619101923 0.06746321833992835 0.1367061526604049 0.11035315937647144
0.10097067503270993 0.07250065812708609 0.301790749233347 0.12249248039002558 0.08809610110734979 0.06733612935345983 0.13656997440499866 0.11024323235102301
0.09272019807187529 0.14595132094484464 0.17357931675326976 0.15415244428384364 0.0809009713420626 0.13554187056947228 0.07841667817917265 0.1387371998554593
0.11837647875978996 0.10032237362811088 0.17805601159511722 0.09176364811925185 0.13793212048886083 0.12702016350640166 0.13641282615936542 0.11011637774310219
0.10877912751795628 0.07922843907159191 0.24861688560245726 0.12610552933746905 0.10250454329052586 0.08067224442539771 0.14059825435087966 0.11349497640372215
0.12170098206155301 0.0869468476083075 0.20353214686123539 0.09060468452577242 0.1438813837529365 0.10991838482244831 0.13468994893681988 0.10872562143092687
0.08410627736044998 0.12951254358464795 0.1255559589061212 0.13236878847448377 0.10625427886023857 0.17357903707068037 0.0897805695739977 0.1588425461693805
0.10291675142989543 0.08639616762860308 0.22765571173611196 0.13045445866426864 0.09787317956284307 0.09184773217713953 0.1454469860032965 0.11740901279784177
0.1207588479086878 0.08884222556887783 0.19684599897237878 0.09130440275712284 0.14314048674260182 0.11381262765806081 0.13573012708372292 0.10956528330854741
0.12417394454564197 0.08778665831071478 0.18327444283188418 0.08938790237832477 0.15694100496215027 0.11828944356682947 0.1328811205504649 0.10726548285398971
0.10981983482820849 0.07681513523806845 0.25028854350066365 0.1253519439260945 0.10648513372277435 0.0786645963957911 0.13975806285491432 0.11281674953348506
0.08290487362244332 0.12877633350222567 0.13870542037309075 0.13485075241817285 0.09869071622961574 0.1627870123559705 0.09146398859667375 0.1618209029018074
0.10232502104192291 0.08603089634021048 0.23386276760869543 0.13017346263513127 0.09581161340473443 0.08950642619702592 0.1451336964006613 0.11715611637161817
0.10395435036412062 0.07652420571831456 0.2746656527683417 0.12591788931595585 0.09207283273407244 0.07314991898495543 0.14038904972987912 0.11332610038436025
0.10277657871297496 0.07383972246978489 0.2912601949609393 0.12380579545202289 0.08981615467357697 0.06904211513334156 0.13803422269053894 0.11142521590682058
0.1018442014850452 0.07294493915049632 0.2979311865183327 0.12294776558912236 0.08874522600054154 0.06785610880076756 0.13707758342548418 0.11065298903021013
0.11896316219289262 0.08522963849912715 0.22050759919304136 0.08993877128152795 0.1381534706353558 0.10558080848648758 0.13370002417373408 0.10792652553783354
0.10731378999840666 0.07559053001293763 0.26668244326808344 0.124031594714875 0.10100874785215842 0.07545848689222355 0.1382859720179278 0.1116284352433875
0.08237282335126524 0.12836622718609417 0.1427893496521385 0.13473204560369473 0.09733504164528063 0.16134258342763064 0.09138347440946253 0.16167845472443365
0.07629036752434801 0.1406638671479429 0.11012261156835436 0.13312082373665132 0.09505698993068408 0.19470970594317855 0.09029064566485916 0.15974498848398155
0.10156756038313974 0.088819216311394 0.22102975325956326 0.13140675418936726 0.09587646846037892 0.0965254441787748 0.14650872444695126 0.11826607877043054
0.10427008824170556 0.07734806171162134 0.26938013599085814 0.1265868738731835 0.09253827620614472 0.0748134599036543 0.14113491758696722 0.11392818648586513
0.12031967036286473 0.08653251222970858 0.2109612599595441 0.09053530431560072 0.14025185439206608 0.10817022296696026 0.1345868105945348 0.10864236517872088
0.10801722629587565 0.07605574999146016 0.26261691290568245 0.1244764570837549 0.10182354649514493 0.07619933549215782 0.13878196036054463 0.11202881137537941
0.10405207826247441 0.07393294035396022 0.2860128614291456 0.12404818407656096 0.09224137609777858 0.06976472619297965 0.13830446791819556 0.11164336566890486
0.08178655505123167 0.12801451594935917 0.14774166665386748 0.1348337549296588 0.09530729240492755 0.15906324923003098 0.0914524598653338 0.16180050591559056
0.10174719892508786 0.08566554675988261 0.23792461801178064 0.12980346866063464 0.0947475892708416 0.08856727584661343 0.14472118073058815 0.11682312179457117
0.10366233871908243 0.07635485587482164 0.27635928722791697 0.12572250371765054 0.09169844309205703 0.0728811086538024 0.1401712093687835 0.11315025334588548
0.10264264591625806 0.07376605728715861 0.29194888590833185 0.12372100057240965 0.08967587363681312 0.0689569534361137 0.13793968272774626 0.11134890051516867
0.10178700600580326 0.07291384365743114 0.29820818958175366 0.12291209529342995 0.08869058353054377 0.06782958245920183 0.1370378137077495 0.11062088576408695
0.10133796004678276 0.07260549784610466 0.3007189394710151 0.12259425897598757 0.08826172495975365 0.06746333568903799 0.1366834499329294 0.1103348330783888
0.08118811774422675 0.12754240571426528 0.15138860910397006 0.13467682784117632 0.09428295755304164 0.15796286627206713 0.09134602236184133 0.16161219340941158
0.10146780415405325 0.08548582334034471 0.23954415423064 0.12963987216852976 0.09439354064959923 0.08825413765457168 0.14453878285058466 0.11667588495167679
0.10353218422052857 0.0762816282938504 0.27703302388049855 0.12564366880064684 0.09156553495920144 0.0727813436051649 0.14008331431952714 0.11307930192058217
0.10258516996053056 0.0737360864063191 0.29222312291080343 0.12368777945648868 0.0896245403725479 0.0689216557197882 0.13790264366268218 0.11131900151083983
0.08147800353820853 0.12793150898972008 0.14928396689098528 0.13479284219428364 0.09466104678097202 0.15867651061482801 0.09142471035786195 0.16175141063314036
0.11521502499026141 0.10026917675915342 0.1691981167732199 0.0918331799877829 0.14295699641739434 0.13381149913486093 0.13651618995198772 0.11019981598533947
0.10812074668946486 0.08147070856296057 0.24437379529063386 0.12609103495376733 0.10381409246121673 0.08206559638884325 0.14058209419472267 0.11348193145839061
0.08231781102149922 0.1326051806394272 0.13686363026251577 0.1343637834834306 0.09775074620769907 0.16372861158176738 0.09113369662354422 0.16123654018011666
0.07587426516482955 0.14582372274311345 0.1081556628394698 0.1322538967737284 0.09466486824005634 0.1948202650811908 0.08970264302913754 0.15870467612847408
0.10119070096618225 0.0927137964474849 0.21950203445233413 0.13088585189172625 0.09555589923815147 0.09642649304318 0.14592795725838734 0.11779726670255365
0.12022771721335157 0.09224683590159537 0.19388324121204834 0.09121341041797693 0.14227962576723016 0.11509821612606858 0.13559486086015676 0.1094560925015723
0.10846380177533929 0.07928419813008178 0.25501073646800065 0.12493158573354839 0.10274786459826384 0.07783399129433259 0.13928939484023975 0.11243842716019353
0.13836781368331874 0.10108508525618365 0.2343859556769833 0.10291931772536286 0.12280578962680458 0.09306129336083964 0.11474735871768069 0.09262738595282657
0.1281942917439151 0.09156396539673273 0.19564685739664928 0.08816891240370665 0.1483241649362514 0.11123010315756265 0.13106901008073407 0.10580269488444799
0.11018416835262815 0.07888344421628504 0.25525239192178634 0.12437112276832377 0.10384999021999854 0.07686035156987796 0.13866452045960873 0.11193401049149139
0.10466707607884591 0.07607153037632204 0.2826611102217966 0.12402290195017505 0.09275933524572226 0.0699211541379795 0.13827628023400113 0.11162061175515757
0.13647216293368433 0.0998597507973959 0.2449300627283516 0.10241791619819811 0.11924386159783154 0.09071178773324383 0.1141883334329164 0.09217612457837829
0.08666491596873008 0.13587751580258042 0.13549808106293804 0.13118363730452196 0.09985473285717819 0.16452402432773192 0.08897672791089314 0.1574203647654263
0.07655510461790482 0.14652064448499666 0.10761945883984575 0.13185992780108513 0.09495821144985661 0.19481931015383816 0.08943542929117079 0.15823191336130216
0.10136291713676204 0.09284020225172875 0.2192050919260574 0.13086361105799307 0.09561963035097328 0.09642813693575322 0.1459031603885385 0.11777724995219374
0.08092663873382958 0.1360709599943004 0.13037661256120345 0.13450759916290211 0.09574477716800006 0.1697330522129222 0.09123124117135971 0.16140911899548252
0.07550971198703924 0.14668552019027714 0.10643809148711084 0.1321004141691965 0.09407822649650699 0.1970689968825091 0.08959854178432458 0.15852049700303578
0.11377644239994428 0.1045276069502173 0.15375972485125988 0.0920633363119311 0.14318228324576218 0.14535626988047318 0.13685833278609458 0.11047600357431732
0.08177165568595769 0.1368205282627907 0.1120936336244139 0.1311052274909945 0.10510081973198475 0.18685831661207739 0.0889235456025876 0.15732627298919344
0.07528960288010154 0.1462048682575113 0.10148693670570647 0.13131870393872497 0.0957946468055997 0.20325445836222925 0.08906833832365695 0.15758244472646996
0.10121391920247727 0.09295846507664966 0.21635817598998505 0.13108836960010123 0.09599904579123898 0.09824874230949311 0.14615374938996362 0.11797953264009112
0.10414859493547948 0.07995001413879389 0.2670928072931261 0.12642406002335058 0.09253543191261834 0.07511404538092517 0.14095339229469084 0.1137816540210155
0.10294883825032038 0.07613245672217475 0.2879473059046465 0.12387278923098594 0.09002245250920493 0.0694817313202331 0.138108915754547 0.11148551030788734
0.10185259472294679 0.07485235072468688 0.2963716096743704 0.12281005741742829 0.08875362467700024 0.06790666201710735 0.13692404909077452 0.11052905167568544
0.10126395611843744 0.07438786776137471 0.2997627995578446 0.12238769051553343 0.08819102165151216 0.06740460141623775 0.13645314151507978 0.11014892146398009
0.10099242855024913 0.07421156524936061 0.30112788152144404 0.12222031138774614 0.0879549121206778 0.06722809464297422 0.13626652627857663 0.10999828024897151
0.06981021973430306 0.11245856610562478 0.2087750083207501 0.18528039079285766 0.06080195067887021 0.10187018342461211 0.09425132922941022 0.16675235171357192
0.10367768190666857 0.06833870132596385 0.25703594344787994 0.1366774026519277 0.0862509704163378 0.07755713838973556 0.15130750313929317 0.1191546587221934
0.08200018615001123 0.12957411933548127 0.14070104706533254 0.13565518166935328 0.09423293445128005 0.16304071184523466 0.0920096014800831 0.1627862180032239
0.10182280559966342 0.08879287338856405 0.23440035810787838 0.12970871642355372 0.09452457620153142 0.08939728644030527 0.1446155390573054 0.11673784478119835
0.10362630787006921 0.07867821121737607 0.27460680557161965 0.1255427124532226 0.09159518673421642 0.07299157941939063 0.13997075552620492 0.11298844120790034
0.1025326654015506 0.07569036208769697 0.29099732615872936 0.12349355241848307 0.08955841431656762 0.06889738743047664 0.13768609500986098 0.11114419717663476
0.13556317625655517 0.09962094668565094 0.24809311620906283 0.10225254564646974 0.11810902919436629 0.09032993731724713 0.11400395760882522 0.09202729108182277
0.08647628205759926 0.13579061008675775 0.13628447161474602 0.1311643657665923 0.09957409962494214 0.16434927514863268 0.0889636567808191 0.15739723891991073
0.10286315804397064 0.0898522126811765 0.2318894728354061 0.12940064338263937 0.09567282221538674 0.0895890511898338 0.14427206060721134 0.11646057904437544
0.10394678873630761 0.07890943272713813 0.27349500677753813 0.12560034746487042 0.09190698234859863 0.07306611496409189 0.14003501426307194 0.11304031271838337
0.10264907825216008 0.07575824702115297 0.2905347968634703 0.1235393202044161 0.0896604245039802 0.06893562229517611 0.13773712267566987 0.1111853881839745
0.10168004610645431 0.07471223127846104 0.2974130576738109 0.12267897710839744 0.08858616026865464 0.06774054383834648 0.1367779043283177 0.11041107939755769
0.08105224355915333 0.1305074380583708 0.15028806708211037 0.13424001880693529 0.09411761298999032 0.15765684504867464 0.09104975188644307 0.16108802256832236
0.07550778868184621 0.14762914616411996 0.11130122224966207 0.13195127361454081 0.09367391816784136 0.19209773720250414 0.08949738558203639 0.15834152833744897
0.1008032521081951 0.09466600039103103 0.22059270195934888 0.13041133886570425 0.09505910493913335 0.09569848611166093 0.14539891064579266 0.11737020497913384
0.10376771652046342 0.08117581049596907 0.2686786874652139 0.12599486993421244 0.09207155185535583 0.07444110341358116 0.14047487737441297 0.11339538294079118
0.1026935731089975 0.07718412612482735 0.2884479384331079 0.12360485862532333 0.08977324275452118 0.06924169506637715 0.13781019312405451 0.11124437276279099
0.08115804136664008 0.1327060887332768 0.14788822269011728 0.1340599624120336 0.09428861393960077 0.15809948928442505 0.09092762667946627 0.1608719548944403
0.10112942733980215 0.0906225410439669 0.23719219643392003 0.1289730144497883 0.09410971823415251 0.08810210323387141 0.14379528625968932 0.11607571300480946
0.08077074388068735 0.13704324378101485 0.1347705719304928 0.1341715509195603 0.09525048565891318 0.16598422992824435 0.09100331279761482 0.16100586110347237
0.0753033024263291 0.14943800872942434 0.10729579600806279 0.13169265499755173 0.09375329648377383 0.19516378066380455 0.08932197469399161 0.15803118599706206
0.1008716698090349 0.09514546538021229 0.21873751222280377 0.1305634764880456 0.09519471401005736 0.09641150050945575 0.1455685327411493 0.11750712883924103
0.0806567845218122 0.13842492067101575 0.13003814033241354 0.13413675653254467 0.09543718905557702 0.16936238792116165 0.0909797131264216 0.1609641078390536
0.114967994167965 0.1044369744463606 0.1620981573248126 0.09176238118650035 0.14324520929890647 0.1369634833729166 0.13641094277873783 0.11011485742380041
0.10819173888144255 0.08361791171855401 0.24101789033272372 0.12616261034665788 0.1040236275206169 0.08277797647166461 0.1406618954163484 0.1135463493119921
0.09428423708091413 0.15457107539566825 0.1558244745450571 0.15379572831255733 0.08399793474728286 0.1408751761217003 0.0782352183155183 0.1384161554813016
0.07793423410983706 0.1551448353008765 0.11249062514943223 0.13149823566278646 0.09110245672981238 0.18484162258497816 0.08919010766693342 0.15779788279534374
0.10137065556882671 0.09609733364891358 0.2210623257399942 0.13030478856283836 0.09437524793602883 0.0942352238272314 0.14528011500961233 0.11727430970655452
0.10388902271774726 0.08143206854462309 0.2688617693527318 0.12596348061093532 0.09189358314699075 0.07415306245568405 0.14043988062144577 0.11336713254984178
0.11986655037433917 0.09012097737327486 0.21043345710886133 0.09014415011978628 0.13960974868042844 0.10764680258866019 0.1340053336109062 0.10817298014374353
0.10763366988673169 0.07943050294663297 0.2619072965122059 0.12394089016728325 0.10144557214308232 0.0759104239771498 0.13818484321635907 0.11154680115055493
0.10371956320946318 0.07687913808113628 0.2853307485744986 0.1235832572361337 0.09194164586505196 0.06953460633404382 0.13778610918715203 0.11122493151252033
0.1020168074276399 0.07586058104301156 0.29512491514815564 0.12270740346235054 0.08915674408719944 0.06788728812392172 0.13680959759160574 0.1104366631161155
0.10125276358332277 0.07541207225104667 0.2991228475786089 0.12226587913058992 0.08823206422113082 0.06735775110650036 0.13631733091126966 0.11003929121753092
0.09244745128563524 0.15102041309468112 0.17218406477196962 0.15318649936310766 0.08051986569408186 0.13484855016597297 0.07792530619775476 0.1378678494267969
0.10291972056856546 0.09322491399303527 0.2473184484603688 0.12733895124437025 0.08983560650549073 0.08278387537757255 0.14197342773066354 0.11460505611993323
0.10326219745178322 0.080078695613958 0.27969939975227937 0.12461124164255831 0.08995225719333648 0.0713138557827208 0.13893223508506128 0.11215011747830247
0.10214799250006684 0.07665475406080198 0.29291527606150985 0.12304620836929327 0.08892484152470154 0.06838200017236408 0.1371873397788986 0.11074158753236393
0.08103224158297244 0.13249842999037834 0.14899975663630677 0.13400837096079937 0.0940639465691533 0.1576945748905405 0.09089263421689002 0.1608100451529592
0.06716222973813861 0.13189222933058345 0.15796356468071282 0.1877887049875532 0.06248559425380357 0.12817054476587245 0.09552729775453794 0.1690098344887979
0.14085150801698218 0.09340737018006151 0.20116636649640318 0.1120888442160738 0.1183034534986042 0.11237701983096711 0.12408695818792052 0.09771847957298743
0.08754907076785871 0.13592649243169594 0.12446435610728343 0.13152789383415062 0.0996655368200636 0.1738229537939345 0.0892102236440326 0.15783347260098074
0.10332065720188575 0.09266856426836398 0.22613464049059456 0.12948801894083165 0.09586775941956988 0.09161166479797413 0.14436947783403167 0.11653921704674848
0.10409863883041448 0.0811513658263239 0.27080949676126514 0.12554267760154814 0.09197895322855504 0.07345974124131113 0.13997071666918873 0.11298840984139333
0.10263252438806005 0.07758864386405837 0.28921588455493774 0.12338004958689433 0.08962285728845452 0.06895844786638994 0.1375595478230001 0.1110420446282049
0.10157783172699317 0.07636367927206875 0.2966752219427149 0.12246797144265342 0.08848571664225743 0.06766575591721956 0.13654264875770464 0.1102211742983881
0.10103985985790699 0.0759143148978676 0.29968688831114954 0.12210173623055916 0.08798837555694876 0.06724293871085935 0.1361343238272055 0.10989156260750324
0.08071380934872752 0.1329332197672801 0.1505946295898169 0.1337744410342167 0.09372164643426995 0.1569989558831601 0.09073396870146873 0.16052932924106006
0.13177144134359084 0.11946193095370834 0.1945893035659437 0.10510770282396703 0.12259823188472657 0.11468721209618958 0.11718724479030353 0.09459693254157032
0.12678033574282946 0.098364215406684 0.18174785988967632 0.08851863261130365 0.14887388926409223 0.11790381529385245 0.13158889265799767 0.10622235913356438
0.09720672784636178 0.1590107213041764 0.13726614419320718 0.1506744916077416 0.09204626828335763 0.15154114554381504 0.0766474587743729 0.13560704244696742
0.07802660577350452 0.1583912077412993 0.10733063119495918 0.1304972313729299 0.09242030799237073 0.18822617265056368 0.08851116562685679 0.15659667764751584
0.10135383231487746 0.09841579531308232 0.21829059549015997 0.13013793028965984 0.09466279207851512 0.09492083676588317 0.14509408048712824 0.11712413726069387
0.13715403515520272 0.1094030609586847 0.220764112567526 0.10388514787944918 0.12140668154141278 0.09806614154361057 0.11582418726260975 0.09349663309150424
0.11123630717296755 0.08359702029631579 0.26548988169273174 0.12262376815859947 0.096466775377288 0.07350850548999405 0.1367163504693639 0.11036139134273952
0.10435838487592036 0.0782851835581354 0.2865792602941206 0.12315736678634692 0.09056769876039154 0.06889920249886379 0.13731127311850916 0.11084163010771222
0.07039861654132165 0.1161112161507816 0.20386558754350032 0.18519921484258287 0.06121086375427753 0.10232517243276706 0.09421003537644433 0.16667929335832457
0.10340296928586741 0.06759497242611133 0.2638937286925497 0.13518994485222266 0.08546610836095367 0.07693354953186532 0.14966082621003077 0.11785790064039922
0.07242333049607676 0.11653258542719713 0.08786865362213234 0.08351601250481432 0.13850587644264628 0.2397121110572797 0.09440940544022487 0.16703202500962863
0.09986188867888576 0.08969627868520329 0.20802378816318928 0.12980637617512 0.10585584988584029 0.10520565746189268 0.1447244223922607 0.11682573855760801
0.08022217573873647 0.13776767385366231 0.1270693579181032 0.13365121166179644 0.09769192114639928 0.17256581864697157 0.09065038704017499 0.1603814539941557
0.10142014610982324 0.09356318348531134 0.22755567084559003 0.1295740592534765 0.09542559580799 0.09137928480796823 0.14446540636171185 0.11661665332812884
0.10355475142207332 0.08160874550859423 0.2714039216568593 0.12545397095043817 0.09182426702143381 0.07337395421210642 0.13987181537310045 0.11290857385539435
0.10244889772425585 0.07792255676281504 0.2894259212270409 0.1233026545826294 0.08954566617068548 0.06890865623921567 0.13747325816899128 0.11097238912436645
0.08099321971618202 0.13409064451384736 0.14798830833783383 0.1338032345637554 0.09409491862212126 0.15771229454390218 0.09075349822585149 0.16056388147650646
0.10093957719399543 0.0921693299515369 0.2369819892595 0.12870606390712747 0.09393476994200921 0.08793515590311118 0.14349765632630482 0.11583545751641472
0.11952533692637181 0.09397918350254071 0.199530920208803 0.09058392944344193 0.14095274539267957 0.112068074081095 0.13465909511293755 0.10870071533213031
0.10786428863650675 0.08136724722054854 0.25708518206608616 0.12426753389527154 0.1020621862103571 0.07696375486881693 0.1385490265966684 0.11184078050574438
0.12080119905469178 0.09085487123720279 0.20586113964242897 0.08988188847522532 0.14291367130424978 0.10821350005425273 0.13361546406167826 0.10785826617027039
0.12347499434648798 0.09212358135281079 0.1857306715496064 0.08860820197439741 0.15600306562968785 0.11600759924564338 0.13172204353208927 0.10632984236927688
0.08375981038739756 0.13651872199747905 0.12020558789487794 0.1308279562057608 0.10828936806177243 0.17466952466623978 0.0887354833395595 0.15699354744691293
0.10237102956049805 0.09334656370507566 0.22402387288531217 0.12950254741867373 0.0979737921143289 0.09184422563669437 0.14438567600261085 0.11655229267680635
0.1038943147522497 0.08164127559836366 0.26986038178333577 0.12556862909036912 0.09249524822389722 0.07352873372790653 0.13999965064254585 0.11301176618133218
0.10258558075271973 0.07796845673642347 0.28878379856464303 0.1233686934832842 0.08974277276411177 0.06897198694891693 0.1375468866149452 0.11103182413495577
0.0810234916028948 0.1341120029238292 0.14783025047791612 0.13381087859473223 0.09414582729058536 0.15774581192341466 0.09075868287294882 0.16057305431367863
0.10095273522516529 0.09217845600400568 0.23691118602430375 0.12871297776746607 0.09395161719153511 0.08794598303218197 0.1435053647646226 0.11584167999071945
0.09243110443802695 0.15928446920643557 0.15427543814986527 0.15352670725782325 0.08175179419381622 0.14245808174735997 0.07809836847463184 0.1381740365320409
0.11776425144111455 0.11042547012246781 0.17026013826577518 0.09101353458299538 0.1374952272678833 0.128527404813209 0.13529773200696033 0.10921624149959447
0.12324769357513746 0.09722914550826295 0.17350962226782923 0.08914013823255834 0.15491524586322974 0.12247718616700476 0.1325128025069076 0.10696816587907002
0.10957377575067279 0.08258660192007192 0.24534837811285926 0.12503999035585922 0.10604492720263346 0.07946007743341084 0.13941025790421915 0.11253599132027331
0.10470831794796888 0.07867425888263596 0.278307001458961 0.12416815195436544 0.09343176334124835 0.07052094650677056 0.13843822314912088 0.1117513367589289
0.10243641597590743 0.0771026999688416 0.29214374722944264 0.12288787825372226 0.0896417647770966 0.06817758985092223 0.1370108135157172 0.11059909042835003
0.10138546875416528 0.07642164959148821 0.2978046768799978 0.12225925496999068 0.08836265987078684 0.06742301499403774 0.13630994546654185 0.11003332947299162
0.10092155864950639 0.07613203401199906 0.3001019557898588 0.12199244537937468 0.08789780158332836 0.06714853106032691 0.1360124726841685 0.10979320084143723
0.10072375058154547 0.0760116324754085 0.30103181566104975 0.1218832543967068 0.08772120304918869 0.06704268199198998 0.1358907328870746 0.10969492895703613
0.10064120218798854 0.07596227345135818 0.30140789551407465 0.12183900029856409 0.08765234222295959 0.06700079318615709 0.13584139287019012 0.10965510026870769
