Action: 0
[0.13466203322825354, 0.09437615041938563, 0.27138189606463603, 0.09437597017590416, 0.12082784528592792, 0.09562416447408432, 0.09437597017590416, 0.09437597017590416]
[0.15655107717225936, 0.09636696956858434, 0.16321259674593927, 0.09587909324593853, 0.19919003039287467, 0.09704204638252685, 0.09587909324593853, 0.09587909324593853]
[0.1278740459987746, 0.09458068000604503, 0.18627773178759707, 0.09458059224601656, 0.19568515476129617, 0.1118406107082374, 0.09458059224601656, 0.09458059224601656]
[0.125, 0.125, 0.125, 0.125, 0.125, 0.125, 0.125, 0.125]
[0.2554832429660067, 0.09613152839499159, 0.15667527691229982, 0.09598848960018119, 0.09598848960152134, 0.10775599332463706, 0.09598848960018119, 0.09598848960018119]
[0.15574739254203923, 0.09727419493474848, 0.26059765815894537, 0.09727419490435939, 0.09728397474682939, 0.09727419490435939, 0.09727419490435939, 0.09727419490435939]
[0.125, 0.125, 0.125, 0.125, 0.125, 0.125, 0.125, 0.125]
[0.125, 0.125, 0.125, 0.125, 0.125, 0.125, 0.125, 0.125]

Action: 1
[0.09750948424165931, 0.09750948424165931, 0.09750948424165931, 0.09750948424165931, 0.1359128606359687, 0.27903023391407544, 0.09750948424165931, 0.09750948424165931]
[0.1111111111111111, 0.1111111111111111, 0.1111111111111111, 0.1111111111111111, 0.1111111111111111, 0.2222222222222222, 0.1111111111111111, 0.1111111111111111]
[0.09738660904757049, 0.09738660904757049, 0.09738660904757049, 0.09738660904757049, 0.16210226465664734, 0.2535780810579296, 0.09738660904757049, 0.09738660904757049]
[0.125, 0.125, 0.125, 0.125, 0.125, 0.125, 0.125, 0.125]
[0.10285105474385359, 0.10285105474385359, 0.10285105474385359, 0.10285105474385359, 0.10285105474385359, 0.28004261679302495, 0.10285105474385359, 0.10285105474385359]
[0.09817690529074316, 0.09817690529074316, 0.09817690529074316, 0.09817690529074316, 0.12128258231787997, 0.28965598593766106, 0.09817690529074316, 0.09817690529074316]
[0.125, 0.125, 0.125, 0.125, 0.125, 0.125, 0.125, 0.125]
[0.125, 0.125, 0.125, 0.125, 0.125, 0.125, 0.125, 0.125]

