Action: 0
[0.1592651888775426, 0.09441285505021345, 0.24964973172809518, 0.09441100943502957, 0.11902818660274223, 0.09441100943631789, 0.09441100943502957, 0.09441100943502957]
[0.11953998047197152, 0.09500215672740625, 0.21356812226025845, 0.09500215672740625, 0.19188111363073887, 0.09500215672740625, 0.09500215672740625, 0.09500215672740625]
[0.11913589067535069, 0.09439897713219969, 0.155209813619847, 0.09439897713219969, 0.18881908046210724, 0.15923930671389636, 0.09439897713219969, 0.09439897713219969]
[0.125, 0.125, 0.125, 0.125, 0.125, 0.125, 0.125, 0.125]
[0.19133249638552227, 0.09565999674654989, 0.19465194084577464, 0.09565999674654989, 0.12105375178999087, 0.1103218239925126, 0.09565999674654989, 0.09565999674654989]
[0.11722435972842718, 0.20104778495538672, 0.19732301361481042, 0.09655459154961991, 0.09720694714376173, 0.09753411990875424, 0.09655459154961991, 0.09655459154961991]
[0.125, 0.125, 0.125, 0.125, 0.125, 0.125, 0.125, 0.125]
[0.125, 0.125, 0.125, 0.125, 0.125, 0.125, 0.125, 0.125]

Action: 1
[0.13527636836945092, 0.13373217249140748, 0.09278798433694377, 0.09278798433694377, 0.09639175245824894, 0.26344776933311775, 0.09278798433694377, 0.09278798433694377]
[0.10266153388269475, 0.10266153388269475, 0.10266153388269475, 0.10266153388269475, 0.10266153388269475, 0.2813692628211368, 0.10266153388269475, 0.10266153388269475]
[0.09939442243424178, 0.09880358010469405, 0.09880080480330429, 0.09880080480330429, 0.10885605401380388, 0.2977427242340432, 0.09880080480330429, 0.09880080480330429]
[0.125, 0.125, 0.125, 0.125, 0.125, 0.125, 0.125, 0.125]
[0.09694685811193803, 0.09694685811193803, 0.09694685811193803, 0.09694685811193803, 0.13391142061475522, 0.28440743071361674, 0.09694685811193803, 0.09694685811193803]
[0.09697798214890281, 0.09697798214890281, 0.09697798214890281, 0.09697798214890281, 0.13121441360241698, 0.286917693504166, 0.09697798214890281, 0.09697798214890281]
[0.125, 0.125, 0.125, 0.125, 0.125, 0.125, 0.125, 0.125]
[0.125, 0.125, 0.125, 0.125, 0.125, 0.125, 0.125, 0.125]

