0.125 0.125 0.125 0.125 0.125 0.125 0.125 0.125
0.07575757575757576 0.12626262626262627 0.09090909090909091 0.15151515151515152 0.0946969696969697 0.15782828282828282 0.11363636363636365 0.1893939393939394
0.07515215834697218 0.12525359724495364 0.09018259001636662 0.15030431669394437 0.10193170775368249 0.15656699655619205 0.11272823752045827 0.18788039586743044
0.07344775822701911 0.1224129303783652 0.08813730987242295 0.14689551645403823 0.1003741939424038 0.1749412582176742 0.11017163734052869 0.1836193955675478
0.05399935121818056 0.1002446136561612 0.06479922146181666 0.10799870243636112 0.11808002345102969 0.20928223998009524 0.12959844292363332 0.21599740487272223
0.07133992734550437 0.1301445507751638 0.08560791281460524 0.14267985469100875 0.10689860079387753 0.17796944419782304 0.10700989101825654 0.1783498183637609
0.07008435039432971 0.13135165467853538 0.08410122047319567 0.14016870078865942 0.10359122329757829 0.1903654487903826 0.10512652559149459 0.1752108759858243
0.058894002567529226 0.11060889496710569 0.053004602310776305 0.08834100385129386 0.14575074064948063 0.2607095433296739 0.10600920462155261 0.1766820077025877
0.07295173961840629 0.12906846240179573 0.09118967452300787 0.16133557800224468 0.08754208754208756 0.1548821548821549 0.10942760942760946 0.1936026936026936
0.07017105729249455 0.13141422004430603 0.08420526875099346 0.1403421145849891 0.10828867080812929 0.18489443934910926 0.10525658593874183 0.17542764323123639
0.10286431997189446 0.09968826270933694 0.12343718396627339 0.09720678237344028 0.16688434043577882 0.1341141526186343 0.15429647995784174 0.12150847796680034
0.11033864034065334 0.0890685409978768 0.13792330042581666 0.111335676247346 0.13240636840878403 0.11981670157172793 0.16550796051098002 0.1336028114968152
0.06949365402796731 0.13374064456409013 0.08339238483356078 0.13898730805593462 0.12150359055264925 0.17490780185392873 0.10424048104195098 0.17373413506991828
0.06784579575887276 0.13989473839811167 0.0814149549106473 0.1356915915177455 0.11858248141613552 0.18518725496299612 0.10176869363830914 0.16961448939718188
0.06751610171952376 0.14056913738443136 0.0810193220634285 0.1350322034390475 0.11873863836900946 0.1870601901464644 0.10127415257928564 0.16879025429880937
0.06739343089595051 0.14050601691943168 0.08087211707514064 0.13478686179190102 0.11958370690711283 0.1872841428266613 0.10109014634392578 0.16848357723987628
0.06622788984795476 0.138462269145414 0.07947346781754572 0.13245577969590952 0.11826646255870858 0.2002025715426483 0.09934183477193215 0.1655697246198869
0.09936212557298701 0.0979403339062456 0.11923455068758443 0.09389720866647273 0.17800610363292418 0.14514497834121448 0.14904318835948055 0.11737151083309093
0.07047835746049563 0.12469247858395381 0.08809794682561953 0.15586559822994228 0.09845436132174677 0.16965500351156793 0.10571753619074345 0.1870387178759307
0.09259453920427532 0.08910641445221598 0.18518907840855064 0.14583639924673364 0.10958035846217137 0.08910689637272809 0.1614468888689929 0.12713942498433192
0.058401484922478215 0.11272228256147275 0.06223984700194684 0.08760222738371733 0.16310889752219404 0.23559813298029528 0.1051226728604608 0.17520445476743465
0.06783346250737338 0.12001304905150673 0.0847918281342167 0.15001631131438342 0.09402013888850963 0.20155544276568996 0.10175019376106006 0.1800195735772601
0.06529687516909881 0.1327423669676951 0.08517467240196885 0.13059375033819762 0.11027624973405095 0.2147285847125935 0.0979453127536482 0.16324218792274697
0.047509340111047016 0.09873423258495674 0.062074043769077034 0.09501868022209403 0.13508614314299996 0.2575177834591242 0.11402241626651283 0.19003736044418806
0.07044028622784672 0.11920435064060335 0.08422046512651322 0.14900543830075416 0.09130581847133562 0.20595255712022603 0.10106455815181588 0.17880652596090502
0.09863624874011011 0.09464036100242339 0.12860024133183595 0.09321125505940407 0.16591993021233775 0.15452352171946848 0.14795437311016518 0.11651406882425508
0.08819420567140614 0.15549101418001102 0.07025959246414806 0.12430543282118504 0.11205605829090381 0.21621566622994598 0.08431151095697767 0.14916651938542205
0.08906540250365855 0.09053243400149136 0.1912479488019862 0.14027800894326223 0.11139038026197834 0.09989865435122078 0.15529352231407134 0.1222936488223312
0.08237080876087437 0.1600113100162477 0.10005888318154287 0.12355621314131156 0.14645931580580757 0.22074258135344543 0.09266715985598367 0.07413372788478693
0.07112270887450313 0.13475311438099039 0.08221677555247012 0.1454604490543702 0.09929156973584784 0.19394271287360995 0.09866013066296414 0.17455253886524422
0.088816886183306 0.08740915846684978 0.20469771422062424 0.139886595738707 0.10704938544493747 0.09532763134093837 0.15486021180678997 0.12195241679784712
0.06592094120432052 0.12768215345930278 0.11905186751503044 0.13184188240864103 0.11641810855976555 0.17540128203565777 0.09888141180648077 0.16480235301080126
0.06405375149940229 0.13246848841992637 0.09982131889225282 0.12810750299880458 0.11668031379927914 0.2026536183927257 0.09608062724910342 0.1601343787485057
0.06348195174007276 0.13238371573812693 0.09535792144609975 0.12696390348014552 0.11595599432840074 0.2119287063068633 0.09522292761010917 0.1587048793501819
0.04632487922222489 0.09678850031229462 0.06909529953143252 0.09264975844444978 0.13555152667164305 0.2631108087957158 0.11117971013333973 0.18529951688889956
0.05667117602931139 0.1051054413474433 0.04721583511418 0.08353570827893386 0.13454528711211378 0.31142346533179005 0.09443167022836 0.16707141655786772
0.09346886055531768 0.0790244904182258 0.1765776261158587 0.14253856565978956 0.09920748376743624 0.12197840088528852 0.1589198635042728 0.1282847090938106
0.08582859563470115 0.07753118180586378 0.2466852839786667 0.13518003812465434 0.10362530265604307 0.08365047473858571 0.14964985905537637 0.11784926400610891
0.06471368079358603 0.12374787141025928 0.13472229110759845 0.12942736158717205 0.11409962432528475 0.17443444760175525 0.09707052119037904 0.16178420198396506
0.07658187357249407 0.1580909720054527 0.09698790529773287 0.1148728103587411 0.13966017552809212 0.25872796925318653 0.08615460776905583 0.06892368621524467
0.0784053127037729 0.14960429781873016 0.0696964198174677 0.1120151944693402 0.10972249463519786 0.27016252398699125 0.07597552320529159 0.13441823336320824
0.09430272186716306 0.08134914592386355 0.18702189839242064 0.1407395054348727 0.0944749564914247 0.11853217138715352 0.1569140456117163 0.12666555489138545
0.06460142654190468 0.12417754442976478 0.12035538871150496 0.12920285308380935 0.11074771497453777 0.19250936609085967 0.09690213981285703 0.1615035663547617
0.061942462296409984 0.1281331310008964 0.10156329598740556 0.12388492459281997 0.11216625111106658 0.22454008582576157 0.09291369344461498 0.15485615574102496
0.07801518456364526 0.14690811618439 0.0758983385534203 0.1130854162237674 0.10619342899708972 0.26749560326608923 0.07670141274307701 0.1357024994685209
0.09289175063594866 0.08002963544545398 0.1961970328718815 0.13854439223495588 0.09270144115799031 0.12047913643408234 0.15446665820822691 0.1246899530114603
0.11343949421948538 0.10288463423337581 0.21547803513915756 0.10720032203741368 0.1351454304436336 0.11372022973649637 0.1186751631834616 0.09345669100697601
0.10651867514920038 0.0851371418299796 0.18263412494894704 0.09609124398578536 0.14306836099315776 0.12839487223559615 0.1428460880743914 0.11530949278294245
0.06984545279660333 0.12107547039577697 0.11427691745144723 0.1389148593460224 0.10226873047006602 0.1927002250292941 0.09422051329556302 0.16669783121522685
0.08072834317949616 0.15451403463733965 0.12143681520182056 0.15000771628680104 0.09258466473103288 0.1914868935019205 0.07846557467309594 0.1307759577884932
0.07075688223841861 0.13278444354775 0.10080006363597073 0.12200876314932116 0.10542093440832659 0.22421138672157073 0.09150657236199088 0.15251095393665146
0.06557887335135901 0.12314155877136254 0.09562771472860482 0.13488138744495706 0.09613327062261891 0.2312947630105696 0.09148476713657959 0.16185766493394846
0.06842406676809445 0.12176263443427071 0.09444294334056409 0.13453517214341942 0.09393060403181258 0.23421242986463364 0.09124994284510188 0.1614422065721033
0.09504505343644092 0.07670013820403036 0.20846936854367026 0.13569242732303913 0.09694011158729447 0.11374278615014752 0.15128693016464212 0.12212318459073522
0.0966442659751155 0.07381606058229052 0.2667951607449261 0.12847226809270534 0.0990873610805611 0.08095933713989453 0.14222408189343042 0.11200146449107645
0.08831982518611027 0.1423003409559039 0.11701021357307578 0.11494804407056514 0.11603380446051029 0.20548535854303399 0.07796476032612243 0.13793765288467816
0.09586102283715042 0.07627816224925063 0.22209215254548167 0.13199410626836397 0.102495030679249 0.10532125159618888 0.14716357818278786 0.11879469564152756
0.09380458816228959 0.06916561672333829 0.2760657974872434 0.12777543368566036 0.09568922039488807 0.08004138015010055 0.1424600730793855 0.11499789031709431
0.07259379079155609 0.11673170400991488 0.15330940964697162 0.1356102311263907 0.09751174242794644 0.1695317313598256 0.09197911328572586 0.1627322773516688
0.07175494268417733 0.12046919544913864 0.11718714550557523 0.13355123425931095 0.09635165441137024 0.20984177029902618 0.0905825762802283 0.16026148111117314
0.09573170595714643 0.08049960370239388 0.23009667003867523 0.12999366760502276 0.09643506875969275 0.10531574473291858 0.14493323835962985 0.11699430084452049
0.09611118002800653 0.0718201862384191 0.2885872388221933 0.12382062137571385 0.09197401489902458 0.07819744690945808 0.13805075248904217 0.11143855923814247
0.09323520994042074 0.06849950013555732 0.31913124053714814 0.11965344888779468 0.08817194562717429 0.07021588472485564 0.13340466614803378 0.10768810399901523
0.1080779243954042 0.07935892871620014 0.2493015366010159 0.0870338790626696 0.1357920569980056 0.10661331256580131 0.12938170678569988 0.1044406548752035
0.12680510604789777 0.09184322531253632 0.24923803000493594 0.09859797197844458 0.13365970915572287 0.10118840202150693 0.10992938069835538 0.08873817478060012
0.11465772765491289 0.08158299923345136 0.21845960763388497 0.08557736451566642 0.15424026814910913 0.11557269530819984 0.12721650008597576 0.10269283741879968
0.11211435861217424 0.08036634371215765 0.20500538302317575 0.08588051435230375 0.165273606423019 0.1206360239754579 0.12766715267894704 0.10305661722276448
0.09741547931939311 0.07003979424165117 0.27817448974634373 0.11997779677723877 0.11249835453546549 0.08014777844069523 0.13376628983969754 0.1079800170995149
0.09258976322947837 0.06752613634421752 0.31801466270555223 0.11807110153403509 0.09591663420155776 0.06997724367031233 0.13164046693421522 0.10626399138063157
0.08999088810594352 0.06598907860944216 0.3383072702262679 0.115818991249553 0.08989193125416843 0.06663521639507787 0.12912953203494937 0.1042370921245977
0.0885417787698021 0.06508835439645165 0.34854868233120195 0.1144821895484583 0.08741032763654108 0.06525559882438266 0.12763909789954975 0.10303397059361247
0.07296026051943508 0.11770600075810943 0.1838246899746083 0.12955646327902892 0.09564957415362017 0.1569621759389352 0.08787307944142832 0.1554677559348347
0.10521405945118535 0.08790537296103859 0.19502594751757632 0.08871856853547537 0.14599154774665815 0.1387961107076846 0.13188611083781115 0.10646228224257044
0.11020410430004982 0.08150476256887301 0.19682155160194642 0.0861344374572191 0.16399605338240072 0.12993313931190728 0.12804462642894066 0.10336132494866293
0.08717995710698687 0.13817511305836072 0.1549868443589185 0.14755992887004396 0.10082800947498663 0.1634031168963806 0.07506309425128324 0.13280393598303955
0.07207621603904535 0.13217481780301157 0.12077640513904386 0.12904918077776015 0.0983703004581487 0.20516505327867562 0.08752900957100253 0.15485901693331214
0.10875749132036087 0.09057177622826562 0.16710750405306826 0.08929081045218472 0.14810272088353232 0.1562839376388082 0.13273678688115817 0.10714897254262165
0.07988629029950386 0.12052070429349115 0.1238766406522086 0.12660079393568816 0.11093269232763818 0.20039356118617735 0.08586836458246676 0.15192095272282577
0.10130898142921017 0.07828685222770122 0.2379398600402154 0.12554816731612622 0.10149946426899442 0.10244648684197576 0.13997683729126312 0.11299335058451362
0.10235602484410425 0.06922863312232107 0.29893910721212913 0.1192081785062233 0.09399200290336193 0.07608046985454466 0.13290822290171464 0.10728736065560097
0.13356871737615691 0.0884392209503267 0.27577514060550956 0.09656772580555455 0.1196460322386121 0.09142640207234967 0.10766580772649142 0.0869109532249991
0.12748974337815516 0.07879100331606043 0.2298022715378082 0.08269726984757181 0.1486379258025262 0.11041001637813305 0.12293504592265898 0.09923672381708616
0.11054455998802808 0.06764762707635928 0.29117283580843734 0.11569543666926695 0.10529499482870826 0.07652687472843829 0.12899177789842148 0.10412589300234024
0.12217980750540026 0.07710026079917655 0.23855767916102813 0.08433332704815912 0.14441601721145306 0.10684576098122113 0.12536715483577088 0.10119999245779093
0.10863275961049068 0.06727096897645267 0.2959866049556031 0.11542787690250707 0.10456694960330284 0.07553628201375619 0.128693468725631 0.10388508921225635
0.10305316992923724 0.06532188095784505 0.3268831210061048 0.11437576981196747 0.09216769765075151 0.06773971997818935 0.12752044783513386 0.1029381928307707
0.10016212344532058 0.06425808165936626 0.34230518496562046 0.11287989266014774 0.08771111240123138 0.06523904503070227 0.12585265644347815 0.10159190339413297
0.09864051736061746 0.0636616932441982 0.349815368064088 0.11201303314475987 0.08592016108545343 0.06425132449576998 0.12488617277482929 0.10081172983028389
0.0978607810957303 0.0633542999086748 0.353439525473575 0.11157350908040847 0.0851454863545373 0.06381410367132569 0.12439613624338078 0.10041615817236763
0.08149779096380869 0.11582272819530255 0.18561107970769722 0.12754507690499636 0.09453254714494695 0.15542785002690718 0.08650883477034538 0.15305409228599562
0.10061926997270591 0.07550470922886424 0.27175473673409123 0.12189334307544822 0.09496746563072798 0.08965448557927426 0.13590198101098477 0.10970400876790339
0.10224099836847902 0.06747962440948328 0.3156332697352393 0.11657783333042648 0.09127158536278417 0.07190105447108659 0.12997558432511727 0.10492004999738383
0.13490026634276228 0.08715633940213938 0.28267626801384066 0.09535198808751982 0.11849245308866832 0.08929554488872368 0.10631035089757808 0.08581678927876785
0.1023342252559612 0.13627080001717515 0.18483010328249666 0.14321339809415223 0.08888741522608196 0.1427199668958489 0.072852032943547 0.128892058284737
0.10717347570396184 0.07771379245261004 0.270421693421161 0.12114280651456111 0.0929567828496035 0.08649773443921073 0.1350651887557868 0.109028525863105
0.10470847372850028 0.06768701415433812 0.31470746006714223 0.11644690275278505 0.09065287015986341 0.07116546015787888 0.1298296065019857 0.10480221247750653
0.10176099426425231 0.06492798470056918 0.33640202082879406 0.11359411066713625 0.08808470768161603 0.06634652603579061 0.12664895622141908 0.10223469960042261
0.11878055725977862 0.07598083292698256 0.2579348788669937 0.08344992486625277 0.1371675234389913 0.1024924546421131 0.1240539181593847 0.10013990983950331
0.10724406981504558 0.06643734539581814 0.3059287152067542 0.11414912182824029 0.10237257876813985 0.07386620709327889 0.12726775224730671 0.10273420964541627
0.10262558392452927 0.06478987153558705 0.331657757235115 0.11355410242308189 0.09159977313584468 0.06696986955008011 0.12660435001498832 0.1021986921807737
0.10023554363623469 0.06393153897597761 0.34447331733621733 0.11236910799441957 0.08774384296198412 0.06483128224073931 0.12528316965944986 0.10113219719497761
0.08251158340774395 0.11593466853699731 0.1827395547109307 0.12752604287605468 0.09582189074931748 0.15593908353436645 0.08649592473332404 0.1530312514512656
0.10097719367765866 0.0799858450845015 0.2693406947935893 0.12105209685174238 0.09519921640760426 0.08953401176721394 0.13496405425112173 0.10894688716656814
0.13658915384441603 0.09447437727835181 0.2611475373979823 0.0964801361960247 0.12151800940826894 0.09539051145013026 0.10756815184840368 0.08683212257642223
0.08989503887331378 0.12656883858072074 0.1538293894820753 0.1241177122607554 0.10412606360402793 0.16833751503977507 0.08418418744642542 0.14894125471290648
0.13597737632990348 0.10762948567334213 0.20612182477013916 0.09950613200538382 0.12869670863020158 0.12157104243092824 0.11094191135525629 0.08955551880484543
0.11505642049488701 0.07599574168836694 0.2779094291367954 0.11597032699097738 0.10195994143057405 0.07943658587359397 0.12929826009292553 0.10437329429187965
0.10639469169615043 0.0696051398817817 0.3172613828585909 0.11457322050541861 0.09250350640590647 0.06880556957406961 0.1277405906232055 0.10311589845487674
0.10209291850058831 0.0674465311208265 0.3370705606680459 0.11262071876734893 0.0884221818296412 0.06542474532859237 0.12556369689434274 0.10135864689061402
0.09991161828818719 0.06648106018516989 0.34677281274813465 0.1115096759192614 0.08652483824426192 0.06411631925527916 0.12432496703237052 0.10035870832733526
0.08231571845036782 0.12052766290559999 0.1829814642177847 0.12660075561628728 0.09509619812284104 0.15468895535565774 0.0858683385919166 0.15192090673954475
0.10133596695972727 0.08067565887093393 0.2693180689114203 0.12087809895764612 0.09504712242039985 0.08918473523386898 0.13477005958412186 0.10879028906188151
0.08311069823347256 0.1252772380009323 0.1578289323080299 0.1276997904746774 0.0979960048835525 0.16823381659907172 0.08661377093065076 0.15323974856961287
0.10288929957561764 0.08239959516585896 0.2556486906261859 0.12234217350053005 0.09697031450258269 0.09323957703860451 0.1364023934401432 0.11010795615047705
0.13882672084848405 0.09528106192862515 0.25461322321604263 0.09678959619841175 0.12272270237401312 0.09674288219881753 0.10791317665703519 0.08711063657857057
0.1141039165384545 0.07216421936795898 0.3030007426518183 0.11297450541555269 0.0979616016110778 0.07215981693603907 0.1259581426051013 0.10167705487399742
0.10539132804495686 0.06805885769165515 0.3295716189652947 0.11289982077698356 0.09023963854720438 0.06635402246804294 0.1258748748065772 0.10160983869928522
0.1016845770831769 0.06672997719032338 0.3429546973422102 0.11175801896698699 0.08722689307249448 0.06446176827699823 0.12460185099752132 0.1005822170702883
0.09997626796519914 0.06612027333165985 0.3495154035710358 0.11104887615277018 0.08590141888348593 0.06368256187758077 0.12381120968077508 0.09994398853749314
0.09916634120936264 0.06582024906535418 0.35269906751018504 0.11068305942937394 0.0852871583848369 0.06332601958050699 0.12340335133394378 0.09961475348643656
0.09877856663857053 0.06567292766917052 0.3542374323987077 0.11050289930578763 0.0849963106615949 0.06315676771002936 0.12320248624093039 0.09945260937520888
0.09859225684027394 0.06560121568929586 0.35497938044520816 0.11041543407220514 0.08485733522280432 0.06307551803248591 0.12310496903274212 0.09937389066498462
0.08230972746013197 0.12008068290961843 0.18557680802713064 0.12633820838719545 0.0944691729342664 0.1539292871370118 0.08569026308001083 0.15160585006463453
0.10141172032887703 0.08047362728032487 0.27064604480768845 0.12065433349477088 0.0948175341627063 0.08888726198840766 0.1345205777919311 0.10858890014529378
0.10345198646187337 0.07089655712358464 0.3143258837875642 0.11565810875599455 0.09124504234110646 0.07137996358869378 0.12895016006078794 0.10409229788039509
0.10190128377774374 0.06777500928310498 0.33570995919478075 0.11284207438851132 0.0883121667572834 0.06609114775605285 0.1258104918928626 0.10155786694966021
0.10039087955911251 0.06653611039024075 0.3460461736140873 0.11150238182470824 0.08659204444410654 0.06426343186422812 0.12431683466127919 0.1003521436422374
0.09944615363360552 0.06599453980380261 0.35102491991296136 0.1108776407622675 0.08569532662006364 0.0635512475821335 0.1236202949991251 0.09978987668604074
0.09893063931665906 0.06574671461203037 0.3534211492383697 0.11058420373942839 0.08525010849940128 0.06324826661168083 0.12329313461694477 0.09952578336548554
0.08240078894010905 0.120132361403881 0.18507720504466837 0.1263513310711814 0.0946879504835338 0.15402960208814662 0.08569916368306217 0.15162159728541766
0.10151946596749876 0.0804934979464488 0.2703612631742622 0.12066894640090536 0.09489483535761761 0.08892306930069681 0.13453687009175566 0.1086020517608148
0.10356643834506488 0.07090184059470694 0.3141666655075156 0.11565926499048627 0.09127054243554328 0.07139046045928535 0.12895144917596008 0.10409333849143765
0.10201159725745539 0.06777326841152169 0.33561653785598206 0.11283524418695795 0.08831731300894122 0.06609144278303247 0.12580287672784712 0.10155171976826216
0.11945389058399314 0.07908250335420493 0.25703623400591386 0.08282826970354303 0.13723230870028458 0.1018430840007509 0.12312978600705798 0.09939392364425163
0.10818822408442211 0.06964104783809934 0.30475443569411487 0.11328805305775917 0.10246172776187065 0.07339953898466693 0.12630772482708372 0.10195924775198324
0.10357058298174605 0.06760730334443692 0.3305046390690413 0.11281563744979965 0.09160850118815672 0.06657824558289463 0.125781016679105 0.1015340737048197
0.10114148869507422 0.06661242310357281 0.3433987819262506 0.1116695574159127 0.08770383226027158 0.06446809195491486 0.12450322296968175 0.1005026016743214
0.09984123877933536 0.0660672939435121 0.3497019167579441 0.11098058178761042 0.08613841957237878 0.06365295899015343 0.12373506656021638 0.09988252360884936
0.13353081451795404 0.08858210418965067 0.29687610688471017 0.09310333945613353 0.1150810842114369 0.08523026974641268 0.10380327548318172 0.08379300551052017
0.10285519990024439 0.14206191474818824 0.18878434442815592 0.14089816130759694 0.08765320385574953 0.1392645485267546 0.07167428205647323 0.12680834517683726
0.10752383627475327 0.08358271114836556 0.27130888759248944 0.11949492927751734 0.09224519421722067 0.08507107652749211 0.13322792861239618 0.10754543634976561
0.10539228017576782 0.07128361466768647 0.3144288354542009 0.1154272475843914 0.09044794679704501 0.07044278541206007 0.12869276708289606 0.10388452282595224
0.07254129910082803 0.1050404925391913 0.2372929601047078 0.17470542751663237 0.06228249231237404 0.10203055227240171 0.0888718913888956 0.15723488476496914
0.09765148052887343 0.07741280020329196 0.3001121316107705 0.12052071992692485 0.0849111541757459 0.07655145698521647 0.13437160863494457 0.10846864793423236
0.13548365995269068 0.09309996426574015 0.27536839284735476 0.09556726196778925 0.11706215215936672 0.09085766782718468 0.10655036520886353 0.08601053577101032
0.1122754743233685 0.07111722872324325 0.31365331607028724 0.11180492807898217 0.09566909477704952 0.07020137159926941 0.12465415115671591 0.10062443527108395
0.08601420159791692 0.12180245020732344 0.17223569012466428 0.1265332409005488 0.09800515179367901 0.15774683029309766 0.08582254600211137 0.15183988908065854
0.11774372061427331 0.09252594060501092 0.1875440918343455 0.0863992342945625 0.14658620669207195 0.1370834600937469 0.12843826471251382 0.103679081153475
0.08596333669815472 0.12579673040189335 0.1296106872850413 0.12425015860253424 0.111877791889082 0.18912708418288218 0.08427402061737106 0.1491001903230411
0.10497940207351017 0.08319097055647763 0.23919701862072706 0.12320588089183113 0.10225874654371322 0.09891732578542438 0.1373653627256684 0.11088529280264801
0.08439055760823695 0.12601967345419826 0.1481142169457806 0.12780270115137823 0.10044138060421612 0.17318465763881863 0.08668357121571742 0.1533632413816539
0.07794151472920302 0.13610305785813318 0.11722531499169307 0.1260902774386683 0.09829148213243258 0.2075179187041971 0.08552210121927067 0.15130833292640192
0.0879144309161879 0.15997923948759812 0.12395479830774307 0.1452129456645098 0.08435205824845964 0.19402568217853977 0.07386919409890283 0.13069165109805883
0.1060983376720259 0.08942463457353075 0.236364870369294 0.12381185029434445 0.09440766119114802 0.10042100724687346 0.13804097338787358 0.11143066526491
0.10679990432765589 0.07354756452595684 0.2968918757233733 0.11772928448298904 0.09275137736715904 0.07506427110714178 0.13125936643103403 0.10595635603469011
0.08490241138460258 0.12308762837603737 0.1669587539342212 0.12736209982594904 0.09756229326104575 0.1609075648494051 0.08638472857760021 0.15283451979113882
0.11754479620866864 0.09291994626232143 0.18532511598252913 0.08656870680977552 0.1467110921195138 0.1383576974566005 0.12869019698886033 0.10388244817173063
0.11132399312423473 0.0744111810190642 0.2671393598804244 0.11749640161107813 0.1087694366192918 0.08411314688776428 0.13099971940817218 0.10574676144997032
0.10651145628315414 0.0696388356173017 0.31173134957631693 0.11505955005585221 0.09511084808953496 0.0701115535488841 0.12828281177868894 0.10355359505026697
0.1379168757361583 0.09038289626425598 0.27952552272704523 0.09430085242942471 0.11981727008283874 0.08804740249203327 0.10513841308176156 0.08487076718648223
0.13146465560343668 0.08209841539267128 0.2299047300782091 0.08112028520885207 0.14967238019383294 0.10780443893205212 0.12059075234032338 0.0973443422506225
0.11313183622420889 0.07066851483082379 0.2898946662601295 0.11407209882398969 0.10707554518258908 0.07531057239111577 0.12718187734555267 0.10266488894159072
0.0863416709279629 0.1218432459951374 0.16460172468461343 0.12678726635626852 0.10171782606285436 0.16056870481704152 0.08599484152859954 0.15214471962752224
0.10369633504240348 0.08137735850305823 0.2589222899621042 0.12153499818381527 0.09785527392340454 0.09172979282081035 0.13550245319897017 0.10938149836543373
0.10485260361928461 0.07135087970644648 0.3082307146445737 0.11616176803984533 0.0926752254829857 0.07267151469523563 0.12951170257576783 0.1045455912358608
0.08429051516205562 0.12219745569446813 0.17049827644640356 0.12701205599671123 0.09738078244323485 0.16005913951547782 0.08614730754559544 0.15241446719605345
0.10278663901746281 0.08125106180766963 0.2622305970348542 0.12123861958724912 0.09635346241101378 0.0918528493316217 0.1351720131816046 0.10911475762852421
0.08372665206372283 0.12516502066426846 0.1553436321701375 0.12736885800193704 0.09848379684329092 0.17068009827039643 0.08638931238392251 0.15284262960232442
0.103272503979407 0.08228727962473849 0.253902604584225 0.12205003645341343 0.09730987710721191 0.09525598300905186 0.13607668243388035 0.1098450328080721
0.1049398840911894 0.07165147794251983 0.3056849453903227 0.11641104190763875 0.09271564880971267 0.07403743980591175 0.12978962433583008 0.10476993771687487
0.10288784056321904 0.06808221711691372 0.33133039583805396 0.11313756662201069 0.0891367290384131 0.06746149718002481 0.12613994368155518 0.10182380995980962
0.11989889229417175 0.0790876496708962 0.2550418838195342 0.08275431856021705 0.13776846772093326 0.10312375299635106 0.12301985266563609 0.09930518227226046
0.1084790664814454 0.06958677468845294 0.30354933314139126 0.11313668892673641 0.10276089768146607 0.07452525392962105 0.12613896511682401 0.10182302003406278
0.12219154112485886 0.0795291645261923 0.2426958933490438 0.08292271160617361 0.1440745589391518 0.10580869628874015 0.12327018023843123 0.09950725392740833
0.10972316224078994 0.06998908945020803 0.29699155081943285 0.11368211401989534 0.10506224607170701 0.07549086138772988 0.12674707339233104 0.1023139026179058
0.12278272890346187 0.0797032750226528 0.23986843694185855 0.08303862194640857 0.1452483862627939 0.10626971584292079 0.12344248874421333 0.09964634633569028
0.11003881091980411 0.07010042725685792 0.2954922938200132 0.11382220398429636 0.105519889960484 0.07568312722451426 0.12690326324816326 0.10243998358586673
0.10461986985209258 0.06786883333835968 0.32574133592165455 0.11310924097175608 0.0928623170073289 0.06789172333885189 0.1261083626953758 0.10179831687458046
0.0840543810911901 0.12080865163151853 0.1760562699500513 0.1264719737798217 0.0972244566013937 0.1578369074987073 0.08578099091153125 0.15176636853578604
0.07777927735779909 0.1344603172423852 0.12587842167430469 0.1257006261643145 0.09726109158304738 0.20282169857387164 0.08525781600710028 0.1508407513971774
0.1330417287361173 0.11013699290679574 0.19241657935818596 0.10016131795543726 0.1273427045089757 0.13508309557950252 0.11167239479509199 0.09014518615989352
0.08942486045352657 0.1300011377460795 0.13059084138739913 0.12320854240831339 0.10556666895020979 0.18979016505277005 0.0835675331117256 0.14785025088997605
0.07839492091105789 0.13578035336273522 0.11073108936140758 0.12442610852448399 0.09885978245275209 0.21810305459374996 0.08439336056443263 0.14931133022938078
0.10337057981783612 0.08563380408087992 0.228558153753636 0.12419519877635393 0.09923799185135179 0.10876021448400519 0.13846837833721848 0.11177567889871855
0.12292453601399081 0.08458387085215438 0.21176566189356905 0.0853041088534682 0.1456557533277233 0.12059085124380657 0.12681028719112586 0.10236493062416183
0.12749913577695812 0.08219721935960803 0.20064744101447687 0.08255419170012054 0.1631179056874882 0.12219672577445717 0.12272235064674637 0.09906503004014465
0.12870466809674125 0.08133929826048883 0.1948683902334987 0.08204904985494979 0.17031910465901665 0.1222892057029023 0.12197142336646268 0.09845885982593974
0.11375579623249515 0.0714820302056675 0.27086870680374403 0.11557463345138491 0.1146415739992912 0.08080299787552216 0.12885709132564854 0.10401717010624643
0.12474086729252236 0.08033103982832501 0.2285160969422115 0.08344267050967871 0.15007213147808654 0.1087228552664569 0.1240431340711045 0.10013120461161445
0.10110243734276368 0.14058062171625627 0.16452467685013455 0.14246902390075422 0.09769130682705737 0.15293643882458016 0.07247337302777497 0.12822212151067877
0.10800412142878854 0.0840924592607117 0.2578516300527004 0.12052452214174639 0.09618724317218164 0.0904921061955763 0.1343758478207232 0.10847206992757175
0.10614255008456579 0.07171557828383202 0.3074732470836259 0.11598126766725103 0.09214687290260223 0.0728468849470949 0.12931045813050226 0.10438314090052592
0.10314949607922114 0.06800406392889415 0.33215100725465585 0.11297172863554235 0.08889432392203114 0.06719977770505503 0.12595504670261212 0.10167455577198811
0.10104739508177761 0.06657852329119406 0.34417927274370863 0.11147529469152116 0.08695940000353773 0.06514571443668837 0.12428663452920344 0.10032776522236904
0.09984319107535577 0.06595783109051996 0.35000181441012773 0.11076387072449982 0.08593635497268572 0.06431600417744564 0.12349344989731545 0.09968748365204982
0.09920907136177663 0.06567252586711596 0.35281335962359484 0.1104262827850634 0.0854227047676833 0.06395533655023514 0.12311706453797366 0.09938365450655706
0.13317936738327063 0.08826447494928087 0.2981143795744428 0.09281330102483043 0.11470490668313824 0.0859116951857518 0.1034799042769378 0.08353197092234739
0.11033578560457658 0.06942361746888591 0.32492943307655775 0.1101769007858913 0.094042857109003 0.06909317302828964 0.12283902221949371 0.09915921070730217
0.09729812424668276 0.1378405769115164 0.20025382546589293 0.14365073062986894 0.08326664246184638 0.1353299406142902 0.07307450210302029 0.12928565756688204
0.08111592290972072 0.1392800135400174 0.1336333592151517 0.1254884108765137 0.09311786014379737 0.19166446158152126 0.08511387868146146 0.15058609305181642
0.10336536021730146 0.08547327412671543 0.24179085470544912 0.12316621970270365 0.09663187054056671 0.10140167951524884 0.13732114345958155 0.11084959773243327
0.1055719357401913 0.0726023497988891 0.29954663497443734 0.11715477358500086 0.09307718973584136 0.07598899028541443 0.13061882965372482 0.10543929622650076
0.10337723460526586 0.0684372846751417 0.32830656164815974 0.11349588898655813 0.08951383579382312 0.0681834478255985 0.12653944637755063 0.10214630008790232
0.08373169745486081 0.12097566038498032 0.1768424365550108 0.12648580673832313 0.09620491339567845 0.15818614411916562 0.08579037326599309 0.15178296808598776
0.13386370293704739 0.10572941545244786 0.2173035754376395 0.09879656881889633 0.12529404126894986 0.11994498279321295 0.11015080135479934 0.08891691193700668
0.08981361399283602 0.12893031447704148 0.13881307076232047 0.12327844240769831 0.10515555595939932 0.18245992796537544 0.08361494354609102 0.14793413088923793
0.11903856240644667 0.09374631014924152 0.17179190836283748 0.08609263720748618 0.14975337795510618 0.1482835517196654 0.1279824875502332 0.10331116464898342
0.1122747221956921 0.07480749476180311 0.25939106586384025 0.11779839531379252 0.1101731934815346 0.08820015275106885 0.13133641984985525 0.10601855578241327
0.09448567494498004 0.06163912191475649 0.2714652030623086 0.10172274499201288 0.11267351757485632 0.08472875096537955 0.15121769255529077 0.12206729399041547
0.1014283730746998 0.06778848307505048 0.31466657019968775 0.11556610170174736 0.09645429343462787 0.07123910792111371 0.1288475790615004 0.10400949153157263
0.08331047663640372 0.12096426042737557 0.1724702050527038 0.12673971636558562 0.098440590925887 0.16002450072277033 0.08596259023057112 0.15208765963870274
0.10229972200775854 0.0809067620295027 0.26318626473984 0.12096837943810992 0.0965418645958223 0.09235475011217782 0.13487071558248973 0.10887154149429894
0.09568630152542638 0.1431111704477768 0.17819328452551686 0.1457075613568215 0.08460653545570912 0.14743753851653116 0.07412080295107877 0.13113680522113935
0.10591189428679236 0.08428188918836853 0.2659303219240815 0.12033738065534658 0.09204952745783894 0.08901814486859012 0.13416719902917 0.10830364258981193
0.1051598813142412 0.07152572205015131 0.3116932605821884 0.11561415250519756 0.09069040815999975 0.0723626860120774 0.12890115212146652 0.1040527372546778
0.08425629840886692 0.12204060777475222 0.17146376127172042 0.12675199966403647 0.09665729103079564 0.16075672074172498 0.08597092151125953 0.15210239959684374
0.10266306466166643 0.08113033317437827 0.26264959256875503 0.12103805329419753 0.09606373810325812 0.09257257350048088 0.1349483967324859 0.10893424796477778
0.1385569672474403 0.09449645162130443 0.2574526987627121 0.09616443614566125 0.12219741546352524 0.09736786837630777 0.10721616985195367 0.08654799253109513
0.10455604486914444 0.1442445079356077 0.17434452656525357 0.14123338041305977 0.08977480895949147 0.1468918823277414 0.0718448065579478 0.12711004237175377
0.10865665989461185 0.08433269222498818 0.2631896801157213 0.11993980339841845 0.09341741216786313 0.08879399908218083 0.13372393005763966 0.10794582305857661
0.12394003096050663 0.08361040619764544 0.22647892050316035 0.08444701773914169 0.14195229843404422 0.11269874119467328 0.1255361636838584 0.10133642128697003
0.11113899542861934 0.0712494198083419 0.288616400522036 0.11470238065496566 0.10526730638658863 0.07790876005884614 0.12788459455113332 0.1032321425894691
0.10529489120841257 0.06828118146356839 0.3223261949888039 0.11351157519926401 0.0931006442869843 0.0687681598395244 0.1265569353341048 0.1021604176793376
0.10209866348875941 0.06688401307650844 0.33928777177702585 0.11192785250088068 0.08847209146904345 0.06580333772332106 0.12479120271366846 0.10073506725079262
0.11932772781608367 0.07863992169491693 0.2582880296966557 0.08248676396557005 0.13717297590600575 0.10247834937147542 0.12262211479060861 0.09898411675868406
0.1251030798908932 0.08028064668563888 0.22070378717240166 0.08164465508842478 0.15805131580766923 0.11487266586368174 0.12137026338518073 0.09797358610610973
0.11144149808893217 0.07056815720022713 0.2849511555935583 0.11435256241314083 0.10992155866401425 0.0783531885509629 0.1274945733173376 0.10291730617182676
0.12358284026590875 0.07992921479133369 0.23457701487782648 0.08317126025274899 0.14762377661711226 0.10767071639663978 0.12363966449513132 0.09980551230329877
0.11050606403727331 0.07026640576840343 0.29264463673470675 0.11402533704029016 0.10643556391120651 0.07636944772544552 0.12712974144641306 0.10262280333626113
0.09282108160526734 0.06015255438131964 0.287011675000632 0.10020927543726389 0.11002454325212159 0.08056192138746272 0.14896781841121617 0.12025113052471667
0.08135657153302439 0.11930507084743924 0.1636759082450052 0.12750816421439698 0.10289770091899993 0.1657629888471363 0.08648379833672144 0.15300979705727638
0.10206488903571168 0.08095045636674615 0.2584021554073483 0.12148161878373889 0.09824796018812 0.09407652416154784 0.1354429391514223 0.109333456905365
0.10431088113614619 0.07124703929052693 0.3079292063757557 0.11607051153459959 0.09278756368399908 0.07378137921522707 0.1294099583826058 0.10446346038113964
0.10256848004533482 0.06792206136548516 0.33241530663746766 0.11295878400439888 0.08906917595000943 0.06746267198844055 0.12594061440490442 0.101662905603959
0.10085433026264735 0.06655501900612376 0.34431577504198646 0.1114546284976932 0.08699885226341211 0.06524863601487489 0.12426359326533852 0.10030916564792387
0.09977321234737767 0.06594536577193609 0.35006719077512827 0.1107461107534795 0.08594009193301498 0.06438287988593316 0.12347364885499877 0.09967149967813155
0.09917943203270663 0.06566340360713044 0.3528418268638095 0.1104113513447184 0.08541844084010171 0.06401491200501118 0.12310041709627559 0.09937021621024655
0.09887262449380338 0.06553058336704476 0.35417973415422144 0.1102520970619541 0.08516546647019929 0.06384974664137685 0.12292286045564135 0.0992268873557587
0.08239463410176635 0.11975990009029668 0.18509415333274926 0.12596595512534975 0.09464087140429894 0.15554756153618648 0.08543777825893288 0.1511591461504197
0.07730520764980699 0.13405517671078215 0.1286325909273354 0.1255400441446726 0.0964283419706879 0.20224168611628654 0.08514889950682142 0.15064805297360712
0.07526317108299385 0.13665819874416807 0.10988196118155419 0.12433756417225841 0.09596684964708976 0.2243538737701287 0.08433330439509701 0.14920507700671007
0.10236954671917003 0.08583339017098332 0.22811881931131361 0.12424082825543002 0.09842335080012395 0.11067806751188876 0.13851925180120334 0.11181674542988702
0.08340981634595324 0.12622584211121904 0.1439950989675528 0.1272372479259697 0.09889352800750809 0.18125372271128007 0.08630004641935335 0.1526846975111636
0.07721816691211006 0.13527780652997068 0.11527482504298475 0.1250952946809033 0.09726172975205373 0.21491058011610706 0.08484724334878659 0.15011435361708395
0.07498247354784345 0.13652785108315435 0.1054124934697618 0.1238816694386442 0.09588590709080556 0.23062751320677177 0.08402408883664564 0.14865800332637305
0.10243058599715912 0.0859441315608208 0.2254598909562466 0.12439718149793234 0.0985541902766387 0.11256298236462214 0.13869357399844098 0.11195746334813911
0.10603762022037339 0.07322131145955134 0.29112474812635747 0.1180660664371828 0.09431224664151942 0.07934369414457246 0.13163485317697843 0.10625945979346453
0.10390874023241833 0.06880537169613955 0.3241297844849988 0.11396571624230747 0.0902013118513042 0.06935666216877921 0.12706326870597565 0.10256914461807674
0.12042810214931159 0.07933382476785981 0.25196978347336846 0.08288171855714345 0.13845145191766356 0.10426781554829748 0.12320924131778342 0.09945806226857215
0.08674444187086346 0.12182132280216144 0.15049569462965082 0.12370351080054073 0.10962519476177272 0.17526237137051717 0.08390325080384502 0.14844421296064886
0.10408351105682435 0.08155615130096001 0.25047806499137637 0.12156515800031363 0.10050811117099306 0.09686428213561712 0.13553607914363325 0.10940864220028226
0.10525674948683392 0.07155305438520022 0.3037752049184511 0.11640753691689446 0.09370554755224116 0.07474940698245738 0.12978571653271667 0.10476678322520502
0.10303632143646785 0.06808932785470889 0.3303353018871709 0.11316313482138514 0.08947847420221779 0.06788216814301974 0.12616845031578314 0.10184682133924663
