Action: 0
[0.11170351316073486, 0.10877766709326818, 0.23563048427964775, 0.10877766709326818, 0.10877766709327644, 0.10877766709326818, 0.10877766709326818, 0.10877766709326818]
[0.11170450579416412, 0.10877542279294479, 0.23562968761904904, 0.10877542279294479, 0.10878869262206296, 0.10877542279294479, 0.10877542279294479, 0.10877542279294479]
[0.10925323991262643, 0.1092520220090686, 0.23522736619002185, 0.1092520220090686, 0.10925202259656777, 0.10925928326450954, 0.1092520220090686, 0.1092520220090686]
[0.125, 0.125, 0.125, 0.125, 0.125, 0.125, 0.125, 0.125]
[0.12702963736551828, 0.10876189402589322, 0.22033340994803452, 0.10876189402589322, 0.10882748255698123, 0.10876189402589322, 0.10876189402589322, 0.10876189402589322]
[0.12701401945440505, 0.10877428153874535, 0.22034028713055057, 0.10877428153869062, 0.10877428572153658, 0.10877428153869062, 0.10877428153869062, 0.10877428153869062]
[0.125, 0.125, 0.125, 0.125, 0.125, 0.125, 0.125, 0.125]
[0.125, 0.125, 0.125, 0.125, 0.125, 0.125, 0.125, 0.125]

Action: 1
[0.11173100074707681, 0.10866646315089623, 0.10866646315089623, 0.10866646315089623, 0.10916296093709453, 0.23577372256134752, 0.10866646315089623, 0.10866646315089623]
[0.10877676397841485, 0.10877676397841485, 0.10877676397841485, 0.10877676397841485, 0.12699409930569033, 0.2203453168238206, 0.10877676397841485, 0.10877676397841485]
[0.10866016694917302, 0.10918245620747828, 0.10866016694916121, 0.10866016694916121, 0.22043179371645769, 0.1270849153302461, 0.10866016694916121, 0.10866016694916121]
[0.125, 0.125, 0.125, 0.125, 0.125, 0.125, 0.125, 0.125]
[0.10924530526435651, 0.10924674856526495, 0.10924530526383135, 0.10924530526383135, 0.10929787066790435, 0.2352288544471488, 0.10924530526383135, 0.10924530526383135]
[0.10920157449384386, 0.10920157550751823, 0.10920157449384381, 0.10920157449384381, 0.10959253372919911, 0.23519801829406356, 0.10920157449384381, 0.10920157449384381]
[0.125, 0.125, 0.125, 0.125, 0.125, 0.125, 0.125, 0.125]
[0.125, 0.125, 0.125, 0.125, 0.125, 0.125, 0.125, 0.125]

