0.125 0.125 0.125 0.125 0.125 0.125 0.125 0.125
0.08769198837691987 0.1551473640514736 0.07644942576449425 0.13525667635256675 0.10523038605230385 0.18617683686176836 0.0917393109173931 0.1623080116230801
0.09962640099626399 0.07845579078455792 0.19925280199252798 0.15691158156911583 0.08685378548392246 0.06839735606858895 0.17370757096784492 0.1367947121371779
0.0745303753200788 0.12421729220013135 0.1056354961590544 0.1490607506401576 0.09316296915009849 0.15527161525016417 0.11179556298011821 0.18632593830019697
0.07346369166295703 0.12243948610492839 0.0966812948444835 0.14692738332591407 0.09182961457869629 0.1748037628311926 0.11019553749443556 0.18365922915739258
0.07120421431077412 0.12597668685752345 0.08900526788846763 0.1574708585719043 0.08544505717292893 0.17512656344595534 0.10680632146616117 0.1889650302862851
0.10875559040675727 0.08779065731629804 0.13594448800844655 0.10973832164537253 0.1407143812869623 0.12223718975158025 0.1631333856101359 0.13168598597444706
0.07271565802183305 0.12119276336972175 0.09829211889314592 0.1454313160436661 0.1027908813019099 0.16871463028239117 0.10907348703274958 0.18178914505458263
0.06084776810509624 0.10765374357055489 0.05304677219418647 0.0938519815743299 0.1419054345574106 0.248896792461389 0.10609354438837294 0.1877039631486598
0.09242373947361973 0.07460711499677737 0.18484747894723946 0.14921422999355474 0.10301875051349664 0.09523314802859723 0.1663627310525155 0.13429280699419927
0.09441027491240889 0.07434809149352199 0.2215168630611698 0.14869618298704398 0.09618454397855346 0.07059868675696077 0.16461278702676418 0.12963256978357682
0.09009861861922562 0.15016436436537606 0.11107031243967945 0.13514792792883842 0.13070417829976325 0.2003648956431853 0.10136094594662884 0.08108875675730307
0.06747353536207587 0.119376254871365 0.09335981609349722 0.14922031858920626 0.0987679850204326 0.19152740471326177 0.1012103030431138 0.1790643823070475
0.12072551483808752 0.09745312643556463 0.16446759653879414 0.12181640804445577 0.12670044681354242 0.12338593589669693 0.13581620419284846 0.1096347672400102
0.10380462602588798 0.0817461429953868 0.1590267004136161 0.09809537159446416 0.16468028420816222 0.11432072123057045 0.155706939038832 0.12261921449308019
0.087776395011354 0.14629399168558999 0.10040157602948464 0.131664592517031 0.15286442603830613 0.20325181882024243 0.09874844438777325 0.07899875551021861
0.06848562125354923 0.11414270208924872 0.09643008558162842 0.13697124250709847 0.11727630076693256 0.19275156278734576 0.10272843188032385 0.17121405313387306
0.06837121365640716 0.1139520227606786 0.09566617158333197 0.13674242731281433 0.10964845720702271 0.20213485285411656 0.10255682048461075 0.1709280341410179
0.07092783461870018 0.11763917538660475 0.09087351538785834 0.14704896923325594 0.09470631741956123 0.20260786313329524 0.09973756174081708 0.17645876307990713
0.09186228120554044 0.0723415464493631 0.21248863253969114 0.1446830928987262 0.09839918023892089 0.09392115691049052 0.16017013133273716 0.12613397842453053
0.07394179171503829 0.12017180191978011 0.10230618107739574 0.15021475239972512 0.0950247177148515 0.17619826370937766 0.1018847885841614 0.18025770287967016
0.09712028725144567 0.07312660511896306 0.19925091640647505 0.14625321023792612 0.09472811941905307 0.09483155735539024 0.16306141499661317 0.13162788921413351
0.10119554511218458 0.07969149177584536 0.17419097883810197 0.09562979013101444 0.15548906636120796 0.12247257244960073 0.1517933176682769 0.11953723766376806
0.09884690725699055 0.07784193946488006 0.16468843902664126 0.0934103273578561 0.1733872372186436 0.12679187959218255 0.1482703608854858 0.11676290919732009
0.06721289452632619 0.1120214908772103 0.11044386641127021 0.13442578905265237 0.12283111171697078 0.18421326931026538 0.10081934178948929 0.16803223631581546
0.06987356081937027 0.11588423014617515 0.0975711818933025 0.14485528768271894 0.09535840940407982 0.20438131145028993 0.09824967338480067 0.1738263452192627
0.10757650563864991 0.08120506300720882 0.14703143727592402 0.10150632875901101 0.1406867800031541 0.149290315515724 0.1508959752895149 0.12180759451081322
0.06743456428923639 0.11239094048206065 0.10738187422723625 0.13486912857847277 0.11593217390999017 0.1922530613560584 0.10115184643385458 0.16858641072309094
0.0999281118457046 0.07869338807849238 0.14845987850239312 0.09443206569419085 0.16342278325200152 0.14713152274092206 0.1498921677685569 0.11804008211773857
0.06687366093144047 0.11145610155240078 0.10700410361937389 0.13374732186288094 0.12055793445810563 0.19286623385003637 0.10031049139716071 0.16718415232860115
0.06688490243432077 0.11147483739053463 0.09936147139274064 0.13376980486864154 0.11061461027960427 0.21035476389687502 0.10032735365148117 0.16721225608580192
0.055975365539935054 0.09329227589989175 0.06152086534086442 0.08396304830990259 0.14516598297571373 0.2914007073420042 0.10075565797188309 0.16792609661980518
0.06643491715241165 0.1111498667861859 0.08947672334839708 0.13893733348273238 0.09502365255387084 0.23801694987405259 0.09423575662307065 0.16672480017927882
0.09010575374185044 0.07095828107170724 0.21616457441282871 0.14191656214341447 0.0986074076814368 0.10141782178666177 0.15710746806271358 0.12372213109938696
0.09914790120186816 0.07807897219647118 0.18244294066031366 0.09369476663576543 0.1566770490315463 0.12411806017652632 0.14872185180280226 0.11711845829470675
0.08475905585569518 0.1361602080550102 0.09470003892449354 0.11870377112488069 0.12498523320124055 0.21773504446499098 0.08051212302383211 0.1424445253498568
0.08920541029298348 0.0702492606057245 0.22054182855701085 0.140498521211449 0.10413651202887328 0.09734493855749364 0.15553763845956095 0.12248589028690426
0.062458835513852215 0.10138761526732976 0.07446533583536813 0.08838920305356954 0.14115839236368785 0.25544398232023574 0.09991822953881774 0.17677840610713907
0.09255096910472407 0.07020256212284436 0.20331292426253958 0.1404051242456887 0.10333116300759178 0.10729140989589529 0.1565412355395962 0.12636461182111985
0.09252221213587726 0.06828387723896331 0.25451802098837084 0.13656775447792663 0.09371798419477223 0.07921631731453616 0.15226285461941969 0.12291097903013398
0.09063355863772639 0.06684829582844605 0.2760698747115157 0.1336965916568921 0.09026447955517071 0.07309854477919796 0.14906172233984835 0.1203269324912029
0.06764008813684863 0.11273348022808106 0.13972999331502906 0.13528017627369726 0.10525236296332291 0.16880354653562665 0.10146013220527296 0.16910022034212158
0.0669556224006722 0.11159270400112033 0.1094822567051117 0.1339112448013444 0.10744434667012906 0.20279133581893352 0.1004334336010083 0.16738905600168047
0.055994786194439435 0.09332464365739906 0.06474774826092819 0.08399217929165916 0.14452055021829419 0.2886451186439707 0.10079061514999099 0.1679843585833183
0.07719251017014916 0.1290518096167605 0.07482355441784369 0.11250670581973991 0.11657707340558428 0.2785314034650196 0.07630889612121489 0.1350080469836879
0.09321619337841877 0.0696784106861875 0.20769638222839137 0.139356821372375 0.098374944053815 0.11088365297826558 0.15537245606740915 0.1254211392351375
0.07106721417719476 0.11481916257663217 0.12660701781711275 0.14352395322079023 0.09511740711523084 0.17928981991312024 0.09734668131497076 0.17222874386494824
0.09227762442987583 0.06947839688670504 0.23068687559106288 0.13895679377341008 0.09577356560676162 0.09283917416874622 0.15492645514736914 0.12506111439606907
0.09865140899873204 0.07768798458650149 0.18931424965548285 0.0932255815038018 0.1551959417581756 0.12141574311945594 0.14797711349809808 0.11653197687975222
0.06655363088481732 0.11092271814136219 0.11978463232162144 0.13310726176963464 0.11862797239071948 0.18478926095257578 0.09983044632722596 0.16638407721204326
0.06659318898341396 0.11098864830568994 0.10484201529358249 0.13318637796682792 0.10997779167548039 0.20803922184134943 0.09988978347512095 0.1664829724585349
0.06818443843961518 0.11295010344749411 0.10252569563058127 0.14118762930936765 0.09768665588159299 0.21227827789288448 0.09576204422722329 0.16942515517124115
0.09239308281262511 0.06973251702426289 0.22080766336057564 0.13946503404852578 0.097629514442679 0.0989605525419141 0.15549310512574438 0.1255185306436732
0.09100360773958065 0.0671058624679776 0.26650393866237737 0.1342117249359552 0.09403353403772273 0.07671472221080498 0.1496360575032217 0.1207905524423597
0.08937871235301881 0.06595542266146333 0.28323741685808734 0.13191084532292666 0.0918489902230267 0.07187810334871465 0.1470707484421287 0.11871976079063401
0.08866719662223814 0.06551305705946549 0.28926891453108294 0.13102611411893098 0.09086739948433412 0.07064947630252019 0.1460843391743902 0.11792350270703789
0.060645881368961936 0.09826545096871649 0.19994278271398236 0.19653090193743297 0.062070940335893034 0.1056918155979336 0.09997441533338983 0.17687781174368972
0.06763701758267192 0.12388742948137865 0.1231231345649497 0.13527403516534384 0.09865197007293366 0.18087834280203471 0.10145552637400787 0.16909254395667975
0.08134722809456982 0.1527737264172561 0.09689708025416363 0.12202084214185474 0.12908464689029278 0.25314833931035896 0.09151563160639106 0.07321250528511285
0.06763446992790297 0.11028460175361998 0.09897305879612675 0.13785575219202495 0.10070298825102225 0.2256200640925432 0.09350216235632998 0.16542690263042995
0.10406938030643705 0.07856042746754371 0.15458721359339966 0.09820053433442963 0.14839620533316605 0.15236390791730264 0.14598168984640586 0.11784064120131557
0.09279963954853036 0.06758814091373878 0.23936167089660693 0.13517628182747757 0.10617153722481973 0.0865326094886854 0.15071146645541159 0.12165865364472982
0.07078508560753961 0.1142961563816719 0.1339446583124188 0.1428701954770899 0.09999295597215774 0.16976345065737053 0.09690326301924358 0.17144423457250785
0.08780847828623987 0.07723204498865201 0.2373610783857088 0.13829835330082782 0.09743920822016142 0.08819107949296222 0.15310196214011054 0.12056779518533706
0.08934264116298941 0.13638555512185463 0.11131019712106234 0.11890022754212969 0.11722935875169896 0.20350637552548217 0.08064537172422707 0.1426802730505556
0.09865583006023688 0.06851686000100843 0.22218353126957166 0.13703372000201686 0.10103990797455076 0.09645743128556641 0.1527823714052337 0.12333034800181518
0.06597394793195349 0.09901409499067447 0.18078248270201122 0.19802818998134894 0.06434624192615149 0.11289359223326458 0.10073607925138185 0.17822537098321406
0.087506781639992 0.07577400376892962 0.2584402367762756 0.1378231810829874 0.08946146806775285 0.07826485921942061 0.15257592696203734 0.12015354248260442
0.0895351734803487 0.1367236363461987 0.11556610851565584 0.11919496501976297 0.11551532695507949 0.19958555103713874 0.0808452806221001 0.14303395802371555
0.11148921086869079 0.07740914635436652 0.15829351026022923 0.09676143294295814 0.15181218581273817 0.14427842525754753 0.14384236897191985 0.11611371953154977
0.09981684515638034 0.06685515544896099 0.2393490028337319 0.13371031089792199 0.10629680833007243 0.08455557925502981 0.1490770182697727 0.12033927980812976
0.09646620886113107 0.06589638982626897 0.2719079530870475 0.13179277965253794 0.09514588579598904 0.07323816705922521 0.14693911403051618 0.11861350168728414
0.09499994649045565 0.06520458734546489 0.28401439162976644 0.13040917469092977 0.09194997258773335 0.07065717228138838 0.1453964977524247 0.11736825722183682
0.1266818750602006 0.08712409995822841 0.24193538031527603 0.10890512494778551 0.12204297836156279 0.09387484183528912 0.12142108706865042 0.09801461245300694
0.10399794504872852 0.06466704180149671 0.2705574541462397 0.12933408360299342 0.09710435374928326 0.07374059498851024 0.14419785142005387 0.1164006752426941
0.09966060933823352 0.06478558677163354 0.2826037810828571 0.12957117354326708 0.09191708464519746 0.07038551941969096 0.14446218901017988 0.11661405618894038
0.09855314482927065 0.06459045150216255 0.2871689775642606 0.1291809030043251 0.09059131235376001 0.06962533155840192 0.14402706648392663 0.11626281270389259
0.09820469627244872 0.06449027865548275 0.2888452746609517 0.1289805573109655 0.09019333984047122 0.06939965569280941 0.14380369598700185 0.11608250157986896
0.09808411691418226 0.06445036652461587 0.28945435484572307 0.12890073304923175 0.09006211342425353 0.06932295760548171 0.14371469789220312 0.11601065974430856
0.0980409926341615 0.06443547439128773 0.289674854267958 0.12887094878257546 0.0900167512483007 0.06929563411381073 0.14368149065758787 0.11598385390431792
0.09802542317343581 0.06443003302068512 0.2897545748648571 0.12886006604137024 0.0900007127919458 0.06928577345718367 0.1436693572132889 0.11597405943723323
0.09801979077362992 0.06442805907049502 0.2897833835834711 0.12885611814099004 0.08999498066333436 0.06928220584220397 0.14366495559898443 0.11597050632689104
0.09801775323849082 0.06442734482494719 0.28979379232285374 0.12885468964989438 0.08999292118429819 0.06928091515659422 0.1436633629380166 0.11596922068490495
0.09801701644892433 0.06442708663133372 0.2897975527906763 0.12885417326266743 0.0899921792856606 0.06928044843954195 0.1436627872047949 0.1159687559364007
0.09801675011414514 0.06442699333063931 0.2897989113361718 0.12885398666127862 0.08999191166574141 0.06928027973870103 0.14366257915817182 0.11596858799515078
0.11493188724282563 0.07554544831605182 0.21238222598267079 0.09443181039506478 0.14069621482714356 0.10831501217487542 0.14037922858729032 0.11331817247407774
0.11817037495034195 0.07511374980389245 0.18647893949988548 0.09389218725486556 0.1562508315736552 0.11784624966548178 0.13957704254603895 0.11267062470583868
0.1401129090172731 0.08637760540082917 0.2049194320301726 0.10797200675103646 0.13920435404079598 0.10385815676899816 0.12038072991496156 0.09717480607593282
0.11146662307578827 0.06490145060974553 0.25527545646831806 0.12980290121949106 0.10121876803088939 0.07579164142216631 0.14472054807605944 0.11682261109754194
0.10457009132609396 0.06479724613071058 0.2762526764313117 0.12959449226142117 0.09287468102043059 0.07078758215403418 0.1444881876407188 0.11663504303527905
0.11985925421308674 0.07534868008668726 0.20771595519778854 0.09418585010835906 0.14137113210509417 0.10848251605757185 0.1400135921013815 0.11302302013003088
0.10715828654429017 0.06506923766177901 0.256888637711033 0.13013847532355802 0.10182693204697986 0.07669911476190729 0.14509468815925047 0.11712462779120222
0.10362219908595331 0.06479703849565983 0.27694125539345116 0.12959407699131967 0.09299089857239737 0.07093213752348504 0.14448772464554593 0.11663466929218769
0.11961177598652223 0.07534398155481531 0.20793111269450631 0.09417997694351912 0.1413994422873585 0.10851287695367504 0.14000486124738065 0.11301597233222295
0.10709655023104643 0.06506449798669599 0.256972214765004 0.13012899597339198 0.10183831627864562 0.0766992089979337 0.14508411939122956 0.11711609637605279
0.08216533441494658 0.11262439611110815 0.13728452197068777 0.1407804951388852 0.09833809192449325 0.16438466522249476 0.09548590105072213 0.16893659416666224
0.1031554882338171 0.06807018334358685 0.232693701653572 0.1361403666871737 0.0965294634492163 0.08909811748683631 0.1517863491273414 0.12252633001845631
0.10427631504263564 0.06554790718665081 0.2683584678761631 0.13109581437330162 0.09285375942361508 0.07371945340516046 0.14616204975650193 0.11798623293597144
0.10319707428938267 0.06462375630175783 0.28133882714257397 0.12924751260351566 0.09091953808406454 0.07024919901938272 0.1441013312161585 0.11632276134316408
0.10249001985437627 0.06429733121204408 0.28604313885577426 0.12859466242408815 0.09011157767663212 0.06935462180914635 0.14337345198625945 0.11573519618167932
0.1367773396948797 0.08592320991593834 0.24076500733680165 0.10740401239492292 0.12022098766259293 0.0924983732439003 0.11974745859553346 0.09666361115543062
0.08719321387139471 0.11098681438707857 0.13267056744411257 0.13873351798384823 0.1012771133133542 0.16856103487402727 0.09409751654556661 0.16648022158061784
0.10454562354640067 0.0680020985358478 0.2304961067134414 0.1360041970716956 0.09711270790018116 0.08980095869991252 0.1516345301679949 0.12240377736452603
0.1049345293246369 0.06554890460286691 0.2674318928874613 0.13109780920573383 0.09298791526303361 0.07384664658531125 0.14616427384579575 0.11798802828516043
0.10366353838386715 0.06461129235600288 0.28092725813598113 0.12922258471200576 0.09093882795883113 0.07026263373509128 0.14407353847741539 0.11630032624080519
0.10289390191638953 0.06427522998787683 0.28582730064903644 0.12855045997575365 0.09009438794410494 0.06933913599360364 0.1433241695550567 0.1156954139781783
0.08201655746483565 0.11245825263409387 0.14376328921915002 0.14057281579261735 0.09572919608473517 0.1614274695766952 0.09534504027673177 0.1686873789511408
0.0907520629905068 0.1309435626033175 0.12932746750323118 0.16367945325414687 0.08425710702486433 0.17046581247461323 0.08326302622058775 0.14731150792873215
0.08803928453757694 0.07858596279979899 0.2375307716415352 0.1386618731466837 0.0943435131943511 0.08844949120460575 0.15350439355269827 0.12088470992274991
0.11776684562370715 0.07632932745580613 0.19660029663107736 0.09541165931975765 0.14335918840025233 0.11420285156109539 0.14183583982459497 0.11449399118370918
0.12379355894613579 0.07481000968241315 0.18088751009976878 0.09351251210301643 0.1567390038729763 0.11902976083982446 0.13901262993224534 0.11221501452361972
0.10972256983563385 0.06539654089873857 0.24598919356029675 0.13079308179747715 0.10564883006520373 0.0789114846984797 0.14582452552644093 0.11771377361772942
0.12242450458280262 0.07545924195922511 0.19802573783815255 0.09432405244903139 0.1456424843930957 0.11071607667581716 0.1402190391630377 0.11318886293883765
0.08470370568339454 0.11100791818036793 0.12286421560335413 0.13875989772545994 0.10666341985463335 0.17537355679018712 0.09411540889205108 0.1665118772705519
0.07837799388501279 0.11228860701035755 0.10637848290566254 0.14036075876294696 0.09869838619237492 0.2002616504367188 0.0952012102913901 0.16843291051553633
0.10352233871910203 0.06866666192928744 0.22024037520497153 0.13733332385857489 0.09747869005509245 0.0960422114134549 0.15311640734679915 0.1235999914727174
0.10516415460785569 0.06580890269495014 0.26364975683984315 0.13161780538990028 0.09340734458712008 0.07515198024396443 0.14674403078545598 0.11845602485091022
0.12125438432571302 0.07548640149840725 0.20384025653260804 0.09435800187300908 0.14178613662428916 0.10977570963639685 0.14026950726196571 0.11322960224761086
0.10855368656830178 0.06505980964228872 0.25519702431664637 0.13011961928457744 0.1019588598123175 0.07692967793679437 0.14507366508295422 0.11710765735611968
0.10481429224365046 0.06474449318462722 0.27612288894475195 0.12948898636925443 0.09298735841767125 0.07093133666318883 0.14437055644452695 0.116540087732329
0.10336877541007465 0.06436064782107526 0.2840155793337328 0.1287212956421505 0.09063133752869044 0.06953855961218193 0.14351463857415886 0.11584916607793547
0.10278740285945556 0.06418726755517513 0.2869232437100129 0.12837453511035027 0.08992779452211548 0.06913464818472236 0.1431280264588532 0.11553708159931522
0.12012773550856566 0.07510405644945897 0.2108247553048281 0.09388007056182371 0.14008648874320329 0.1077617784899071 0.1395590302680245 0.11265608467418844
0.08430062742442727 0.1109792496100976 0.12573895415003886 0.138724062012622 0.10546307381854098 0.17423405563882685 0.09409110293030015 0.1664688744151464
0.10415053270467524 0.06813682242021481 0.22771393430505493 0.13627364484042961 0.09819672782930369 0.09094711322184407 0.15193494432209095 0.12264628035638667
0.0824589595647008 0.1129051213451597 0.13072468498958814 0.14113140168144964 0.09767267421557443 0.1700255689583698 0.095723907227418 0.16935768201773954
0.13659620505619696 0.08978601530861702 0.18931014462436274 0.11223251913577129 0.12715057721891604 0.11878438815868654 0.12513088327525543 0.10100926722219414
0.11259809910438127 0.06538498645711463 0.2495875984673091 0.13076997291422926 0.0993721972693029 0.0787954093186934 0.14579876084616308 0.11769297562280633
0.10592166943098945 0.06487316304193445 0.2740319884581481 0.1297463260838689 0.09262815773389033 0.071369530753821 0.14465747102186577 0.116771693475482
0.1385960591688017 0.08609180063888675 0.2366240511330252 0.10761475079860844 0.1211286056989537 0.09310904065408031 0.11998241618889627 0.09685327571874759
0.11126734198195123 0.06423243420638773 0.2673745654043171 0.12846486841277546 0.09654583854055067 0.07326782853275374 0.14322874134976607 0.11561838157149792
0.10497863791320264 0.06443523794003117 0.2805481242787785 0.12887047588006234 0.09148563408945391 0.07001749819983828 0.14368096340657693 0.1159834282920561
0.10324745277148896 0.06425013584301878 0.28561826633081433 0.12850027168603756 0.09018678490082711 0.06927863059296153 0.14326821335741796 0.1156502445174338
0.1027043629401232 0.06414786697030285 0.2875041364318655 0.1282957339406057 0.08978866946646646 0.06905290066881888 0.14304016903527234 0.11546616054654514
0.10252081421390453 0.06410584475994127 0.28819709937102395 0.12821168951988254 0.08965388817589764 0.06897367761331809 0.1429464657781377 0.11539052056789428
0.1024563862125364 0.06408986398045459 0.28845055623874827 0.12817972796090918 0.08960615374455391 0.06894472567290598 0.14291083102507338 0.11536175516481828
0.08198216591695227 0.112412608470102 0.14433402599833942 0.1405157605876275 0.09560291477785285 0.16122726958019098 0.09530634196378213 0.16861891270515297
0.10319591633032664 0.0678942418650407 0.23542906141272238 0.1357884837300814 0.09573104877741892 0.08835758663723123 0.1513940258901057 0.12220963535707326
0.10455723333791538 0.06544563269489272 0.2692986107119056 0.13089126538978543 0.09257319973271196 0.0734979263772512 0.14593399290473089 0.11780213885080688
0.08246034647247003 0.1126356951982962 0.14009766402288656 0.14079461899787027 0.0963676148117852 0.1631950369876485 0.09549548071159897 0.16895354279744432
0.1034468597266795 0.0679904812224382 0.23376398670535062 0.1359809624448764 0.09602010881979436 0.088806109587453 0.15160862529301888 0.12238286620038875
0.08234093738107992 0.11290579575565712 0.13209830404943568 0.14113224469457142 0.0972137948217796 0.16922575065375947 0.09572447901023105 0.16935869363348569
0.06851465175530314 0.11015502553624416 0.15257698104506637 0.1969196466509335 0.06375469741736514 0.13067914753029433 0.10017216807895314 0.17722768198584019
0.08827187301430081 0.07720446890255332 0.24846926200377686 0.13902819999752383 0.09010277388649798 0.08180941796744305 0.15390993243519116 0.12120407179271306
0.079193054118109 0.12133068772315674 0.13481481478793705 0.14021657395400786 0.09542525259669225 0.16565631269778683 0.09510341537750099 0.16825988874480943
0.1342692648583296 0.09999814877853662 0.18926213229399025 0.11085972757344487 0.12534466645274175 0.11689198209646354 0.12360032313039303 0.09977375481610037
0.11155377287294883 0.07190908040127607 0.24864568352486446 0.12977096723856676 0.09853433001398877 0.07810735136318321 0.14468494407046176 0.1167938705147101
0.12243060339809095 0.08075855557269584 0.1983842294393551 0.09375291237760575 0.14278367061352443 0.11001653265889169 0.13937000108670944 0.1125034948531269
0.12431545149134648 0.08061205684034335 0.18058474960280801 0.09266266494930371 0.15565901556316605 0.11722158855490296 0.13774927505896492 0.11119519793916444
0.10940449106876342 0.07062908065819973 0.2450098042316363 0.12990320319291881 0.1050315846148936 0.0782765760687518 0.14483237729120946 0.11691288287362693
0.10492447806873782 0.06944372091753977 0.2716461314604818 0.12915052263200757 0.09353536104382491 0.07107112087261679 0.14399319463598456 0.11623547036880683
0.10313695556754549 0.06883826628621029 0.2817528169174031 0.12816581756291118 0.09050309537875903 0.06935849051115578 0.14289532196939497 0.11534923580662004
0.08157436544901031 0.11970719630623136 0.14213600129159176 0.13936979528744706 0.09516181624417461 0.16027799253381828 0.09452907854279019 0.16724375434493646
0.07713283168440281 0.12501904143506343 0.10975705552434079 0.13878959289679188 0.09543280736227273 0.1931856096561976 0.09413554996478059 0.16654751147615024
0.07596241885860845 0.12500615536738752 0.10209993161329428 0.13809888846612717 0.09500343742991779 0.2044434299282866 0.0936670721770254 0.1657186661593526
0.1023788949719878 0.07707371011621625 0.21714573975861637 0.13622439902468167 0.0962020368823903 0.0964932212113014 0.15188003891259283 0.12260195912221351
0.10459572676190099 0.0708348043959709 0.26180132974543097 0.13098141453740444 0.09286201281868212 0.07500693618016882 0.1460345024767778 0.11788327308366402
0.10345671421726792 0.06922213132913883 0.2782313242912358 0.12872295412714296 0.09071568276665384 0.07028404689297414 0.1435164876611579 0.11585065871442866
0.11994737160339547 0.08029270038786643 0.2076561139419823 0.0934498774585643 0.13989731410419562 0.10769725022725583 0.13891951932646276 0.11213985295027715
0.12355458902276127 0.08050053292675786 0.18351875995837957 0.09257358189858189 0.15461437280173906 0.11653301799260501 0.13761684712087696 0.11108829827829826
0.10913628887613598 0.07056028446629647 0.24617334069822827 0.12978951828371846 0.10472597794420854 0.0780983961746662 0.1447056271013995 0.11681056645534661
0.10482511940021089 0.06941190969053235 0.27208356185314775 0.129098884857149 0.09343843445802268 0.0710174709989207 0.14393562237058252 0.11618899637143408
0.08191286370687625 0.11984812049938583 0.1399882203068449 0.13946500631128497 0.09583828607397496 0.1609958390734804 0.09459365645461068 0.16735800757354194
0.07719009351709298 0.1250326897447403 0.10927929511176453 0.13878827694265944 0.09557264935461746 0.1934564055933476 0.09413465740458642 0.16654593233119133
0.10246925291292451 0.0769283482893198 0.2201087014256279 0.13597521132997956 0.09613299182711987 0.09440559078895013 0.1516022132290966 0.1223776901969816
0.10451308400855377 0.07075157613331774 0.26291188475278576 0.1308432003710917 0.09275571429037403 0.07458525611406536 0.1458804039958291 0.11775888033398252
0.10339874581337327 0.06918830053831622 0.27863853257867316 0.12866915346369365 0.09065925477039136 0.0701872707818412 0.1434565039363868 0.11580223811732428
0.10258159892391999 0.06867376686010744 0.2843714243690983 0.12788693843237034 0.089732240362476 0.06907139391217726 0.14258439255071736 0.11509824458913331
0.1195875948261699 0.0801497041011558 0.20950610148747595 0.09332787182709375 0.1394323492073327 0.1072647825973856 0.1387381497608737 0.1119934461925125
0.1234305245987636 0.0804675891609575 0.1840935820190436 0.09254744503354018 0.15443149457985395 0.11639443765206173 0.13757799291553138 0.11105693404024822
0.10908882999140665 0.07054537333927187 0.24639960860818302 0.1297659130382269 0.10467003312408076 0.07806161115016463 0.14467930901426193 0.11678932173440422
0.1048067906777381 0.06940555305220542 0.27216842756902454 0.12908871347549059 0.0934202306988695 0.07100616035963857 0.14392428203909174 0.11617984212794155
0.10309277179127573 0.0688229550480753 0.28194554933071453 0.12814146837425383 0.09046402653021482 0.06933773294749164 0.14286817444114566 0.11532732153682845
0.10239020334299535 0.06855985390418357 0.2855657840364326 0.12771557617172477 0.08958428197566425 0.06884694559612108 0.14239333641832597 0.11494401855455229
0.08141963914280147 0.11963344813267467 0.14297507134325046 0.13931733275954294 0.09493843055480067 0.16004178349248396 0.09449349526299435 0.16718079931145152
0.0771039967578795 0.12500707565185679 0.10994047953202778 0.1387846366831844 0.09538381987605084 0.19310623912015012 0.09413218835902941 0.16654156401982123
0.10242948108152668 0.07691188319978222 0.22037959235785845 0.1359491977350339 0.09607463089971506 0.0943277267525078 0.15157321001204524 0.12235427796153049
0.08155287561169781 0.12101000507488788 0.12829323273803164 0.13986927121542456 0.09650045812490164 0.17006317825651987 0.0948678535200271 0.16784312545850946
0.10289105183028933 0.07619056006180311 0.2277447864798984 0.13517975433564158 0.09576260072646352 0.08985412962095453 0.15071533804287204 0.12166177890207742
0.09128147952924393 0.061683187022962854 0.2325057540429328 0.11414658867839253 0.10782690528733951 0.08589360839270066 0.16968657063235668 0.13697590641407106
0.10163855730440105 0.0694865387179609 0.2677440146898895 0.1304549802942344 0.09487344271735579 0.07294541642956659 0.14544756758178076 0.11740948226481096
0.0813693211198633 0.11992790325479248 0.13902047956308392 0.13956168630119542 0.0961844604298677 0.1618028950611258 0.0946592307086369 0.16747402356143448
0.07632335939080943 0.1341479107210738 0.10809601766213953 0.1370992268328077 0.09471910240301211 0.1921062699824491 0.09298904080833915 0.16451907219936926
0.10164007268362996 0.08425387707083716 0.21836916558199906 0.13483447578642402 0.09540737616360764 0.09381362627817022 0.15033037822755035 0.12135102820778162
0.0808671659822706 0.1283853352474101 0.12714885914823512 0.1386870776937682 0.0957045469750943 0.1687165038066656 0.0940660179140341 0.16642449323252184
0.10214505735979575 0.08306343620347442 0.2261304676486003 0.13410403080216593 0.09508134805657263 0.08926604562651928 0.1495159865809223 0.12069362772194932
0.10383062708694979 0.07497658584685808 0.2645137824705231 0.1298213452539381 0.09199001336104407 0.0732873234540952 0.1447411117980474 0.1168392107285443
0.13695686581370456 0.09718487303098776 0.2319751618226516 0.10649102607416508 0.12003647414862088 0.09278412866192556 0.11872954698119599 0.09584192346674857
0.1101197320379993 0.07525324345040939 0.2640296267544269 0.12683300784733803 0.0955986887197338 0.07260665552754597 0.14140933859994254 0.11414970706260423
0.07136458597363092 0.1094783372772659 0.19071707727822493 0.19177524080901137 0.06219073153723641 0.10432107920237095 0.09755523119414929 0.17259771672811025
0.08705753943579359 0.0761216978501901 0.26326451255603633 0.13711562461137491 0.08858862777485856 0.07652266653018977 0.15179263286240935 0.11953669837914738
0.11598790944543852 0.08567373342227812 0.2033118841278344 0.09377385698691477 0.13967203196432515 0.10965081901373652 0.1394011366551748 0.11252862838429774
0.08236942014277313 0.12673642100151894 0.12252866743700715 0.13618138969442947 0.10393798481225525 0.1724619414859572 0.09236650779274347 0.16341766763331533
0.10247539126288559 0.08283855546027698 0.2239400399401018 0.1340020152592405 0.0968172552813407 0.08992268219917737 0.14940224686366066 0.12060181373331642
0.10395786330999976 0.07498552344856044 0.2636459544090389 0.12988162007877252 0.09239385228079725 0.07343341467231936 0.14480831372961653 0.11689345807089527
0.10288923226833438 0.07299146923326454 0.27835871665328393 0.1279686345955253 0.09023511523318412 0.06970958320452841 0.14267547767590655 0.11517177113597274
0.08106716269409414 0.12589999800786902 0.14077110463453227 0.13837043262913587 0.09455031756698838 0.15944521535526426 0.09385124995715304 0.16604451915496302
0.07624627536264761 0.135324185580885 0.10845272685406078 0.13704367833991266 0.09434534432773432 0.19118401108761934 0.09295136443924511 0.16445241400789515
0.11423381511134983 0.09994808021872456 0.15361091464685447 0.09459105737028892 0.1429171454704307 0.1405737584263515 0.1406159599116534 0.11350926884434671
0.08131136705294437 0.13390757329007966 0.11040475558390725 0.13483337722950134 0.10370329628544032 0.18258737419662888 0.09145220368609655 0.1618000526754016
0.11530876722551177 0.09945937476831752 0.15390343549314542 0.09431454814923526 0.14558742259850205 0.1380440836031634 0.14020491038304228 0.11317745777908232
0.10775273882812297 0.08069559035908126 0.2336844504915357 0.13011917228730735 0.10339533791411087 0.08217228834690914 0.1450731667143561 0.11710725505857662
0.0937593085666732 0.15093055827623572 0.14962673483438085 0.1582623784392998 0.08357551095992519 0.14090198451334118 0.08050738381477426 0.14243614059536983
0.09883464681696755 0.08980188654304487 0.16681478318275403 0.09339874124203434 0.15161545213886835 0.13453409329833657 0.14825197022545133 0.11674842655254292
0.11788178458112174 0.08986917858831861 0.1700058926929624 0.09236041163595045 0.1583432409615122 0.12340704236892439 0.13729995520806962 0.11083249396314053
0.08211373232108589 0.1314888628032535 0.11429844023733936 0.13495834476984495 0.10722275993297567 0.17643088193300915 0.09153696427867745 0.16195001372381393
0.10221380350212972 0.08761628787499826 0.21972444904821845 0.13351594717230308 0.09736267451362324 0.09054216821319122 0.14886031722046328 0.12016435245507277
0.11994427081575659 0.0904337391964412 0.1889929139285657 0.09360037117399976 0.14238502955429888 0.11317999157989361 0.1391432383422444 0.1123204454087997
0.09534071068656723 0.1521779733863101 0.1370014253253815 0.15606593562767238 0.08997780591117673 0.14958674409173633 0.07939006290625072 0.1404593420649051
0.10444843875549648 0.09012896833013496 0.22857639370505942 0.13227271313661368 0.09286360681370787 0.08519023338670613 0.14747420404932896 0.1190454418229523
0.10395555272075978 0.07837201195294136 0.26490023900801457 0.12912203934255345 0.09116654553068196 0.07231233814288898 0.14396143789386182 0.11620983540829809
0.10260294522456777 0.07563356340571568 0.2784496387266633 0.12745912542418628 0.08972360386254245 0.06931049750162074 0.14210741297293603 0.11471321288176765
0.10182923407408749 0.07486382354268725 0.2834411499275411 0.1268212381038802 0.08901676575231583 0.06849245809166989 0.14139621621432613 0.11413911429349217
0.10148450311244947 0.07461864868232652 0.2852774589586128 0.12658876178187214 0.08872301665294363 0.06824070274384413 0.14113702246426638 0.1139298856036849
0.13517305164362725 0.09941398740928133 0.23837662353311412 0.10545654333359354 0.11818575125380569 0.09090697790068046 0.11757617592566326 0.09491088900023419
0.10920030827254812 0.07829306093594163 0.2659858759947338 0.12598810845090463 0.09475563882339802 0.07192037109154657 0.14046733882511306 0.11338929760581415
0.12066554701519379 0.08788706372758484 0.202808639584767 0.09253300298779422 0.14020158223911325 0.1073080370156519 0.1375565238445419 0.11103960358535307
0.10731555455661314 0.07762633912197743 0.25280784916535337 0.1279867196431127 0.10066979561692875 0.07571005306287695 0.14269564115433608 0.11518804767880143
0.13761235458918328 0.10052928800882295 0.22716119316081992 0.10602126179433373 0.12203748727238492 0.09301348469333505 0.11820579486621985 0.09541913561490036
0.14509025307192697 0.10372556322810494 0.21545738383039711 0.10410725085536732 0.12631167799262294 0.0955395297458408 0.1160718155059095 0.09369652576983056
0.14736567362426264 0.10435414145580221 0.211034220299313 0.10404545820988216 0.12747445278309832 0.0960822199211626 0.11600292131758502 0.09364091238889394
0.11273065098105937 0.07955105676110048 0.2550321087176927 0.12674900977144277 0.09730027798388989 0.0732470999766837 0.14131568701383243 0.11407410879429847
0.10470990586627195 0.07587620927115721 0.27437028928447776 0.12751496568763315 0.09106962558329046 0.06952586448880427 0.14216967069949546 0.11476346911886982
0.08107973152688336 0.13010127836069732 0.13947517336777723 0.13768084428259458 0.09435308797015514 0.158709342187193 0.0933835291655859 0.16521701313911347
0.1152628714787921 0.09877835967845103 0.1636434352821407 0.09437602611767244 0.14258467499419383 0.13180709959530162 0.14029630151224143 0.11325123134120695
0.08160112504388378 0.1337745170335937 0.1127881845271192 0.13499718950777728 0.10376927002702306 0.17950977530686488 0.09156331114440545 0.1619966274093327
0.10216108605126353 0.0880375899580982 0.2191526917431705 0.13361093988930764 0.09668874943374772 0.09113287001312069 0.14896622701091464 0.12024984590037689
0.11995243257674854 0.09052589507506059 0.1888338974187894 0.09362041301006394 0.14219643447929803 0.11335339995031544 0.1391730318776473 0.11234449561207674
0.10765389547454864 0.07841304383233344 0.24743277721926485 0.12864346353080866 0.10155688392041612 0.07709295726652139 0.14342786157837922 0.11577911717772779
0.12060180244350485 0.08818180877277595 0.19712186465904344 0.0928633226780312 0.14278047179121095 0.10896717619206625 0.13804756624972994 0.11143598721363743
0.07293377798877244 0.11571662370080954 0.17003217488549882 0.19069152018406602 0.06879215653165867 0.11320743131946687 0.09700394722406838 0.17162236816565943
0.1194687444450113 0.10504337864467414 0.20883313253980532 0.11289796350053567 0.12340180987519107 0.10694841888261129 0.12498268649631948 0.0984238656158516
0.09758048482780952 0.16041571456044615 0.10158303677082378 0.11145193638035156 0.11809694150747352 0.2015360750126092 0.07559348728406452 0.13374232365642186
0.11793905041253724 0.10283156365635454 0.1487717686000072 0.09247714474807697 0.14815989406872573 0.14137451799707657 0.13747348681952937 0.11097257369769237
0.12277168759593778 0.09200630643430245 0.16376480544804703 0.09207661146733555 0.157017982376208 0.12499260572114827 0.1368780671962182 0.11049193376080266
0.08296097176415529 0.13200166352615308 0.11286695054533744 0.13490462399009248 0.1069040778682128 0.17697563594204918 0.09150052757588882 0.16188554878811096
0.1024533195436769 0.08773042307074978 0.21912601585277067 0.13356509610302703 0.09733088365267116 0.09067056067399032 0.1489151146103898 0.12020858649272434
0.10383609793171061 0.078264981837745 0.2613619042617478 0.129581124729433 0.092391743473208 0.07346785166953673 0.14447328384012903 0.11662301225648972
0.10269795133805802 0.0757101027661321 0.27714200268934214 0.12762540324132066 0.09008257538519944 0.06958630133251069 0.14229280033024855 0.11486286291718859
0.1018950296428423 0.07490899011599475 0.28295940463805014 0.12688171248512986 0.08912912483767205 0.06856855640728804 0.14146364063640596 0.11419354123661687
0.08054746896543753 0.1297972629283559 0.14138284663202427 0.13761256122327706 0.0939023006254873 0.1582852707190889 0.09333721543839661 0.16513507346793244
0.10119975454703659 0.08678653408170946 0.23106987393738407 0.13274013572701468 0.09391200533726615 0.0868302288599326 0.14799534535534323 0.11946612215431322
0.11952526294352073 0.09016942183293578 0.19255354818606799 0.09346484904477156 0.1411059431313905 0.11208138041267353 0.13894177559491416 0.11215781885372587
0.10743427427359539 0.07826866581028355 0.24889539461826687 0.1284921728633213 0.10121573903253256 0.07679161405053199 0.1432591837744791 0.11564295557698917
0.08153155340621429 0.13068227038358957 0.13365893693026382 0.13765627370756833 0.0964982161968189 0.16141835702046023 0.09336686390600288 0.165187528449082
0.1326512931303311 0.11666394247246901 0.18596176571216036 0.10841207120110728 0.12355117264632141 0.11431752182045445 0.1208713689361599 0.09757086408099655
0.11027780821115993 0.0841866231488582 0.24550285500405208 0.12792959296814221 0.09733370045398818 0.07700083736754267 0.1426319491749287 0.115136633671328
0.10438325295722334 0.07815935045101623 0.2706809012754734 0.12776375328287876 0.09127795152847216 0.07030036224838936 0.14244705030195584 0.11498737795459087
0.10234002251695729 0.07661610001314798 0.2803296247590847 0.1268928450175345 0.08942327189274771 0.0687185227054957 0.14147605257925114 0.11420356051578105
0.11866448012110711 0.08893439017851582 0.20732091776799105 0.09235707251550918 0.13828767151186766 0.10631198950513361 0.13729499138126441 0.110828487018611
0.08227751269366199 0.13381180385635655 0.12272303324699571 0.13489174270911167 0.10295641989545307 0.16997760564043732 0.09149179070704966 0.161870091250934
0.11517834311251719 0.1017620608476544 0.1575531705774432 0.09391859413312506 0.14487956014716274 0.13438966007817946 0.13961629814416798 0.11270231295975006
0.08130442983945824 0.13697424217675147 0.11107254275096752 0.1344020441476283 0.10391865119840571 0.17988598957472168 0.0911596473349131 0.1612824529771539
