0.125 0.125 0.125 0.125 0.125 0.125 0.125 0.125
0.099626400996264 0.07845579078455792 0.199252801992528 0.15691158156911583 0.08685378548392246 0.06839735606858895 0.17370757096784492 0.1367947121371779
0.09444644354078607 0.15741073923464347 0.10039762527401264 0.1416696653111791 0.1180580544259826 0.19676342404330432 0.10625224898338434 0.08500179918670747
0.06430745814307458 0.11377473363774733 0.056062912227295786 0.09918822932521562 0.12861491628614916 0.22754946727549466 0.11212582445459157 0.19837645865043124
0.09567579728864391 0.0772322701004716 0.19135159457728781 0.1544645402009432 0.08610821755977952 0.08393305897246617 0.17221643511955903 0.13901808618084885
0.09562650361947367 0.07530587160033554 0.2248180624771421 0.15061174320067108 0.0899506101444691 0.06565127267721559 0.1667333909262618 0.13130254535443117
0.10637485007227032 0.08377019443191289 0.17519290591877856 0.10052423331829546 0.14420750646257685 0.1047127430398911 0.15956227510840548 0.12565529164786932
0.07085889479112481 0.12536573693814387 0.10280967510584814 0.15670717117267985 0.08503067374934976 0.16489090064895054 0.10628834218668722 0.1880486054072158
0.09530474614971332 0.07505248759289924 0.22249340499141415 0.1501049751857985 0.09458088678129692 0.0654303737989378 0.16617237790206424 0.1308607475978756
0.09039366920029682 0.15065611533382803 0.12089933360112678 0.1355905038004452 0.1310930537664171 0.18832014416728504 0.10169287785033393 0.08135430228026713
0.06892310970740337 0.12194088640540594 0.09590312834837175 0.15242610800675746 0.08270773164888405 0.19180304171396356 0.10338466456110505 0.18291132960810894
0.09349358027758571 0.07362619446859875 0.22562198816053533 0.1472523889371975 0.09276707747099908 0.07585044548660809 0.16301444766348278 0.12837387753499271
0.07023425275408582 0.11705708792347638 0.13228673020569573 0.14046850550817164 0.10183849411603467 0.15717791847619247 0.10535137913112874 0.17558563188521456
0.08731390358504035 0.1621324653024089 0.10474130373099655 0.13097085537756054 0.12824927804953873 0.20978153919474818 0.0982281415331704 0.07858251322653632
0.0807411677718396 0.14284975836556235 0.07741374613254742 0.12453568678023387 0.10872769252986662 0.23182144107620647 0.08446768320746295 0.14944282413628063
0.06731299793187404 0.11909222711023869 0.09040276747689323 0.14886528388779835 0.0956601794504262 0.19905870657960048 0.10096949689781105 0.178638340665358
0.09114985124230021 0.08019439300822231 0.2241625261144401 0.14356101570662283 0.09265478837518384 0.08419372251472822 0.1589279457558055 0.12515575728269684
0.05983584390711075 0.10773311413038307 0.08712894916093722 0.08975376586066613 0.13924312073841066 0.22909315544836045 0.10770451903279936 0.17950753172133227
0.07057666925950884 0.1179820980640124 0.0904394309353447 0.1474776225800155 0.09917990424969926 0.19734282728286842 0.10002830053253225 0.17697314709601858
0.09018954108606875 0.07939405648902549 0.22524424309218002 0.1420485272105583 0.09235927830102195 0.08967361743623128 0.15725355881673525 0.12383717756817904
0.06780920065489406 0.12208731436701971 0.13413591568774005 0.1356184013097881 0.09871616621820146 0.17039619914278037 0.10171380098234109 0.16952300163723513
0.08243301630083047 0.1544124631645277 0.10294893808111594 0.12364952445124572 0.12124275350018417 0.2483864464929143 0.09273714333843429 0.07418971467074743
0.059660369242573674 0.09754783082621503 0.052993324921561884 0.08504169866900797 0.13373708195601222 0.30480220289903914 0.09613409414757423 0.17008339733801595
0.09414205659815307 0.07164633455955204 0.1870803091098807 0.14329266911910407 0.0990383252474146 0.11607627057367084 0.15976063258503093 0.12896340220719363
0.08658331022701414 0.07313044602759394 0.26656086401118534 0.1363687136075473 0.08882727040420889 0.0786780788482564 0.15096577167787079 0.11888554519632327
0.07244017274814296 0.1180483219320953 0.12219370442786663 0.1475604024151191 0.09247667586306695 0.17012379286009396 0.10008444685547212 0.17707248289814292
0.0995381852586619 0.08776108012556558 0.16229314008722268 0.09406358506943549 0.14497479871063584 0.1444824515236913 0.14930727788799286 0.11757948133679434
0.08519927109693105 0.1370304406892372 0.08693726034271278 0.11946243547266834 0.11681483627353619 0.23017413819364177 0.08102669536407067 0.14335492256720198
0.09555757713844387 0.07101036814624971 0.20324334402967503 0.14202073629249942 0.09568258396389807 0.10632420536225755 0.15834252240372695 0.12781866266324948
0.09804215398566325 0.08281001488141591 0.18844485590488944 0.09264983551645178 0.1497989622236055 0.12537865211391444 0.14706323097849489 0.1158122943955647
0.061597783903878926 0.09908361722469566 0.07014029978846988 0.08638058937537572 0.14214539753266664 0.27024351065199775 0.09764762277216385 0.17276117875075145
0.09236922592155891 0.07010288126689429 0.2023031726371912 0.14020576253378858 0.09839126585151028 0.11412354340007977 0.15631896210856727 0.12618518628040973
0.08510443342065155 0.07185364718748624 0.27286579599120603 0.13403948263752619 0.09357731456834127 0.07731717536709143 0.14838721724626422 0.11685493358143309
0.06242514545934039 0.10160067575652167 0.08612366393832863 0.08857494809542914 0.13423352669075314 0.24976394167393595 0.10012820219483294 0.17714989619085827
0.09131953065823227 0.06921845572915782 0.21117022119936596 0.13843691145831563 0.10169267982892358 0.10922215565029404 0.15434682516322654 0.12459322031248407
0.09084531241967748 0.06703760070830439 0.265403941514621 0.13407520141660878 0.0925165278385591 0.07996989085980866 0.14948384396747277 0.12066768127494791
0.08871405571194463 0.06544465452831162 0.2892681987905804 0.13088930905662324 0.08889192028593658 0.07305967173639245 0.14593181173925007 0.11780037815096092
0.08744430387275044 0.06460153394526148 0.3001854710139605 0.12920306789052297 0.08723355136987818 0.07099753212821443 0.14405177867794128 0.11628276110147068
0.08679670376160258 0.0641808840650924 0.30536070528147874 0.1283617681301848 0.08643927591134477 0.07022127930440189 0.1431137922287284 0.1155255913171663
0.06959653672729611 0.11284387902492769 0.15487005066952977 0.14105484878115962 0.09234141382325083 0.1643554680457449 0.09567198439069957 0.16926581853739153
0.065627251967727 0.12213046173456661 0.11560043473177165 0.131254503935454 0.10223178496672487 0.20064655479284801 0.0984408779515905 0.16406812991931746
0.05742975226088273 0.09515952131082532 0.06333260954760211 0.08295958268123234 0.13687089207933556 0.3045480789440903 0.09378039781356698 0.16591916536246468
0.09003357531932042 0.06848923072062478 0.20331648038016217 0.13697846144124956 0.10508339727163711 0.12009747733613005 0.15272076223375136 0.12328061529712461
0.10405067506239142 0.07679828526487824 0.1930327265295053 0.0959978565810978 0.14638129096470173 0.12583447627507313 0.14270726142503493 0.11519742789731735
0.09038564617516298 0.06572194123148722 0.26086257056605566 0.13144388246297445 0.10454279115169425 0.08219355449469179 0.14655011970125656 0.11829949421667699
0.0878146920381916 0.06473697000517036 0.2901006219691384 0.1294739400103407 0.09401222583464781 0.07298122325600373 0.14435378087720077 0.11652654600930665
0.08664984732197258 0.06401605629847527 0.30187841551202954 0.12803211259695055 0.09086286837908258 0.0705855476439026 0.14274625091033144 0.11522890133725551
0.10159820897339529 0.07512909096116933 0.22599765680975992 0.09391136370146166 0.14123137491207724 0.10983311857850817 0.13960554962187435 0.112693636441754
0.09498252694321746 0.06429495808030444 0.2735491172754079 0.12858991616060889 0.10164396675734338 0.07784042998189107 0.14336816025667887 0.115730924544548
0.12503734379103218 0.08566668765828238 0.24671039878755086 0.10708335957285296 0.12395980182028951 0.09577743012618375 0.11938995462824054 0.09637502361556767
0.10267436217539304 0.06332478115431267 0.28105693120157443 0.12664956230862534 0.09677541278884885 0.07432953377923937 0.14120481051424347 0.11398460607776281
0.09800465707621621 0.06325722459996895 0.2963907210205139 0.1265144491999379 0.09070053361134514 0.07021524073094904 0.14105416948112476 0.1138630042799441
0.0778877122138554 0.11118078181658166 0.15243329106133513 0.13897597727072708 0.09564176637846304 0.1628473313418458 0.09426196719231923 0.1667711727248725
0.09839345528716813 0.06697775136694419 0.24434738525305894 0.13395550273388837 0.09601406191421766 0.09040150211524596 0.14935038886897703 0.12055995246049953
0.07810355558032309 0.1116053372345934 0.13942408646492743 0.13950667154324176 0.09772288577996524 0.17160754119399083 0.09462191635106831 0.16740800585189008
0.129056648231573 0.09802444088110228 0.195134845704518 0.10952478766474978 0.12661152258916092 0.12096348127604196 0.12211196475457925 0.09857230889827481
0.09363012971272625 0.13885435003301955 0.14444465624771657 0.15676828579617022 0.08894172626825375 0.15652204934229139 0.0797473453832692 0.14109145721655317
0.10322026264392936 0.07604513595543708 0.23889931141076573 0.13242854579792382 0.09381467915380978 0.08875842798261607 0.14764794583738672 0.11918569121813144
0.10184315061111388 0.06911073816915819 0.278594949571732 0.12775429458568416 0.09171521696677364 0.07356628040796573 0.1424365045604568 0.11497886512711575
0.09995821521151908 0.06748612076814517 0.2944977174696913 0.12555200846678802 0.0898340448276265 0.0696939657485228 0.13998111988759798 0.11299680762010922
0.11624277351159486 0.0786366743081795 0.22091046999470276 0.09156539772451278 0.13923266432706766 0.10741542923226621 0.13611811363226078 0.10987847726941533
0.10564480211134067 0.06846998275859592 0.2686472248693004 0.12598977622387014 0.10100959852994247 0.07637861863795833 0.14046919826750895 0.11339079860148313
0.0816508117780809 0.11785927534436742 0.14453964119376958 0.13708821572965718 0.0977154827012479 0.16365914196934708 0.09298157240794139 0.1645058588755886
0.10169584454176298 0.07451404123765898 0.23887499868098655 0.1323281801286371 0.09574530462947721 0.09021022305959643 0.14753604560610734 0.1190953621157734
0.08107034529442625 0.11897725131856811 0.1371234876706411 0.13763730801784385 0.09668799364064239 0.16998484421566734 0.09335400022079844 0.1651647696214126
0.08871186388859961 0.14281502376576846 0.12831243043730114 0.15835034011694293 0.08376907311302081 0.17497383303536912 0.08055212953774923 0.14251530610524862
0.10464781673697314 0.0766566225233113 0.23160485278721268 0.13297190714462168 0.09339986020652868 0.09279047098159247 0.14825375318960057 0.11967471643015949
0.10454313180930498 0.0691153250148429 0.27512494508974444 0.1276491377339913 0.09198553760563387 0.07437843626754481 0.1423192625183455 0.11488422396059218
0.08213059032987166 0.11796452251863662 0.1461968925649582 0.13711992944616735 0.09603048083937511 0.1630105863847115 0.09300308258087873 0.16454391533540083
0.10231937767424538 0.07438523206805994 0.23939240697887604 0.13205697426791688 0.09579681291098215 0.08996424794814692 0.1472336713106476 0.11885127684112518
0.10363233718041809 0.06870695335130045 0.2782473219556428 0.12716377853356264 0.09240844877247908 0.07361563629568714 0.14177812323070343 0.1144474006802064
0.10236789189062608 0.06718802508166984 0.29380498296606344 0.12499977873244825 0.09024054977314788 0.06953354575185774 0.13936542494498336 0.11249980085920341
0.10145111082910385 0.06664630915746056 0.2999908978415784 0.12415736918363679 0.08921478253502094 0.06837169702348364 0.1384262011644428 0.1117416322652731
0.10099410466010086 0.0664397699449486 0.3024496714121625 0.12383098135655979 0.0887770265140018 0.06799825979677014 0.13806230309455247 0.11144788322090382
0.10079186901945618 0.06635936327962484 0.3034277859463394 0.12370333457101423 0.08859781680250704 0.06786684281259693 0.13791998645454867 0.1113330011139128
0.08123381710573864 0.11726292263634432 0.1531687339346194 0.13663132693447075 0.09521073526366947 0.159863189187369 0.09267168261642363 0.16395759232136486
0.07621890998112803 0.13197223686929793 0.1135722446207885 0.13470113115656915 0.09520554600651769 0.19532606762814275 0.091362506349673 0.16164135738788296
0.13260545549544783 0.10815201059482317 0.18241506039310265 0.10789716063768072 0.12536653912108364 0.1261590470998486 0.12029728208410075 0.09710744457391264
0.0861490774684436 0.1289650872464679 0.1203868793169022 0.13284604062844094 0.10167047656414328 0.1804629189865304 0.09010427103494255 0.15941524875412913
0.10404017042828816 0.08213500351985277 0.22630412909288244 0.13163278284431187 0.09717114243095226 0.09348653759442742 0.14676072952940444 0.11846950455988069
0.1389871844976653 0.0974094944449837 0.22535617654119408 0.10512900931246015 0.12288057127007386 0.09841045561747187 0.11721099993493692 0.09461610838121413
0.11214807677342443 0.07400569657814203 0.26880674828452045 0.12402988601994736 0.09711452340404285 0.07398410457137232 0.138284066950598 0.1116268974179526
0.09592843026974078 0.14236653653499787 0.16500880064250836 0.15554682393057012 0.08315222994050794 0.13887904410121982 0.0791259930429422 0.1399921415375131
0.1379788549568922 0.10844538535848325 0.20195195579844613 0.10640032412081579 0.12009647995796882 0.11073828702664548 0.11862842107201405 0.09576029170873422
0.1130121085880697 0.07606070173486064 0.2590329354097632 0.12524776520953065 0.09733905219652464 0.07694253681219689 0.13964191136047668 0.11272298868857757
0.08391126629377142 0.12461152262926627 0.14140425597791195 0.13570274132981214 0.09674015736042828 0.16274490747629294 0.09204185933674215 0.16284328959577457
0.0892485182166176 0.07427388530117472 0.20471339879189848 0.11331187466797933 0.1103686286630247 0.10366373256473367 0.16844571219299614 0.13597424960157523
0.10203627508280233 0.07578216205010299 0.26311565010506516 0.12798886578538246 0.09646201052242225 0.07672702330457355 0.14269803394280703 0.11518997920684422
0.081482589966319 0.12878722537630574 0.1420695002485079 0.1352380311042857 0.09624778852221905 0.16216256288213898 0.09172666457508075 0.16228563732514284
0.07613824336285116 0.14085181991389986 0.10999650532833746 0.133231566765613 0.0947357201290473 0.1948025060535347 0.09036575832798101 0.1598778801187356
0.08810936703576379 0.07712666971349073 0.19180751329933088 0.11408538107873682 0.11074456510306614 0.11162846505061738 0.16959558142451028 0.13690245729448422
0.07878506907831019 0.1293892341635093 0.1241245573347706 0.13579175970477797 0.09980054116974398 0.1770564898860007 0.09210223701715377 0.16295011164573356
0.10182219508677778 0.08662612317412538 0.2275172672074172 0.13097154237648137 0.0965021551525437 0.09266283310974428 0.14602349575407697 0.11787438813883323
0.120518484021927 0.08895849934072397 0.19691325652486782 0.09139609551228221 0.14259083896314134 0.11408107649958298 0.13586643452273595 0.10967531461473864
0.0643606044187082 0.09982126635766443 0.1521048410816462 0.16260067044278415 0.08122571416765544 0.1344804268737904 0.11028567212641015 0.195120804531341
0.08038860729476476 0.14759087362780673 0.14013064099660077 0.1607772145895295 0.0860324644817133 0.16081659712060034 0.08409885070836928 0.14016475118061547
0.08908029203687098 0.17110525014412287 0.08961006623408883 0.10899944702606205 0.10839987776361161 0.22807567064194448 0.0739300597220247 0.13079933643127445
0.11642041243771446 0.10429434897843956 0.1457492579533046 0.09059760025307435 0.14655776600479486 0.15298407637933797 0.13467941768964486 0.10871712030368923
0.08239011813337532 0.13315509852223598 0.11024182549395915 0.13136530717064474 0.10592717811751998 0.19018215648522777 0.0890999474722634 0.15763836860477368
0.10297136313227213 0.0874234101144963 0.2206921935955074 0.13107855128916127 0.09824764264709385 0.09547334035524872 0.14614280270597532 0.11797069616024515
0.10459379982546746 0.07710722544945717 0.2691654399981118 0.12654457601238636 0.09302839360922109 0.07458268806547319 0.14108775862873524 0.11389011841114771
0.10313948860700137 0.07408782111480809 0.28903136297852156 0.1240874364650902 0.09018802324691892 0.06943894336695573 0.13834823140212296 0.11167869281858119
0.10201479353234075 0.07304924121579877 0.2970396839079859 0.12306739167914138 0.0888775662651608 0.06797971329980987 0.13721095758853524 0.11076065251122723
0.10143354556736811 0.07266343522047145 0.3002571305780718 0.12266249446530325 0.08831870662014742 0.06750891511854933 0.1367595274113157 0.11039624501877292
0.08120790057965059 0.12757389543071038 0.15128172195515185 0.1346974055648824 0.09427720551299403 0.1579650048521359 0.09135997942661589 0.16163688667785886
0.10148034198844394 0.085500160485921 0.23951075265893818 0.12965915266407357 0.09437084321624263 0.08822523242444141 0.14456027916427303 0.11669323739766618
0.10353772428379773 0.07629006623628841 0.27702890778647304 0.12565679571457533 0.09153626804551006 0.07276117194130062 0.14009794984893695 0.11309111614311779
0.08171761592441809 0.12874399995007121 0.14548796345764034 0.13497524103674965 0.0951564443378097 0.16040002169385092 0.09154842435536065 0.1619702892440996
0.0880512101262409 0.16274055514118882 0.12807291496777368 0.1539193924412728 0.08196652427535399 0.1684238241308986 0.07829812572012575 0.13852745319714552
0.10352273035701254 0.09508555609765594 0.2281493213292999 0.12967860541815177 0.09171679168474751 0.0905542827034236 0.14458196753337216 0.11671074487633659
0.10426837689531115 0.07997221741113537 0.2719760682580112 0.1258150991468775 0.09112656983964193 0.07333363285456808 0.1402744463622649 0.11323358923218975
0.10279068974063497 0.0759977709525028 0.28993297549556946 0.123631754879663 0.08952671592041511 0.06901133317905776 0.1378401804404601 0.11126857939169671
0.0813055815210682 0.13097494327294995 0.14843467619979925 0.134343601333415 0.09437127229189679 0.15823759591984785 0.09112000786092495 0.16121232160009796
0.07575326283465926 0.14548198117083186 0.11109445689825262 0.1323908172619147 0.09395349940678781 0.19266149087474022 0.08979551083851607 0.15886898071429764
0.07405132889373192 0.14864847683280427 0.10113985705373398 0.13125699032697896 0.09309342968693397 0.20527504841775193 0.08902648039569008 0.15750838839237474
0.10091762112775604 0.09344785699360439 0.21624725888391966 0.13113740512229766 0.09537642307128916 0.09864134985321975 0.1462084203378453 0.1180236646100679
0.12021275920053527 0.09245357363295631 0.19278130772571578 0.09127437041156786 0.1422848488609171 0.11577841368946866 0.13568548198495758 0.10952924449388142
0.12386977903066855 0.09059422506670849 0.18161927962862873 0.08918148162553681 0.15644518736537025 0.11869800709507775 0.13257426223736518 0.10701777795064416
0.10962896512037386 0.07912393603493821 0.24924668299035735 0.12507186987308785 0.10626394477673479 0.07865411713186818 0.13944580118686065 0.1125646828857791
0.12164476992301645 0.08858652411177592 0.2033534538604758 0.09023121351382367 0.14477291387238042 0.1089989093082551 0.13413475919368414 0.10827745621658841
0.10841039201844707 0.07830333187623598 0.25895589158548965 0.12439110428277247 0.10292338752019133 0.07637710050530709 0.13868679835706127 0.11195199385449524
0.12114626082780475 0.08830790262719022 0.2067173797098398 0.09010577915552373 0.1434277037758487 0.1082197463217888 0.13394829259537558 0.10812693498662847
0.12381766609018799 0.08947837321011554 0.1863131981518979 0.08889321961111313 0.1564557363959946 0.11622420161531233 0.13214574139204283 0.10667186353333577
0.1245725913349596 0.08968426818642655 0.17877517495766868 0.08882263544857362 0.16104258162227877 0.11847477261810399 0.1320408132937005 0.10658716253828834
0.10986414674178223 0.07899063179974117 0.24790011097859205 0.1251084385357401 0.10740357316356798 0.07864893158169713 0.1394865725167132 0.11259759468216608
0.12171920323900821 0.08856259036598402 0.20286584901150684 0.0902353995349165 0.14519156552656926 0.1090019308849261 0.13414098199518928 0.10828247944189978
0.08387607336841373 0.13274888792064257 0.12507546259303337 0.13180834638848477 0.10626532900798594 0.1726554414178508 0.08940044363740705 0.1581700156661817
0.10258681367307938 0.08964071180136716 0.22689005999000283 0.12993415744737558 0.09763741139711778 0.09150321501350947 0.14486688897490976 0.11694074170263802
0.10406623210674765 0.07901822867582221 0.27141639194696315 0.12585133165648124 0.09252460353884401 0.07354217067775425 0.14031484290655444 0.1132661984908331
0.11998007386776186 0.08854800148809323 0.21140201407590217 0.09022999552613953 0.13990754367648667 0.10752342816106257 0.13413294857318653 0.10827599463136742
0.07355835755114146 0.11689858772559124 0.1792312106220597 0.1857182922527176 0.06935200256671983 0.11362099845620274 0.09447408779812157 0.16714646302744582
0.09211160559701244 0.07554269471030467 0.26355782097510516 0.134876084815758 0.08931288085814514 0.0777012637257197 0.14931337024780694 0.11758427907014797
0.09476078477121105 0.15669221649123075 0.11807637299896578 0.11244969323307155 0.11291550801853449 0.19389556589269552 0.07627022671460505 0.13493963187968588
0.07675643163570164 0.1503399202219428 0.1016300597620355 0.12887629249427876 0.09635615836026108 0.20397784031913496 0.0874117462135108 0.1546515509931345
0.07390545061400255 0.14947381968154896 0.0984076108114244 0.1305474956098697 0.09324444534341353 0.20921892531598552 0.08854525789191163 0.15665699473184364
0.10093474856355673 0.09366106768476894 0.21491781319203515 0.13118553443459027 0.09547537642979438 0.09949639777481152 0.14626208092931184 0.11806698099113126
0.10413586960205994 0.08012220147229011 0.26650046919089987 0.1265005376452963 0.09246710999765821 0.07538466907515379 0.1410386591358751 0.11385048388076666
0.10296963032823726 0.0761814929740864 0.28770991789160455 0.12390536096999484 0.09002804484741782 0.06954549730284866 0.13814523081281513 0.11151482487299537
0.11930753933388351 0.08768627902619662 0.2168761326561736 0.08990704457492832 0.13861318407983286 0.10606850654559564 0.1336528602934755 0.10788845348991398
0.08340396778583542 0.13248639451195324 0.12859197339979342 0.13180024153672631 0.10470720926710922 0.17145497722090514 0.0893949464336057 0.15816028984407157
0.06781692831223468 0.12996648580078654 0.15139945090455764 0.18848558485609535 0.0643795954112151 0.132433130830872 0.09588179751375286 0.16963702637048583
0.06336628939830873 0.11189300276082378 0.17247038560345404 0.19751012729196454 0.06102959053724867 0.11822929864710088 0.10331298966041223 0.17218831610068705
0.10471047815032632 0.08630245095438122 0.17931545555693496 0.09292964366617945 0.1440458808784232 0.1290266653123331 0.14750737089869753 0.11616205458272431
0.06970292309650838 0.11442834898955617 0.07191939734714452 0.0798161953219047 0.15289513058368692 0.2613786106100195 0.09022700340737053 0.1596323906438094
0.12811814882468492 0.11191438761381207 0.16111085450201004 0.10482722665682749 0.14133253064058138 0.1414778129759393 0.11687453479500019 0.09434450399114473
0.11132098784847799 0.08344952862847191 0.23991620820201456 0.125574645981986 0.10330181142597186 0.08341327750161336 0.14000635902767694 0.11301718138378741
0.10553094980462904 0.07731764732958182 0.2763365621085532 0.12476185491077235 0.09314577437132789 0.07152138441611691 0.13910015763932376 0.1122856694196951
0.10289381392662157 0.07535728277698217 0.2915997497693367 0.12331984949246919 0.08980410366452048 0.06854490661658716 0.13749242921026042 0.11098786454322226
0.1356468555398321 0.09951376443374653 0.24829052359824075 0.10221879964302504 0.11814964383479942 0.0902171599382909 0.11396633333334283 0.09199691967872252
0.11001970832229677 0.07878859134870925 0.2774699456648179 0.1217954927400833 0.0950029530698491 0.07151448019885204 0.13579288518931673 0.10961594346607498
0.10379379257116543 0.07543032871342749 0.2917523718634299 0.12293201603783942 0.09001757090378006 0.0683750816251589 0.13706002385114335 0.11063881443405549
0.10188639581397325 0.07459127676814516 0.29784207692490217 0.12255853944814572 0.08859482694963763 0.06758057326684262 0.13664362532502217 0.11030268550333117
0.1012126049415571 0.07429614801369645 0.30034406809679404 0.12230545642607983 0.08810223591127386 0.06730311918491533 0.1363614566422114 0.11007491078347185
0.10095754924636728 0.07417862304480219 0.3013601020106823 0.12219040866681702 0.08791523406471675 0.06719352819019209 0.13623318697628703 0.10997136780013533
0.08088905361916728 0.13030635137600194 0.15126466781579803 0.13418801366731287 0.09393309098800161 0.1573787272977218 0.0910144788352209 0.16102561640077542
0.10110988345363059 0.08856787792614557 0.23898675099360625 0.12912448272228258 0.09406516656096056 0.08796964181340218 0.14396416207991802 0.11621203445005432
0.10326930527994638 0.0785015058913264 0.27650412508913536 0.1253065523169672 0.09133335977829361 0.07260179996088974 0.13970745459817085 0.11277589708527046
0.09325502046800954 0.15094879742261905 0.166114955107178 0.15398174743935727 0.08147132189500839 0.1373147395358636 0.07832984543654262 0.13858357269542151
0.10353385143131263 0.09168926555289522 0.24498949070333625 0.12797064474296682 0.09042025749483576 0.08354519096569023 0.14267771884029284 0.11517358026867014
0.10362442220565508 0.07885773137991609 0.27891830633369075 0.12495316796555592 0.09027181049635205 0.0716032530315159 0.13931345741831383 0.11245785116900033
0.10236690475949307 0.0755963211859052 0.2927386631324569 0.12327195588100313 0.08911328344316041 0.06852907989745252 0.1374390314076259 0.11094476029290283
0.10152883919080229 0.07462256298424513 0.2983035210068598 0.1225712501353249 0.08839169232448653 0.06761021244382064 0.13665779679266818 0.1103141251217924
0.10111246077629178 0.0742938056781902 0.30054120576921267 0.12229290306812507 0.08804717485401446 0.06730137650794372 0.1363474605849096 0.11006361276131256
0.10092651142471365 0.07417368249650454 0.30144167574653974 0.12218261037245193 0.08789756213850936 0.06718911602604193 0.1362244924600322 0.10996434933520674
0.1346906234088457 0.09900413166069455 0.25192896805658815 0.10195435733390132 0.11731162791324443 0.08967987013304413 0.11367149989317057 0.09175892160051118
0.1096448830078825 0.07860052167755201 0.27900638875641104 0.12163620910970062 0.09469648589124526 0.07132762753019999 0.13561529582827814 0.10947258819873056
0.12111410945129103 0.08805709571639601 0.21354007045307344 0.08973020244126866 0.14007047902392913 0.10642182740018563 0.13338997258433372 0.1076762429295224
0.08375461552480007 0.13258215451540223 0.12774890003584702 0.13177477496884146 0.10504451391544246 0.17158763761992965 0.08937767345712727 0.15812972996260977
0.11577794115879148 0.10116415666986604 0.16108563765587122 0.09167761996057434 0.1465347360598681 0.1374618250188589 0.13628493952348067 0.11001314395268921
0.08228376550543882 0.13598002431203723 0.11407130371950609 0.13126303690615662 0.10604968821031321 0.183805955505419 0.08903058155374102 0.15751564428738793
0.13326156180578275 0.11771004376115479 0.18024166107018844 0.10591256365338882 0.1272906885011539 0.12217756936941351 0.11808460455086783 0.09532130728804993
0.1120361422076089 0.08405333079306765 0.24850369117403565 0.12493586652202177 0.0994347627406869 0.07929975909283385 0.13929416759992574 0.11244227986981958
0.08307731020812723 0.13335351428612516 0.13788954567034023 0.1342816747745288 0.09667461505704325 0.16250732477515514 0.09107800549924562 0.1611380097294345
0.1019575251164334 0.09103895341025961 0.23269488437684455 0.12939418963925695 0.09497414796746388 0.08922066364944774 0.1442648651649626 0.11645477067533125
0.09287812334196524 0.1574246581399396 0.15335999923653462 0.15399038966961578 0.08215692309304551 0.14326431411474483 0.0783342417015002 0.13859135070265421
0.09059033725767818 0.08306225411160623 0.20882338807326256 0.11198811023770913 0.10576802253307332 0.09890430804357142 0.1664778474578482 0.13438573228525094
0.10192506949521199 0.07955984491280065 0.26429455340641983 0.1271688579420683 0.09522385701636005 0.07559205868715074 0.1417837863921269 0.11445197214786149
0.10243399684181279 0.07703765344228773 0.28672568952926636 0.1238959338796766 0.09066997751757047 0.06959568798705258 0.1381347203106245 0.11150634049170893
0.11904591276848145 0.08884137690895796 0.21641712626612267 0.08978660778366938 0.13871143205462333 0.10597979196351107 0.1334738229142309 0.10774392934040325
0.10720185403945369 0.07901690242166089 0.2644657621060123 0.12366578248037141 0.10103098937072666 0.07544138667356398 0.13787811867587677 0.11129920423233428
0.08198963980329209 0.13319784619156042 0.14176744579830772 0.13394994918100478 0.09690750948655753 0.16059466151234683 0.09085300900972497 0.16073993901720568
0.10153026528522634 0.09088413584152523 0.23441361995347787 0.12920301955517935 0.09489781812223044 0.08873669885505903 0.14405172478764028 0.11628271759966141
0.08085424738846084 0.13713677638568014 0.1340792549045835 0.13418771618140934 0.09544297729300673 0.16625949136699494 0.0910142770621733 0.1610252594176912
0.10151728209090292 0.09191614141288078 0.23102065867702398 0.12957704378565735 0.09481724928903326 0.09006355144504295 0.14446873389236722 0.11661933940709161
0.10355435453379483 0.0803381522225642 0.27301315489709965 0.1254808493087636 0.09166438980224949 0.07311455212085533 0.1399017827367857 0.11293276437788724
0.10247511021694918 0.07689891153118364 0.2902065233986771 0.12338579461949567 0.08953554474511935 0.06888494722541218 0.13756595310561678 0.1110472151575461
0.10155577706137384 0.07575208298386396 0.29715180240979905 0.1225201746353596 0.08848321227108114 0.06766794204488735 0.13660085142181136 0.11026815717182363
0.10106882034943097 0.07533940862411383 0.299950517312198 0.12217573892400448 0.0880199953459808 0.06727052310486008 0.13621683130780796 0.10995816503160402
0.08078978991975161 0.13201191475711754 0.1507514413850268 0.13392684888130002 0.0938130930736186 0.15715735234526537 0.09083734098036002 0.16071221865756
0.13195785947117036 0.11818389713978665 0.19484859470438703 0.10527731010978252 0.12276941822581461 0.11483699699352681 0.11737634425672766 0.09474957909880424
0.1269336650031185 0.09725179905107188 0.18195577846301575 0.08863578918451756 0.1490536110796758 0.1180433564243744 0.1317630537728052 0.10636294702142106
0.08451000280885668 0.13673578578836013 0.1193315952643481 0.13100414131950083 0.10669692100930006 0.17566160141822404 0.08885498280800926 0.15720496958340097
0.10274396139645127 0.09210183275275122 0.22389910649885522 0.1298064769864173 0.09774839543592577 0.09214986285248969 0.14472453478933392 0.11682582928777559
0.12037483347728693 0.0931490170262779 0.19511864941705856 0.09089690593979106 0.14268231223100394 0.11357763908526226 0.13512435569557002 0.10907628712774929
0.09605121757422784 0.15632611810296232 0.14148720755288052 0.15137893228739727 0.09104959800648971 0.15046008273205658 0.07700580468532818 0.13624103905865753
0.11890780674925197 0.10793863051763948 0.1655690774965967 0.09108430546966328 0.1408997541847239 0.13089632133526807 0.13540293768326064 0.10930116656359593
0.10903114276040338 0.0841570279371193 0.24242559025804125 0.12590899218862206 0.10329519452433164 0.08148482926485577 0.1403791300968667 0.11331809296975986
0.10480529165787818 0.07833656113010426 0.2773063585197246 0.12453833833517805 0.09301482321966731 0.0710631692979098 0.13885095333787761 0.11208450450166026
0.1025871503655364 0.07636333054447789 0.2918691439147973 0.1231037889626128 0.08966188819613558 0.06836975010669794 0.13725153784339067 0.1107934100663515
0.10151453757967467 0.07559780039957058 0.29780734314779445 0.12242522667177608 0.08845065685397947 0.0675267398145218 0.13649499152808467 0.11018270400459848
0.10103302640469104 0.07529081290117595 0.30021170416942405 0.12214113938167549 0.08799034864699107 0.06722768765236797 0.13617825540016656 0.10992702544350794
0.13459767993838495 0.10034389747664085 0.25128942815856703 0.101810962501439 0.11722266162684955 0.08959387869074152 0.113511625356082 0.0916298662512951
0.09864932762624408 0.15785158527318113 0.1568020126213491 0.14982258646137955 0.08519401045579071 0.1406260514164599 0.07621409833035396 0.1348403278152416
0.10485327441581482 0.09487599463718781 0.24012255948558842 0.1276303926742184 0.0912009888999802 0.08415107330483015 0.14229836317558378 0.11486735340679656
0.10398688577609115 0.08057640162143928 0.2766566671062641 0.12490623251419729 0.09046879880427523 0.07172827702226073 0.13926112789269457 0.11241560926277755
0.10243698566088531 0.0768307127640656 0.29166705529402004 0.12318683834703245 0.0891355502626668 0.06853057144969713 0.13734413170930335 0.11086815451232922
0.1014907581379276 0.07569669173471093 0.29773844072210875 0.12244549767699617 0.08834434647204949 0.06756572516076693 0.13651759218614348 0.11020094790929655
0.08088385257398385 0.13214837365222445 0.1502030804103337 0.13395435419142354 0.09390312094085332 0.15730599644555077 0.09085599675592206 0.16074522502970823
0.07545447058092752 0.1481213720504724 0.11125424401459791 0.13190756474374055 0.0935989853498271 0.19190654600262622 0.08946773956531968 0.15828907769248865
0.10078883756670139 0.09476435869617025 0.2205677291286742 0.1304100237215032 0.09504108201106293 0.09566150316838161 0.14539744435815355 0.11736902134935287
0.08064490786398228 0.13830742994592013 0.13050361972566418 0.13413770852223186 0.095405789782416 0.16905493510933262 0.09098035882377466 0.16096525022667824
0.1148425934245287 0.10537466675977127 0.16212594676090433 0.09163054973276893 0.14308965668914256 0.13676496048514677 0.13621496646841472 0.10995665967932272
0.0818326261543762 0.14013283637351576 0.11399090323604942 0.1306989785700865 0.10490917266579285 0.1829487058598429 0.08864800285623257 0.15683877428410378
0.13262195688827708 0.1218486816045737 0.17961265553821903 0.10540086567837871 0.1265079143536518 0.12163304733121127 0.11751409949514761 0.09486077911054085
0.12720071409545622 0.0990467086631256 0.17642788615172186 0.08864717424226501 0.15046404299293403 0.12005688633796441 0.13177997842581488 0.10637660909071803
0.1441808527410801 0.10768445117498283 0.20113390270326614 0.10187325130679797 0.136876651088057 0.10298389208405884 0.11358107272563893 0.09168592617611816
0.08774403843249255 0.14095598421471392 0.12391246015124327 0.13030321900513525 0.10354053680738841 0.16880032395329436 0.08837957462957 0.1563638628061623
0.10330173163910986 0.0936489404542105 0.22570976840021637 0.1293599343727347 0.0967266413480879 0.0906023697510262 0.14422667309915344 0.11642394093546123
0.10409641126837947 0.08134755797221654 0.2706063044257424 0.12554126998567636 0.09217813270086067 0.07327403337747833 0.13996914728253765 0.11298714298710871
0.08139602483805973 0.1349340711148632 0.14330748283136302 0.13403971403719367 0.09481930333686554 0.15974185399788246 0.09091389299914006 0.1608476568446324
0.11491587749352519 0.10445715469306471 0.16668013726704517 0.09150744321702889 0.1426936427453775 0.13390485235910474 0.13603196036441909 0.10980893186043468
0.12246509052514425 0.09545477819827763 0.17224973107254832 0.08922129662470907 0.1568327858397536 0.12407731188213987 0.13263344990777648 0.10706555594965088
0.10945127519147503 0.08194329416477333 0.24485928292811243 0.1251621837869818 0.10656952932991966 0.07982197472944613 0.13954649446100803 0.1126459654082836
0.10472603618304874 0.07829929629488619 0.27815200449018374 0.12424981994267494 0.09359549752789631 0.07062323075144265 0.13852927686145997 0.11182483794840746
0.10247530895464153 0.0767864211795649 0.2921219768463548 0.12294968426574311 0.08971016469461753 0.0682220056131777 0.13707972260673149 0.11065471583916882
0.11885789694964559 0.0892031997191305 0.2181436617384572 0.08958596046667158 0.13813393135938237 0.10539665000550562 0.13317554720120134 0.10750315256000591
0.08308434392947042 0.13538986968662417 0.1286194744625768 0.13129402602035886 0.10431675742601064 0.17069109699324164 0.08905160025728688 0.15755283122443062
0.10195306847463254 0.09288756706708204 0.22793002877149454 0.12921446081327198 0.09679866386070138 0.09085871534428444 0.1440644809365883 0.11629301473194477
0.10365058349849379 0.08144022931544848 0.2715116142946511 0.12539146510290036 0.09210328134917113 0.0732483818290135 0.13980212601771128 0.11285231859261032
0.10246466837963751 0.07788232088302288 0.28946148918842224 0.12329012834737488 0.08960143063371148 0.06887955470371744 0.13745929235147616 0.11096111551263739
0.10149873851801543 0.07665847733074271 0.2967359347396319 0.12240303396182746 0.08844720194435043 0.067623634627123 0.13647024831266433 0.11016273056564471
0.08077908701717192 0.1336041351254207 0.14981258076117218 0.13372532248096566 0.09380064362068483 0.1571071905085972 0.0907006535088289 0.1604703869771588
0.1317237405563536 0.1202149323024061 0.19417464241541396 0.10503023446250498 0.12256050308448142 0.11466786281409112 0.11710087334849435 0.09452721101625447
0.11087652697015596 0.08661262943175431 0.25415264384515984 0.12384073876064865 0.09764961565754159 0.07733799857820867 0.1380731818719471 0.11145666488458379
0.09456555345490378 0.15682462023076021 0.1591557328048789 0.15307041640122754 0.08238718193411457 0.13836686511325533 0.07786625529975488 0.13776337476110478
0.10373445907021504 0.09624260368608185 0.24123442994783595 0.1275690635227283 0.0904961155684179 0.08368118528579108 0.14222998574847462 0.11481215717045545
0.08112663419118925 0.14024929696827146 0.13559381322638833 0.13378502353506444 0.09419226722652635 0.16376979021278687 0.0907411463976959 0.16054202824207733
0.07519057366119808 0.15251166627897508 0.10726999923079944 0.13128673539582153 0.0932872896741544 0.19386299797211717 0.08904665531194854 0.15754408247498583
0.10067039074733747 0.0972347617746204 0.21839937958311606 0.13025231209517965 0.09493375980212011 0.09606070744763752 0.14522160766432715 0.11722708088566168
0.13694161187137877 0.10910214198358602 0.22083439315104358 0.10390234915288431 0.12150528099366978 0.09835874321102886 0.1158433653988128 0.09351211423759587
0.11118169808903725 0.08353583422520273 0.265525552829933 0.1226245670483918 0.09648968538711053 0.0735633109049083 0.13671724117186368 0.11036211034355262
0.1043438429611272 0.07827238833057432 0.286595151055306 0.12315648732666497 0.09057224658154069 0.06890875256419318 0.13731029258659513 0.11084083859399849
0.10203812365416293 0.07678667512767463 0.2955082593380259 0.12247997764465582 0.08872528288445808 0.06767366669388025 0.13655603477695208 0.11023197988019023
0.10116344380772951 0.07626473634355539 0.29916559662745956 0.12209592787126562 0.08804849914666335 0.06724761317913452 0.13612784794005287 0.10988633508413907
0.11830077803951335 0.08925409463695594 0.22049442061772123 0.08941972374142636 0.13734334736143103 0.1049555419692693 0.1329284251439711 0.10730366848971164
0.10677417682978532 0.0798134968128389 0.2660635798308723 0.1233090598175316 0.10050027056288104 0.0750808627824079 0.1374803995279046 0.11097815383577843
0.10326828853551574 0.07755969252766264 0.2869201176409597 0.12322691120071926 0.09151673339344608 0.0692152266703966 0.13738880995065264 0.11090422008064733
0.10176591798400708 0.07664363712077535 0.29565863728614705 0.12247963386598572 0.08893656039920221 0.06772829137510544 0.13655565148939003 0.11023167047938714
0.10109165273558024 0.07623361921778862 0.2992301257037364 0.12209145152782534 0.0880928888872757 0.06725509840157852 0.13612285715117242 0.1098823063750428
0.10079716408278593 0.07605554547019869 0.3006788435665147 0.12192442563703665 0.0877922728881539 0.06708312953441538 0.13593663574756176 0.109731983073333
0.10067210097662473 0.07598064157999831 0.30126513616871453 0.12185577208292606 0.08767937131133413 0.06701669084764063 0.135860092158128 0.10967019487463346
0.1006199951171185 0.07594974031160497 0.3015022477753841 0.12182790328541343 0.08763562816921443 0.06699035185573007 0.13582902052866241 0.10964511295687207
0.10059854256359543 0.07593712300902336 0.30159812604944186 0.12181662794748736 0.08761836984317545 0.0669797960662198 0.135816449368318 0.10963496515273863
