0.125 0.125 0.125 0.125 0.125 0.125 0.125 0.125
0.125 0.125 0.125 0.125 0.125 0.125 0.125 0.125
0.1232638888888889 0.1232638888888889 0.1371527777777778 0.1232638888888889 0.1232638888888889 0.1232638888888889 0.1232638888888889 0.1232638888888889
0.12138310185185186 0.12138310185185186 0.13662229938271606 0.12138310185185186 0.12138310185185186 0.13507908950617284 0.12138310185185186 0.12138310185185186
0.11975523171859935 0.11975523171859935 0.1349354872055678 0.11975523171859935 0.11975523171859935 0.14653312248283604 0.11975523171859935 0.11975523171859935
0.11783156361318088 0.11783156361318088 0.13282439552491063 0.11783156361318088 0.131137700470803 0.14688008593838195 0.11783156361318088 0.11783156361318088
0.125 0.125 0.125 0.125 0.125 0.125 0.125 0.125
0.11740830548006204 0.11740830548006204 0.1312971943689509 0.11740830548006204 0.1312971943689509 0.15036408386178815 0.11740830548006204 0.11740830548006204
0.12317642785598681 0.12317642785598681 0.12317642785598681 0.12317642785598681 0.13776500500809247 0.12317642785598681 0.12317642785598681 0.12317642785598681
0.12929192441572307 0.11560565465394676 0.12929192441572307 0.11560565465394676 0.1309128774326237 0.14808065512014337 0.11560565465394676 0.11560565465394676
0.12175600166508145 0.12175600166508145 0.12175600166508145 0.12175600166508145 0.1477079883444298 0.12175600166508145 0.12175600166508145 0.12175600166508145
0.12747359140219833 0.11394514677274482 0.12747359140219833 0.11394514677274482 0.1432265728717232 0.1460456572329008 0.11394514677274482 0.11394514677274482
0.11942245852763837 0.11942245852763837 0.11942245852763837 0.11942245852763837 0.14781549505843114 0.13564975377573846 0.11942245852763837 0.11942245852763837
0.13592294352941056 0.11224880150683239 0.12551796356545888 0.11224880150683239 0.14155153958721722 0.14801234729058402 0.11224880150683239 0.11224880150683239
0.14622733513016772 0.1103917638985907 0.1243382042947528 0.1103917638985907 0.13845274416158554 0.14941466081913124 0.1103917638985907 0.1103917638985907
0.1477718981669631 0.10921961296776148 0.1230349690005118 0.10921961296776148 0.13666629233702332 0.1556483886244562 0.10921961296776148 0.10921961296776148
0.14683107365601256 0.10787157023971308 0.12154212235088106 0.10787157023971308 0.14390312257980215 0.15623740045445203 0.10787157023971308 0.10787157023971308
0.11756257003849138 0.11756257003849138 0.11756257003849138 0.11756257003849138 0.1460897248421104 0.14853485492694135 0.11756257003849138 0.11756257003849138
0.13929166666398235 0.10829673863058492 0.12135924641263954 0.10829673863058492 0.14681274339653647 0.159349389004502 0.10829673863058492 0.10829673863058492
0.11621302161890903 0.11621302161890903 0.11621302161890903 0.11621302161890903 0.15491964749882486 0.1478022227877207 0.11621302161890903 0.11621302161890903
0.137125492203629 0.11939892547693745 0.11939892547693745 0.10648636751928088 0.14733034807885215 0.1572872062058016 0.10648636751928088 0.10648636751928088
0.1404035388233546 0.11751746744618659 0.1279203970343208 0.10425092017097132 0.14309401057248508 0.158311825610739 0.10425092017097132 0.10425092017097132
0.14022799980675218 0.11626863291388137 0.12856989805968558 0.10321113653097178 0.14767584754570204 0.15762421208106359 0.10321113653097178 0.10321113653097178
0.11535804184666926 0.11535804184666926 0.11535804184666926 0.11535804184666926 0.1612465025775171 0.14660524634246735 0.11535804184666926 0.11535804184666926
0.13392485416816066 0.11632870188015637 0.12637955938965495 0.10351114167497091 0.158932889817223 0.1539005697198924 0.10351114167497091 0.10351114167497091
0.11375478084045763 0.11375478084045763 0.11375478084045763 0.11375478084045763 0.1631412295687153 0.15433008538853898 0.11375478084045763 0.11375478084045763
0.13227364906017858 0.1149220503756432 0.13227364906017858 0.10228263028225901 0.1583556116632229 0.15532714899399977 0.10228263028225901 0.10228263028225901
0.11281586555656284 0.11281586555656284 0.11281586555656284 0.11281586555656284 0.162022932169594 0.16108187449102895 0.11281586555656284 0.11281586555656284
0.13119491489336998 0.11398653376052388 0.1365075859181707 0.10145143758757245 0.15714005096171746 0.1568166017035006 0.10145143758757245 0.10145143758757245
0.1121589373975997 0.1121589373975997 0.1121589373975997 0.1121589373975997 0.16098828341214413 0.1660580922022576 0.1121589373975997 0.1121589373975997
0.13044642310936552 0.11333824658941286 0.1394260909972819 0.100876142434124 0.15620913852706 0.15795167347450773 0.100876142434124 0.100876142434124
0.11169811801692332 0.11169811801692332 0.11169811801692332 0.11169811801692332 0.16023819439522333 0.16957309750323663 0.11169811801692332 0.11169811801692332
0.12993056457287316 0.1128926791905806 0.14140901870939596 0.10048177718870024 0.15555696152190482 0.1587654444391447 0.10048177718870024 0.10048177718870024
0.11137894533576326 0.11137894533576326 0.11137894533576326 0.11137894533576326 0.15971636569828274 0.1720099622871379 0.11137894533576326 0.11137894533576326
0.1293056053302914 0.11231640498992534 0.14075126026618864 0.09994096661928498 0.1548367941406955 0.16296703541504426 0.09994096661928498 0.09994096661928498
0.110992463775748 0.110992463775748 0.110992463775748 0.110992463775748 0.159106100945948 0.1749391163995641 0.110992463775748 0.110992463775748
0.10958369333941859 0.10958369333941859 0.10958369333941859 0.10958369333941859 0.1642697678499833 0.17822807211350503 0.10958369333941859 0.10958369333941859
0.10873438485242756 0.10873438485242756 0.10873438485242756 0.10873438485242756 0.1689243735711834 0.17866931731425126 0.10873438485242756 0.10873438485242756
0.11907095443124008 0.10698935611430369 0.10698935611430369 0.10698935611430369 0.16888483616914726 0.1770974288280942 0.10698935611430369 0.10698935611430369
0.11999766913322632 0.10676756308531075 0.10676756308531075 0.10676756308531075 0.16864855626400133 0.17751595917621854 0.10676756308531075 0.10676756308531075
0.11859480571232502 0.10526173136418876 0.11712479392922329 0.10526173136418876 0.16705614936223995 0.1761773255394567 0.10526173136418876 0.10526173136418876
0.11717874722149355 0.10400154658679076 0.12722020277618673 0.10400154658679076 0.1652124917114876 0.17438237194366912 0.10400154658679076 0.10400154658679076
0.11664527806848474 0.10362541726609659 0.12884537325927856 0.10362541726609659 0.16671850040471112 0.17328917920313924 0.10362541726609659 0.10362541726609659
0.1154824063891276 0.10252181993707374 0.13649141647022225 0.10252181993707374 0.16619003350744135 0.17174886388491403 0.10252181993707374 0.10252181993707374
0.11441606386983695 0.10158468538215609 0.14399772115534323 0.10158468538215609 0.165051082458262 0.1701963909879334 0.10158468538215609 0.10158468538215609
0.11405081853041316 0.10133792254487572 0.1460834505536016 0.10133792254487572 0.16436936502104632 0.17014467571543615 0.10133792254487572 0.10133792254487572
0.11336739534968601 0.10069508217964011 0.15090516472354334 0.10069508217964011 0.16346618323430126 0.16948092797390887 0.10069508217964011 0.10069508217964011
0.11295590942469488 0.10035953216361868 0.15222687749504799 0.10035953216361868 0.16450204545413144 0.16887703897165116 0.10035953216361868 0.10035953216361868
0.12145019807488457 0.099057975749376 0.15137960462288402 0.099057975749376 0.1636069511281811 0.16733134317654627 0.099057975749376 0.099057975749376
0.13003282078662184 0.09801293428924078 0.15004334851326356 0.09801293428924078 0.16221068350883322 0.16566141003431836 0.09801293428924078 0.09801293428924078
0.13758104834171836 0.09717494206532382 0.14874607408243287 0.09717494206532382 0.16082480968299034 0.16414829963156324 0.09717494206532382 0.09717494206532382
0.13969085251874622 0.09693922698848487 0.14806447512205156 0.09693922698848487 0.16118689795688504 0.16330086644837757 0.09693922698848487 0.09693922698848487
0.14434848999826935 0.09633559593659127 0.14722657290574548 0.09633559593659127 0.16072791702662725 0.16235463632299282 0.09633559593659127 0.09633559593659127
0.14543820892416265 0.09582444658192169 0.14976964829664371 0.09582444658192169 0.1600334100429569 0.1614609464085501 0.09582444658192169 0.09582444658192169
0.14543947876020563 0.09545117106726679 0.1526467788190271 0.09545117106726679 0.1593826869363536 0.16072637121534655 0.09545117106726679 0.09545117106726679
0.14517179205279482 0.09518304790677184 0.15508013393048747 0.09518304790677184 0.15885460734173015 0.16016127504790015 0.09518304790677184 0.09518304790677184
0.14488925735906627 0.09499251933436687 0.15694525808245563 0.09499251933436687 0.1584531170146844 0.1597422902063263 0.09499251933436687 0.09499251933436687
0.14465840054873336 0.09485877202028331 0.15830837615986257 0.09485877202028331 0.15815897890965339 0.1594391563006174 0.09485877202028331 0.09485877202028331
0.14448620449925467 0.09476592335381559 0.15927771955616404 0.09476592335381559 0.15794862543638036 0.1592237570929386 0.09476592335381559 0.09476592335381559
0.14727643791242534 0.09433533296870837 0.15924214354205352 0.09433533296870837 0.15743400124601295 0.15870608542467457 0.09433533296870837 0.09433533296870837
0.14818139466220212 0.09421792193980288 0.1594565230009029 0.09421792193980288 0.1571110037424816 0.15837939083520194 0.09421792193980288 0.09421792193980288
0.1484640104042873 0.0941689530131268 0.15972883024580595 0.0941689530131268 0.15693300100956997 0.15819834628782956 0.0941689530131268 0.0941689530131268
0.14853898871622087 0.0941403782577462 0.15996960295116336 0.0941403782577462 0.15683331619947755 0.15809657910215347 0.0941403782577462 0.0941403782577462
0.1484668401140165 0.09404075689650347 0.15996921151914895 0.09404075689650347 0.15744510533197045 0.15795581544885015 0.09404075689650347 0.09404075689650347
0.14840666701947716 0.09400701972873017 0.1600413821142672 0.09400701972873017 0.15765870139839516 0.15786517055293992 0.09400701972873017 0.09400701972873017
0.14836851293308517 0.0939909136304062 0.1601264662674942 0.0939909136304062 0.15772894761186454 0.15781241866593113 0.0939909136304062 0.0939909136304062
0.14834499373748708 0.0939813744510921 0.16020014795773335 0.0939813744510921 0.15774780747111578 0.15778155302929545 0.0939813744510921 0.0939813744510921
0.15034372725710413 0.09369218156514038 0.15994142543231143 0.09369218156514038 0.15746623922204853 0.1574798818279745 0.09369218156514038 0.09369218156514038
0.15105042353655668 0.09363558047634453 0.15981012689524324 0.09363558047634453 0.1572958061248195 0.1573013215380025 0.09363558047634453 0.09363558047634453
0.15269871815019703 0.09342802614814565 0.15954824879749893 0.09342802614814565 0.15701934934818995 0.15702157911153167 0.09342802614814565 0.09342802614814565
0.15330358806770622 0.09338612156422439 0.1594196658006835 0.09338612156422439 0.15686567921459127 0.15686658066012132 0.09338612156422439 0.09338612156422439
0.1535316948114197 0.09337688333569209 0.1593717765215948 0.09337688333569209 0.15679431544455466 0.1567946798796624 0.09337688333569209 0.09337688333569209
0.15355645317909633 0.09331213487357183 0.15928720335439606 0.09331213487357183 0.15720694049921646 0.15670086347300413 0.09331213487357183 0.09331213487357183
0.1535518288030287 0.09329779555893818 0.1592476439180902 0.09329779555893818 0.15736074884726517 0.15664859619586305 0.09329779555893818 0.09329779555893818
0.15348387574858602 0.09323165706391996 0.15916512658804574 0.09323165706391996 0.15735728835479007 0.15706708105289832 0.09323165706391996 0.09323165706391996
0.15340090092755493 0.09317534634925928 0.1590746511364267 0.09317534634925928 0.15764175662665916 0.15718130591232224 0.09317534634925928 0.09317534634925928
0.15335588644475592 0.09316289036544438 0.15903131261319864 0.09316289036544438 0.15774584210410703 0.15721539737616072 0.09316289036544438 0.09316289036544438
0.1533350545903859 0.09315972174884053 0.15901462173048778 0.09315972174884053 0.15778531540872104 0.1572261212750431 0.09315972174884053 0.09315972174884053
0.15332582655751995 0.09315866792956032 0.1590096311207305 0.09315866792956032 0.1578004330822064 0.1572294375213018 0.09315866792956032 0.09315866792956032
0.153321723295333 0.09315818565618601 0.15900908319405416 0.09315818565618601 0.15780614424385853 0.15723030664201038 0.09315818565618601 0.09315818565618601
0.15427230907880662 0.09302203525598303 0.15887270588015306 0.09302203525598303 0.15767233360239225 0.15709451041471584 0.09302203525598303 0.09302203525598303
0.15459656359544205 0.09296654163074759 0.1587607341129278 0.09296654163074759 0.1577928569135933 0.15698367885504652 0.09296654163074759 0.09296654163074759
0.15471498745684756 0.09295542952356788 0.1587045948969934 0.09295542952356788 0.15783129745774022 0.1569274020941472 0.09295542952356788 0.09295542952356788
0.155408630851113 0.0928606773255626 0.15858659320588753 0.0928606773255626 0.1577523499274124 0.15680971671333677 0.0928606773255626 0.0928606773255626
0.15567005071155154 0.09284167202809637 0.15851962170941541 0.09284167202809637 0.1577008856856602 0.15674275378098723 0.09284167202809637 0.09284167202809637
0.15575262533917977 0.09281856020898699 0.1584687739355418 0.09281856020898699 0.15781200580159824 0.15669235408773227 0.09281856020898699 0.09281856020898699
0.1557812347957021 0.09281378651332624 0.15844354882875075 0.09281378651332624 0.15785302816585214 0.15666704215639 0.09281378651332624 0.09281378651332624
0.15623192145403272 0.09274995344280039 0.15836926879304708 0.09274995344280039 0.15780610168901868 0.1565928942927 0.09274995344280039 0.09274995344280039
0.15640261106967943 0.09273698501988581 0.1583259453623057 0.09273698501988581 0.15777379340377126 0.15654971008470042 0.09273698501988581 0.09273698501988581
0.15676717958681946 0.09269188317639024 0.15826290103033083 0.09269188317639024 0.15771537630988702 0.15648701036740176 0.09269188317639024 0.09269188317639024
0.1569072997416005 0.09268264626073688 0.15822782845639533 0.09268264626073688 0.15768206389081127 0.1564522228682453 0.09268264626073688 0.09268264626073688
0.15716383476236023 0.09265205992633 0.15818271668214307 0.09265205992633 0.15763774847119763 0.1564074603789791 0.09265205992633 0.09265205992633
0.15739852669336216 0.09262641650931377 0.15813839005230007 0.09262641650931377 0.1575938412898338 0.15636357592724887 0.09262641650931377 0.09262641650931377
0.15744744863355448 0.09257861459673715 0.15807223009743893 0.09257861459673715 0.15752794386060429 0.15663791902145363 0.09257861459673715 0.09257861459673715
0.15744480498659413 0.09255580869485759 0.15802202379870584 0.09255580869485759 0.15758242995500232 0.15672750648026737 0.09255580869485759 0.09255580869485759
0.1574390285260626 0.09255112176355819 0.15799672795591108 0.09255112176355819 0.15760023456734612 0.15675952189644726 0.09255112176355819 0.09255112176355819
0.15752703927235076 0.09253712174642463 0.1579722515398171 0.09253712174642463 0.15759358419088704 0.15675863801124654 0.09253712174642463 0.09253712174642463
0.15756046836968973 0.09253422051832773 0.15795933715951846 0.09253422051832773 0.15758793772597282 0.15675537467150813 0.09253422051832773 0.09253422051832773
0.15757365941533924 0.09253361222654886 0.15795346362325408 0.09253361222654886 0.1575849986062377 0.15675342944897344 0.09253361222654886 0.09253361222654886
0.15757019144706533 0.0925246990711643 0.15794211790594254 0.0925246990711643 0.1576451749909307 0.15674371937140427 0.0925246990711643 0.0925246990711643
0.15756690803362777 0.09252284721490935 0.15793562318982093 0.09252284721490935 0.157668190443398 0.15673788947351588 0.09252284721490935 0.09252284721490935
0.15756516328449752 0.09252245783979599 0.1579325816793977 0.09252245783979599 0.15767731198132484 0.1567351116955959 0.09252245783979599 0.09252245783979599
0.157625868824752 0.09251358965977291 0.15792245383692852 0.09251358965977291 0.1576722131885923 0.15672510551063568 0.09251358965977291 0.09251358965977291
0.15764911599728704 0.09251175085516995 0.15791644587020265 0.09251175085516995 0.15766826735722722 0.1567191673546032 0.09251175085516995 0.09251175085516995
0.15769974325039865 0.0925054543293687 0.15790766110272447 0.0925054543293687 0.1576603402547933 0.15671043807460874 0.0925054543293687 0.0925054543293687
0.15771937177173573 0.09250414643285305 0.15790273198562188 0.09250414643285305 0.15765575655989755 0.15670555395133273 0.09250414643285305 0.09250414643285305
0.15775508172972752 0.09249989308639947 0.15789643721011865 0.09249989308639947 0.157649609045879 0.15669929966867688 0.09249989308639947 0.09249989308639947
0.15778772290000637 0.09249633144670523 0.15789026854419522 0.09249633144670523 0.15764350700549842 0.1566931757634791 0.09249633144670523 0.09249633144670523
0.15781310718603703 0.0924937887284764 0.15788517102892033 0.0924937887284764 0.15763844267812424 0.15668812419301276 0.0924937887284764 0.0924937887284764
0.15782308472112463 0.09249325794116364 0.1578825405382567 0.09249325794116364 0.1576358191065253 0.15668552386943874 0.09249325794116364 0.09249325794116364
0.15783559171073008 0.09249193392941894 0.15788012708982677 0.09249193392941894 0.15763341092920233 0.15668313455256494 0.09249193392941894 0.09249193392941894
0.15784049343854661 0.092491657375173 0.15787885870299712 0.092491657375173 0.15763213921897867 0.15668187913878556 0.092491657375173 0.092491657375173
0.15784817518636618 0.09249078357601095 0.15787745959221716 0.09249078357601095 0.15763073989787144 0.15668049101950138 0.09249078357601095 0.09249078357601095
0.15656657996917345 0.10148276128974607 0.15659210412339306 0.09120600755907819 0.1563453856250306 0.15539514631542212 0.09120600755907819 0.09120600755907819
0.15617611191671107 0.10262207507691641 0.15619997511956787 0.09134621271138907 0.1559544305608665 0.15500876919177115 0.09134621271138907 0.09134621271138907
0.15607909753798077 0.10281333316178543 0.15610224314920162 0.09141088037546137 0.15585753982745942 0.15491514519718871 0.09141088037546137 0.09141088037546137
0.15605615023253802 0.1028518077310971 0.15607899273099998 0.0914281040464543 0.15583472434036313 0.1548940128256388 0.0914281040464543 0.0914281040464543
0.15605076594797734 0.10286020024447311 0.15607348252241282 0.09143222160768455 0.155829413622308 0.15488947283977533 0.09143222160768455 0.09143222160768455
0.15604949053654268 0.10286208681814396 0.15607215555148693 0.0914331756798692 0.15582817309164151 0.15488856696257733 0.0914331756798692 0.0914331756798692
0.1560491813139149 0.10286251532748401 0.15607182557321492 0.09143339456991245 0.15582787934439 0.15488841473125906 0.09143339456991245 0.09143339456991245
0.15604910331970234 0.1028626129859754 0.15607173943182653 0.09143344461625498 0.155827808002523 0.1548884024112077 0.09143344461625498 0.09143344461625498
0.1560528800489627 0.10286209278327926 0.15607117270209717 0.09143291356261532 0.15582724746754711 0.1548878663102678 0.09143291356261532 0.09143291356261532
0.15605689603392334 0.10286156752541625 0.15607047052924675 0.09143244610505187 0.1558265483743285 0.15488717922192966 0.09143244610505187 0.09143244610505187
0.15605846614653604 0.10286141618069516 0.15607008705610187 0.09143235312231561 0.1558261664980839 0.15488680475163621 0.09143235312231561 0.09143235312231561
0.15605909591315675 0.10286137891789857 0.15606990800617113 0.09143233267559908 0.15582598824470423 0.15488663089127216 0.09143233267559908 0.09143233267559908
0.1560610704411217 0.1028611245856016 0.15606958365933812 0.09143208248361283 0.15582566439123358 0.1548863094718666 0.09143208248361283 0.09143208248361283
0.15603349471621347 0.10283270288731529 0.15604105588956765 0.09140368904447067 0.15579713712277818 0.15508454225071316 0.09140368904447067 0.09140368904447067
0.15489671510295147 0.1106637413538632 0.15490388126687682 0.09027832940761299 0.15465998886825427 0.15404068518521533 0.09027832940761299 0.09027832940761299
0.15446199186831464 0.11225220853917722 0.15446896518535802 0.09031438242287021 0.15422612637010044 0.15364756076843916 0.09031438242287021 0.09031438242287021
0.15433023198030082 0.11261537676247696 0.15433711428338356 0.09036265512143392 0.15409510958925046 0.15353420202028636 0.09036265512143392 0.09036265512143392
0.15429405010071065 0.11270444834384684 0.1542995848796884 0.09037973273950335 0.15405804579032026 0.15350467266692383 0.09037973273950335 0.09037973273950335
0.15428410662270853 0.1127271466546697 0.1542890827500075 0.09038477362396333 0.15404777041849266 0.15349757268223163 0.09038477362396333 0.09038477362396333
0.15428214898116954 0.11273292816780839 0.15428601504725906 0.09038605545554536 0.15404480605208895 0.15349593538503792 0.09038605545554536 0.09038605545554536
0.1542816923900887 0.11273442844459998 0.15428509873676652 0.09038640961321628 0.15404393521402604 0.1534956163748698 0.09038640961321628 0.09038640961321628
0.1542815985667465 0.11273482112925715 0.15428481454117407 0.09038650488508966 0.15404367062049595 0.15349558048705736 0.09038650488508966 0.09038650488508966
0.1542626791206097 0.11271601838491066 0.1542658162498703 0.09036762429548309 0.1540246806901732 0.15362793266798686 0.09036762429548309 0.09036762429548309
0.1542514352201707 0.11270888246114458 0.15425453949344042 0.09036421580159547 0.15401342479132168 0.15367907062913602 0.09036421580159547 0.09036421580159547
0.15424029004990228 0.11270097928787179 0.15424338058405798 0.09035772724392163 0.1540485107287813 0.15369365761762166 0.09035772724392163 0.09035772724392163
0.1542344596712463 0.11269819791906484 0.15423754439807943 0.09035651258918836 0.15406180552898116 0.15369845471506327 0.09035651258918836 0.09035651258918836
0.15422789511206283 0.11269349661122904 0.15423097736552951 0.09035236265603508 0.15409426112793226 0.15369628181514108 0.09035236265603508 0.09035236265603508
0.154221789788297 0.1126891779904499 0.15422487094058915 0.09034897601598023 0.15412523357735633 0.1536919996553671 0.09034897601598023 0.09034897601598023
0.1542186187464439 0.11268767932457698 0.15422169938014388 0.09034833346748194 0.1541374098509044 0.15368959229548493 0.09034833346748194 0.09034833346748194
0.15421716504064154 0.11268724179856561 0.15422024542844862 0.09034819303490811 0.15414230891267813 0.1536884597149416 0.09034819303490811 0.09034819303490811
0.15421652925694468 0.11268712132627338 0.15421960952993288 0.0903481592971636 0.1541443027898701 0.1536879592054881 0.0903481592971636 0.0903481592971636
0.15421677425134486 0.11268701505874412 0.15421926378261053 0.09034807691189393 0.15414504562693132 0.15368767054468746 0.09034807691189393 0.09034807691189393
0.1542172076713673 0.11268692861557875 0.15421905521197282 0.09034801153505571 0.15414528769416913 0.15368748620174472 0.09034801153505571 0.09034801153505571
0.15421737464817137 0.11268689895421091 0.15421895630862284 0.09034799901006069 0.15414537535553016 0.15368739770328282 0.09034799901006069 0.09034799901006069
0.1542047030533248 0.11267415232554714 0.15420617459843672 0.09033525826142526 0.15413267088802224 0.1537765243503932 0.09033525826142526 0.09033525826142526
0.15419538659335694 0.11266755695887146 0.15419681246630162 0.09033118976868108 0.15413742785495677 0.15380924682046998 0.09033118976868108 0.09033118976868108
0.15419095779074118 0.11266541189819505 0.1541920974659775 0.09033035216431816 0.15413855949023042 0.15382191686190144 0.09033035216431816 0.09033035216431816
0.15326779075315158 0.11911283009859318 0.1532688118817272 0.08940901933217074 0.15321769512066966 0.15290581414934626 0.08940901933217074 0.08940901933217074
0.15286348922760568 0.12079069919442637 0.15286445797332548 0.0893870509452309 0.15281451689112582 0.15250568387782404 0.0893870509452309 0.0893870509452309
0.1527242796780952 0.12126111831120072 0.15272504708488868 0.08941510620539865 0.15267566862618578 0.15236856768343368 0.08941510620539865 0.08941510620539865
0.15267980633588638 0.12139832352077094 0.15268049002441067 0.08942828718969735 0.15263137065161367 0.15232514789822613 0.08942828718969735 0.08942828718969735
0.15266600751818446 0.12143911719451883 0.15266665642844893 0.0894329072276099 0.1526176526752947 0.1523118445007234 0.0894329072276099 0.0894329072276099
0.15266187984922056 0.12145133975650677 0.1526623946066348 0.08943437469142652 0.15261344131412224 0.1523078203992362 0.08943437469142652 0.08943437469142652
0.1526606978906569 0.12145500920204373 0.15266107655493266 0.08943482170461048 0.15261214495186157 0.15230660628667378 0.08943482170461048 0.08943482170461048
0.151945408916365 0.1264606786427082 0.15194573121538413 0.08872002224587985 0.15189680883858148 0.15159130564932155 0.08872002224587985 0.08872002224587985
0.15160155743325537 0.12796851904380485 0.1516018556128704 0.08867241218315947 0.15156240772696716 0.15124842363362379 0.08867241218315947 0.08867241218315947
0.15147118369217571 0.12844909648866032 0.15147147151039894 0.08868444669303908 0.15143598979284828 0.15111891843679948 0.08868444669303908 0.08868444669303908
0.15142529324349202 0.12860648095366645 0.15142552288493247 0.08869249760369026 0.1513916997532571 0.15107351035358116 0.08869249760369026 0.08869249760369026
0.1514095639278763 0.1286586627665116 0.151409769441881 0.08869577412185041 0.1513766388197366 0.15105804267844317 0.08869577412185041 0.08869577412185041
0.15140423010322893 0.12867605820144257 0.1514044256134565 0.08869695469761917 0.15137158370135725 0.15105283828765728 0.08869695469761917 0.08869695469761917
0.15140242832993522 0.12868187088533967 0.15140261969330163 0.08869736196318966 0.15136989799094763 0.15105109721090682 0.08869736196318966 0.08869736196318966
0.15140182018530898 0.12868381517739758 0.15140200983002014 0.0886975000349266 0.1513693381262305 0.15105051657626278 0.0886975000349266 0.0886975000349266
0.15140164640703002 0.1286844612961526 0.15140179920446525 0.0886975419887404 0.15136914827866657 0.15105031884746437 0.0886975419887404 0.0886975419887404
0.151401589267326 0.12868467690140595 0.15140172680418035 0.088697556820505 0.15136908450764455 0.15105025205792816 0.088697556820505 0.088697556820505
0.15140159194910824 0.12868474593811943 0.15140169885909124 0.08869755886052696 0.15136906014448323 0.15105022652761713 0.08869755886052696 0.08869755886052696
0.15140160857065185 0.12868476655124358 0.15140168644623786 0.08869755802133802 0.15136904921818894 0.15105021514966388 0.08869755802133802 0.08869755802133802
0.15140161558860724 0.1286847730905438 0.15140168143943808 0.08869755815536245 0.15136904482838823 0.15105021058693519 0.08869755815536245 0.08869755815536245
0.15140162822292472 0.12868477385230268 0.1514016780955865 0.08869755688511384 0.15136904174062585 0.1510502074332187 0.08869755688511384 0.08869755688511384
0.15140163326749484 0.12868477390098632 0.1514016765227161 0.08869755669709026 0.15136904027417272 0.15105020594335922 0.08869755669709026 0.08869755669709026
0.15140164180108467 0.12868477296252281 0.1514016749177089 0.08869755574349891 0.15136903871342428 0.15105020437476252 0.08869755574349891 0.08869755574349891
0.15140164952906707 0.12868477188834468 0.1514016734704213 0.08869755496093681 0.15136903728466386 0.15105020294469287 0.08869755496093681 0.08869755496093681
0.15087130295625328 0.13239721888292316 0.15087132309760237 0.08816720518752276 0.1508386869196986 0.1505198525809543 0.08816720518752276 0.08816720518752276
0.15060188446547357 0.1336234425018447 0.15060189966157195 0.0881174302636165 0.15056933047630985 0.15025115210395049 0.0881174302636165 0.0881174302636165
0.15049332059258083 0.1340479234040814 0.15049333372834964 0.08812044803029602 0.15046082631139687 0.15014325187270317 0.08812044803029602 0.08812044803029602
0.15045176707663774 0.1341972299852721 0.1504517793541736 0.08812385703678645 0.15042553218379331 0.15010212028976386 0.08812385703678645 0.08812385703678645
0.15043639622255964 0.13425038448543952 0.1504364059052582 0.08812569363792065 0.15041275446087746 0.1500869780121031 0.08812569363792065 0.08812569363792065
0.1504307821983379 0.13426940454677877 0.15043078930096873 0.08812644406070144 0.15040821398129028 0.15008147779051995 0.08812644406070144 0.08812644406070144
0.15042874016433225 0.13427622495352678 0.1504287461983089 0.08812672711605056 0.15040661694936894 0.1500794903863114 0.08812672711605056 0.08812672711605056
0.1504279981078655 0.13427867285029085 0.15042800369921944 0.08812683078296174 0.15040605932944284 0.15007877366429612 0.08812683078296174 0.08812683078296174
0.15042772830861426 0.13427955174141004 0.15042773371664436 0.08812686831184505 0.1504058659633062 0.15007851533448985 0.08812686831184505 0.08812686831184505
0.1504276300914148 0.13427986734565242 0.15042763542351908 0.08812688183398658 0.15040579941786789 0.15007842221958617 0.08812688183398658 0.08812688183398658
0.15042759427683317 0.13427998068421704 0.15042759957749333 0.08812688669677933 0.15040577672603142 0.15007838864508696 0.08812688669677933 0.08812688669677933
0.15041921195424646 0.1342716521498985 0.1504192172418831 0.08811851920706462 0.15039739984025352 0.15013696119252448 0.08811851920706462 0.08811851920706462
0.1504143749758173 0.13426742317403723 0.1504143792456992 0.08811715281689679 0.15039256481290442 0.15015979934085147 0.08811715281689679 0.08811715281689679
0.15041212481855284 0.13426572275317988 0.15041212866685932 0.08811690592979889 0.1503903158744379 0.15016899009757328 0.08811690592979889 0.08811690592979889
0.1504111406110896 0.134265086016262 0.15041114428476782 0.0881168536415046 0.15038933236279994 0.15017273580056673 0.0881168536415046 0.0881168536415046
0.15041072028093727 0.1342648537703301 0.150410723201456 0.08811684024728436 0.15038891172355745 0.15017427028186608 0.08811684024728436 0.08811684024728436
0.15041054224410882 0.13426476999148995 0.15041054485269803 0.08811683629327974 0.15038873359445296 0.1501749004374111 0.08811683629327974 0.08811683629327974
0.15041046722732854 0.13426473991449553 0.1504104697067288 0.08811683501176124 0.15038865855458905 0.15017515956157437 0.08811683501176124 0.08811683501176124
0.15041043572358986 0.13426472914179796 0.15041043814948535 0.08811683457677383 0.15038862704766523 0.1501752662071402 0.08811683457677383 0.08811683457677383
0.15041042252555145 0.1342647252885999 0.15041042492928752 0.0881168344262405 0.1503886138509844 0.15017531012685506 0.0881168344262405 0.0881168344262405
0.15041041700707014 0.13426472391180744 0.15041041940162878 0.08811683437382382 0.15038860833418644 0.15017532822383559 0.08811683437382382 0.08811683437382382
0.1504104147033014 0.13426472342034337 0.15041041709405922 0.08811683435557464 0.15038860603158358 0.15017533568398858 0.08811683435557464 0.08811683435557464
0.1504104137428471 0.13426472324509162 0.15041041613203085 0.08811683434924314 0.15038860507180776 0.15017533876049308 0.08811683434924314 0.08811683434924314
0.15040477910339886 0.13425908894318714 0.15040478149193068 0.0881112001075741 0.15038297043272203 0.15021477970603891 0.0881112001075741 0.0881112001075741
0.15040152379258753 0.13425623070387127 0.15040152618079702 0.0881102784241284 0.15037971560075858 0.1502301684496005 0.0881102784241284 0.0881102784241284
0.15039948561799413 0.13425455833984715 0.1503994880060398 0.08810958846044764 0.1503818603006701 0.15023584235410595 0.08810958846044764 0.08810958846044764
0.1503985200611899 0.13425386210278042 0.15039852244914884 0.08810946702864034 0.15038262698954702 0.15023806731141287 0.08810946702864034 0.08810946702864034
0.15039809535516888 0.13425359798680886 0.15039809774308294 0.08810944221507062 0.1503829196620024 0.1502389626077251 0.08810944221507062 0.08810944221507062
0.15039756167377233 0.13425314942170427 0.15039756406166388 0.08810908442879611 0.1503854964937663 0.15023897506270487 0.08810908442879611 0.08810908442879611
0.15039728114147913 0.13425293574197322 0.1503972835293564 0.08810902492457809 0.15038650410433174 0.15023892070912498 0.08810902492457809 0.08810902492457809
0.15039715383438187 0.13425285117590857 0.15039715622225064 0.0881090138019931 0.15038691025234455 0.15023888710913527 0.0881090138019931 0.0881090138019931
0.1503970986364334 0.13425281963707925 0.15039710102429746 0.08810901132921521 0.15038707597314246 0.15023887074140196 0.08810901132921521 0.08810901132921521
0.15039683854576485 0.1342525715668922 0.15039684093362646 0.08810877409918298 0.15038879991351803 0.15023862674264962 0.08810877409918298 0.08810877409918298
0.15039653265328798 0.13425228812911633 0.15039653504114614 0.0881085759251692 0.15039058873566383 0.1502383276652781 0.0881085759251692 0.0881085759251692
0.15039626562876404 0.1342520503723183 0.1503962680166179 0.08810843558826414 0.15039204556972996 0.15023806364777736 0.08810843558826414 0.08810843558826414
0.1503961311310589 0.13425194474581803 0.15039613351890851 0.08810841168072933 0.15039262500370437 0.15023793055832227 0.08810841168072933 0.08810841168072933
0.15039599877018092 0.13425183178345748 0.15039600115802754 0.08810833502306509 0.15039336435635614 0.15023779886278268 0.08810833502306509 0.08810833502306509
0.15039593104213309 0.13425178004754898 0.15039593342997726 0.08810832211324826 0.1503936576490649 0.15023773149153105 0.08810832211324826 0.08810832211324826
0.15039590092722882 0.13425175974274123 0.15039590285715565 0.08810831959049745 0.15039377659334058 0.1502377011080414 0.08810831959049745 0.08810831959049745
0.15039588815159957 0.13425175215247034 0.1503958895838549 0.08810831897915586 0.15039382524271042 0.15023768793189735 0.08810831897915586 0.08810831897915586
0.1503958826977226 0.1342517493808758 0.1503958839238636 0.08810831881639979 0.15039384522806618 0.15023768232027254 0.08810831881639979 0.08810831881639979
0.15039588057015627 0.13425174835225914 0.1503958815037397 0.08810831874040298 0.1503938534289943 0.1502376799236418 0.08810831874040298 0.08810831874040298
0.15039587966797105 0.1342517479776772 0.15039588048038963 0.08810831871936506 0.1503938568043666 0.15023767891150003 0.08810831871936506 0.08810831871936506
0.15039587940963334 0.13425174782486832 0.1503958800324997 0.08810831869530303 0.15039385817821332 0.15023767846887648 0.08810831869530303 0.08810831869530303
0.15039587937955592 0.13425174775551244 0.15039587983016858 0.08810831867846884 0.15039385873035707 0.15023767826899953 0.08810831867846884 0.08810831867846884
0.1503920874337973 0.13424795579837248 0.15039208781306984 0.08810452674516703 0.1503900670257253 0.15026422169353412 0.08810452674516703 0.08810452674516703
0.15038989603076094 0.1342460315307558 0.15038989638048253 0.08810390580438361 0.1503878757523926 0.15027458289245738 0.08810390580438361 0.08810390580438361
0.150388875597291 0.13424525729639245 0.15038887593477104 0.08810379295661473 0.15038685538988486 0.15027875691181652 0.08810379295661473 0.08810379295661473
0.15038842884847603 0.13424496705689795 0.15038842918088485 0.08810376882783398 0.15038640867848926 0.15028045975175006 0.08810376882783398 0.08810376882783398
0.15038823766392478 0.13424486107589964 0.1503882379311745 0.08810376260453529 0.15038621744989272 0.15028115806550246 0.08810376260453529 0.08810376260453529
0.15038815661965232 0.1342448227855765 0.15038815685991574 0.08810376074075227 0.15038613638888354 0.1502814451237151 0.08810376074075227 0.08810376074075227
0.1503880740098424 0.13424476058015 0.15038807423892916 0.08810371169602452 0.15038644123586864 0.15028151484713617 0.08810371169602452 0.08810371169602452
0.15038803163532183 0.13424473103857407 0.15038803185977967 0.08810370353496491 0.15038655932781872 0.15028153553361095 0.08810370353496491 0.08810370353496491
0.15038797998013026 0.13424468677941978 0.15038798020267094 0.08810366942949303 0.15038683476228937 0.15028150998701043 0.08810366942949303 0.08810366942949303
0.15038795289891024 0.1342446658793426 0.15038795312065686 0.08810366374165092 0.1503869431466805 0.15028149372945696 0.08810366374165092 0.08810366374165092
0.15038794065192085 0.13424465762229493 0.15038794083092197 0.08810366266813156 0.15038698696096883 0.1502814859294987 0.08810366266813156 0.08810366266813156
0.1503879353648804 0.13424465454088821 0.15038793549764617 0.08810366242473999 0.15038700486343134 0.15028148245893377 0.08810366242473999 0.08810366242473999
0.15038793311010543 0.13424465341667513 0.1503879332237225 0.08810366235963173 0.150387012212696 0.15028148095790572 0.08810366235963173 0.08810366235963173
0.15038793215618732 0.13424465301018743 0.1503879322618738 0.0881036623395453 0.15038701523633544 0.15028148031678035 0.0881036623395453 0.0881036623395453
0.15038793177117726 0.13424465286134407 0.1503879318543869 0.08810366233041511 0.15038701647945704 0.15028148004238945 0.08810366233041511 0.08810366233041511
0.15038793160898012 0.134244652807443 0.15038793168288078 0.0881036623276727 0.15038701699155815 0.1502814799261199 0.0881036623276727 0.0881036623276727
0.15038793154089855 0.13424465278801034 0.15038793161094388 0.0881036623267663 0.1503870172027404 0.15028147987710785 0.0881036623267663 0.0881036623267663
0.15038793151238775 0.13424465278101683 0.15038793158083633 0.08810366232645195 0.150387017289888 0.15028147985651516 0.08810366232645195 0.08810366232645195
0.1503879315117645 0.13424465277688793 0.1503879315666419 0.08810366232472679 0.15038701732425533 0.15028147984626988 0.08810366232472679 0.08810366232472679
0.1503879315188001 0.13424465277407852 0.1503879315593729 0.08810366232333648 0.15038701733709842 0.15028147984064072 0.08810366232333648 0.08810366232333648
0.1503879096068078 0.13424463085820681 0.1503879096414563 0.08810364040843043 0.15038717074483213 0.1502814579234056 0.08810364040843043 0.08810364040843043
0.15038788219298646 0.1342446049867332 0.15038788222518132 0.08810362206962202 0.15038733386972478 0.15028143051650814 0.08810362206962202 0.08810362206962202
0.1503878677619516 0.13424459301709615 0.15038786779313026 0.08810361899222309 0.15038739835143844 0.15028141609971413 0.08810361899222309 0.08810361899222309
0.1503878612011433 0.13424458831894462 0.15038786123190112 0.08810361840813416 0.15038742447282213 0.1502814095507865 0.08810361840813416 0.08810361840813416
0.15038785835662608 0.1342445865709998 0.15038785838136823 0.08810361827498267 0.1503874351579919 0.15028140670806606 0.08810361827498267 0.08810361827498267
0.1503878472265342 0.1342445760182027 0.15038784724878493 0.08810360832296855 0.15038750895767455 0.15028139557989803 0.08810360832296855 0.08810360832296855
0.15038783430782593 0.13424456408202085 0.1503878343290448 0.08810360001386978 0.15038758457289442 0.1502813826666045 0.08810360001386978 0.08810360001386978
0.15038782307457377 0.134244554096583 0.1503878230953653 0.08810359413099576 0.15038764589953682 0.1502813714409537 0.08810359413099576 0.08810359413099576
0.1503878174200646 0.13424454966233088 0.15038781744067914 0.08810359312882068 0.1503876702962122 0.15028136579425108 0.08810359312882068 0.08810359312882068
0.15038781488322114 0.1342445479432551 0.15038781490376235 0.0881035929338338 0.15038768020527613 0.15028136326298405 0.0881035929338338 0.0881035929338338
0.15038781378701635 0.1342445473068423 0.15038781380752722 0.08810359288828144 0.15038768426363067 0.1502813621701392 0.08810359288828144 0.08810359288828144
0.15038526170510427 0.13424199546019117 0.15038526172560254 0.08810104126037063 0.1503851343165153 0.1502992230114748 0.08810104126037063 0.08810104126037063
0.1503837866053661 0.13424070022937332 0.15038378662192978 0.08810062312021916 0.15038366009824014 0.1503061970844333 0.08810062312021916 0.08810062312021916
0.1503830995805997 0.13424017894390528 0.15038309959289076 0.08810054701622813 0.1503829734366181 0.15030900739730163 0.08810054701622813 0.08810054701622813
0.15038279873365953 0.1342399834614536 0.15038279874240323 0.088100530703876 0.1503826727386358 0.15031015421221983 0.088100530703876 0.088100530703876
0.15038266992078045 0.1342399120576249 0.150382669928055 0.08810052648897247 0.15038254398759618 0.15031062463902628 0.08810052648897247 0.08810052648897247
