0.125 0.125 0.125 0.125 0.125 0.125 0.125 0.125
0.125 0.125 0.125 0.125 0.125 0.125 0.125 0.125
0.12326388888888887 0.12326388888888887 0.12326388888888887 0.12326388888888887 0.12326388888888887 0.13715277777777776 0.12326388888888887 0.12326388888888887
0.1216013780197479 0.1216013780197479 0.1216013780197479 0.1216013780197479 0.1216013780197479 0.14879035386176473 0.1216013780197479 0.1216013780197479
0.1200964980727931 0.1200964980727931 0.1200964980727931 0.1200964980727931 0.1200964980727931 0.1593245134904485 0.1200964980727931 0.1200964980727931
0.125 0.125 0.125 0.125 0.125 0.125 0.125 0.125
0.12014472264194997 0.12014472264194997 0.12014472264194997 0.12014472264194997 0.12014472264194997 0.15898694150635034 0.12014472264194997 0.12014472264194997
0.11816936019601729 0.11816936019601729 0.11816936019601729 0.11816936019601729 0.11816936019601729 0.172814478627879 0.11816936019601729 0.11816936019601729
0.1225997989079461 0.1225997989079461 0.1225997989079461 0.1225997989079461 0.1225997989079461 0.14180140764437707 0.1225997989079461 0.1225997989079461
0.1185053287359811 0.1185053287359811 0.1185053287359811 0.1185053287359811 0.1185053287359811 0.17046269884813242 0.1185053287359811 0.1185053287359811
0.12098655517244286 0.12098655517244286 0.12098655517244286 0.12098655517244286 0.1341538139208852 0.1399268550444576 0.12098655517244286 0.12098655517244286
0.11973226328026934 0.11973226328026934 0.11973226328026934 0.11973226328026934 0.14632672869984145 0.13527969161854242 0.11973226328026934 0.11973226328026934
0.11802184188041108 0.11802184188041108 0.11802184188041108 0.11802184188041108 0.147029448989233 0.14483949972830037 0.11802184188041108 0.11802184188041108
0.1161283459631604 0.1161283459631604 0.12924188394987274 0.1161283459631604 0.14527525936443614 0.14484112686988895 0.1161283459631604 0.1161283459631604
0.11482817664844078 0.11482817664844078 0.1291883859762044 0.11482817664844078 0.15312945066413788 0.14354128011745396 0.11482817664844078 0.11482817664844078
0.11319530606648621 0.11319530606648621 0.13880543195884915 0.11319530606648621 0.15356730798490853 0.14165072972381126 0.11319530606648621 0.11319530606648621
0.11185454833034708 0.11185454833034708 0.14845007676087188 0.11185454833034708 0.1523419896793785 0.1399351919080142 0.11185454833034708 0.11185454833034708
0.11047549014708885 0.11047549014708885 0.14961379279094106 0.11047549014708885 0.1506398809479273 0.1473688755256875 0.11047549014708885 0.11047549014708885
0.109367557781123 0.109367557781123 0.15585821125887325 0.109367557781123 0.149083194036879 0.14822080579863292 0.109367557781123 0.109367557781123
0.10850589675288314 0.10850589675288314 0.16207564488517903 0.10850589675288314 0.1478111183778372 0.14758375297256804 0.10850589675288314 0.10850589675288314
0.10784177690745825 0.10784177690745825 0.16722781832521263 0.10784177690745825 0.14681162058437894 0.14675167655311716 0.10784177690745825 0.10784177690745825
0.1073425533820183 0.1073425533820183 0.1712052706340948 0.1073425533820183 0.14604888323674511 0.14603307921906855 0.1073425533820183 0.1073425533820183
0.10697680474713275 0.10697680474713275 0.17415605937812312 0.10697680474713275 0.1454820417779229 0.14547787510829016 0.10697680474713275 0.10697680474713275
0.10671452037900035 0.10671452037900035 0.17628787303605767 0.10671452037900035 0.1450703117978343 0.14506921327110625 0.10671452037900035 0.10671452037900035
0.10578115487876645 0.10578115487876645 0.176206142695417 0.10578115487876645 0.15085997729139272 0.14402810561935797 0.10578115487876645 0.10578115487876645
0.11587894217607245 0.10412548052287617 0.17451781800377336 0.10412548052287617 0.15100337056952212 0.14209794715912735 0.10412548052287617 0.10412548052287617
0.11689852715627043 0.10402308913670683 0.17457690263150513 0.10402308913670683 0.1509455368880951 0.14148667677730226 0.10402308913670683 0.10402308913670683
0.11694660429494373 0.10395787905535814 0.1750992162188955 0.10395787905535814 0.15086235569865258 0.1412603075660756 0.10395787905535814 0.10395787905535814
0.11688776741630674 0.10389370027242412 0.17562865471932346 0.10389370027242412 0.15077232937999277 0.14113644739468056 0.10389370027242412 0.10389370027242412
0.11683037257365433 0.10384284286073137 0.17605182387478652 0.10384284286073137 0.1506934973925165 0.1410529347161173 0.10384284286073137 0.10384284286073137
0.11678717455029941 0.10380602204211559 0.17636246068693892 0.10380602204211559 0.15063218049941215 0.14099409609488714 0.10380602204211559 0.10380602204211559
0.11594133925625627 0.10296498652844521 0.17564944827638498 0.10296498652844521 0.14977209151228543 0.14677717484129243 0.10296498652844521 0.10296498652844521
0.1150873602644537 0.10220498923598077 0.17459559636724728 0.10220498923598077 0.1536828879925246 0.14781419843185148 0.10220498923598077 0.10220498923598077
0.11483585236317417 0.10204836788934599 0.17412041707897183 0.10204836788934599 0.15487043953707694 0.14797981946339306 0.10204836788934599 0.10204836788934599
0.11433899668321824 0.10157945753175444 0.17345535546813534 0.10157945753175444 0.15832544390898162 0.14756237381264697 0.10157945753175444 0.10157945753175444
0.11387659766373846 0.10117226469893643 0.17277362906100244 0.10117226469893643 0.16163524962232675 0.1470254648571868 0.10117226469893643 0.10117226469893643
0.11372004074717955 0.10106708545120863 0.17246411594489866 0.10106708545120863 0.16279405377489423 0.14675344772819301 0.10106708545120863 0.10106708545120863
0.12234568130940557 0.09980197865368579 0.1710711058469199 0.09980197865368579 0.16197148328913524 0.14540381493979626 0.09980197865368579 0.09980197865368579
0.12399910142717244 0.09974546378750164 0.17049028864789678 0.09974546378750164 0.16160083655853985 0.1449279182163843 0.09974546378750164 0.09974546378750164
0.12414001086250451 0.09955860151913912 0.17006323496428985 0.09955860151913912 0.16296917122612828 0.14459317687052087 0.09955860151913912 0.09955860151913912
0.12398781179096321 0.09937846875718896 0.16970649822294068 0.09937846875718896 0.1644827876217215 0.1443090273356188 0.09937846875718896 0.09937846875718896
0.12391102179087131 0.09933185048928043 0.16954662138986543 0.09933185048928043 0.16504084178183037 0.14417411308031117 0.09933185048928043 0.09933185048928043
0.12388046498792213 0.0993165164291093 0.1694881692555825 0.0993165164291093 0.1652484439721786 0.14411685606787933 0.0993165164291093 0.0993165164291093
0.1238681099722434 0.09931021895153264 0.16947316635277104 0.09931021895153264 0.16532508119381972 0.14409276667503548 0.09931021895153264 0.09931021895153264
0.13095303026181018 0.09829567041534196 0.16845240707110204 0.09829567041534196 0.16434114835062832 0.14307073265509154 0.09829567041534196 0.09829567041534196
0.13272781168024275 0.09820253933045325 0.1679470666253179 0.09820253933045325 0.16385494735513959 0.14266001701748668 0.09820253933045325 0.09820253933045325
0.1331055138135507 0.09811232703894623 0.16764762769747485 0.09811232703894623 0.16435537046070475 0.14244217987248464 0.09811232703894623 0.09811232703894623
0.13312498621388774 0.09803221969688646 0.16744354334114023 0.09803221969688646 0.16500820935150537 0.14229438230592112 0.09803221969688646 0.09803221969688646
0.13311166129773713 0.0980137609558553 0.1673475104669285 0.0980137609558553 0.16525578713044808 0.14222999728146526 0.0980137609558553 0.0980137609558553
0.13310286579074346 0.09800847851273053 0.16730711777367938 0.09800847851273053 0.16535139440400679 0.14220470798064846 0.09800847851273053 0.09800847851273053
0.1385835544735234 0.09722346931733972 0.16650538195552353 0.09722346931733972 0.1646053458567945 0.14141184044479962 0.09722346931733972 0.09722346931733972
0.1401836389789413 0.09712049694800409 0.1660735256629898 0.09712049694800409 0.1641983533654521 0.14106249420060066 0.09712049694800409 0.09712049694800409
0.14067508947335208 0.09711474078192704 0.16589101958407496 0.09711474078192704 0.16402674484655422 0.14094818296831058 0.09711474078192704 0.09711474078192704
0.1408311663851787 0.09711810547243434 0.16582020704397998 0.09711810547243434 0.16396017783751232 0.14091602684359167 0.09711810547243434 0.09711810547243434
0.14030115020773384 0.09653959030643869 0.16521236557488278 0.09653959030643869 0.1633545361389523 0.1449735868526764 0.09653959030643869 0.09653959030643869
0.13963364678904724 0.09603678292267995 0.16445782674445497 0.09603678292267995 0.1626049254288194 0.14915646934695864 0.09603678292267995 0.09603678292267995
0.13904918088087861 0.09565973552556221 0.16376829466011486 0.09565973552556221 0.1619224063028125 0.15262117605394526 0.09565973552556221 0.09565973552556221
0.13746672922439893 0.10488775899371369 0.16208189582995983 0.09425889949087345 0.1602434388398997 0.15254347863940732 0.09425889949087345 0.09425889949087345
0.1370847188716273 0.10602281205051431 0.16149413070840868 0.09436861660676833 0.15966896469930406 0.15262352384984088 0.09436861660676833 0.09436861660676833
0.14097573548320372 0.10563890342463889 0.16074068470065753 0.09385859097458174 0.15892483674366106 0.15214406672409353 0.09385859097458174 0.09385859097458174
0.14505134440611603 0.10513416427946468 0.1599665656735528 0.09339650834339368 0.15815951664527522 0.15149888396541025 0.09339650834339368 0.09339650834339368
0.1464748094399856 0.10500820572525746 0.15957670392014264 0.09332663191642804 0.15777776680128475 0.15118261836404553 0.09332663191642804 0.09332663191642804
0.14698760779105904 0.10498543769820318 0.15940688138281942 0.0933178592842857 0.15761342837576375 0.1510530668992975 0.0933178592842857 0.0933178592842857
0.14717564384352586 0.10498304982862039 0.15933696720367455 0.0933180011954867 0.1575466012024943 0.15100373433522488 0.0933180011954867 0.0933180011954867
0.1492389774218394 0.10469877867451663 0.15902400614529866 0.09303399536022547 0.15723536281588418 0.15070088886178473 0.09303399536022547 0.09303399536022547
0.1499788864990035 0.10461913455011698 0.15884651907854808 0.09298593691961515 0.15706047250538552 0.15053717660810031 0.09298593691961515 0.09298593691961515
0.15025313286668862 0.10460196731393134 0.15876481860178113 0.092977619030585 0.15698088556324313 0.1504663385626007 0.092977619030585 0.092977619030585
0.15035666657609198 0.1045988614667284 0.1587298672481412 0.09297642065406934 0.1569472549382489 0.15043808780858145 0.09297642065406934 0.09297642065406934
0.15177752567756833 0.10440115276267148 0.1585180283156295 0.09277905704414609 0.15673618660796648 0.150229935503726 0.09277905704414609 0.09277905704414609
0.15229975898414744 0.10434388737921275 0.15839505238634932 0.09274375929447147 0.15661487700321347 0.15011514636366255 0.09274375929447147 0.09274375929447147
0.1534438393762997 0.10419559386465974 0.15820219039520325 0.09260182860030276 0.15642351177696856 0.1499293787859604 0.09260182860030276 0.09260182860030276
0.15273962756635015 0.11209615932406168 0.15696105648844488 0.09144056976669257 0.1551842702441785 0.1486971770768872 0.09144056976669257 0.09144056976669257
0.1524417096967164 0.1136457631177969 0.15643043933618722 0.09142397645604253 0.15500014085717223 0.14821001762399977 0.09142397645604253 0.09142397645604253
0.15235932251495454 0.11398958201560426 0.15624734565524126 0.09146060405378867 0.1549613340042426 0.14806060364859136 0.09146060405378867 0.09146060405378867
0.15234059943087802 0.11407192984772813 0.15618573088557447 0.09147479370597641 0.15495962519676135 0.14801773352112896 0.09147479370597641 0.09147479370597641
0.15233733580104403 0.11409247039538063 0.15616444559002934 0.09147900973396166 0.15496314115749624 0.14800557785416463 0.09147900973396166 0.09147900973396166
0.1523371867276812 0.11409769703437497 0.15615679618628406 0.09148016444336801 0.15496573629187205 0.14800209042968374 0.09148016444336801 0.09148016444336801
0.15297591949605568 0.11400782855613752 0.1560627235306589 0.09138925984348832 0.15487589487120149 0.1479098540154815 0.09138925984348832 0.09138925984348832
0.15321796712467284 0.11397383481394567 0.15600759194726072 0.09137308150338563 0.15482291014007993 0.14785845146388374 0.09137308150338563 0.09137308150338563
0.1523806089533495 0.12048664019500874 0.15504954596164447 0.09043786866345789 0.1538659904224434 0.1469036084771803 0.09043786866345789 0.09043786866345789
0.15201394599512694 0.12217557976516538 0.1546246323584514 0.09040973166736153 0.15344582087568048 0.14651082600349122 0.09040973166736153 0.09040973166736153
0.15189084511688147 0.12264599540788006 0.15447378780548196 0.09043486476468252 0.15329881817509286 0.14638595920061623 0.09043486476468252 0.09043486476468252
0.15185309364358196 0.12278203429066492 0.15442333230073996 0.0904468803381186 0.15325060942395488 0.14635028932670244 0.0904468803381186 0.0904468803381186
0.15184203942929286 0.12282210832610746 0.15440664522554023 0.09045108823538225 0.15323506707537796 0.14634087523753478 0.09045108823538225 0.09045108823538225
0.15183891747454567 0.12283402072152702 0.15440108221700727 0.09045243526255459 0.15323004668588647 0.14633862711336967 0.09045243526255459 0.09045243526255459
0.15183807284047068 0.12283757888495306 0.15439919646033815 0.0904528527678731 0.15322840742922028 0.14633818608139854 0.0904528527678731 0.0904528527678731
0.15111478332219458 0.12790017770763012 0.15367546740952337 0.089729904717051 0.152504787804848 0.14561506960465098 0.089729904717051 0.089729904717051
0.1511982260055903 0.1293612839273041 0.153263695348429 0.08961787036478035 0.15209629969389035 0.14522688393044508 0.08961787036478035 0.08961787036478035
0.15104139013390025 0.12962446542553122 0.15290231755876116 0.08942703100245775 0.15173811020479727 0.14641262366963667 0.08942703100245775 0.08942703100245775
0.1509541370527637 0.1296829045113293 0.1527293094140388 0.08940368966141422 0.15156802516473386 0.14685455487289165 0.08940368966141422 0.08940368966141422
0.15091674587446763 0.12969922881810028 0.1526558222075285 0.08940185473809878 0.15149650950346585 0.14702612938214152 0.08940185473809878 0.08940185473809878
0.15087410610769614 0.12967689880244176 0.15259798434611055 0.08937445214406901 0.1516616033832215 0.147066050928323 0.08937445214406901 0.08937445214406901
0.15085232085785955 0.12966555078386793 0.15256962134065732 0.08937004290433881 0.15172507179618902 0.1470773065084097 0.08937004290433881 0.08937004290433881
0.1511296861524679 0.1296202240063728 0.1525160740734528 0.08932824238461266 0.15170936604689939 0.14703992256696918 0.08932824238461266 0.08932824238461266
0.15123628722037846 0.12959910883232545 0.15248686678678108 0.08932121195146041 0.15169587826113523 0.14701822304499831 0.08932121195146041 0.08932121195146041
0.15127859038445524 0.1295911782019716 0.15247340112038696 0.08931984260280017 0.15168896346621671 0.14700833901856886 0.08931984260280017 0.08931984260280017
0.15129560018596588 0.129588392822682 0.15246750324639535 0.08931952156975007 0.1516857994443856 0.1470041395913208 0.08931952156975007 0.08931952156975007
0.15128379679168033 0.1295687553005415 0.15244628859881335 0.08930074957010543 0.15181519082068395 0.14698371977796482 0.08930074957010543 0.08930074957010543
0.1512757624353497 0.12955945446004985 0.15243430371829111 0.08929755084907733 0.1518653183149085 0.14697250852416902 0.08929755084907733 0.08929755084907733
0.15127183157274565 0.12955592500440297 0.15242870078730872 0.08929691151568642 0.15188533808279284 0.14696747000569058 0.08929691151568642 0.08929691151568642
0.15127006540861845 0.12955467250786193 0.15242622455020885 0.08929675575425504 0.15189343309109624 0.14696533717944935 0.08929675575425504 0.08929675575425504
0.15125670742417924 0.1295416488906863 0.15241256457916347 0.0892841213350376 0.15198484924054537 0.14695186586031286 0.0892841213350376 0.0892841213350376
0.15124907574825344 0.1295354428077777 0.15240474806125884 0.08928196218163896 0.15202042614324954 0.14694442069454358 0.08928196218163896 0.08928196218163896
0.15124551515893905 0.12953308031261598 0.15240107677069697 0.08928152815072225 0.15203467805135454 0.14694106525422673 0.08928152815072225 0.08928152815072225
0.1514376990208048 0.12950456109378256 0.1523717711762774 0.08925374304832188 0.1520127760539314 0.14691196351023814 0.08925374304832188 0.08925374304832188
0.15164258739026049 0.12947235209730829 0.1523362870500049 0.0892303960497658 0.1519803880379128 0.14687719727521592 0.0892303960497658 0.0892303960497658
0.15172293766629535 0.12945825294520805 0.15231750044276737 0.08922630544878922 0.15196292785183665 0.1468594647475249 0.08922630544878922 0.08922630544878922
0.15175520407052318 0.12945302335986483 0.1523088713884966 0.08922545700225942 0.15195487194179733 0.14685165823253965 0.08922545700225942 0.08922545700225942
0.1517682882423824 0.1294511845122199 0.1523050837867507 0.08922524318420227 0.15195133269081573 0.14684838121522448 0.08922524318420227 0.08922524318420227
0.15177361745172163 0.12945054992753036 0.1523034519400903 0.08922517999889418 0.15194980852323692 0.14684703216073824 0.08922517999889418 0.08922517999889418
0.15186384874137843 0.12943775277586 0.1522901761365287 0.08921258003664302 0.15193657939345234 0.14683390284285155 0.08921258003664302 0.08921258003664302
0.15176866416820697 0.12930134469170534 0.15215224633870147 0.08908014851061655 0.1517986869594052 0.14773861231013147 0.08908014851061655 0.08908014851061655
0.151708660471055 0.1292382454928278 0.15207440964090135 0.08905943645301585 0.1517210537050716 0.14807932133109675 0.08905943645301585 0.08905943645301585
0.1517396811366303 0.12920674682987243 0.15203028163954857 0.08904754509320423 0.15167711578829352 0.14820353932604263 0.08904754509320423 0.08904754509320423
0.1517504699289524 0.1291949288086104 0.15200997550608839 0.08904551489562577 0.1516569482735936 0.14825113279587823 0.08904551489562577 0.08904551489562577
0.1517545452757376 0.129190873486011 0.15200118255468717 0.08904513187837365 0.15164824022328377 0.14826976282515955 0.08904513187837365 0.08904513187837365
0.15166737386661852 0.12910075783744124 0.15190868538237176 0.08895627637162766 0.15155579008389333 0.14889856371479224 0.08895627637162766 0.08895627637162766
0.15165696834846265 0.12905285098852137 0.1518504724823964 0.0889363718566666 0.1514977226877808 0.1491328699228391 0.0889363718566666 0.0889363718566666
0.15167602748374276 0.12903070474180714 0.15181910340099541 0.08892911207643918 0.1514664930233409 0.14922033512079622 0.08892911207643918 0.08892911207643918
0.15170062999116163 0.12901993764160644 0.15180222623964248 0.08892522665113368 0.1514497161737468 0.14925181000044144 0.08892522665113368 0.08892522665113368
0.15171010666672213 0.12901588613083978 0.15179453067309473 0.08892452088486726 0.15144208502130602 0.14926382885343548 0.08892452088486726 0.08892452088486726
0.15171388074051054 0.12901447905773045 0.15179119538202415 0.08892437276910135 0.1514387868100879 0.14926853970234297 0.08892437276910135 0.08892437276910135
0.15171540694070537 0.1290140060202734 0.1517897782401105 0.08892433696237771 0.15143738952090938 0.1492704083908681 0.08892433696237771 0.08892433696237771
0.1517160290481382 0.1290138494761001 0.15178918176688588 0.08892432740879987 0.15143680317446567 0.1492711543080107 0.08892432740879987 0.08892432740879987
0.15171628386026006 0.12901379816732453 0.15178893206859176 0.08892432474420865 0.15143655846946438 0.14927145320173343 0.08892432474420865 0.08892432474420865
0.15170794360415124 0.12900533650645632 0.1517803829369099 0.08891587902691396 0.1514955715509757 0.14926312832076485 0.08891587902691396 0.08891587902691396
0.15170306686379623 0.12900128225893553 0.1517754173610696 0.08891445413686037 0.1515185332458604 0.1492583378597573 0.08891445413686037 0.08891445413686037
0.15169508669117787 0.12899406065514854 0.15176739903524067 0.08890849234082965 0.15156753721293212 0.14925043938301197 0.08890849234082965 0.08890849234082965
0.151686932845831 0.12898696560447243 0.15175922716079857 0.08890364131507232 0.15161355527129172 0.1492423951723893 0.08890364131507232 0.08890364131507232
0.15168270518711058 0.12898390794461048 0.1517549897590868 0.08890278835530009 0.15163174193262327 0.14923829011066855 0.08890278835530009 0.08890278835530009
0.15168077917791684 0.1289827815409082 0.15175305853463503 0.08890261208194634 0.1516390902518586 0.14923645424884216 0.08890261208194634 0.08890261208194634
0.15167993815325834 0.1289823876333416 0.15175221481240966 0.08890256819053284 0.15164208667155285 0.14923566815783904 0.08890256819053284 0.08890256819053284
0.15167957731790216 0.12898225247781758 0.15175185262507498 0.08890255543696013 0.15164331366380343 0.14923533760452154 0.08890255543696013 0.08890255543696013
0.15167942389092015 0.12898220639480473 0.15175169853744103 0.08890255135187083 0.15164381723741116 0.1492351998838105 0.08890255135187083 0.08890255135187083
0.15167678426316097 0.12897961594739907 0.15174905859323892 0.08889997522419697 0.15166204744500522 0.14923256807860483 0.08889997522419697 0.08889997522419697
0.15161502916574274 0.12891814838460236 0.15168730262791244 0.08883931261120094 0.15160892991776648 0.14965265207037315 0.08883931261120094 0.08883931261120094
0.1515778675842668 0.1288874456003248 0.15165012344807416 0.08882771011914106 0.15158919619866532 0.14981223681124567 0.08882771011914106 0.08882771011914106
0.15157253809077315 0.1288741058396646 0.1516309261704492 0.08882391087261408 0.1515772277925952 0.1498734694886756 0.08882391087261408 0.08882391087261408
0.15156961983145167 0.12886924866133745 0.151622263465465 0.08882319886151227 0.15157156122537735 0.14989771023183168 0.08882319886151227 0.08882319886151227
0.15157641004363107 0.12886642139977175 0.15161735778951163 0.08882188090861572 0.15156789748599084 0.14990627055524758 0.08882188090861572 0.08882188090861572
0.15157782278405205 0.1288641442446013 0.15161392744942243 0.08882048229034542 0.1515742983208579 0.14990836033003027 0.08882048229034542 0.08882048229034542
0.15158364665713753 0.12886240845838592 0.15161147856067606 0.08881945410220622 0.15157592027711173 0.14990818374007028 0.08881945410220622 0.08881945410220622
0.15158509259370317 0.1288609035155531 0.15160949876684124 0.08881848853367806 0.15158189331299848 0.14990714620986967 0.08881848853367806 0.08881848853367806
0.15158552111587556 0.12886026567275338 0.15160850862040093 0.08881831833342942 0.15158419638204249 0.14990655320863935 0.08881831833342942 0.08881831833342942
0.1515856634118283 0.12886003232766557 0.15160806340071312 0.08881828319017868 0.1515851148761134 0.14990627641314347 0.08881828319017868 0.08881828319017868
0.15158571363920656 0.12885995112508972 0.1516078703162544 0.08881827449673058 0.15158548650570774 0.14990615492354994 0.08881827449673058 0.08881827449673058
0.1515894208891022 0.1288593964033099 0.15160726085983 0.08881774500765657 0.15158511089819102 0.14990557592659715 0.08881774500765657 0.08881774500765657
0.15159334769244717 0.12885877966668688 0.15160656408533935 0.08881730064403173 0.15158451100586107 0.14990489561757053 0.08881730064403173 0.08881730064403173
0.15159656557373113 0.12885827201847933 0.15160595950619699 0.08881698463917538 0.15158394660214913 0.1499043023819173 0.08881698463917538 0.08881698463917538
0.15159784207000948 0.12885805814328266 0.15160565298555986 0.08881692850944096 0.15158365676841626 0.1499040045044087 0.08881692850944096 0.08881692850944096
0.15159783199294782 0.12885745296980097 0.15160498732339686 0.08881638979505685 0.15158721392587587 0.14990334440280811 0.08881638979505685 0.08881638979505685
0.1515977358058235 0.12885717290565873 0.1516046196206155 0.08881629778116126 0.15158859493163201 0.14990298339278635 0.08881629778116126 0.08881629778116126
0.1515976777700586 0.1288570676775105 0.15160444913215493 0.0888162795795147 0.15158914860475936 0.1499028180769724 0.0888162795795147 0.0888162795795147
0.15159877229475283 0.1288568702468573 0.15160421379080846 0.08881611484721956 0.15158921314862267 0.14990258597730002 0.08881611484721956 0.08881611484721956
0.15159919725439192 0.12885678057091723 0.15160408799567426 0.08881608652043664 0.1515892115494671 0.1499024630682396 0.08881608652043664 0.08881608652043664
0.1515993675872186 0.12885674704527253 0.15160403023674857 0.08881608086049186 0.15158920522731167 0.14990240732197313 0.08881608086049186 0.08881608086049186
0.1515994367703931 0.12885673526913216 0.1516040049570074 0.08881607950203496 0.15158920125084888 0.14990238324651367 0.08881607950203496 0.08881607950203496
0.1515994650388033 0.12885673122673333 0.1516039941041091 0.08881607911892753 0.15158919922108735 0.14990237305248422 0.08881607911892753 0.08881607911892753
0.15160023195348768 0.1288566219464523 0.15160388158514623 0.08881597109477238 0.15158909035640752 0.1499022608741891 0.08881597109477238 0.08881597109477238
0.15160053128513018 0.12885656970619613 0.15160381670184186 0.08881595281202495 0.15158902699277335 0.14990219687798367 0.08881595281202495 0.08881595281202495
0.1516002971856794 0.12885619540682433 0.15160343176359148 0.08881559474567284 0.1515914786741665 0.14990181273271985 0.08881559474567284 0.08881559474567284
0.15160013947684783 0.1288560183403199 0.1516032115810212 0.08881553398811343 0.1515924332042543 0.14990159543321632 0.08881553398811343 0.08881553398811343
0.15160006226092482 0.12885595141757802 0.1516031084892939 0.08881552208661887 0.15159281659172752 0.149901494980619 0.08881552208661887 0.08881552208661887
0.15159978902247329 0.1288556893623438 0.15160282453328397 0.08881528082680692 0.15159464181582336 0.14990121278565477 0.08881528082680692 0.08881528082680692
0.15159947436712717 0.12885540643706306 0.15160250543598494 0.08881507933198028 0.1515964794695232 0.14990089629436074 0.08881507933198028 0.08881507933198028
0.15155856203149998 0.1288145364990172 0.1515615912570084 0.08877429730949984 0.1515564584928875 0.15018595979108748 0.08877429730949984 0.08877429730949984
0.1515349155375914 0.12879513383881636 0.15153794352094235 0.08876759448192742 0.15153318137932473 0.15029604227754298 0.08876759448192742 0.08876759448192742
0.1509930876354187 0.132503505677425 0.15099611482763012 0.08823555967263642 0.1509915065869636 0.1498091062546533 0.08823555967263642 0.08823555967263642
0.15071844422583164 0.1337278558214862 0.15072146475038506 0.0881853119384684 0.15071692967152436 0.1495593697153676 0.0881853119384684 0.0881853119384684
0.15060753901166957 0.1341515121909451 0.1506105535611235 0.08818814910107678 0.15060605355911033 0.14945989437392118 0.08818814910107678 0.08818814910107678
0.1505662282144579 0.1343011696196958 0.15056866212814168 0.08819219235381938 0.1505641785821861 0.14942318439406035 0.08819219235381938 0.08819219235381938
0.15055138399415008 0.13435448480622722 0.15055318918101418 0.08819406905212777 0.15054871317888363 0.1494100216833415 0.08819406905212777 0.08819406905212777
0.15054598979157596 0.13437356323598923 0.1505475345080063 0.0881948226141074 0.1505430618992317 0.14940538272287465 0.0881948226141074 0.0881948226141074
0.15054403820263945 0.13438040308031504 0.15054547501476237 0.08819510504532774 0.15054100390967687 0.14940376465662306 0.08819510504532774 0.08819510504532774
0.15054333313381008 0.13438285717678974 0.15054472524623697 0.08819520823109431 0.1505402547997147 0.14940320495016568 0.08819520823109431 0.08819520823109431
0.150543078449676 0.13438373799149753 0.1505444520456617 0.0881952455526747 0.1505399818849192 0.14940301297022157 0.0881952455526747 0.0881952455526747
0.15054298641650768 0.13438405417954438 0.1505443523424245 0.08819525899746752 0.15053988230478726 0.14940294776433366 0.08819525899746752 0.08819525899746752
0.15054295313651836 0.13438416769171244 0.1505443158853324 0.08819526383320526 0.15053984590041233 0.14940292588640872 0.08819526383320526 0.08819526383320526
0.15054316938192924 0.13438417583220474 0.15054426991178652 0.0881952329586325 0.15053979994933292 0.14940288604884921 0.0881952329586325 0.0881952329586325
0.1505431470453523 0.13438406673472286 0.15054413897606794 0.0881951210631965 0.15054052622157565 0.14940275783269186 0.0881951210631965 0.0881951210631965
0.15054311938479817 0.1343840108272458 0.1505440663383001 0.08819510265342059 0.1505408085942988 0.14940268689509545 0.08819510265342059 0.08819510265342059
0.15054310453825573 0.1343839882205677 0.1505440328640149 0.08819509926260184 0.15054092214691847 0.14940265444243758 0.08819509926260184 0.08819509926260184
0.15051575643667822 0.1343566384976411 0.15051667704756763 0.08816775730977626 0.15051362722141784 0.14959402886736656 0.08816775730977626 0.08816775730977626
0.15049994274653336 0.13434275080320132 0.15050086006485627 0.08816326993988041 0.15049841228023877 0.14966822428552914 0.08816326993988041 0.08816326993988041
0.15049255366024394 0.13433713770209577 0.15049346955860798 0.08816243015348998 0.1504916589860418 0.14969788963254071 0.08816243015348998 0.08816243015348998
0.15048932474558066 0.1343350397366321 0.15049024002954312 0.08816226145700769 0.150488693398795 0.14970991771842604 0.08816226145700769 0.08816226145700769
0.15048794732776952 0.13433427849813345 0.15048886234577372 0.08816222130648102 0.1504874250441742 0.149714822864706 0.08816222130648102 0.08816222130648102
0.15048736577070906 0.13433400575996834 0.1504882806736592 0.08816221021224413 0.15048688865824683 0.14971682850068416 0.08816221021224413 0.08816221021224413
0.15048712154623758 0.13433390864721576 0.15048803639946612 0.08816220684184041 0.15048666314250148 0.14971764973905796 0.08816220684184041 0.08816220684184041
0.15048701932999634 0.13433387419901674 0.1504879341617625 0.08816220577209259 0.15048656867494112 0.14971798631800556 0.08816220577209259 0.08816220577209259
0.1504871301585134 0.1343338400867491 0.1504878695471262 0.08816218349995401 0.15048650727886698 0.14971810242888242 0.08816218349995401 0.08816218349995401
0.1504871723429351 0.13433382464632312 0.15048783907073957 0.08816217978419487 0.15048647813579666 0.1497181464516208 0.08816217978419487 0.08816217978419487
0.15048718911732706 0.13433381864282598 0.1504878257522238 0.08816217908769898 0.15048646536963795 0.14971816385488826 0.08816217908769898 0.08816217908769898
0.15048719591003307 0.1343338164248829 0.15048782008177064 0.08816217893320723 0.15048645992801513 0.1497181708556765 0.08816217893320723 0.08816217893320723
0.1504871986823744 0.13433381562166605 0.15048781769241912 0.0881621788923156 0.15048645763346416 0.1497181736931295 0.0881621788923156 0.0881621788923156
0.15048716721756566 0.1343337827326061 0.15048778408986388 0.08816214627932789 0.15048668487523228 0.14971814224674865 0.08816214627932789 0.08816214627932789
0.1504871488197959 0.13433376606190303 0.15048776480665532 0.08816214091286508 0.15048677362181165 0.14971812395123882 0.08816214091286508 0.08816214091286508
0.15048714021315027 0.1343337593449275 0.1504877558332546 0.08816213992574716 0.15048680938942705 0.1497181154419992 0.08816213992574716 0.08816213992574716
0.1504871364330163 0.1343337568205989 0.15048775190120572 0.08816213971009827 0.15048682398707203 0.1497181117278123 0.08816213971009827 0.08816213971009827
0.1504871348103404 0.13433375589585175 0.15048775021560407 0.0881621396529836 0.15048682997562757 0.14971811014362535 0.0881621396529836 0.0881621396529836
0.15010594208121014 0.13700209983678102 0.15010655746040877 0.0877809475958926 0.15010564039871965 0.1493369174352026 0.0877809475958926 0.0877809475958926
0.14990464886966917 0.13793638581680615 0.14990526332489357 0.0877375272468447 0.14990434893706822 0.14913677131102884 0.0877375272468447 0.0877375272468447
0.14982014235759772 0.1382774595122626 0.1498206383971898 0.0877362697675888 0.14981972583363584 0.14905322459654763 0.0877362697675888 0.0877362697675888
0.14978695239240924 0.13840424101665383 0.14978739925312023 0.08773807866046132 0.14978648774647496 0.1490206836099577 0.08773807866046132 0.08773807866046132
0.14977430107142575 0.1384517104372572 0.14977464850122874 0.08773909414484177 0.14977373755068266 0.14900832000488035 0.08773909414484177 0.08773909414484177
0.149769497820595 0.13846954005285256 0.1497698040566421 0.0877395305180408 0.1497688933818166 0.1490036731339714 0.0877395305180408 0.0877395305180408
0.1497676809606387 0.13847624542832082 0.149767970130782 0.08773970295457825 0.14976705958740008 0.1490019350291238 0.08773970295457825 0.08773970295457825
0.14976697281893006 0.1384787466632413 0.1497672549191343 0.08773974727682958 0.14976651903131147 0.14900126473689412 0.08773974727682958 0.08773974727682958
0.14976670109725818 0.13847968469891636 0.14976698026862753 0.08773976883649313 0.1497663167169855 0.14900101070873312 0.08773976883649313 0.08773976883649313
0.14976659741336634 0.13848003725535946 0.14976687537144262 0.08773977768783801 0.1497662417788472 0.14900091511747043 0.08773977768783801 0.08773977768783801
0.14976655791493457 0.1384801698782609 0.1497668353704042 0.08773978113074114 0.14976621418574806 0.14900087925842886 0.08773978113074114 0.08773978113074114
0.14976658936614104 0.13848021314287598 0.1497668134740156 0.08773977580107711 0.149766197428265 0.14900085918547112 0.08773977580107711 0.08773977580107711
0.14976660181478804 0.13848022841835925 0.1497668038283862 0.0877397752239983 0.1497661899109913 0.14900085035548033 0.0877397752239983 0.0877397752239983
0.14976660696869876 0.138480234013661 0.14976679983179875 0.08773977522221926 0.149766186795896 0.14900084672328778 0.08773977522221926 0.08773977522221926
0.14976660913497647 0.1384802360955836 0.14976679820833402 0.08773977525397068 0.14976618553751522 0.14900084526167856 0.08773977525397068 0.08773977525397068
0.14976661004896158 0.1384802368752265 0.149766797552771 0.08773977527077752 0.14976618503315742 0.1490008446775509 0.08773977527077752 0.08773977527077752
0.14976661043453818 0.13848023716793859 0.14976679728830833 0.08773977527782109 0.1497661848313187 0.1490008444444329 0.08773977527782109 0.08773977527782109
0.14974825826969212 0.13846188495065592 0.14974844485424402 0.08772142295328594 0.14974783242319106 0.14912931064235904 0.08772142295328594 0.08772142295328594
0.1497377156344194 0.13845221856110218 0.14973790209409163 0.08771848098883898 0.14973740714552128 0.14917931359834863 0.08771848098883898 0.08771848098883898
0.14973284738629092 0.13844817475922228 0.14973303378655647 0.0877179790430523 0.14973258751102084 0.1491994194277526 0.0877179790430523 0.0877179790430523
0.14973073416787064 0.13844659607100115 0.14973092053998296 0.08771788204189214 0.14973049443050945 0.14920760866495933 0.08771788204189214 0.08771788204189214
0.14972983655043653 0.13844599521077597 0.1497300229093482 0.08771785962788659 0.14972960515517064 0.14921096129060896 0.08771785962788659 0.08771785962788659
0.14972945857777895 0.1384457688314932 0.14972964493056903 0.08771785340944449 0.14972923063823182 0.1492123367935935 0.08771785340944449 0.08771785340944449
0.1497293000692466 0.13844568391534517 0.14972948641922576 0.08771785144079587 0.1497290735612387 0.14921290171255616 0.08771785144079587 0.08771785144079587
0.14972922387996396 0.13844564225934713 0.1497294102286634 0.08771784089887352 0.14972907694407575 0.1492131239913292 0.08771784089887352 0.08771784089887352
0.14972922176494038 0.13844562069963015 0.14972937237721365 0.08771783460230619 0.14972907204853164 0.1492132093027657 0.08771783460230619 0.08771783460230619
0.14972921980400286 0.13844561171496098 0.14972935561577103 0.08771783351732022 0.14972906893602533 0.14921324337727918 0.08771783351732022 0.08771783351732022
0.14972923981167785 0.13844560520463126 0.1497293454556338 0.08771783029905782 0.1497290644286989 0.14921325420218484 0.08771783029905782 0.08771783029905782
0.14972924756205708 0.1384456022832451 0.14972934071179803 0.08771782976311773 0.14972906202602126 0.14921325812752545 0.08771782976311773 0.08771782976311773
0.1497292506722527 0.13844560111314327 0.14972933864742508 0.0877178296634393 0.1497290609312588 0.14921325964560211 0.0877178296634393 0.0877178296634393
0.14972925193828193 0.13844560066232678 0.14972933777036965 0.0877178296413591 0.14972906045577586 0.1492132602491686 0.0877178296413591 0.0877178296413591
0.14972926660492322 0.1384455984699943 0.1497293353799816 0.08771782761421007 0.14972905823170254 0.14921325847076808 0.08771782761421007 0.08771782761421007
0.1497169051947492 0.1384332301822348 0.14971696690551656 0.08770546012974181 0.14971668982612038 0.1492998275021536 0.08770546012974181 0.08770546012974181
0.14970980577557708 0.13842671847234536 0.14970986455787308 0.08770348027687301 0.14970958752041183 0.14933358284317358 0.08770348027687301 0.08770348027687301
0.1497065344126792 0.13842399055768562 0.14970658110541754 0.08770313831399196 0.14970630409302235 0.14934717488921959 0.08770313831399196 0.08770313831399196
0.14970511247819493 0.13842292394814482 0.14970515416346564 0.08770307123805215 0.14970487716501074 0.1493527185310275 0.08770307123805215 0.08770307123805215
0.14970450773461216 0.13842251729321425 0.149704547345791 0.08770305539889413 0.14970427035465628 0.149354991075044 0.08770305539889413 0.08770305539889413
0.14970425277575122 0.13842236379107767 0.14970429152783937 0.08770305089895072 0.1497040145403941 0.14935592466808548 0.08770305089895072 0.08770305089895072
0.14969581677837895 0.1384139771421297 0.14969585517463033 0.08769472049463005 0.14969557818899035 0.14941461123198047 0.08769472049463005 0.08769472049463005
0.1496909858326187 0.13840956707844723 0.14969102408023838 0.0876933833780405 0.14969074710449054 0.14943752577008357 0.0876933833780405 0.0876933833780405
0.1496887470607704 0.13840771318880504 0.14968878524611207 0.08769314537723023 0.1496885613921929 0.1494467569804289 0.08769314537723023 0.08769314537723023
0.1496877684208232 0.13840698246975974 0.14968780658003777 0.08769309394079498 0.1496876404546445 0.14945052025234987 0.08769309394079498 0.08769309394079498
0.14968735119150345 0.1384067028089 0.1496873893397512 0.08769308202226947 0.14968724712350368 0.1494520634695332 0.08769308202226947 0.08769308202226947
0.14968717504962903 0.13840659699518768 0.14968721319327252 0.08769307867892778 0.14968708087936666 0.14945269784576073 0.08769307867892778 0.08769307867892778
0.14968710742099864 0.13840655623168288 0.1496871382485464 0.08769307668656288 0.1496870100358498 0.1494529580032338 0.08769307668656288 0.08769307668656288
0.14968707888919777 0.13840654077263873 0.14968710668672386 0.08769307616365053 0.149686980172608 0.1494530649878799 0.08769307616365053 0.08769307616365053
0.1496870669113265 0.13840653494708077 0.1496870934539439 0.08769307600243177 0.14968696764332245 0.14945310903703105 0.08769307600243177 0.08769307600243177
0.149687061895844 0.13840653275778142 0.14968708791873056 0.08769307594767169 0.1496869623994726 0.14945312718515644 0.08769307594767169 0.08769307594767169
0.14968705979915384 0.13840653193610988 0.14968708560678953 0.08769307592818004 0.1496869602082045 0.149453134665202 0.08769307592818004 0.08769307592818004
0.1496870589237203 0.13840653162796765 0.14968708464220806 0.08769307592110599 0.1496869592936017 0.14945313774918442 0.08769307592110599 0.08769307592110599
0.14968705855856881 0.13840653151247703 0.1496870842401352 0.08769307591852159 0.1496869589122283 0.14945313902102592 0.08769307591852159 0.08769307591852159
0.1496870584063937 0.13840653146921528 0.1496870840726688 0.08769307591757666 0.14968695875333493 0.14945313954565714 0.08769307591757666 0.08769307591757666
0.14968705834302448 0.13840653145301893 0.14968708400296654 0.08769307591723183 0.14968695868718332 0.1494531397621111 0.08769307591723183 0.08769307591723183
0.14968705831665427 0.13840653144695902 0.14968708397397346 0.08769307591710643 0.1496869586596608 0.14945313985143324 0.08769307591710643 0.08769307591710643
0.1496870583056874 0.1384065314446932 0.14968708396192032 0.087693075917061 0.14968695864821674 0.14945313988829934 0.087693075917061 0.087693075917061
