0.125 0.125 0.125 0.125 0.125 0.125 0.125 0.125
0.07575757575757576 0.12626262626262627 0.09090909090909091 0.15151515151515152 0.0946969696969697 0.15782828282828282 0.11363636363636365 0.1893939393939394
0.07515215834697218 0.12525359724495364 0.09018259001636662 0.15030431669394437 0.10193170775368249 0.15656699655619205 0.11272823752045827 0.18788039586743044
0.07344775822701911 0.1224129303783652 0.08813730987242295 0.14689551645403823 0.1003741939424038 0.1749412582176742 0.11017163734052869 0.1836193955675478
0.07188514559006623 0.1198085759834437 0.08626217470807948 0.14377029118013246 0.09825306517138024 0.19248016500663293 0.10782771838509934 0.17971286397516556
0.07063141939287651 0.11771903232146086 0.08475770327145181 0.14126283878575302 0.09647909605477561 0.2066242326021762 0.10594712908931476 0.17657854848219126
0.08651467667993185 0.14419112779988644 0.07786320901193867 0.1297720150198978 0.11809116169567942 0.26837558951580376 0.09732901126492334 0.07786320901193867
0.08769198837691987 0.1551473640514736 0.07644942576449425 0.13525667635256675 0.10523038605230385 0.18617683686176836 0.0917393109173931 0.1623080116230801
0.06998276141120882 0.11663793568534803 0.08397931369345057 0.13996552282241764 0.09623674711873965 0.21326667362400015 0.10497414211681322 0.174956903528022
0.06917119807227894 0.11528533012046491 0.08300543768673473 0.13834239614455787 0.09445241169566018 0.2230584339911876 0.10375679710841841 0.17292799518069732
0.08510171641110685 0.14183619401851144 0.07659154476999618 0.12765257461666027 0.11605934477646478 0.28042764967476924 0.09573943096249522 0.07659154476999618
0.08368349570008955 0.14805541546938922 0.07295484240520628 0.12907395194767265 0.10042019484010746 0.22337754641408 0.08754581088624754 0.15488874233720717
0.09501630954950707 0.07482534377023684 0.19003261909901414 0.14965068754047367 0.09086023094174861 0.10348064433638922 0.16566946280426875 0.13046470195836163
0.08888133807157055 0.14813556345261758 0.09440618009135145 0.1333220071073558 0.12067288256852977 0.23459731911364456 0.09999150533051686 0.07999320426441349
0.06886953431145576 0.12184609916642172 0.08608691788931969 0.15230762395802716 0.0826434411737469 0.20217293328421243 0.10330430146718364 0.1827691487496326
0.12575824833651228 0.09903462056500341 0.16355490911517376 0.11884154467800409 0.12508171530732307 0.1325610376087055 0.13156247518281283 0.10360544920646511
0.06057274748113671 0.10716716862047265 0.05280701062458073 0.09342778802810436 0.12114549496227342 0.27241019297806196 0.10561402124916146 0.18685557605620873
0.06628045954719508 0.11726542842965282 0.08285057443399385 0.14658178553706602 0.07953655145663409 0.23216636863018633 0.09942068932079261 0.17589814264447923
0.09851583081444056 0.07280349835147036 0.20006513363834244 0.14560699670294072 0.0917129389911618 0.10316323765561324 0.1611929308229543 0.12693943302307653
0.07573635068945296 0.11504674330474414 0.11146626320048761 0.13805609196569296 0.0999575872319464 0.18362477967629004 0.10354206897426972 0.1725701149571162
0.07283880023978966 0.11290351985760892 0.09705611186901485 0.1354842238291307 0.09940452759784497 0.21134436894834946 0.10161316787184804 0.16935527978641338
0.088883600466676 0.13808861119361204 0.08723423439271302 0.12427975007425081 0.12158432810788454 0.2721518131646249 0.09320981255568812 0.0745678500445505
0.06049144467945439 0.09851724893930333 0.048544731361395844 0.08588683240862341 0.1113673248879081 0.32632929018327644 0.09708946272279169 0.17177366481724682
0.09657962745479563 0.07355997793205114 0.18225307965254461 0.1471199558641023 0.08201388584364508 0.12203774128787896 0.16402777168729016 0.13240796027769206
0.09856723165437237 0.0708677632022439 0.2366742953391269 0.1417355264044878 0.08957401318243756 0.08210981108887414 0.1569070540578782 0.12356430507057911
0.09420896289538135 0.14291706755373357 0.11783269265938927 0.12862536079836018 0.12401708907463657 0.2187545899407129 0.09646902059877015 0.07717521647901611
0.07218418143106593 0.11698023054608074 0.09213126734486468 0.14622528818260092 0.07934311289212433 0.21848668266898688 0.0991788911151554 0.17547034581912108
0.0967230153073774 0.07101093234357655 0.21753620435536716 0.1420218646871531 0.09257326521414086 0.09909674246807143 0.15722404230730824 0.12381393331700528
0.0742539070049097 0.11269925117505658 0.12558754167634628 0.13523910141006792 0.10217827742549215 0.1795637184879914 0.10142932605755094 0.16904887676258487
0.07178804306687846 0.11127530845907432 0.10542236122765178 0.1335303701508892 0.10267300312646743 0.20825017366726042 0.1001477776131669 0.16691296268861147
0.08771085023513302 0.1362413951052215 0.09314254742582313 0.12261725559469935 0.12590423014715216 0.26885042643912677 0.09196294169602451 0.0735703533568196
0.05960210790988725 0.09704296377815323 0.05221734839224599 0.0846015581655695 0.10970074166226017 0.3319956197474926 0.09563654401325247 0.169203116331139
0.06731246673887319 0.11238432590709495 0.08355346450606287 0.1404804073838687 0.07622589061524702 0.25618459271915206 0.09528236326905877 0.16857648886064242
0.09567466832563257 0.070510276308342 0.21689572107706545 0.141020552616684 0.0915352737231442 0.10530696467590522 0.1561155486843225 0.12294099458890399
0.07385066864811203 0.11214478915665264 0.1273933592470866 0.13457374698798316 0.10156806579771044 0.1813218761864886 0.10093031024098738 0.16821718373497893
0.06048014676558521 0.09374116189760869 0.0677988159237359 0.08436704570784782 0.14140714025512516 0.2822311431849842 0.10124045484941736 0.16873409141569565
0.06854332334952273 0.11443653065623673 0.08626329795432301 0.1430456633202959 0.07761782079292577 0.2414162919511836 0.09702227599115723 0.17165479598435507
0.1282956491143757 0.09443894264205585 0.17694283258287455 0.11332673117046704 0.1250657107662211 0.13767512072001287 0.12545734993230373 0.0987976630716892
0.07515813199474328 0.1181721053061169 0.097912565240035 0.14771513163264613 0.08993703815086523 0.19365747608731881 0.10018939362909912 0.17725815795917535
0.13539728492990516 0.09402738959221135 0.18058297050926037 0.11283286751065363 0.12774363022727273 0.1261381194053821 0.12491062255961653 0.09836711526569802
0.06485450439086066 0.10123357926386788 0.05876131311396478 0.08825491525567969 0.13967274845540625 0.2709466830676582 0.09976642594120314 0.17650983051135938
0.09418919658443031 0.07130643452353465 0.1872783389993414 0.1426128690470693 0.10474011553600386 0.11251875693119734 0.15900270623606083 0.1283515821423624
0.10007253649391268 0.06736041247482373 0.2593852199829446 0.13472082494964746 0.09454115919829588 0.07732943139154949 0.14914149119374887 0.11744892431507725
0.06391634515268652 0.1028248267404985 0.0736140832181394 0.08964215664556281 0.14060287004982197 0.24878079304196382 0.10133461186020144 0.17928431329112562
0.09326805107305723 0.07066558493937522 0.19818740001966664 0.14133116987875044 0.10400622900989484 0.1077698048758033 0.15757370731257697 0.1271980528908754
0.07791090323666588 0.11110969166753559 0.12430395818874809 0.1333316300010427 0.10554643429806887 0.18113412260585354 0.09999872250078203 0.16666453750130336
0.06364319383865956 0.0929847602599045 0.06763358926939693 0.08368628423391405 0.143315790103981 0.28094027274561906 0.10042354108069686 0.1673725684678281
0.06639768255185918 0.11018776373302697 0.09001593498119158 0.13773470466628374 0.09948441439693104 0.23747779351490503 0.093420060556262 0.16528164559954042
0.09297275906728862 0.07028737407340073 0.20972829471191143 0.14057474814680146 0.09811457547126032 0.1050746216663793 0.15673035353083684 0.1265172733321213
0.11294761353014306 0.07611268614978901 0.18414356379007943 0.09133522337974682 0.15287913724754382 0.12343620163079731 0.14497654504721716 0.11416902922468353
0.06170918675796196 0.09772993633560716 0.07098466259950473 0.08520045731822162 0.15395566300046193 0.26370561890511407 0.09631356044668532 0.17040091463644325
0.09145322095282506 0.06935386844473304 0.20345254996757978 0.13870773688946608 0.10818563360660932 0.1093612516301611 0.15464877530810617 0.12483696320051946
0.09149375953865076 0.06753020160455596 0.25840849595540305 0.13506040320911192 0.09600169967134692 0.0793688066891387 0.15058227044359193 0.12155436288820072
0.07077437355968953 0.11442594067261146 0.13846042733988154 0.1430324258407643 0.09667175031134978 0.16798287374000692 0.09701329752677929 0.17163891100891715
0.07678226173975229 0.11009479692826266 0.10990452470807849 0.13211375631391517 0.10408032849606706 0.202796819186094 0.09908531723543638 0.16514219539239397
0.06877082209754183 0.11280678584519811 0.10368950514055497 0.14100848230649765 0.09674258287752341 0.2121311071396101 0.09564053582527668 0.16921017876779718
0.09225106152853284 0.06957384819967795 0.2212970981007601 0.1391476963993559 0.09762200093384062 0.09973607074957819 0.15513929732883408 0.1252329267594203
0.0907304509777331 0.06689563144496848 0.2677905905284598 0.13379126288993695 0.09413964890636815 0.07707300495191446 0.14916727369967595 0.12041213660094324
0.07051693690449225 0.11404400251625836 0.14137422152113538 0.14255500314532296 0.09705455566310092 0.16669979608108348 0.09668948039421905 0.17106600377438755
0.10068141183594707 0.06824018735904475 0.2417421303570535 0.1364803747180895 0.09531377199841876 0.0874698478342747 0.15108938511729889 0.11898289077987288
0.06215045951878063 0.10659753285005878 0.08261801822505928 0.0867677557850563 0.14167190970957325 0.2485735231930346 0.09808528914832451 0.1735355115701126
0.09025204550637038 0.07607040213989903 0.20966057807805283 0.13671328463924573 0.10607336566117156 0.10576325791110865 0.15242510988883068 0.12304195617532117
0.12014492774320301 0.09567731072742788 0.21891732959940083 0.11083219651625742 0.1273333281352705 0.10377630235762313 0.12356962805618553 0.09974897686463169
0.1307093916383411 0.09494250067994986 0.21853687005166061 0.10766201524128527 0.13019064100215527 0.10102765515416727 0.12003511251528372 0.09689581371715673
0.10484932747100661 0.0710101880080602 0.2623521906922605 0.12880359939162805 0.09819770671277536 0.07525734715904855 0.14360640111275547 0.11592323945246526
0.1328869490001973 0.09243559821482483 0.2345414312355405 0.10742618444984714 0.12197760003916722 0.09427649227341765 0.11977217878214298 0.09668356600486241
0.12415019261127146 0.08118276733452377 0.1937502226485702 0.09221454311607848 0.14764719693384687 0.11331451376027439 0.13708311185614055 0.11065745173929417
0.12387331246029813 0.08047384051387811 0.1802913929804608 0.09244576930897364 0.15597367257531497 0.11858024386830934 0.13742684512199665 0.11093492317076836
0.10850216622937416 0.07046561297314619 0.24643467960088464 0.1295983775983396 0.10501214828533079 0.07885595597298681 0.14449251950143235 0.11663853983850563
0.10389568628216865 0.06920141691086062 0.2742989195328276 0.12869870354944624 0.09331746105367623 0.0712695293997484 0.14348945007677064 0.1158288331945016
0.08119601183875397 0.11953794231396217 0.1417870061009919 0.13910652645270002 0.0956785965136262 0.1614155714427204 0.09435051359400524 0.16692783174324002
0.10217351349219662 0.07555574630662017 0.23421405310514035 0.13417991488109507 0.0950161804970668 0.08849807665895822 0.1496005916659373 0.12076192339298555
0.10369263033383287 0.07004811341712865 0.27010123339022324 0.1296665746307798 0.09184956288990782 0.07337341406715366 0.14456855410327238 0.11669991716770181
0.10268001721868196 0.06868879499061391 0.2835076624927942 0.12778844037113812 0.08999358196346502 0.06985733206623743 0.14247457456304505 0.11500959633402431
0.10195779827876165 0.06823980552070166 0.28849068339845263 0.12710426287508192 0.0891790005458155 0.06892284508064854 0.14171176771296445 0.11439383658757374
0.08119384777132845 0.11922559654514407 0.14499565965705016 0.13884842373774717 0.09466370248251345 0.16027920869879592 0.09417545262212416 0.16661810848529657
0.11628497768933113 0.08596146585753418 0.16772091053291743 0.095432253973542 0.14420774045023024 0.13400749156752623 0.14186645516066843 0.11451870476825039
0.08262355539515982 0.11951074843053944 0.11560336429767704 0.1366637512288601 0.1056679212379333 0.18324048318866698 0.0926936747465312 0.1639965014746321
0.10313536782463048 0.07599752011912032 0.2230678846117458 0.13492095083462877 0.09810944339709173 0.0929131860086803 0.15042679145293683 0.12142885575116588
0.08151717909309128 0.12049715842933038 0.12987373594489113 0.1393512138056048 0.0970915865203271 0.16993119418927155 0.09451647545075804 0.16722145656672574
0.07685457056269171 0.12458058695071773 0.10735287593344808 0.13814993419184285 0.0959199710246585 0.19766044581109285 0.0937016944953369 0.16577992103021144
0.13375929315712648 0.10037842283011879 0.17993633791298472 0.1108830009893661 0.1262289334966862 0.12539303947096517 0.12362627125232308 0.09979470089042948
0.1118418178379221 0.07185642917799194 0.2463467016050666 0.12957312530391116 0.09926750268576406 0.08003424553817982 0.1444643650776442 0.11661581277352004
0.10542420910498591 0.06920281213730921 0.27411539674724533 0.1285065949390715 0.09243008985691617 0.07138969845664145 0.14327526331266624 0.11565593544516434
0.10308606881018831 0.06843087073161236 0.28481489780638225 0.1273935825509435 0.0902448508296273 0.06934116741486762 0.14203433756052955 0.11465422429584915
0.10219104307764412 0.06812311082140654 0.28885066784189045 0.12690621887992196 0.08947338385113028 0.06874901509831322 0.1414909634377637 0.11421559699192974
0.1018480949613801 0.0680030962265467 0.2903632469268077 0.12671638450320205 0.08919110731903956 0.06855401173567667 0.14127931227446558 0.11404474605288185
0.1017176386139318 0.06795750979528985 0.2909290405478633 0.12664460625865573 0.08908652695528459 0.06848524730780271 0.14119928488838182 0.11398014563279014
0.1016683319783113 0.06794038457179387 0.29114056082920664 0.1266176976146484 0.08904760281045436 0.06846021058398061 0.14116928375842142 0.11395592785318354
0.08128848997341691 0.11906864907959157 0.14555371051034613 0.1386916476946822 0.0949320358099618 0.15996637213155496 0.09406911756682793 0.16642997723361863
0.1022107714506502 0.0753652759695884 0.23561359913396102 0.13387695124203006 0.09508599944675342 0.08809533682158313 0.14926280981760667 0.12048925611782708
0.08154159742627294 0.12036207959189531 0.1327638048497444 0.13926259522647108 0.09648353480437 0.16801490489326576 0.09445636893621517 0.16711511427176529
0.10270123387390455 0.07577941576045841 0.23043129128983547 0.13446254522128437 0.09583104306398361 0.08986247668794585 0.14991570340343197 0.12101629069915594
0.09402999864262276 0.13871651923394435 0.15154161464741386 0.16044232051426743 0.08350649382233882 0.14574865380627106 0.08161631087030126 0.14439808846284066
0.08070343810078072 0.1106538024734112 0.11352534867932865 0.13278456296809343 0.10165058444331154 0.19511313739888753 0.09958842222607008 0.16598070371011678
0.09008543276210353 0.144457819878145 0.08466424025162253 0.11271865134319768 0.11350819568796884 0.24285062798886956 0.07645265047625581 0.1352623816118372
0.1052706115794159 0.07767305898938708 0.20808488066991657 0.13437506695475446 0.10000655389265345 0.10383409599011344 0.14981817166447997 0.120937560259279
0.1055340063898721 0.070676286790647 0.2597193945876571 0.13055076508830318 0.09395972221592083 0.07650977586907826 0.1455543604790485 0.11749568857947289
0.13828848420814527 0.0918326113109151 0.23275005161758486 0.10670991685048771 0.12135880209723306 0.09404761488853204 0.11897359386166315 0.09603892516543892
0.12823135089519055 0.0806234924922676 0.1924668702247477 0.09157147009996881 0.14843992200472048 0.11265398953691991 0.1361271406262223 0.10988576411996256
0.1101406931042959 0.07000869529674471 0.25096945978990864 0.12869317706706623 0.10350556655211572 0.0773752603681681 0.143483288461341 0.1158238593603596
0.12207324820694249 0.08010636644937037 0.20037152225417257 0.09313088341438039 0.14440230507779342 0.10971330124527394 0.13844531325481027 0.11175706009725647
0.10859462828856772 0.06992136044736647 0.25439696723079797 0.1286196015455328 0.10252240318166073 0.07678614066955287 0.1434012572455418 0.11575764139097953
0.09517627281209547 0.13730302909385966 0.15762725661909593 0.15963942231144976 0.08451754058905356 0.14085311844875134 0.08120788004538965 0.14367548008030476
0.08245653297179308 0.11042573608835889 0.11479777148009385 0.13251088330603067 0.10174680652374823 0.1930405030179141 0.099383162479523 0.1656386041325383
0.07689487248425804 0.12267066588777849 0.10340055246441751 0.13726603085217817 0.09644195082065742 0.20550451302053213 0.09310217744756433 0.1647192370226138
0.10263528639791346 0.07657943947065707 0.21816574902019492 0.135560120148592 0.09664843038322736 0.09726744890687895 0.1511394175388033 0.12200410813373282
0.08175683458534598 0.12047906106634565 0.12866182071765464 0.1392494448642755 0.09679836139237165 0.1715076939767587 0.09444744956011732 0.1670993338371306
0.10305241694628847 0.07586577204944112 0.22870385094252277 0.13459668325527596 0.09600627681701265 0.09057272775867918 0.15006525730103154 0.12113701492974838
0.10449153894170456 0.07012302742981186 0.2678274336267265 0.1297560686548822 0.09255810012288887 0.07379503617310378 0.14466833326148806 0.116780461789394
0.10334588348599275 0.0686647920891766 0.2824852253233058 0.1277218574913678 0.09052035919851924 0.06991187104843394 0.14240033962097276 0.11494967174223104
0.08181302035058872 0.11922086687557394 0.1435829386908216 0.13877729842312653 0.0953369125161312 0.16060899393162473 0.09412721110438148 0.1665327581077518
0.10257056107254825 0.07540563195770049 0.2347694318136184 0.13392655404436776 0.09522929742426324 0.08824651180705939 0.1493181132405115 0.120533898639931
0.10416386219514392 0.06993570980673804 0.27014289199539754 0.1294600305070504 0.09220058880407027 0.07324461641619981 0.14433827281905473 0.11651402745634538
0.13768419757874545 0.09152169636750952 0.23629584206859736 0.10641552266678837 0.1205820140684473 0.09308139053324899 0.11864536631655359 0.09577397040010953
0.1108805934350579 0.06973039309097129 0.2681349965845476 0.12675177265421633 0.09616919698101219 0.0729376844434602 0.1413187674219397 0.1140765953887947
0.08315998005816705 0.11926394421659005 0.14021807441333425 0.1386713721162004 0.09653118943081604 0.16169442779011606 0.09405536543533591 0.16640564653944045
0.10298142951351914 0.07547160822510521 0.2333546200965451 0.134036717059041 0.09557030139770854 0.08851134157419249 0.14944093678075168 0.1206330453531369
0.10430645152020672 0.06997197514584871 0.26959200869229794 0.12951998003045384 0.09231491042867691 0.07332158009130312 0.1444051120638045 0.11656798202740845
0.08204973848796795 0.11950347536908339 0.14063917455795683 0.13894656286592694 0.09580672291287685 0.16207643381453396 0.09424201655254175 0.1667358754391123
0.07730464823449781 0.1245238959383586 0.10985755693162626 0.13819483379352437 0.09574545955707851 0.19480765685446869 0.09373214813821654 0.16583380055222924
0.10259886062800538 0.07661166402062111 0.22097430361953233 0.13540376320800118 0.09636002935361253 0.09522290106455344 0.15096509121847296 0.12186338688720108
0.13891511347238591 0.09339889685754457 0.21970751330298727 0.10794530212566113 0.12327580775325299 0.09925563832452261 0.12035095625055053 0.097150771913095
0.14754325503588797 0.09275767255994079 0.21589550436865668 0.10520533827819759 0.12840269598720835 0.09821462828418794 0.11729610103554268 0.09468480445037782
0.11374356212292562 0.07013523586864784 0.25980805404139246 0.12731823871509618 0.09829540806175927 0.07416275154035783 0.1419503348062341 0.11458641484358657
0.08371491987600228 0.1193646099968762 0.13832245750889266 0.13873913590961343 0.09703762094503005 0.16223296570726795 0.09410132696478128 0.1664869630915361
0.1031731061099349 0.07552152183612705 0.23257281139159683 0.1341140222920479 0.09573479024737791 0.08865400171356502 0.14952712634650714 0.12070262006284313
0.09431232174735886 0.1386137120170586 0.1520748303764109 0.16035423115596983 0.08346606132522033 0.14528853514087614 0.08157150019673248 0.14431880804037286
0.10690844531027044 0.06777391762671385 0.2458106213221708 0.1355478352534277 0.0923674982077353 0.0833647490268674 0.15005702559598016 0.11816990765683438
0.08260275464900953 0.11943472209323262 0.1351739177323686 0.1392128726982955 0.09591502546488971 0.16618261603323162 0.09442264409101782 0.1670554472379546
0.13532981402024155 0.0993274325454735 0.1899060065847042 0.11024244249715823 0.12557863731935343 0.11748537244924301 0.12291209633638388 0.0992181982474424
0.11211396805533644 0.07149282424097064 0.2501931160194213 0.1290306726828385 0.09881470021013301 0.07836754249005844 0.14385957088668708 0.11612760541455464
0.08344401993472522 0.1196155782632248 0.13610075599023896 0.13886420029073465 0.09719269445211548 0.16395955747940713 0.09418615324067221 0.16663704034888158
0.07753685370425065 0.12450368544235514 0.10880515578316004 0.13815686112104766 0.09602281738023226 0.19548000046333427 0.09370639276036277 0.1657882333452572
0.10205426480162463 0.08282061939184218 0.21932614482893906 0.13430122171511397 0.09589713138630748 0.09499367859945052 0.1497358397331196 0.12087109954360258
0.10421135038073151 0.0748187978476269 0.26360376136668157 0.12948132465847972 0.09248628114365787 0.07450327820140791 0.14436201420878259 0.11653319219263175
0.10308635305709428 0.07264221258595635 0.280366606820244 0.12727138728003629 0.0903215230498593 0.06986956970225902 0.1418980989525181 0.11454424855203268
0.136371919124299 0.09596513334950851 0.23901134101390936 0.10542896879016622 0.11918084688691112 0.09161028655651259 0.11754543236754353 0.0948860719111496
0.14534858731482037 0.09851464391119424 0.22161996788266347 0.10383162961106417 0.12599761958444317 0.0954745666585959 0.11576451838726108 0.09344846664995773
0.11259224719759846 0.07516951562876259 0.2613076672251706 0.1262066255240834 0.09720853884450209 0.07321847355374471 0.14071096905446312 0.11358596297167506
0.10488186444233807 0.07254440710771555 0.27907259721763716 0.12696914002893864 0.09116714708830044 0.06953150226571618 0.14156111582330919 0.11427222602604477
0.10264407810096113 0.0719231582600103 0.2860914854850598 0.1264409164826557 0.08951658260321785 0.06861476824483378 0.14097218598887135 0.11379682483439013
0.10190720855575462 0.07168992302659559 0.28877399318167574 0.12615142872454393 0.08898041874970633 0.06831131316749331 0.14064942874214076 0.11353628585208955
0.10164832969259868 0.0715969828160464 0.2897883149456959 0.12603164188971985 0.08879086167837996 0.06819951591618328 0.14051587536062796 0.11342847770074786
0.10155439953795004 0.07156071573979723 0.2901703782847562 0.12598517175771232 0.08872135955482455 0.06815725591165875 0.14046406463135983 0.11338665458194107
0.08096803724375694 0.12506655104246667 0.14471419754363388 0.13762246683482238 0.09431989817615063 0.15881795493028586 0.09334393402709691 0.16514696020178685
0.10171857386991866 0.08194828402302155 0.23412011928124538 0.13276075139696353 0.09443861007700403 0.08751065480572642 0.14801833028885333 0.11948467625726718
0.1036046631376831 0.07432097625997973 0.26928065136513074 0.12877123038188784 0.09170828422596032 0.0728497752031664 0.14357031208249285 0.11589410734369905
0.13690437867902702 0.09651631110052641 0.23527154514477963 0.10576329952058412 0.11989774842868317 0.09254156137596871 0.117918186181905 0.09518696956852571
0.1103054438392815 0.07474973281823277 0.2670145166734184 0.12595014674617944 0.09566456022490702 0.0725354532691118 0.1404250143573075 0.1133551320715615
0.1214581195335025 0.08437641812222357 0.20496702151240218 0.09235913328311958 0.14098306306109362 0.10772722969718813 0.137298054850727 0.11083095993974347
0.1079373704583988 0.0742063412533493 0.2555508488228312 0.12767819488862392 0.10131791665746298 0.07604729344225572 0.1423516590773165 0.11491037539976152
0.08215889884545109 0.12567339677279513 0.13669319663429202 0.13771912673083028 0.09712711389109029 0.1619558203963295 0.09340949465221533 0.16526295207699634
0.10184505924291573 0.08613534003659416 0.23006310703968555 0.13235146334388692 0.09491784872922034 0.08800885994464151 0.1475620046535575 0.11911631700949822
0.10349292834581338 0.07751642890364774 0.26726314231917186 0.12843571562365136 0.09167806500523515 0.07282533757572036 0.14319623816547394 0.1155921440612862
0.1025420664329303 0.0751754736954937 0.2813726243439823 0.126633554271769 0.08981110498894414 0.06930801467451005 0.14118696274777828 0.11397019884459211
0.10181919534720117 0.07443776948443677 0.286672849721026 0.12594882092836077 0.08897712401180385 0.06836676550226554 0.14042353616938133 0.11335393883552468
0.10146678647918142 0.0741854583545487 0.28866270104694836 0.12569615112405266 0.08863992917051548 0.06808060961957262 0.1401418281935333 0.11312653601164736
0.13518547498454445 0.09886427063951897 0.24134761830972493 0.10474364258937068 0.1180966221843556 0.09071174816464903 0.11678134479740283 0.0942692783304336
0.08561184846985032 0.13357880798494373 0.13152492390973797 0.1341146972415747 0.09894651658920821 0.16432081794224923 0.09096475117254632 0.16093763668988964
0.10265412603930729 0.0873807067463299 0.22756471216723978 0.13223034039263407 0.09529740147680771 0.08843844522237371 0.14742696160193677 0.11900730635337066
0.10374960870693575 0.07775831821005748 0.2662614965009048 0.1285166195274674 0.09181715379153205 0.07294540570775755 0.1432864399806241 0.11566495757472067
0.10263424403740841 0.0752368472801921 0.2809885096578268 0.12667673048121608 0.08986882879085732 0.06935068132019846 0.14123510099920658 0.11400905743309446
0.10185346277700372 0.07445684619956516 0.2865273547941894 0.12596628273181382 0.08900053482135037 0.06838285944033333 0.14044300477711183 0.11336965445863244
0.10147963224903424 0.07419206848090631 0.2886077856026232 0.12570282836589575 0.08864913663021882 0.06808673032212885 0.14014927281988673 0.11313254552930616
0.08063672617792528 0.1292478710096707 0.14394418130393585 0.1369324339331694 0.09392383203589312 0.15812012310840917 0.09287591171119317 0.16431892071980328
0.10101750602190118 0.08870993277560892 0.23263785487043376 0.1316228719815335 0.09380599184154932 0.08699557806856988 0.14674967965702315 0.11846058478338015
0.10304936825366515 0.07929961658251236 0.268003967001618 0.12801601199923743 0.09121801367268009 0.07247031174555478 0.14272829994541844 0.11521441079931367
0.10227134722530008 0.07671574551124388 0.281441282986844 0.12633383661096872 0.08956211540798861 0.06912241938480733 0.14085279992297556 0.11370045294987184
0.10161688263548817 0.07591152938179745 0.28649834808824215 0.1256902340694058 0.08879726587771261 0.06822929816571535 0.1401352311191733 0.11312121066246522
0.11849241524155847 0.08848674441261895 0.2108626929213995 0.09172350789504795 0.13801391154446918 0.10599936349074728 0.13635315502010112 0.11006820947405752
0.10664292856497994 0.07876157470817358 0.2572290634460529 0.1266668127506172 0.10015768429699366 0.07531776128790917 0.14122404346971798 0.11400013147555549
0.10331501864746655 0.07676922549346808 0.27705255211480206 0.12653945567804128 0.0916186759097254 0.06973751220820457 0.141082049838055 0.11388551011023716
0.10198636171863626 0.07601639842830975 0.2847989866139527 0.12585381932304696 0.08933905779478783 0.06841932226139584 0.14031761646912846 0.11326843739074226
0.08055831937901395 0.13177281654239742 0.1428381228776216 0.13656511395837512 0.09387121187794334 0.1578895056689179 0.09262677294568052 0.1638781367500501
0.13219935941151295 0.11670249293390766 0.18988437258537838 0.1076712979979337 0.1227708761587808 0.11382197061814256 0.12004546209620368 0.09690416819814031
0.08454823503498016 0.14106901246120573 0.11891902543190089 0.13332384707370817 0.09938131305712389 0.1723416020026381 0.09042834844999338 0.15998861648844978
0.10252958831277373 0.09133251616554278 0.22181253222321565 0.13226270723682873 0.0955301138042737 0.09003305752644183 0.1474630482177777 0.11903643651314584
0.10375332184626107 0.08002266897956407 0.2637635034142461 0.1284713647189787 0.09189243040605347 0.07323649814143204 0.1432359842463837 0.11562422824708082
0.10257850215829542 0.07694899993287166 0.2798242237640086 0.12652628087657164 0.08982995634981102 0.06935102321191676 0.14106736091761046 0.11387365278891445
0.08068557359534434 0.13208511101005077 0.14169844566502143 0.13662093576849058 0.09400258343726717 0.15829759290648696 0.09266463469515013 0.16394512292218866
0.10108294250775876 0.08926141411012062 0.23168079689726132 0.13168674608968195 0.09387356430835239 0.08707557008522704 0.14682089452088418 0.11851807148071374
0.10309644081346013 0.07941934989002844 0.2676318274896968 0.12805802369379618 0.09126055039043762 0.07250644654851378 0.14277513984965037 0.11525222132441658
0.10229508797188755 0.07674600943707065 0.28129991160663737 0.1263511230771688 0.08958239735149102 0.06913738674353867 0.14087207304275387 0.11371601076945195
0.09237580306762035 0.1512496325033695 0.16273064869320414 0.15650930710129726 0.08072158951954911 0.13593903867661056 0.07961560404718165 0.1408583763911675
0.10295078290294934 0.09184019706574922 0.23976402499739186 0.13031920631912824 0.09013150602889028 0.0824108072667519 0.1452961897319236 0.11728728568721543
0.10322331569670859 0.07961885233946704 0.2706862039787127 0.12762846873159212 0.09019232621495397 0.0714889930569994 0.14229621812313328 0.1148656218584329
0.1192580751450604 0.08948374695497545 0.2059651118282712 0.09202758471534893 0.13885969184650884 0.10716750221486798 0.13680518563654856 0.11043310165841871
0.08261215116400451 0.13379626349010001 0.12319568608214544 0.13420058461063594 0.10345997070599931 0.17067163720018128 0.09102300521417046 0.16104070153276312
0.10196185527179968 0.08994446928827339 0.22367582443090303 0.13215641719511112 0.09633166703662015 0.08964444854833736 0.1473445427533552 0.1189407754756
0.0805142177178104 0.13587056303204292 0.12852351096661552 0.13673783937892053 0.09537894295120089 0.16614559285908959 0.09274392583961566 0.1640854072547046
0.10145296569422733 0.09029706598558711 0.2262201763455468 0.13222947599588308 0.09455602702458052 0.08881176269381376 0.14742599786406668 0.11900652839629479
0.1368520025664126 0.1055729426879702 0.21969619979861243 0.10616765699030624 0.12123124206622875 0.09656005001447963 0.11836901458471456 0.09555089129127561
0.11037909423157137 0.08124136818567569 0.26011937673674235 0.12571512476708432 0.09600136770272552 0.07323707369625494 0.14016298238957012 0.11314361229037588
0.08204287861191417 0.13321846989365882 0.13704315911552553 0.13646089114829027 0.095272296458585 0.15965315270219418 0.09255608269188384 0.16375306937794834
0.1015344012319612 0.08957181142667753 0.22971027366133417 0.1318432650281555 0.09426462597795497 0.08742128269181221 0.1469954014567644 0.11865893852533994
0.1032662811157886 0.07952242735251064 0.26686068905766475 0.1281424979304 0.09139990298308173 0.07261063110377819 0.14286932231941613 0.11532824813736
0.08083804255346641 0.13290418969945308 0.13870058363739637 0.13672561726476234 0.09438371090905001 0.15964147916031815 0.09273563605783881 0.1640707407177148
0.10121538539628279 0.08949025081588159 0.23044501256896316 0.1318147534434136 0.09404501207081684 0.08739269443806262 0.14696361316750736 0.11863327809907222
0.0803878699325759 0.1357525010508634 0.1301000650134482 0.13674307307615113 0.09488795077386387 0.16528937681006575 0.09274747565165034 0.16409168769138133
0.10137609409450002 0.09023492649146236 0.226882370818403 0.13216928989776885 0.0944057194423451 0.08862034349135957 0.14735889485616913 0.11895236090799197
0.10333233972736722 0.07971761625182165 0.26577785200467086 0.1282822108078683 0.09152173949735018 0.07288916023238115 0.14302509175145917 0.1154539897270815
0.10241437089728916 0.07684638121962266 0.2805965397831133 0.126438280067948 0.08969401763392204 0.06924671175373218 0.14096924658321963 0.11379445206115318
0.10167899205144772 0.07595592017740396 0.28617932540714475 0.12572952036216553 0.08885042857383328 0.06827021269826807 0.14017903240378757 0.11315656832594899
0.10131525805126923 0.07565633480591351 0.28828009862933834 0.12546648681734066 0.08850382969039705 0.06797238423945781 0.1398857696306768 0.11291983813560659
0.1011592804990528 0.0755504887473071 0.2890712851712278 0.12536888152814987 0.0883682919450385 0.06787283171668307 0.13977694701720592 0.11283199337533491
0.11831765090726858 0.0883751024447716 0.21166388637854325 0.09167639282422319 0.13781425342448936 0.10585792732876112 0.13628311530287507 0.11001167138906782
0.08243782491498822 0.13346165994781012 0.12451186229096933 0.13417956974295028 0.10322922482421668 0.17015562293578493 0.09100875165174017 0.1610154836915403
0.10187915064922763 0.08984946544553815 0.22422831151256056 0.13210330092526326 0.09624321186567923 0.08951826669261867 0.1472853220763756 0.11889297083273694
0.10351907641441208 0.07970338172622872 0.2647062049502391 0.128364279028854 0.09197176810276755 0.07309084695816581 0.14311659169336408 0.1155278511259686
0.13630420326999163 0.10222937451884781 0.23288609864973053 0.10513121537553717 0.11944971841377099 0.09216783640350214 0.11721345953063621 0.09461809383798346
0.08557843587809545 0.13721123467427088 0.12925603073335068 0.13362201745982924 0.09896106660962058 0.16439420793767567 0.09063058575536245 0.16034642095179505
0.1160869370318984 0.10237699541400568 0.16013518261397164 0.09336967411707324 0.14372422080886005 0.1334630894011583 0.1388002916725447 0.1120436089404879
0.12235818708242806 0.09365986414635122 0.16802463833644546 0.09138905751842043 0.15591116855761974 0.12313424326447107 0.13585597207215933 0.1096668690221045
0.10884578508249729 0.08061248249826944 0.23968022218551246 0.12816810844084003 0.10523138295135219 0.07921284511744776 0.14289787612732463 0.11535129759675604
0.0818050952887993 0.13312909810908577 0.13234565731599132 0.13662712731628002 0.09736812387025917 0.16210351114031063 0.09266883417973776 0.163952552779536
0.07557307258840626 0.14617640127299306 0.1058597247903431 0.13450572924612625 0.09405573286215975 0.19119249126463886 0.09122997287998127 0.16140687509535148
0.11372578469239919 0.10453352671933179 0.1526022378415388 0.09371461334750303 0.14259012073013086 0.14106311364595372 0.13931306700613882 0.11245753601700365
0.10752528322681933 0.08312705286125237 0.23385192216686615 0.12919756964043322 0.10305444639024082 0.08292026449858986 0.14404564853940838 0.11627781267638988
0.12082919557597666 0.0904936615527064 0.19403564128045095 0.09237682785015172 0.14353411948053602 0.11055400182693496 0.13732435901306136 0.11085219342018206
0.0828802662709162 0.1340657905294693 0.12041692450073453 0.13418571321375813 0.10446334652366407 0.1719521845773556 0.09101291852759248 0.16102285585650974
0.10210809290060605 0.09006402652892238 0.22249997854982242 0.13226114840803813 0.09662810571120807 0.08994230409416196 0.1474613102400067 0.11903503356723431
0.10363104944115752 0.07978565976654961 0.26403139385066293 0.1284416628785487 0.09210513555716332 0.07320473300436467 0.1432028689108595 0.11559749659069382
0.10254038648087438 0.0769010885857553 0.2799254356122192 0.12651321200989116 0.08986619143416513 0.06933900496164236 0.14105279010655028 0.11386189080890205
0.1188734703509073 0.088786280611563 0.20881659297537294 0.09184482192852614 0.1385172170943951 0.10641433424618034 0.13653349647882393 0.11021378631423136
0.12243199575511297 0.09040688589603399 0.18371212719832325 0.09081496614916951 0.15334929208651854 0.11530422684244597 0.1350025466933923 0.10897795937900338
0.12342331169382198 0.09073707307711985 0.17520126665187213 0.09079604147611128 0.1582414603831534 0.1176711830507568 0.1349744138958311 0.10895524977133351
0.12373618709310476 0.09083399597070246 0.17235435980680525 0.09082658392768296 0.15989946798306395 0.11833768720396984 0.13501981730145107 0.10899190071321954
0.1424689659330463 0.10453609653541697 0.19719117842614203 0.10450619790969978 0.13845377579348245 0.10227159558416057 0.11651661169932198 0.09405557811872979
0.11228412663694518 0.08146244380990218 0.250736358534555 0.1262826829289019 0.10019168707897559 0.07459251898979831 0.14079576738491004 0.11365441463601172
0.10477978355166208 0.07733784327504757 0.2744142319586013 0.12670485484455987 0.09175281774423005 0.06970964170029327 0.14126645756550182 0.11403436936010389
0.08110284327551452 0.1322208334295735 0.14046538462525515 0.13664725643029485 0.09444183040368855 0.15846265714920638 0.09268248697011304 0.1639767077163538
0.13242014115836895 0.11684835745991697 0.1890130584897862 0.1077128679093664 0.12297815438629225 0.11399403003262046 0.12009180944521895 0.09694158111842975
0.08458855083480736 0.14111199785098597 0.11871835815378061 0.13332553832300922 0.09942686816294614 0.1724085451286447 0.09042949555821496 0.15999064598761106
0.10254538572210427 0.09134549305087615 0.22172759092228758 0.132270492169543 0.09554571706177091 0.09005015028404052 0.147471727836789 0.11904344295258872
0.10375988110862742 0.08002712312181863 0.26373025631510993 0.12847514266058493 0.09189831320651076 0.07324145882348325 0.1432401963693387 0.11562762839452644
0.10258115107333948 0.07695061935003822 0.279811514808848 0.12652778722457028 0.0898322277961587 0.06935265086171714 0.14106904038321494 0.11387500850211327
0.10174397546145401 0.07599375317102196 0.28588154333217947 0.1257650049507612 0.08890246543494437 0.06830615812198582 0.14021859507196807 0.1131885044556851
0.10134031228614415 0.0756704107086615 0.2881675107958263 0.12548003798056553 0.08852349707146949 0.06798531880843232 0.1399008781663917 0.11293203418250898
0.10116885985917301 0.07555576926781317 0.2890287583844672 0.1253740074930736 0.08837572349398827 0.06787761267215724 0.13978266208556114 0.11283660674376624
0.1183210587760104 0.08837678869523738 0.21165060852677006 0.09167714460913914 0.13781763724838555 0.10585995573184466 0.13628423288164568 0.11001257353096698
0.12223958043529966 0.09029265548734035 0.18462140108759675 0.09077803321238558 0.15306920438219845 0.11511784213802381 0.1349476434022926 0.10893363985486268
0.12335969103379153 0.09070570658509698 0.17549683124624615 0.0907865303862865 0.15813588381712446 0.11761124544590856 0.134960275022002 0.10894383646354379
0.08317758548260548 0.1338370329289735 0.11594382610742873 0.13383498234646024 0.1074790726621963 0.1743504901520277 0.09077503150455564 0.16060197881575225
0.13325979531524493 0.1174077231908549 0.17958787462153764 0.10779793087957458 0.12688278705678147 0.1178591028353713 0.12018664830901821 0.09701813779161711
0.0846972371688289 0.1412019375844623 0.11649283580098506 0.1332585999356194 0.10023315635594529 0.17382181936203903 0.09038409386937664 0.15991031992274324
0.10263533611192165 0.09141855514658925 0.22078010350500854 0.1323505002777847 0.09578199059607984 0.09035713320588575 0.14756093090672412 0.11911545025000622
0.12001686011556623 0.09256167039918205 0.19029221597691082 0.09286080567697948 0.14177762447455078 0.11301403198582126 0.13804382455861425 0.11143296681237536
0.10771177519175186 0.08000538471409621 0.24903356336693727 0.1275616065261532 0.10162390099545143 0.07703665157828657 0.1422216717537857 0.11480544587353786
0.10384675764163749 0.07719714990057207 0.27391079311543104 0.12691611092079297 0.09217845032917359 0.07022424593855633 0.1415019923251229 0.11422449982871366
0.10221714840105414 0.0761712880040011 0.2836080724890946 0.12599887248417138 0.08955093802404762 0.06857535544295755 0.14047933991891942 0.11339898523575424
0.10152376439655082 0.0757568276818844 0.2873029924751979 0.12557899849124549 0.08872385283189956 0.06808125373041403 0.14001121175068712 0.11302109864212094
0.10123998439301064 0.07559232991391344 0.28870149080113255 0.12541272652894803 0.08844274556631458 0.06791343799954662 0.13982583092108086 0.11287145387605324
