0.125 0.125 0.125 0.125 0.125 0.125 0.125 0.125
0.5924447701601664 0.12716741790840524 0.03098760972625545 0.0061106153564007455 0.19035648266057878 0.04250638105296255 0.008660990338870923 0.0017657327963599694
0.6549330870326433 0.1471038476126116 0.05174690961718743 0.01126157098545193 0.10177392831461182 0.023665497711703967 0.007771029559736595 0.0017441291660531262
0.6587239669313604 0.12466081217044932 0.06336195738542548 0.011505571433976508 0.1089724104829975 0.02116968741694934 0.009795691040926232 0.0018099031379153916
0.49698355621314394 0.1966660862937562 0.02182143129064137 0.008307204416286596 0.1887993984294901 0.07668646816504274 0.00773791905234764 0.0029979361392915393
0.6269979821716315 0.14952792739767612 0.068408842252354 0.015686275920837014 0.1011714697083177 0.025070743575551526 0.010615620035273334 0.002521138938358888
0.6817796800062592 0.12920076163519573 0.039591540995834944 0.007181410940902297 0.11299650137803986 0.0220072493690718 0.006113332915807146 0.0011295227588888179
0.6427648789995317 0.12071412854880662 0.037042582033290306 0.006700949063559597 0.15343496412958274 0.02955833827662149 0.008264037855782778 0.001520121092824709
0.540746452114724 0.21610797065841889 0.030539193125735768 0.011728011028965658 0.1354012663584541 0.05567786551714496 0.007042576385309742 0.002756664811247017
0.5378929893458688 0.22764710476595099 0.02142739195501912 0.008565993100339384 0.1381170046597827 0.060358187196844645 0.005009471880256603 9.818570959378577E-4
0.5362455544582153 0.2286073727855088 0.021040531374289205 0.008464441186605347 0.13867690258230592 0.06104291718964895 0.004946900418010378 9.753800054160286E-4
0.5290052480495672 0.22571531405779008 0.027632593980126664 0.011123638087149716 0.13699067318520056 0.06035653643413604 0.006502930999353017 0.002673065206676677
0.536147246789422 0.2285039467458648 0.02112478062037438 0.008489917904346962 0.13871795193113629 0.061073723355952805 0.004964056721177948 9.783759317247584E-4
0.529001461754304 0.22570787084383345 0.02763383337706697 0.011123705143114641 0.13699770066932662 0.060358943909258236 0.00650333247317913 0.0026731518299169645
0.5361465615458179 0.22850336963817233 0.021124732190045726 0.008489884900671178 0.1387188980045191 0.06107410516319896 0.0049640709550988465 9.783776024759935E-4
0.5290013341584264 0.22570782983521484 0.027633812431449183 0.011123696683608455 0.1369978322613564 0.060359009616844705 0.006503332896799316 0.002673152116300811
0.5291273638512053 0.225511824999328 0.027797554957941444 0.01117164679548738 0.13690282431904988 0.060274540569370476 0.006532108987780273 0.0026821355198368728
0.5291635232070375 0.22549475861114077 0.02780782939539771 0.011174349450813576 0.13688535818427955 0.06025835644691081 0.006533465590624185 0.0026823591137957706
0.5361913780850783 0.22848534944785076 0.021133622224288655 0.008492255248710511 0.138698424834884 0.061055267077387704 0.0049652326983315705 9.784703834684967E-4
0.529008054059828 0.22570604346156417 0.027635262694257264 0.011124110956561559 0.13699393705387655 0.060355931613497296 0.006503488302533039 0.0026731718578819432
0.5291284391757026 0.22551162522067042 0.027797782011633056 0.011171714641718183 0.13690213230097859 0.06027403818867592 0.006532130387715129 0.002682138072906218
0.52916369842708 0.22549473362165165 0.027807865774900457 0.011174360577581647 0.13688523953755943 0.06025827386448799 0.0065334687352977495 0.002682359461441108
0.5291693965907792 0.2254930814040661 0.027809145143164245 0.011174721718624646 0.13688199784693394 0.060255668204140224 0.006533610575312555 0.002682378516979094
0.5361923717870424 0.2284851795002504 0.021133775960411976 0.00849230110114116 0.13869782655111282 0.06105482615432301 0.004965247644068915 9.784713016493564E-4
0.5290082067013568 0.22570602206579832 0.02763529366070541 0.011124120448299666 0.13699383421914677 0.06035585980672962 0.006503490959036516 0.0026731721389269855
0.5361476974459077 0.2285031806122313 0.02112490715134694 0.008489937235170428 0.1387182105612868 0.061073600531549276 0.004964087829900255 9.783786326072908E-4
0.47633766686620116 0.2032378505994296 0.018662105460103547 0.007512229375398298 0.19737462526225896 0.08695999597009997 0.007027088896761918 0.0028884375697466108
0.6438601362802785 0.15537940001860193 0.04849451526126925 0.01123925860144998 0.10519616578432094 0.026392161902480882 0.007610280977444493 0.001828081174153857
0.6578645485840074 0.12525406051173113 0.06273093962684098 0.011439838769701248 0.1096951687642823 0.021455926518052185 0.009749588035361429 0.001809929190023392
0.49676459825728275 0.19669198214786796 0.02178872905105967 0.008298239886177668 0.18893427548520844 0.0767923412389734 0.007732559959365021 0.0029972739740651644
0.6269785323756207 0.14953994549516858 0.06839945090588337 0.015685681740219535 0.10118292866656366 0.02507653990858228 0.010615531286401178 0.002521389621560766
0.5449831663910706 0.21857832392258592 0.03164705243422623 0.012149049200539398 0.1295116231873801 0.05338425959169206 0.007006656125207988 0.0027398691472977988
0.538798780053859 0.22783566982015035 0.021550686233095074 0.008611101894314355 0.1372888047630892 0.05992233792141318 0.00501114855527352 9.814707588053882E-4
0.5364044974252339 0.22861824071388825 0.021062348515223265 0.008471911690720816 0.13855119695580578 0.0609684828066317 0.0049479302023880825 9.753916901078788E-4
0.5290309164406745 0.22571497090642106 0.02763753438918382 0.011125263800279065 0.13697084698416945 0.06034415397384845 0.0065032305176549975 0.0026730829877686145
0.628467434083525 0.12655818327332446 0.03301714670997576 0.006269745790879834 0.16259892373352333 0.033824899092280786 0.007758443618110995 0.0015052236983797774
0.4862493945190615 0.19558460943869843 0.02035206966149053 0.00785069810382918 0.1975546088378413 0.08184143486241069 0.007583618552438094 0.0029835660242303616
0.626080476973617 0.15001089126008635 0.06795998056904937 0.01564859684072778 0.10179669402027859 0.025351699152930403 0.01061832510155316 0.0025333360817574374
0.6579841951718869 0.12475313388879687 0.06362588147860691 0.011545062014504443 0.10916874058523965 0.02127404145083161 0.009831670360435679 0.0018172750496979115
0.5549657945968879 0.2196333325603621 0.024365712454941936 0.009275970685431479 0.1318077102669957 0.05354617439739271 0.00540085648860803 0.0010044485493800762
0.5316784135178007 0.2248545919462789 0.028215023099847816 0.011284981689919794 0.13556589676611658 0.05914833467302756 0.00657072652688787 0.00268203178012087
0.5295500199956461 0.22542064119600314 0.027887766885214788 0.011198181200609494 0.13664077853796103 0.06007826065947378 0.006541095487744837 0.002683256037346816
0.5362573308332232 0.2284771089071334 0.02114359816111095 0.00849531046177239 0.13865634339108124 0.06102566888416263 0.0049661181719061085 9.785211896101256E-4
0.5290182858631007 0.22570486815328653 0.027637317073890402 0.01112474957794393 0.13698684272052944 0.060351093493753435 0.006503654729882523 0.002673188387613158
0.5291301217537286 0.22551144663223743 0.02779812548537007 0.011171821822763526 0.1369009462617714 0.060273239481733194 0.006532157726851165 0.0026821408355445437
0.5361856787645836 0.2284868906957318 0.021132688288786984 0.008491991941867992 0.13870142808306365 0.06105773256784462 0.004965126476798902 9.784631813225923E-4
0.5290071960572271 0.22570621160410667 0.02763508453848434 0.011124058012680817 0.13699447810645538 0.06035633060558742 0.00650347121979511 0.00267316985566333
0.5361475248382217 0.22850320177018313 0.02112488106288365 0.008489929236129425 0.1387183210360789 0.0610736780272441 0.004964085527879363 9.78378501379669E-4
0.4763376339775606 0.20323784959954969 0.018662101485706257 0.007512228107642486 0.19737464843438238 0.0869600126266161 0.0070270882983432805 0.002888437470199247
0.6251017668688778 0.15085254310128907 0.06750679786210564 0.015645611977519142 0.102131358756279 0.02562324756351448 0.010593893085924889 0.0025447807844901694
0.6578987724829407 0.12481532954435874 0.06355860842196619 0.011538121224382929 0.10924202908126288 0.021303201681195108 0.009826680872428446 0.0018172566914649536
0.546853820886386 0.2164357876034653 0.032009224382367446 0.012186372704425703 0.12989636588478734 0.05277332775296205 0.007095689456952328 0.002749411328653992
0.5318535652199201 0.22461889734414636 0.028408114848273724 0.011340496229880396 0.13544359900268682 0.059039903098119614 0.006603552507838987 0.0026918717491339517
0.5295959023336824 0.22539995999187012 0.02790047260447212 0.01120154106179909 0.13661816283586806 0.06005769845804419 0.006542741736245319 0.0026835209780189605
0.5292393926931291 0.22548185499606058 0.027823786214960424 0.011179157056764952 0.136835561747261 0.0602227941720643 0.006534924122254136 0.00268252899750544
0.5362044421276744 0.22848387221770367 0.021135592723138412 0.008492862472603361 0.13868995862343186 0.0610493890787065 0.004965402849086881 9.784799076550256E-4
0.5359922916352731 0.2286848295100957 0.021000316950080773 0.008453296942190828 0.1388006298638709 0.06115157177859911 0.004942018710461171 9.750446094282434E-4
0.47629815404724857 0.20324814794483495 0.018655609023833994 0.007510484252504523 0.19739380829388198 0.08697994420969678 0.007025667656668731 0.0028881845713304073
0.6438560036215254 0.15538185477773844 0.048493226643024995 0.01123918792712274 0.1051981094088528 0.026393252947625095 0.007610251525117968 0.0018281131489927165
0.641434802039698 0.12212617452779043 0.03669844141891087 0.0066924690796773935 0.1533560134773745 0.02999588072224268 0.008178033020221022 0.00151818571408509
0.5482941729053098 0.21932351360002214 0.023198385552540536 0.008914376560477544 0.13736870250980207 0.05654316631430517 0.005351547983858642 0.001006134573684313
0.5305774248540199 0.22487246162786131 0.02799928070011351 0.011214746204848624 0.13641990416668584 0.059676608667403 0.006558080945371465 0.0026814928336964675
0.5363979100302648 0.22842572902090838 0.02116559314327062 0.008501203565076228 0.13859562063212458 0.060966163640720925 0.004969051099457025 9.787288681771054E-4
0.5360224579816018 0.22867902389874598 0.021004894154583675 0.008454648470693354 0.13878315740224675 0.06113826129119682 0.004942483439583338 9.750733613485337E-4
0.5289722895335157 0.22572283559864253 0.02762568860392795 0.01112161971207024 0.13701059331397988 0.06037176807717255 0.006502226961390601 0.0026729781993005733
0.5361416634223475 0.22850474807001714 0.02112392968720836 0.008489659993739082 0.13872143133780365 0.06107621803370618 0.004963978174035456 9.78371281142834E-4
0.4763365657035573 0.20323788594347778 0.01866196721958985 0.007512187003109196 0.19737534046922045 0.08696055462154392 0.007027065425068921 0.002888433614432529
0.6251016734601903 0.1508525982725526 0.0675067529660004 0.015645608800189295 0.10213141595311258 0.02562327575558048 0.010593892807026883 0.0025447819853473153
0.6578987629099046 0.12481533424172753 0.06355860174099238 0.011538120446915946 0.1092420386067632 0.021303204820910204 0.009826680527854792 0.0018172567049315343
0.5468538188740475 0.2164357880195849 0.032009223900699046 0.012186372571136223 0.1298963672336572 0.052773328653894995 0.007095689419724944 0.002749411327255404
0.47974724138979297 0.20261271805287723 0.019218703602587324 0.007672090775509459 0.1954784471021165 0.085209110440677 0.007147913573228671 0.002913775063211007
0.6254160866609075 0.1506490558195014 0.06765860763171597 0.0156544212434103 0.10195487989540314 0.025529933556931724 0.010596216200244028 0.00254079899188578
0.6419204546507042 0.12176184019799391 0.037220334429446694 0.006755909090852785 0.15277971329246065 0.029787268221112405 0.008249176925796482 0.0015253031916326275
0.48887153299971087 0.19547696589621072 0.020701447544453147 0.007952376972632501 0.19580829119819043 0.08056345064277716 0.007636026741202591 0.0029899080048227697
0.6263085982981695 0.14987663730783957 0.06807004573247977 0.01565632999273679 0.1016560979559096 0.02528304466281138 0.010618867618925016 0.002530378431128428
0.6580076181443754 0.1247416898987124 0.06364221487490718 0.011546963813584787 0.1091454004827801 0.021266364375356596 0.009832507091393385 0.0018172413188901212
0.5549710165979063 0.21963239340581978 0.024366618917054543 0.009276222657111454 0.13180441136811277 0.053543959047614754 0.005400927819056547 0.0010044501873240378
0.5316792223964565 0.2248544813565388 0.028215188411265656 0.011285032103028309 0.13556534677932774 0.05914795572935433 0.006570740166807626 0.002682033057221251
0.5295501525712262 0.22542062573053576 0.02788779408721387 0.011198189633965999 0.13664068612268482 0.060078197890694185 0.006541097699393752 0.0026832562642854067
0.5292320086449381 0.22548389751274334 0.027822140898436154 0.011178689376034993 0.13683983340793573 0.06022617978273089 0.006534745115267361 0.0026825052619135785
0.529180587068236 0.225491645329327 0.027811454930737785 0.011175433649859543 0.1368742965667239 0.06025037915416029 0.006533804067582816 0.0026823992333727445
0.5361943125373954 0.22848500013438147 0.02113406612980252 0.008492391565824623 0.13869653682141378 0.06105394870741966 0.004965271524014588 9.784725797480744E-4
0.5290085100400671 0.22570599260628685 0.02763535414214799 0.011124139434130624 0.13699361967957427 0.06035571586839042 0.006503495649568957 0.002673172579834032
0.5291285142098601 0.22551161738697353 0.027797797317912196 0.011171719422524295 0.1369020793083532 0.060274002558650834 0.006532131600861566 0.0026821381948645695
0.5361853989684953 0.22848691353469322 0.02113264665145172 0.008491978881001384 0.1387016164293724 0.06105785938823246 0.004965123139400155 9.784630073535372E-4
0.47634439218868035 0.20323712001817237 0.018662999175031583 0.007512490127589863 0.19737068883242398 0.08695658473742535 0.007027258625635894 0.0028884662950405685
0.6251023663776998 0.15085217129623563 0.06750708519690372 0.015645630342456654 0.10213100908740406 0.025623068260563528 0.01059389629197315 0.0025447731467636387
0.5446692980168393 0.21869546962243272 0.031571826091054085 0.012129935723144348 0.12967582052632798 0.05351951175505144 0.006998866136724222 0.0027392721284258325
0.5387464958682692 0.22784677815560803 0.02154243762580781 0.008608710769269728 0.13731864693227017 0.05994520820456769 0.005010303187107607 9.814192570998732E-4
0.5293935699591423 0.22563483545304358 0.027714866217778023 0.011147917268833489 0.13674757548025654 0.06017623853119561 0.006510964406840664 0.002674032682909801
0.476594436214616 0.20308987706522774 0.01878496563705466 0.007548692758022144 0.1972116099473449 0.08681092305747924 0.007060690444805433 0.0028988048754496607
0.6251337065420713 0.15082900203220465 0.06752346136384188 0.015646315335620956 0.102114864333699 0.025613955291594465 0.010594318086588216 0.0025443770143795483
0.5446746879515223 0.2186934002215068 0.03157313507231904 0.012130265767929414 0.12967302908213785 0.053517196681833856 0.006999002606423051 0.0027392826163278304
0.5315893847862414 0.22481932398179974 0.028341808680851045 0.011325830089745578 0.135493675413202 0.059148365799292175 0.0065916650781180555 0.00268994617074987
0.5295579426305269 0.22541846857964914 0.027891499373574054 0.011199243860811642 0.13663369136226394 0.060074370399131535 0.0065414599070119 0.002683323887030922
0.5292335644977151 0.22548367414969017 0.027822491559102987 0.011178794841887425 0.1368387431783601 0.060225449627608195 0.006534773970611153 0.0026825081750249235
0.5362034643669165 0.2284840541572727 0.021135440772482635 0.008492817501260607 0.13869053509320944 0.061049821535670123 0.004965387623643419 9.784789495446728E-4
0.628408626912967 0.126684338612651 0.03282825700531763 0.006243815031282329 0.16273294004849156 0.033876119812602856 0.007725501150040624 0.0015004014266469866
0.5385301763151576 0.2166385926267623 0.03004615335947088 0.011591306692320584 0.13677347969263554 0.05666810672969645 0.0069985297485315 0.0027536548354253473
0.6294874081972237 0.12599783148255173 0.03336815729406284 0.006307114598793406 0.16202496597543803 0.033491794281327335 0.007813989310500409 0.0015087388601024247
0.5387234253298218 0.2165753191191236 0.03009285557553777 0.011603759355804507 0.13666458361146003 0.056582391180154124 0.007003487431348518 0.0027541783967497983
0.4779913078175625 0.20246782531698265 0.019006589176459115 0.007602795822173261 0.19681025499408045 0.0860913570922724 0.007120402098509239 0.0029094676819604736
0.6252657062428811 0.15073036014909327 0.06758576462570982 0.01564845002674594 0.10205458580758159 0.025575971165201637 0.010596394146317405 0.0025427678364692485
0.6579142988340531 0.12480580813622988 0.0635701975565536 0.011539386081580462 0.10922764339033852 0.02129799961153589 0.009827418891469718 0.0018172474982386636
0.5549498042886772 0.21963785408891973 0.024362801867757557 0.009275201340285689 0.1318165200930185 0.05355280690765849 0.005400574433593812 0.0010044369800889183
0.5316759874888541 0.22485506480694523 0.028214515444013367 0.011284831690661582 0.13556743671635846 0.05914945800132173 0.006570679192948662 0.0026820266588971097
0.5295496267788143 0.22542069912118678 0.02788768517308388 0.011198156284373234 0.13664104330602153 0.060078445711733375 0.006541088373097988 0.0026832552516887994
0.5362572628864793 0.22847711582383481 0.02114358796294907 0.008495307299163942 0.13865638803482971 0.061025699536083076 0.00496611731392377 9.78521142736617E-4
0.5360009038492285 0.2286839974538474 0.021001579467029886 0.008453690192397964 0.1387949697427337 0.061147685942366546 0.004942123298091828 9.750500543043397E-4
0.5359486182342356 0.22870175434925097 0.02099214359138103 0.008451121932383192 0.13882053231516375 0.06116989364438694 0.004940969469943038 9.749664632555604E-4
0.5359403565710795 0.22870346586786863 0.02099086963218337 0.008450749893815942 0.13882524221766132 0.061173519442661375 0.004940838039653559 9.749583350763093E-4
0.5359390359773032 0.22870364938935264 0.02099067293049923 0.008450690086633975 0.13882606488709123 0.06117410928838417 0.004940820121287099 9.749573194484062E-4
0.4762886094756158 0.20324885824696776 0.0186543744337955 0.0075101161182824635 0.19739966481451346 0.08698478618099535 0.007025443920948488 0.0028881468088813138
0.6250972736462499 0.15085552137665859 0.06750464043017988 0.01564549560319914 0.10213380377053614 0.02562457316817969 0.010593854534807809 0.0025448374701887945
0.5784345448714646 0.2322535687636353 0.03352886773423331 0.012881861219932417 0.09604768399217768 0.03964071684066946 0.005183853674708957 0.0020289029031782713
0.5443292282645172 0.22889102663305358 0.02223844663735892 0.008862569846650424 0.13238966909291616 0.05729928588995407 0.005012408663940033 9.773649716097095E-4
0.5303115540458261 0.2256779097887232 0.027886697912980818 0.011206400323643808 0.13599559259382482 0.0597286942592506 0.006519040772693041 0.0026741103030576163
0.6286817225350411 0.12654262785914386 0.033066036638066724 0.0062770467469551285 0.16240052960128848 0.03376519601936726 0.0077615656001540825 0.001505274999983668
0.5385954467804954 0.216625224338701 0.030062314736020824 0.01159583951995356 0.13672907942184623 0.056638436025464284 0.006999898352532186 0.0027537608249864694
0.5375277107178303 0.22770005459344056 0.021371439599505476 0.008549130287653476 0.13834493704069548 0.060520757476051276 0.005004396728392987 9.815735564304416E-4
0.5361862080010102 0.22861360581776213 0.02103179871108201 0.008461735520797063 0.13871551553514455 0.06106963105340871 0.0049461641442847355 9.753412165104969E-4
0.4763320261982185 0.20324517645467255 0.018659987785391113 0.007511782524426356 0.19737350307544557 0.08696271623385514 0.007026483813261983 0.0028883239147289106
0.6438593867467228 0.1553800398779255 0.048494279337204654 0.01123926090065821 0.10519633979698532 0.02639234137397408 0.007610265381072793 0.0018280865854565925
0.5440523299887252 0.21922717253417234 0.031126978814173485 0.012013606581287455 0.1300731341158831 0.05384504867118019 0.006936450456337738 0.0027252788382405475
0.5386042693175496 0.22789317744881218 0.021516281965209105 0.008601566338433203 0.13739052555908937 0.06000578862103551 0.005007195024017117 9.8119572585381E-4
0.5293720923081375 0.22563963711062984 0.027710324759289855 0.011146590168465838 0.13676070659834913 0.06018616090911672 0.006510510119246395 0.002673978026764595
0.4765902145093674 0.20308991549183938 0.018784433000003688 0.0075485273201081554 0.19721445209574495 0.08681306396513018 0.00706060354684004 0.0028987900709662065
0.6251333383305522 0.15082921567066046 0.06752328398041528 0.01564630235865036 0.10211509381476384 0.025614066769081543 0.0105943173091704 0.0025443817667058317
0.6815498577421121 0.12929984876241837 0.0395073582486236 0.007171871113450172 0.11316563559681288 0.022067858112237174 0.006108025709502224 0.0011295447148434708
0.5540628511149944 0.22024657045630947 0.023943244211537183 0.009167451247447053 0.13229412503868673 0.0539447910989086 0.005342550406730692 9.984164253857158E-4
0.5386358367930068 0.22792361880821968 0.021414833091493543 0.008568956825389308 0.13747246097861096 0.060015401317374914 0.004990644186559036 9.782479993459047E-4
0.5363612943522178 0.228625604283575 0.02105464620605132 0.008469646387527834 0.13857869947677634 0.06098755805793847 0.004947205487311236 9.753457486019864E-4
0.4763671439079521 0.20324900369908425 0.018664015102766836 0.007513136828277706 0.1973463455898477 0.0869449657940653 0.007026983984239565 0.002888405093766833
0.6251040937213349 0.15085159390760242 0.0675079239070447 0.0156457391210115 0.10212952761615289 0.02562250560144142 0.010593866750537476 0.002544749374874728
0.544669619156928 0.2186954184140045 0.031571898085512765 0.012129956253224917 0.12967559825705646 0.053519366655087316 0.006998871028256089 0.0027392721499300836
0.6307310204549557 0.126038835324518 0.03362741147077636 0.006349484754297793 0.16076410481600384 0.03316009695929369 0.007821003689333347 0.0015080425308214888
0.546542686383792 0.21964539330116456 0.022918241801724464 0.008835256653207814 0.13843428666605634 0.05729086880828165 0.0053278536476092115 0.0010054127381639885
0.5303097319134292 0.22491066021762457 0.027944782142674925 0.011198139557499685 0.1366001412402138 0.05980202752894892 0.0065534777324132015 0.0026810396671956673
0.5363518218486478 0.22843032363378074 0.021158692030570737 0.008499061169087493 0.13862596942209438 0.060986959909440544 0.004968474272001094 9.78697714377219E-4
0.5290315304411212 0.22570033382721072 0.027640197966028693 0.01112554285066955 0.13698004036244257 0.060345111289456944 0.006504005877705353 0.0026732373853652204
0.6284668545098109 0.12655743644520462 0.033017232337179646 0.006269733264479831 0.16260002924425654 0.03382498327695265 0.007758502115342775 0.001505228806773161
0.5461670486874727 0.2196853133254117 0.022859931877275082 0.008818090781436657 0.1386864587818619 0.057453974380106666 0.005323817672803399 0.0010053644936321526
0.5302513351686441 0.22491647509488197 0.027933094691725162 0.011194493037545553 0.13664142822054587 0.05982962207488672 0.006552587801566261 0.0026809639102043903
0.529311754005466 0.2254370268703384 0.02783983562938191 0.011182927989872754 0.13681572864592675 0.06019212707254468 0.006537645047715839 0.002682954738753537
0.5291922997301849 0.22548715607551256 0.027814103008000253 0.011176148830594937 0.13686858285559506 0.060245116984607355 0.0065341434556233985 0.0026824490598817592
0.5361962481723562 0.22848456509433376 0.021134371394942324 0.008492480049640887 0.1386954559893953 0.061053100276990326 0.004965304284359021 9.784747379820962E-4
0.6284075024837652 0.12668443771650809 0.03282800142274379 0.006243777351369308 0.162733961855103 0.03387643430491229 0.007725483766791153 0.0015004010988070872
0.5385300012926972 0.21663860015529243 0.030046117625241505 0.011591295745489035 0.13677361475011085 0.056668187465839855 0.006998527990212773 0.002753654975116326
0.5375162122365437 0.2277014550385635 0.021369676169719094 0.008548593082778323 0.13835235373600113 0.06052589885118566 0.00500424534350863 9.81565541699823E-4
0.5291917421727762 0.22563233951502593 0.027676324115681248 0.011135063954937059 0.1369076995086409 0.06027403602956452 0.006508849466300173 0.002673945237073825
0.536177783340029 0.2284960908243375 0.021129664956964955 0.00849130815254666 0.13870168314566822 0.061060448809336636 0.004964607591036585 9.784131800804215E-4
0.5359880408253791 0.22868594848564539 0.020999637458633633 0.008453105014037532 0.1388028770453808 0.0611534088633937 0.004941942631582048 9.750396759478058E-4
0.5359465365681445 0.22870198171757075 0.020991837132283222 0.008451027162567182 0.13882187900661574 0.0611708300165728 0.004940943330271392 9.749650659743823E-4
0.5289608779450055 0.2257252639497216 0.027623296819884825 0.011120915858024093 0.13701764950771403 0.06037705486427936 0.006501991074047608 0.0026729499813231963
0.5361397226464525 0.2285050105735658 0.02112363474664306 0.008489570208930763 0.13872265392513664 0.06107708673656737 0.00496395143916596 9.783697235380608E-4
0.5359819743056508 0.2286868792596725 0.020998727691869626 0.008452830659501755 0.13880658679335167 0.061156109377966575 0.004941857208258103 9.750347037289136E-4
0.5289661271864063 0.22572378388429187 0.027624433883520035 0.011121237862388817 0.1370146758748612 0.06037465926511479 0.006502115971140067 0.00267296607227696
0.5361406048668892 0.22850486004293935 0.02112377083789463 0.008489610823048803 0.13872212302850181 0.06107669519164504 0.004963964672894278 9.783705361868548E-4
0.529000434259178 0.22570799594981097 0.027633626505355748 0.011123641079736261 0.13699840756778395 0.060359429090833784 0.006503315441193236 0.0026731501061082
0.536146383947003 0.22850338557552288 0.021124705713077892 0.00848987663098636 0.13871901634151074 0.0610741855154772 0.004964068789141118 9.78377487280864E-4
0.4763374192683603 0.20323784674999695 0.018662075268465767 0.007512219836220476 0.19737479645655603 0.0869601214259969 0.007027084207713379 0.0028884367866901994
0.6251017482620321 0.15085255372674597 0.06750678889793815 0.015645611302902894 0.10213137051288178 0.025623253212281552 0.010593893059979338 0.0025447810252380077
0.6578987705556759 0.12481533046206864 0.06355860708755395 0.01153812106787106 0.10924203101505701 0.021303202311709287 0.009826680805697822 0.0018172566943664228
0.5549462942137808 0.21963865627749476 0.02436217833645411 0.009275032153105597 0.1318186036766177 0.05355428027303808 0.0054005198703851376 0.001004435199123896
0.5316754490360501 0.2248551530772496 0.028214404167184248 0.011284798255934744 0.13556779145964118 0.05914970888261858 0.006570669446429429 0.0026820256748922872
0.5365917744815344 0.2284184768537155 0.021193899221891736 0.00851030231995436 0.1384582306594754 0.06087744330158901 0.00497105531490422 9.788178469353934E-4
0.5290693862984405 0.2256975299629271 0.027647675518944148 0.011127920350514287 0.13695258521373166 0.06032706656012333 0.006504551669242351 0.002673284426076727
0.5361582362623862 0.22850214502382055 0.02112648369698528 0.008490427313329156 0.13871126075923065 0.061068841669555514 0.004964219494779309 9.783857799133444E-4
0.5290031534409209 0.22570764076624572 0.02763417611926991 0.011123810424348122 0.1369965552912558 0.0603581474950404 0.006503361588557114 0.002673154874362027
0.6284625089723652 0.126558110305918 0.0330161522524925 0.006269583047654664 0.16260378114099422 0.033826230362907724 0.007758408599149905 0.0015052253185176816
0.5461663316346143 0.21968535987586518 0.022859822814023146 0.008818057961175907 0.1386869638275712 0.057454288232571815 0.005323811127837817 0.0010053645263407628
0.5373092379247261 0.22791027969039418 0.02122866087156857 0.008507619334754676 0.13846030384514482 0.06062605030078556 0.0049798542869220795 9.779937457039022E-4
0.5361393556058163 0.2286313992602546 0.021023062061289725 0.008459403526502879 0.13873714983791716 0.061089317345888905 0.00494505331333599 9.752590489946376E-4
0.5289890478769282 0.22571806017613963 0.027629259292715157 0.011122633213784752 0.13700123138552894 0.060364108797609575 0.006502627836051087 0.0026730314212426044
0.5291254155861338 0.22551274731452917 0.02779707755107955 0.011171524102019425 0.13690366942922835 0.06027539614824333 0.006532044005666173 0.002682125863100139
0.6284929429612071 0.12654622484021752 0.03302758326618541 0.006270960746140701 0.16258043661966798 0.03381667039728267 0.007759859475586371 0.0015053216937123144
0.4862546605037297 0.19558417782202386 0.020352803529936955 0.007850906577304669 0.1975512711246741 0.08183886011114523 0.007583738459307064 0.002983581871878295
0.6260809401499098 0.15001061091725806 0.06796020387776844 0.015648611685193124 0.10179641600057476 0.025351560434645284 0.010618326827018439 0.0025333301076320073
0.657984242322381 0.12475311026506526 0.06362591458598407 0.011545065843607765 0.10916869393384049 0.021274025963266205 0.00983167210011189 0.0018172749857433953
0.5549658051228853 0.21963333061539747 0.02436571428640348 0.00927597119327087 0.13180770365806865 0.053546169936690514 0.005400856634396023 0.0010044485528878302
0.5388091137135608 0.22787026861940554 0.02144507563638335 0.008577249231973354 0.13738406151264254 0.05994161219255361 0.004994138256964948 9.784808365159861E-4
0.5293868327722183 0.22563602372253957 0.02771192719596054 0.011147075110057221 0.13675391869490425 0.06017950632342239 0.006510719690114965 0.0026739964907826776
0.6285227003407848 0.12655037648791587 0.033030691864356566 0.006271651331259808 0.16255063251873367 0.03380911614113983 0.007759568474748206 0.0015052628410610427
0.5385706141028789 0.21662570155783076 0.030057294388018217 0.011594283033966056 0.13674870904352615 0.056649931364493 0.006999678989939484 0.0027537875193474936
0.5375233353376723 0.22770020653390444 0.021370799847165358 0.008548925286686979 0.13834805398931802 0.060522754154741856 0.005004352984477403 9.815718660337697E-4
0.5361854805234931 0.22861364091143377 0.02103169409669169 0.008461702035498954 0.13871602214285317 0.061069962879569374 0.004946156531910149 9.753408785500305E-4
0.6283978997033149 0.12669139349705735 0.032822735524242176 0.006243215293963531 0.16273994550189816 0.03387976237042341 0.007724701930903298 0.001500346178197118
0.4862086514543272 0.195592093989526 0.02034499554189886 0.007848799477798596 0.19757840470578755 0.0818614357575253 0.007582269363909364 0.002983349709227431
0.6449582818151228 0.1545374702144738 0.0488258721784835 0.011242964416251161 0.10486891825778512 0.02611740842116608 0.007628925543428561 0.0018201591532892012
0.6415634393191413 0.12207584907097568 0.03673823502707636 0.006696798899276647 0.15326686786243957 0.029957915248234494 0.008182591618177205 0.0015183029546788022
0.5405966917564367 0.21623192158366245 0.030500288009600553 0.011719786125122393 0.13542224659194724 0.05573822507667315 0.007035340488176114 0.0027555003683814214
0.5307523755971504 0.22464540230070126 0.02818659957245203 0.011268876014015728 0.13629689727012811 0.05956855739763055 0.006590128677754815 0.0026911631701672586
0.5294104705593439 0.22541083863127984 0.027863253453188606 0.011189636238386222 0.13675587302578737 0.060146483592329235 0.006540140099851644 0.0026833043998332664
0.628535398673294 0.12653800346008334 0.03303859675453689 0.006272444805335414 0.16254495217189022 0.033804323500217025 0.0077609136866809165 0.0015053669479624591
0.5461787498681725 0.2196837589715621 0.02286178811136824 0.008818628960787991 0.13867882929364433 0.057448920618715746 0.005323956786815247 0.0010053673889338977
0.5302531467946453 0.22491626873528858 0.02793345964035169 0.011194605988853513 0.13664016728298772 0.05982876846203002 0.006552616598804098 0.0026809664970390734
0.4767319020013572 0.20304281239369043 0.01880577827775989 0.007554051847180512 0.19715953046379506 0.08674033307643271 0.007065865005899609 0.00289972693388464
0.6439109308641603 0.15534696787917537 0.04851119015487446 0.011240033990227678 0.10517346609769625 0.02637896062080281 0.007610758947808632 0.0018276914452543813
0.6578689239616176 0.12525157682579793 0.06273399543165956 0.011440178726670112 0.10969113281360786 0.02145449303154735 0.009749773810718157 0.001809925398381324
0.49676571939798003 0.19669189914632357 0.021788891904620005 0.008298285610751542 0.188933541985469 0.07679180048707847 0.007732584638077698 0.0029972768296996047
0.6269786310395774 0.1495398862973994 0.0683994986365088 0.015685684953960787 0.10118286878855319 0.0250765103494394 0.010615531592276366 0.002521388342284582
0.5449831834615158 0.21857831864593372 0.03164705645050376 0.012149050255897926 0.1295116133848885 0.05338425213215382 0.007006656499156375 0.0027398691699501952
0.6307773490045199 0.12602973217780664 0.033639484583725086 0.006351097323725471 0.160725432150592 0.033146680072385665 0.007822138501412737 0.0015080861858326718
0.5465503538627896 0.21964471997400398 0.02291942144086859 0.008835607210110818 0.13842902560792136 0.057287528484655605 0.005327930331647159 0.001005413088002924
0.5303109282981705 0.22491055316612948 0.027945020593473084 0.011198214367136068 0.1365992859616189 0.05980146110005112 0.006553495408364606 0.002681041105056414
0.5293215819647413 0.2254360671100245 0.027841835262219925 0.011183554556799789 0.13680873482027991 0.06018745585479387 0.006537800529819513 0.0026829699013213057
0.5291939277399765 0.22548699849611464 0.027814434587914164 0.011176252796574892 0.13686742276893518 0.06024434278829278 0.006534169231537306 0.0026824515906544617
0.5291742578601446 0.2254922055008769 0.027810170203832824 0.011175028998322775 0.13687884739594627 0.060253393905412754 0.0065337062565626585 0.002682389878900938
0.5361932071143883 0.22848508075389418 0.021133902210054633 0.008492339896284798 0.13869728867718897 0.06105445074853791 0.004965258673971393 9.784719256800572E-4
0.5290083365186076 0.22570600764191964 0.02763531969041758 0.011124128556228095 0.13699374382217103 0.06035579837819014 0.006503493048403374 0.0026731723440625325
0.4765179725579657 0.20308931176250652 0.018775421671633218 0.007545696880392743 0.19726418168037257 0.08684968673303951 0.007059180473060181 0.0028985482410293036
0.6251270586033492 0.15083281383784863 0.06752025629780588 0.015646075852355616 0.10211905257961862 0.025615972102743474 0.010594307721872448 0.002544463004406029
0.6815490361398092 0.12930014216025054 0.03950706967997959 0.007171836739614046 0.11316628619897232 0.02206807366349278 0.0061080103435072145 0.0011295450743742494
0.5460937276632772 0.2170788260140653 0.031465133952610254 0.012047454829300596 0.1303914516910011 0.05316897217128946 0.007020943773767289 0.0027334899046887796
0.531689410311487 0.2246777079405825 0.028366438607609963 0.011329163367197942 0.1355332716007082 0.05911413118236464 0.006598696331133885 0.002691180658915861
0.5295693454240432 0.225406039081388 0.027894699453831946 0.011199858847568927 0.13663446105610447 0.06006998894456011 0.006542159122958999 0.0026834480695444684
0.5362606233501481 0.2284758182246333 0.02114417208392245 0.008495462139049092 0.13865491451935308 0.06102428914101969 0.0049661938395566 9.78526702317609E-4
0.536001424390133 0.22868387408737195 0.021001660306985186 0.008453713434894634 0.13879468605413442 0.061147459003591524 0.004942132102656352 9.75050620232946E-4
0.5359487008489774 0.22870174150144684 0.020992155972628577 0.008451125662404815 0.13882048195973243 0.06116985688560545 0.004940970637778242 9.74966531426399E-4
0.5359403699154428 0.22870346437792888 0.02099087159737926 0.008450750500864839 0.13882523361331875 0.061173513442492396 0.004940838208400539 9.749583441724302E-4
0.6283643801554654 0.1266983832363066 0.03281415844111574 0.006242073749513506 0.16276730578459797 0.033889536285646275 0.007723852075629448 0.001500310271725263
0.5385230269288501 0.21663983664903774 0.030044582908180777 0.011590857330342404 0.13677829741615455 0.0566713403145954 0.006998408727940178 0.002753649724898691
0.47795230749817885 0.2024696949113146 0.019001514240984004 0.0076012633061892975 0.19683528559530655 0.08611108512547563 0.007119528175543138 0.002909321147007671
0.699209068364712 0.07690660943225244 0.07557696766255066 0.007984085808210124 0.11412642446325429 0.013049885673654296 0.01184956641091549 0.0012973921844506285
0.5516287095161749 0.21211167598938577 0.03326777024628355 0.01241907283660081 0.12948807017734934 0.05098562469542162 0.00732105866635419 0.0027780178724297754
0.6314621614159946 0.125636266316274 0.03387796907872202 0.0063758825659090065 0.16035434984326452 0.032922755251722315 0.007860200938322676 0.0015104145897904687
0.5466649802176632 0.21961035810702326 0.022938777597371382 0.008840783952514085 0.1383699744063889 0.05723957318029559 0.005330029801511902 0.0010055227372316154
0.47782064695206 0.20263908136826023 0.018886072100451037 0.007567826434910093 0.1969041879456298 0.08619748805932785 0.00708594213586905 0.0028987550034919414
0.6991950417139898 0.07691721535896377 0.07556476604783441 0.00798406766410695 0.1141388871696514 0.013053242662006836 0.011849228462024538 0.0012975509214220972
0.6860007250909443 0.12463741102459105 0.041370799087490986 0.007297336768790778 0.11231042313875067 0.020895118969436945 0.006349717585016074 0.0011384683349791125
0.49664700613869717 0.1968216287814316 0.021551409600004085 0.008233884562712282 0.18919669261671004 0.07688715708827244 0.007679337207892539 0.0029828840042798494
0.6459450731606091 0.15409373553591077 0.04913645602445669 0.011270576541887156 0.1042685399473327 0.025845691902790756 0.007627830936803722 0.0018120959502091344
0.6580428366841086 0.12515491414947785 0.06285372109847927 0.011453593150350017 0.1095304938120529 0.021397685806397945 0.009756983798214278 0.0018097715009190217
0.5467771843067019 0.21647089714646026 0.03198320091604286 0.012179843461721813 0.12993975258855667 0.05280727603708379 0.007092801217460646 0.0027490443259723892
0.5390147089881144 0.22765231327863347 0.021591252365637952 0.008619467263854633 0.13727852324098683 0.05984236171364641 0.00501924087483265 9.821322742937975E-4
0.536433967908289 0.22860207114888548 0.021067432021517642 0.008473148340408488 0.13854258814711243 0.06095659680893171 0.004948741295387495 9.754543294678888E-4
0.5290350316463344 0.2257134342220681 0.02763844385192651 0.011125509942605147 0.13696882719353137 0.06034230851270946 0.006503345367225266 0.002673099263600071
0.6284680345092495 0.1265580613623133 0.03301730305956357 0.006269766717898346 0.16259842714609649 0.03382472386495905 0.007758458963494901 0.0015052243764247066
0.5461672342771982 0.2196853765607495 0.02285995446265162 0.008818099407745 0.13868626780490687 0.05745388691852706 0.005323816404849642 0.0010053641633723867
0.4777265653210407 0.20263705815045976 0.01887461063947534 0.007564206355324618 0.1969699083750096 0.08624496003927758 0.007084214474228819 0.0028984766451837325
0.6252322072233393 0.1507555338671525 0.06756826908406469 0.015647766484933257 0.10207145106351094 0.025585669188089716 0.01059591289885905 0.0025431901900503893
0.5446906759525133 0.2186868364536458 0.031576994085842004 0.012131228238971493 0.12966515967892625 0.05351036000189572 0.006999426756395179 0.0027393188318101526
0.5315918861220484 0.22481867207786396 0.028342355528182813 0.0113259862353283 0.13549220461943834 0.059147219657263404 0.006591722468452309 0.0026899532914223478
0.47703798273315984 0.20306192454601005 0.018844021450628603 0.0075664138813414635 0.1969319140216452 0.08658586429013682 0.0070712403683477485 0.0029006387087303466
0.6439408324088007 0.1553326703053676 0.04852058381556922 0.011240816665016749 0.10515609964519582 0.02637076337547527 0.0076107823127754565 0.0018274514717993003
0.5779108929358887 0.2328610367181061 0.033066354013120754 0.012761745281403527 0.09635633639172855 0.039885780876451706 0.005138889322607776 0.00201896446069288
0.5368143431514084 0.22583253346719373 0.02921667851664619 0.011647945933922257 0.13064957488486797 0.056572858218455195 0.006588576475989603 0.0026774893515166646
