Action: 0
[0.1372627317341801, 0.10683428161964538, 0.22172133447974884, 0.10683428161949356, 0.10684452568845149, 0.10683428161949356, 0.10683428161949356, 0.10683428161949356]
[0.10791952102615428, 0.10791952102615428, 0.1366438317907658, 0.10791952102615428, 0.10791952102615428, 0.21583904205230856, 0.10791952102615428, 0.10791952102615428]
[0.10738510219956138, 0.1068651263688512, 0.24399605871806465, 0.10667157410435106, 0.11506741344970238, 0.10667157695076718, 0.10667157410435106, 0.10667157410435106]
[0.125, 0.125, 0.125, 0.125, 0.125, 0.125, 0.125, 0.125]
[0.21585049240081702, 0.10791719240780431, 0.1366463416944554, 0.10791719240780431, 0.10791720386570605, 0.10791719240780431, 0.10791719240780431, 0.10791719240780431]
[0.2217474244156132, 0.10672572548685545, 0.10735868088526454, 0.10671742978018554, 0.1372984490911885, 0.10671743078052177, 0.10671742978018554, 0.10671742978018554]
[0.125, 0.125, 0.125, 0.125, 0.125, 0.125, 0.125, 0.125]
[0.125, 0.125, 0.125, 0.125, 0.125, 0.125, 0.125, 0.125]

Action: 1
[0.10768183731495196, 0.10768222419777737, 0.10768183731495176, 0.10768183731495176, 0.1094148363137941, 0.2444937529136695, 0.10768183731495176, 0.10768183731495176]
[0.10949721619910929, 0.10766893261030887, 0.10766893261030887, 0.10766893261030887, 0.10766893261030887, 0.24448918813903758, 0.10766893261030887, 0.10766893261030887]
[0.13730865452955654, 0.10671376911455102, 0.10671376911455102, 0.10671376911455102, 0.21410898489155528, 0.11501351500613298, 0.10671376911455102, 0.10671376911455102]
[0.125, 0.125, 0.125, 0.125, 0.125, 0.125, 0.125, 0.125]
[0.2170775645299442, 0.10757670272138264, 0.10757670272138264, 0.10757670272138264, 0.10812442241280508, 0.1369144994503376, 0.10757670272138264, 0.10757670272138264]
[0.11503863828072151, 0.10671851281759247, 0.1067184181734346, 0.1067184181734346, 0.21407091655804805, 0.13729825964989953, 0.1067184181734346, 0.1067184181734346]
[0.125, 0.125, 0.125, 0.125, 0.125, 0.125, 0.125, 0.125]
[0.125, 0.125, 0.125, 0.125, 0.125, 0.125, 0.125, 0.125]

