Action: 0
[0.17006024674530648, 0.10183902394315344, 0.21882744513629734, 0.10183902394275077, 0.10191718729344885, 0.10183902505354157, 0.10183902394275077, 0.10183902394275077]
[0.20154738050556173, 0.10077369025278086, 0.13176435130216374, 0.10077369025278086, 0.16281981692837033, 0.10077369025278086, 0.10077369025278086, 0.10077369025278086]
[0.12837299686899617, 0.10093831071191552, 0.16501414725271998, 0.10093831071191552, 0.20192130231870625, 0.10093831071191552, 0.10093831071191552, 0.10093831071191552]
[0.125, 0.125, 0.125, 0.125, 0.125, 0.125, 0.125, 0.125]
[0.2090365062731418, 0.10078754095317034, 0.1167190726770358, 0.10078754095317034, 0.17030671628397023, 0.10078754095317087, 0.10078754095317034, 0.10078754095317034]
[0.15895452852328842, 0.10060449213637529, 0.23679701630732794, 0.10060449213637529, 0.10122599444284339, 0.10060449218103924, 0.10060449213637529, 0.10060449213637529]
[0.125, 0.125, 0.125, 0.125, 0.125, 0.125, 0.125, 0.125]
[0.125, 0.125, 0.125, 0.125, 0.125, 0.125, 0.125, 0.125]

Action: 1
[0.10213581315673038, 0.10240240529495015, 0.1021356517248266, 0.1021356517248266, 0.11390964456193682, 0.2730095300870762, 0.1021356517248266, 0.1021356517248266]
[0.10427487295105402, 0.10427487295105402, 0.10427487295105402, 0.10427487295105402, 0.1658010163915679, 0.20854974590210804, 0.10427487295105402, 0.10427487295105402]
[0.10078353047151399, 0.10216353117439632, 0.10078305523956615, 0.10078305523956615, 0.22833915285989992, 0.16558156453592515, 0.10078305523956615, 0.10078305523956615]
[0.125, 0.125, 0.125, 0.125, 0.125, 0.125, 0.125, 0.125]
[0.09883210411187561, 0.12927252869759212, 0.09883021349838182, 0.09883021349838182, 0.16167817104724164, 0.2148963421497634, 0.09883021349838182, 0.09883021349838182]
[0.10118076202744689, 0.100730860841347, 0.100730860841347, 0.100730860841347, 0.16353625325957433, 0.23162868050624383, 0.100730860841347, 0.100730860841347]
[0.125, 0.125, 0.125, 0.125, 0.125, 0.125, 0.125, 0.125]
[0.125, 0.125, 0.125, 0.125, 0.125, 0.125, 0.125, 0.125]

