Action: 0
[0.10079692140094229, 0.0999817282152016, 0.2988870123263668, 0.0999817282152016, 0.10040742519668303, 0.0999817282152016, 0.0999817282152016, 0.0999817282152016]
[0.2278004218054344, 0.12353328681720169, 0.17448102572110766, 0.09151965844314272, 0.10810663188368537, 0.09151965844314272, 0.09151965844314272, 0.09151965844314272]
[0.09677629561909142, 0.09681136309377239, 0.18712544064849781, 0.09677065516646735, 0.13543361994742836, 0.19354131519180792, 0.09677065516646735, 0.09677065516646735]
[0.125, 0.125, 0.125, 0.125, 0.125, 0.125, 0.125, 0.125]
[0.15903997875754106, 0.09665735543239942, 0.2609358730954938, 0.09665735543239942, 0.09673620308225928, 0.09665852333510827, 0.09665735543239942, 0.09665735543239942]
[0.0958877605500198, 0.0955575679541299, 0.2903132753255257, 0.09555756793013263, 0.12055137861251083, 0.11101731376741601, 0.09555756793013263, 0.09555756793013263]
[0.125, 0.125, 0.125, 0.125, 0.125, 0.125, 0.125, 0.125]
[0.125, 0.125, 0.125, 0.125, 0.125, 0.125, 0.125, 0.125]

Action: 1
[0.0991812319474101, 0.0991812319474101, 0.0991812319474101, 0.0991812319474101, 0.10666669828361262, 0.2982459100319267, 0.0991812319474101, 0.0991812319474101]
[0.1005326457685132, 0.1005326457685132, 0.1005326457685132, 0.1005326457685132, 0.1005326457685132, 0.2962714796204077, 0.1005326457685132, 0.1005326457685132]
[0.13482088636873263, 0.09399878879956401, 0.09399878151397266, 0.09399878151397266, 0.12018106309976719, 0.2750041356760455, 0.09399878151397266, 0.09399878151397266]
[0.125, 0.125, 0.125, 0.125, 0.125, 0.125, 0.125, 0.125]
[0.09962216344446936, 0.09768790848898323, 0.09768790848898323, 0.09768790848898323, 0.29470545162284484, 0.11723284248776979, 0.09768790848898323, 0.09768790848898323]
[0.0962795377849692, 0.0962795377849692, 0.0962795377849692, 0.0962795377849692, 0.1744102681636206, 0.24791250512656418, 0.0962795377849692, 0.0962795377849692]
[0.125, 0.125, 0.125, 0.125, 0.125, 0.125, 0.125, 0.125]
[0.125, 0.125, 0.125, 0.125, 0.125, 0.125, 0.125, 0.125]

