0.125 0.125 0.125 0.125 0.125 0.125 0.125 0.125
0.099626400996264 0.07845579078455792 0.199252801992528 0.15691158156911583 0.08685378548392246 0.06839735606858895 0.17370757096784492 0.1367947121371779
0.0745303753200788 0.12421729220013136 0.1056354961590544 0.1490607506401576 0.0931629691500985 0.15527161525016417 0.11179556298011822 0.186325938300197
0.10984079323542258 0.08649962467289529 0.14455508396538405 0.10379954960747435 0.13730099154427822 0.12349333011206862 0.16476118985313387 0.1297494370093429
0.07295173961840629 0.12906846240179573 0.09118967452300787 0.16133557800224468 0.08754208754208756 0.1548821548821549 0.10942760942760946 0.1936026936026936
0.1399296487323923 0.1032529961288514 0.17055999838283553 0.12390359535462167 0.1143053111397948 0.10286355786664443 0.13716637336775375 0.10801851902710607
0.11224934178105501 0.15140889962446055 0.0949213600958525 0.1362680096620145 0.11355667471834542 0.20763390107455232 0.10220100724651089 0.08176080579720871
0.07034783115367431 0.11304025965231856 0.05570099750983813 0.0985479186712521 0.12778464134609924 0.22608051930463713 0.11140199501967626 0.1970958373425042
0.08861041541679346 0.147350809338535 0.10410655007613885 0.18418851167316874 0.08366242951630568 0.1326157284046815 0.09369589506852498 0.16576966050585185
0.08307875401889125 0.12056978878521359 0.09529466301064313 0.1446837465422563 0.09752970829219161 0.1694758462662915 0.10851280990669222 0.18085468317782036
0.08154137900408395 0.11911345484046479 0.09353312090908576 0.14293614580855776 0.104116948072205 0.17288665974848716 0.10720210935641833 0.1786701822606972
0.059403804373902386 0.08678774351622004 0.06814318918549654 0.10414529221946406 0.12286702181546491 0.22538801378716702 0.12497435066335687 0.20829058443892812
0.11950263627129792 0.08796287034294496 0.13621116116538118 0.1099535879286812 0.14541660096728595 0.10555544441153396 0.16345339339845744 0.13194430551441744
0.08413632803274695 0.11587764073151749 0.09463216633882593 0.139053168877821 0.11646264978863406 0.17173170847481267 0.10428987665836574 0.17381646109727622
0.07921968238490669 0.1150276125000685 0.09053848038276668 0.13803313500008219 0.11394341860236773 0.18717140112964387 0.10352485125006164 0.17254141875010273
0.06619587210285266 0.09678518345414056 0.056948059747077215 0.0871066651087265 0.1566649290227086 0.25755796221656974 0.1045279981304718 0.174213330217453
0.09385232501482035 0.1496138798582822 0.0737227813794434 0.1304326132097845 0.12785527120065754 0.17953665582993866 0.08846733765533207 0.15651913585174138
0.07870102473169148 0.11222782881580048 0.08680817812755663 0.13467339457896058 0.11772369179120315 0.20051909279686653 0.10100504593422044 0.1683417432237007
0.07643652113582872 0.11155027000914895 0.08736872481085556 0.13386032401097875 0.11651653915474096 0.20654697285648965 0.10039524300823405 0.16732540501372342
0.07793394898779565 0.12211516779600197 0.08627702072543618 0.15264395974500247 0.09912863048172707 0.17519609569951033 0.10353242487052342 0.18317275169400293
0.10384878412264714 0.07175132828585103 0.19803080618599503 0.14350265657170205 0.10553510690181293 0.09336309804936455 0.1588633397944768 0.12510488008815052
0.11684459047327453 0.07740381487292072 0.16040582481261786 0.09288457784750488 0.16642664435830545 0.1224929874728131 0.14743583785318234 0.1161057223093811
0.09757099120592627 0.1436677775858656 0.0707928179408613 0.12524883174152387 0.13464999565058786 0.19281960625637298 0.08495138152903357 0.15029859808982862
0.07944284206623438 0.12026700664009744 0.0849712546913732 0.15033375830012183 0.11133552503658642 0.17128359767579274 0.10196550562964785 0.18040050996014617
0.0761223656679431 0.11084870115290046 0.09214961116976225 0.13301844138348054 0.11557833926977204 0.20624565858918054 0.09976383103761041 0.16627305172935067
0.06886333701953055 0.1037505868177364 0.051123477562362865 0.09044922953341124 0.1538671550270783 0.24880079984833245 0.10224695512472573 0.18089845906682248
0.10414380215917614 0.07221261310443501 0.17891483246770468 0.14442522620887002 0.1153203713064447 0.09397710194445216 0.16102334922093417 0.12998270358798303
0.10404919355217387 0.06883416349179994 0.23199312974065756 0.13766832698359988 0.10714863658422626 0.07788351106623906 0.1524044971084215 0.12001854147288193
0.09833371669046588 0.13725936325892338 0.11676203349785483 0.12353342693303104 0.1425662741810326 0.21477505907910024 0.0926500701997733 0.07412005615981862
0.08030388844103362 0.11483292646271169 0.09076400420610946 0.1435411580783896 0.10946154004582935 0.1914887423752118 0.09735835069664686 0.1722493896940675
0.11044906392141814 0.07562376524258184 0.1412451949330067 0.09074851829109822 0.16736563228391557 0.15708691033537955 0.14404526712872734 0.11343564786387275
0.08166271720945302 0.11373489127167732 0.09206334108885801 0.14216861408959666 0.11438557378783312 0.18895511782777416 0.09642740781729164 0.17060233690751597
0.10053865645558638 0.06865669904489693 0.2144148703062248 0.13731339808979387 0.10828725149056283 0.09906843209662339 0.15201157623290162 0.11970911628341005
0.11175990569129067 0.07389468620795096 0.18450944219543824 0.08867362344954115 0.16506285474393534 0.12450567514667739 0.14075178325323992 0.11084202931192644
0.08218574329263881 0.11413823737663886 0.09601152320318615 0.14267279672079858 0.11824921968436816 0.17876574849026078 0.09676937516715034 0.17120735606495827
0.07733957849883764 0.10677533100741846 0.09881107568839628 0.12813039720890215 0.11561373453705961 0.21706908864158173 0.09609779790667662 0.16016299651112767
0.11533504692385785 0.07827891693032403 0.13357454298448154 0.09784864616290503 0.15930990505508708 0.15277598210270393 0.14545858444515433 0.11741837539548604
0.11007885570466555 0.06906705781022042 0.19505542934051054 0.13813411562044084 0.11936473107759613 0.08996987598746926 0.15400923040070041 0.12432070405839675
0.14282187877938698 0.08788097640542873 0.2121735254727372 0.10545717168651449 0.14201789555603903 0.10096610654033582 0.11674542408926307 0.09193702147029467
0.12714858776165178 0.07547171634603561 0.16385867672953625 0.09433964543254451 0.16800331259369064 0.11772826743716795 0.14024221918031993 0.11320757451905342
0.14866545218553232 0.08690625778909807 0.17671589191058876 0.10863282223637258 0.1543933656800164 0.10579918031913356 0.12111748986652286 0.09776954001273533
0.11712432407345764 0.06511786322772266 0.2348713095967851 0.13023572645544532 0.11278080802781601 0.07745469889511494 0.14520311591375767 0.1172121538099008
0.10737433026340613 0.06407024059055925 0.2710538772944422 0.1281404811811185 0.10005021072339013 0.07111735308960626 0.14286707379447092 0.11532643306300665
0.09014841956325953 0.05481238900526708 0.2600385074633986 0.10962477801053416 0.11081372347615193 0.08004785349786414 0.16296459537088362 0.131549733612641
0.09820866413806802 0.062117167368469964 0.29851122071780406 0.12423433473693993 0.09698688752812241 0.06961881223467165 0.1385120120126778 0.11181090126324594
0.09766896536608556 0.06037697699011834 0.32048216961288517 0.12075395398023668 0.09128830338342012 0.06611942488618026 0.1346316471988609 0.10867855858221302
0.07944962811386173 0.10751682444847384 0.1727106948004143 0.1343960305605923 0.09762871250521157 0.15586730434459456 0.09115556855414088 0.16127523667271076
0.09898750573641503 0.0644231614390089 0.2649143882546836 0.1288463228780178 0.09789545842884481 0.08531743806105366 0.14365403461176016 0.11596169059021603
0.07998034691771004 0.10820156714902199 0.15739975929679031 0.13525195893627748 0.10084226162889606 0.16428564406925253 0.09173611127851865 0.16230235072353297
0.09933237119273976 0.06449434379111345 0.2581425019228117 0.1289886875822269 0.09901218642534643 0.09012732962903586 0.14381276063272164 0.11608981882400421
0.13213946854925224 0.08141130890100842 0.25829435503801723 0.10176413612626053 0.12526159397655162 0.09608199745301199 0.11345941744226361 0.09158772251363448
0.08730726956187515 0.1049153045727064 0.15461730078776223 0.131144130715883 0.10655862421873048 0.16913448114625373 0.08894993213772934 0.15737295685905958
0.10421039463789745 0.06386131695470007 0.25630831712306645 0.12772263390940014 0.09993503992230655 0.0906107216650322 0.14240120526913713 0.1149503705184601
0.10364825978124147 0.0602958903595597 0.30778760443094344 0.1205917807191194 0.09327017702219628 0.07142284892453506 0.1344508361151973 0.10853260264720745
0.07132739046308935 0.09068024630235116 0.23580459474998436 0.18136049260470233 0.06307261602908361 0.10227292244242583 0.09225729406413119 0.16322444334423208
0.07919080876244967 0.1090230686236125 0.13315172416275908 0.13082768234833497 0.10134485783881414 0.18480649356735954 0.09812076176125124 0.16353460293541872
0.056816396563316086 0.078216591191245 0.0849936900781608 0.09777073898905624 0.12204989540602551 0.25408776571949876 0.1105234440745853 0.19554147797811247
0.07154475186809985 0.10487010644368279 0.0998389628005798 0.13108763305460347 0.10409587421268604 0.2423458999699625 0.0889116119848615 0.15730515966552416
0.10115459746839923 0.07216352548428621 0.22626322193609869 0.12913784745666768 0.1008772996126784 0.11020038256947974 0.1439790627613892 0.11622406271100091
0.10361949375452151 0.06563609405749984 0.2935482753952723 0.12132957795787018 0.09426684327565676 0.0771296704201872 0.13527342497690897 0.10919662016208315
0.10087018322303998 0.0628041551462359 0.3268903085978481 0.1167538276347453 0.08945147430050415 0.0679798013858262 0.13017180484052945 0.10507844487127077
0.09845900484905938 0.06145375583018389 0.3430807592747815 0.11451673915326287 0.08673684610970149 0.06501021141449592 0.12767761813057815 0.10306506523793657
0.09701617572206335 0.06081054977327219 0.35090865443326014 0.11344834848861637 0.0853446650942253 0.06388165057866398 0.1264864422701439 0.10210351363975474
0.0962481752055745 0.06050220605412322 0.35470296716181027 0.11293503474670472 0.08465581488811384 0.06340013491673109 0.1259141357549081 0.10164153127203425
0.09585733355778946 0.06035256027350302 0.356554536190467 0.11268526764862978 0.08431836219063996 0.06317953517531379 0.12563566407989019 0.1014167408837668
0.0802851025488205 0.11087940115060395 0.18750578349544347 0.12940687222555583 0.09416823198658747 0.1546947442389013 0.08777161768342047 0.15528824667066699
0.09958664643974398 0.06961925058863223 0.2744062303146963 0.12371728537425072 0.09422446205198415 0.08916502783481417 0.13793554055905266 0.11134555683682563
0.10066154234926669 0.06369024181334967 0.31806029356984306 0.11792883168859457 0.09025069271315021 0.07179060267235901 0.13148184667370172 0.10613594851973511
0.09874455829851685 0.061736385625929445 0.3391426056718275 0.11493843484127138 0.08724487849331687 0.06660076835911358 0.12814777735288016 0.10344459135714423
0.09246431958583821 0.12694727738690811 0.20763548386792885 0.14796838073991198 0.08139783742479452 0.1351442863870902 0.07527087194160739 0.13317154266592077
0.11809875875553935 0.0810291588052271 0.20598663762157718 0.08853296000262241 0.13871338053958437 0.12978936098482213 0.13161019128748047 0.10623955200314689
0.10902788039157002 0.06529476232403178 0.28073605139959534 0.11925829458238651 0.10364851505078199 0.0817379325408556 0.13296409858663094 0.10733246512414786
0.1219119740721878 0.07373925158476485 0.23531144723539385 0.08566654235171065 0.14410295580383167 0.10911890920124682 0.12734906892881165 0.10279985082205277
0.1083520972138392 0.0635407678227852 0.29533736682917755 0.11686268877536575 0.10446105780333817 0.07597642476930946 0.13029317688835554 0.10517641989782918
0.0842049160627552 0.11146294632995661 0.167762412610845 0.12968160597394365 0.10075736858134339 0.16255486443792275 0.08795795883450092 0.15561792716873238
0.10233035447232582 0.07005136142407187 0.26336292436716807 0.12437749818888476 0.09782669092871492 0.0914397936710817 0.13867162857775658 0.11193974836999629
0.08304420736890729 0.11294945127425675 0.1574896437709446 0.1306244659084043 0.09965426523689404 0.17089114351698145 0.08859746383352639 0.15674935909008514
0.10315092581861571 0.07049777811394728 0.2578358487243941 0.12499962295920795 0.0979694377086106 0.09368147474249194 0.13936525126944527 0.11249966066328716
0.1041265432042235 0.06398652315745736 0.3092492140531249 0.11834199326077319 0.09279697967084981 0.07304846172514796 0.13194249099372768 0.10650779393469587
0.13664626206908037 0.08287840389151377 0.280564860820413 0.09637581224475343 0.11955046761398634 0.08979412391186935 0.10745183842810568 0.08673823102027808
0.14864118851127267 0.08290440170527502 0.2637596704004969 0.09422415733147632 0.12755476256578743 0.09306117411629902 0.10505290377106391 0.08480174159832868
0.13549955339182682 0.07275637168776414 0.2241494339752474 0.08265760965518101 0.15282423001530804 0.1100475813055296 0.12287608838292581 0.09918913158621721
0.11456531853158806 0.06318966527080161 0.2882698024376291 0.11623755271848603 0.10749515441883911 0.07603251233913934 0.1295961968368792 0.10461379744663742
0.0871209183768222 0.1110976638410084 0.1654472617607813 0.12925951248600542 0.10203918252545206 0.16225237668838996 0.08767166933833412 0.15511141498320652
0.1045469378067893 0.06983949559066684 0.2615809591168799 0.1239727797313615 0.09802339745849749 0.09224053083709169 0.1382203977004881 0.11157550175822535
0.12294451027552593 0.07443815563195726 0.22722953141869562 0.08607448732450909 0.1442131660302801 0.1138552579994554 0.12795550653016574 0.1032893847894109
0.12788795597530334 0.07309067943003474 0.2089686492391564 0.08391294044538077 0.16151162737987518 0.11919039707997302 0.12474222191581977 0.1006955285344569
0.11319475670923969 0.06360443203695566 0.28023514380999565 0.11695645981173647 0.11115108762953518 0.07919958157590429 0.13039772459607032 0.10526081383056281
0.1065123945341026 0.062071280744386365 0.3190806397195073 0.11549106717668053 0.0950479156951613 0.06909082050550719 0.12876392116564234 0.10394196045901248
0.10285819647151936 0.06096965418348415 0.33857985902987636 0.113604270709301 0.08921814128850451 0.06586575076872306 0.12666028391022063 0.10224384363837088
0.08414700318035218 0.11028318741957825 0.1814632419048234 0.12855432588210483 0.09662152415995186 0.1574721575354969 0.08719336885916676 0.1542651910585258
0.10304407041196686 0.06923364854876204 0.27016303684939846 0.12295724423482647 0.09632658096206508 0.09052574777355478 0.13708815140808264 0.11066151981134383
0.10440922136981584 0.06325043847565155 0.3150126952370526 0.11706671834523365 0.09209681358881645 0.07228341184004874 0.13052065463267096 0.10536004651071029
0.12138647266774838 0.07254582994280981 0.24924324542034754 0.08439021839550737 0.14032150498243037 0.10539273887188304 0.12545172764466467 0.10126826207460883
0.12682206720409808 0.07239349192467083 0.21813021676992744 0.08324232560661783 0.1601572299139254 0.11561856993611558 0.12374530791670352 0.0998907907279414
0.11252536971556973 0.06318983635837777 0.2849173035350837 0.11625237706854388 0.11085803938684444 0.07801720969299221 0.12961272488089892 0.10462713936168949
0.10619309440331942 0.06182944318196969 0.3213030835038453 0.11507345818482521 0.09510815457389864 0.06862833548122524 0.12829831830457378 0.1035661123663427
0.10276621695015062 0.06082707969051506 0.3395698324149976 0.1133549068526419 0.08943128231879034 0.06564900378623788 0.1263822618192888 0.10201941616737772
0.06327907568236689 0.08277835178100608 0.2185117735365745 0.15439778262273152 0.07287594329936292 0.11815775963004492 0.1047219743006353 0.18527733914727784
0.09649117322029982 0.06752524002257203 0.29212476985784885 0.12365131511594586 0.08955843702382857 0.0815008925109574 0.13786198864419633 0.11128618360435126
0.10171510049585179 0.06261991550633476 0.32622438680434374 0.11610962238722146 0.08961684572795935 0.06976190486523076 0.12945356406455882 0.10449866014849932
0.10134090508006216 0.06087778449057835 0.3422476395743158 0.11336628271018587 0.08787531163586175 0.06586747701832314 0.12639494505150572 0.10202965443916728
0.11960779150285421 0.07170173624729495 0.26048145553804014 0.08358154485480415 0.13766565235403183 0.10241438556469504 0.12424958011251483 0.10029785382576498
0.10852859171110887 0.062169701596105346 0.3074900785599553 0.11446186876085729 0.10278890121778653 0.07392873453156386 0.12761644173785133 0.10301568188477156
0.1039608813933784 0.061121096926696226 0.3325961497180279 0.11385487197508262 0.09197317856304257 0.06708475102621776 0.12693968561998015 0.10246938477757435
0.08454081593337681 0.11025754122705848 0.1795070408490746 0.12849937927441596 0.09779088137444952 0.15804898548706953 0.08715610072525604 0.15419925512929913
0.07935184536444792 0.1165310521095099 0.12909614771052855 0.1293400259739703 0.09925042723302038 0.20349619195306584 0.0877262784866929 0.15520803116876433
0.1041717537357529 0.07137817212092618 0.24170219678660584 0.12602667006212243 0.09964738371752788 0.10313948837726591 0.14051033214388872 0.11342400305591019
0.10641610775591473 0.0643022623099445 0.3006582523246242 0.11878719821962203 0.09449086632998455 0.0759979733636567 0.1324388612985935 0.10690847839765982
0.1040552458927087 0.06175326783046966 0.3296984996848769 0.1148242181928033 0.09032824817171027 0.06797828954043936 0.12802043431346877 0.10334179637352299
0.10189282983778009 0.06061127719822804 0.3437386466838511 0.11295542564678493 0.08791280270695961 0.06529226475750112 0.12593687008678855 0.10165988308210644
0.10056469125988447 0.06008389409942451 0.35048271508094664 0.11208632291238643 0.08666319999193733 0.06427360063792557 0.12496788539634725 0.10087769062114779
0.09984752375428328 0.05983754887183935 0.3537147895172617 0.11167939200855692 0.08604671944686253 0.06384838578693976 0.12451418780655525 0.10051145280770123
0.0994817482566708 0.059721453384312145 0.35526260513213737 0.11148732187631295 0.08574865197549603 0.0636595857436938 0.12430004394269517 0.10033858968868163
0.08332659322712462 0.10973622279622554 0.1867097486273872 0.12804728421668518 0.09577979318927592 0.155894154545006 0.08684946233827343 0.1536567410600222
0.11761544667112993 0.07895959457337184 0.19532427728007362 0.08766015782324481 0.14665152031291567 0.13828410172457656 0.13031271222679378 0.10519218938789376
0.11138369951782882 0.06473291228212616 0.2737155372312006 0.118337042656681 0.10860517219881842 0.08478532628271908 0.131936971439613 0.1065033383910129
0.10664362495258331 0.06232961465690725 0.31584951817363266 0.11583163381868698 0.0951225683599133 0.07083094204539962 0.12914362755605846 0.10424847043681827
0.10332273041304837 0.060997235118210924 0.3368877693480232 0.11361185219309215 0.08972336988798357 0.06653763936699351 0.12666873669886541 0.10225066697378293
0.06349787398624654 0.0827740367122893 0.2174940874521288 0.15435419465965908 0.07300862317884196 0.11895374012834407 0.10469241029089923 0.18522503359159093
0.07589051802022587 0.11615260267603958 0.14305555023621858 0.13292020310775068 0.09385413012693815 0.1884681795608781 0.09015457254264829 0.15950424372930078
0.0770578275924687 0.116933060629929 0.11719109235795352 0.12913039818217337 0.09777207038873237 0.21937497687179142 0.08758409615834367 0.154956477818608
0.10394114479552947 0.07170812625776211 0.234898856772526 0.1265277463611983 0.09978010365839698 0.10820005560590402 0.14106899482360466 0.11387497172507846
0.08488711333718915 0.11244798449014481 0.1477403706758721 0.12978162323461762 0.10065431639226965 0.18072484735966846 0.08802579662869717 0.1557379478815411
0.07922653239743715 0.11626986175974184 0.1186154335968019 0.12878202199416863 0.09975137732604508 0.21546854031067122 0.08734780622213176 0.15453842639300233
0.10456517441016105 0.07155642841136392 0.23555755108467724 0.12632993415859572 0.10027669958673989 0.10716882262591854 0.14084844897980747 0.11369694074273617
0.10689272565371145 0.06443526077327633 0.29741562062263355 0.11900284603669502 0.09500961650411674 0.07746207645503221 0.13267929252150923 0.10710256143302552
0.104427068913948 0.061804749114274665 0.3280271673044852 0.1148970148555263 0.09068544546867834 0.0686496438132957 0.1281015971598181 0.10340731336997365
0.10215465016821643 0.06061166577593014 0.34286201181875836 0.11294225832478225 0.08815313691038823 0.065706055004229 0.12592218950539152 0.10164803249230403
0.10075315978658651 0.06005777272559103 0.3499979672421482 0.11202921540934337 0.08683549379634556 0.06459588237936799 0.12490421479220819 0.10082629386840902
0.09999415465097014 0.059798415422965295 0.35342140706914227 0.11160081724976993 0.08618299074839303 0.06413489651967053 0.12442658281429572 0.10044073552479295
0.09960619633996383 0.05967602878320093 0.3550623143101708 0.11139837753043223 0.08586670777607897 0.0639309578480882 0.12420087763467594 0.10025853977738901
0.09941356635699167 0.05961793178187194 0.3558486325643921 0.11130218617187952 0.08571475467524486 0.06383732944657916 0.12409363144834926 0.10017196755469156
0.09931938788709754 0.0595902441502189 0.3562254250062344 0.11125631580778311 0.08564199061749513 0.06379346288862284 0.12404248941554327 0.10013068422700482
0.09927373358922627 0.05957701706772515 0.35640598554436975 0.11123439448700136 0.08560717758542725 0.06377268790915785 0.12401804877879108 0.10011095503830124
0.07095366436715589 0.09333773097942756 0.25485153650836745 0.17427004912213023 0.06118747192290562 0.09990608659753433 0.0886504162925619 0.1568430442099172
0.0856100364107814 0.058891987251472586 0.27323803190705653 0.10658457327174765 0.09951806635521973 0.08981069004380313 0.1584451268338219 0.1279014879260972
0.09957939182197689 0.06275870866626657 0.31717453028622794 0.11750736024749239 0.09356950125734091 0.07264194602798678 0.1310119374699654 0.10575662422274315
0.10130161982143406 0.061131333643886954 0.33783833253299506 0.11382836126337406 0.08952684372060843 0.06701785572582834 0.12691012815483646 0.10244552513703666
0.10075464787979051 0.06027492880803055 0.34763889923811225 0.11238251874200482 0.08744787904041584 0.06505873778163622 0.12529812164220538 0.10114426686780434
0.08374638017183654 0.10981060095360322 0.18419890258331745 0.12806106402856415 0.09642940407504312 0.15722156270789775 0.0868588086454609 0.15367327683427698
0.10241536849453746 0.07454171874773154 0.27048077786406527 0.12143007778605927 0.09591185136530674 0.09054766094949358 0.13538547478535265 0.10928707000745334
0.10412449008350882 0.06713962790857324 0.3145251350309501 0.11610292319493358 0.09190054029596324 0.0722685576455333 0.1294460949650976 0.10449263087544024
0.10242750849202183 0.06468348292502465 0.3360292668464376 0.11321991627271419 0.08879987327114627 0.06671027015061928 0.12623175739659326 0.10189792464544277
0.10085910316571157 0.06366069923323163 0.3464036028992841 0.1118640415719353 0.08701953898494554 0.06479531844024605 0.12472005828990397 0.10067763741474176
0.07117204809999006 0.09869357910747636 0.25036470059794924 0.17370243157392645 0.061346326958814916 0.10002705353161608 0.08836167171369302 0.15633218841653382
0.09694597499272904 0.07221634763234151 0.3072215295320099 0.12034672401650062 0.0844865981458575 0.07629315788611983 0.134177616179591 0.10831205161485057
0.11933790689154901 0.07787569459541303 0.2461600086589437 0.08449399809634792 0.1377553150701406 0.10737827583174572 0.12560600314024256 0.1013927977156175
0.14388360622228988 0.08824096032430843 0.2469923752408747 0.09440511614356609 0.13648508142078533 0.09977359677681122 0.10525465934215504 0.08496460452920947
0.11625485212541067 0.06757249294454103 0.2988143606581192 0.11326553364280294 0.10246747925529687 0.0734036837353459 0.12628261735996085 0.10193898027852263
0.08740220590672484 0.11659078676131082 0.16790778912128557 0.12737029416370785 0.10061753206276695 0.1608767525115006 0.08639028647625402 0.15284435299644938
0.10433653139085697 0.07588654663037692 0.2615076681571828 0.12224032995904269 0.0977616070960945 0.09196217431165858 0.13628884549164907 0.1100162969631384
0.08460967953721073 0.11912208773582175 0.15578700921831856 0.12846185773709173 0.0994897959284049 0.17124468922391936 0.08713065133472309 0.15415422928451006
0.10408135259447561 0.07670667636119993 0.2550895992396322 0.12310411541189342 0.09806385101830273 0.09490879969381527 0.13725190180997668 0.11079370387070406
0.10546831936030542 0.06792198740829673 0.3067618289213467 0.11704942496527561 0.09319241630866795 0.07376016676279099 0.1305013738045685 0.10534448246874806
0.10327770300208919 0.06502390240737457 0.33220671682472613 0.11367439024501964 0.08949415409596947 0.06727772024455757 0.12673846195974575 0.10230695122051767
0.10135979952541989 0.06381431615358173 0.34453338172669556 0.11207205943496414 0.08737494749865676 0.06502865948575427 0.12495198268346 0.10086485349146772
0.11933344371961521 0.07535643735386086 0.2608970094530813 0.08287126820683154 0.13702155098065996 0.10188106226759791 0.12319370617015553 0.09944552184819784
0.10832626169568611 0.06603609650875962 0.3070374282612839 0.11349767022526881 0.10256630124005692 0.0738469065404179 0.12654143232578477 0.10214790320274192
0.0975451142385796 0.13281268693243795 0.19484831430799546 0.14550623820530645 0.08627115595950519 0.1380424852321785 0.07401839073922112 0.13095561438477582
0.10574112154711209 0.08196635177510182 0.27491271212459617 0.1194872620115426 0.09186644401940833 0.0852681925288323 0.1332193801830184 0.10753853581038836
0.10468334198296965 0.07088115208498655 0.3162427227679978 0.11516917187291208 0.0902769594667621 0.0706893652147729 0.12840503192397806 0.10365225468562086
0.10231162258712372 0.06763426419763414 0.33652684493532165 0.1125702592304705 0.08804455314836522 0.06609178431730088 0.12550743827636038 0.10131323330742344
0.13517406950297664 0.08924601500152705 0.290849637808169 0.09347935808571568 0.11631881110112484 0.08657817802926873 0.10422250819407404 0.08413142227714411
0.14755722781735406 0.09260820182326547 0.26619433882569005 0.09169892024932119 0.12568597005695045 0.09148886012804021 0.10223745287498945 0.08252902822438908
0.13480077116686362 0.0823189197594156 0.2235454553775393 0.08083731875196903 0.15201552132716983 0.10930712741772283 0.12017010369695695 0.09700478250236284
0.0903894688246074 0.12263507355358465 0.14141881428952924 0.12362089774083178 0.11375302541836536 0.17599042528595407 0.0838472175981294 0.14834507728899812
0.10540472609231995 0.08553860829490614 0.24486608452439873 0.12156600622432576 0.10186786671249619 0.0958102776995537 0.13553702485010646 0.10940940560189318
0.10573953635501811 0.07474571151747139 0.30060692462828936 0.1163992042655303 0.09414962449240612 0.07382328865402224 0.12977642624828528 0.10475928383897727
0.0842261866847959 0.12655772943701085 0.16765911989647045 0.12644877710557895 0.09751363013661388 0.16009076669774697 0.08576525751508833 0.15173853252669472
0.07744031916499698 0.14175895475091124 0.12277424351611557 0.12493439692665236 0.0969005384510778 0.20153215818018583 0.08473811269807727 0.14992127631198282
0.10229370557417207 0.09043155290481766 0.23508320332839888 0.12317414702057472 0.09795524155137311 0.10287543547472935 0.13732998182741687 0.11085673231851724
0.08323941147207171 0.13187096681002075 0.1460985285412839 0.12684581792867125 0.09858098027344335 0.17511475869109175 0.0860345547690118 0.15221498151440546
0.1341410854691666 0.11378173390096084 0.2016751913843423 0.09906702900828443 0.12670623181686483 0.1250160580305542 0.11045234428237084 0.08916032610745597
0.11525438043947214 0.08016810835623127 0.27475227705728933 0.11523030823001146 0.10154559314975406 0.08086886096050215 0.12847319439972918 0.10370727740701031
0.10705508977249792 0.07235067597918773 0.3151193820374281 0.11396228391417991 0.09245015724369995 0.06943691361398703 0.1270594419162573 0.1025660555227619
0.1027986968848325 0.06969410847961155 0.3355526330921333 0.11202526980507879 0.08842054667017342 0.06578618650569827 0.12489981573790128 0.10082274282457092
0.10057561454843925 0.06854958655752724 0.3456071108135006 0.11090693286602112 0.08650871123030218 0.06438285089595801 0.1236529535088325 0.099816239579419
0.09944299401509639 0.06801373638077775 0.3505022373872233 0.11034284931630908 0.0855879419560964 0.06377763411312805 0.12302404244669086 0.09930856438467817
0.09887771427579117 0.06775723060314817 0.3528751716370294 0.11006756317757983 0.08514368778380271 0.0635007067170775 0.12271711894574945 0.09906080685982185
0.09859929675674056 0.06763375954129387 0.35402334215355363 0.10993434702158275 0.08492939244632762 0.06337035688776015 0.12256859287331687 0.09894091231942448
0.08208857153697263 0.12347453320074822 0.18475699463002132 0.12547449735424687 0.09429233886262559 0.15423922590653893 0.08510444168375006 0.15056939682509624
0.076815956241104 0.1405753055780485 0.12801957720389015 0.12465203264472995 0.09583187120214477 0.19997622190172037 0.0845465960546864 0.14958243917367592
0.11424244861946842 0.10094883773292475 0.16694264162719333 0.08607461873430923 0.1456939419076493 0.15485226701762406 0.12795570187965968 0.10328954248117107
0.1107443302726693 0.07910616474309524 0.25646602612046954 0.11767315378507784 0.10906073708513123 0.08984696469526578 0.1311967848917211 0.10590583840657004
0.08525330774234553 0.1276789227789576 0.15301313508308784 0.1261404508980069 0.10179750731086762 0.1691920031956953 0.08555613191343078 0.15136854107760828
0.07705762786536427 0.14544560222623484 0.11736326541353226 0.12362624186713818 0.09740355366005883 0.2069013764172208 0.08385084230988503 0.1483514902405658
0.10172174119969843 0.0962180848395445 0.23073643747723538 0.12216017334503995 0.09774850872931971 0.10527142154975312 0.13619947684887287 0.10994415601053593
0.10494673877908031 0.08041605513535549 0.2929712282884117 0.11659925525274083 0.09330869118941575 0.07681923345768249 0.12999946816984687 0.10493932972746674
0.1029822675453823 0.07454739707155973 0.324449134433746 0.11291398277227906 0.08939273934776326 0.06820122995975207 0.12589066437446633 0.10162258449505115
0.10088582999802027 0.0721273842941682 0.33994092266479126 0.11104685793829856 0.08699078949631574 0.06525708394168499 0.12380895952225227 0.0999421721444687
0.11829734382418215 0.08446539014248808 0.25813836124685735 0.08182639288436908 0.13581747479034997 0.10162293682538859 0.12164042882512179 0.0981916714612429
0.08548116480286871 0.13153944007991783 0.15158807797858756 0.12214511767976427 0.10796672711756232 0.17185907739495937 0.08284625373062272 0.14657414121571713
0.11604441017044267 0.10307160613733385 0.17617312849481645 0.08464596413080853 0.14942126826782057 0.14323655498466545 0.12583191085714224 0.10157515695697024
0.11043205818317318 0.08251413878269907 0.2607195582079318 0.11627960256243969 0.10934856103214784 0.08641135965057337 0.12964307927483948 0.10465164230619572
0.10591877470495373 0.0758836091213518 0.3076661588482419 0.11420476274557909 0.09502850996943633 0.07118411042158374 0.1273297877178322 0.1027842864710212
0.10251008262441268 0.07294456467989104 0.33156956525739956 0.11190354569077694 0.08919768882159906 0.0663972593698778 0.12476410243434383 0.10071319112169926
0.10039344302307074 0.07151242297363401 0.3433823339179421 0.11060132660561305 0.08663702360147163 0.0646200305983019 0.12331222533491483 0.09954119394505173
0.11801711399808076 0.08422676755012602 0.25957124046051894 0.08173714490839855 0.13554965086952359 0.10130575260869934 0.12150775571457456 0.09808457389007826
0.10714406741563255 0.07523249360368044 0.30519387813234355 0.11185028156583099 0.1015082691137813 0.0737010398495196 0.12470471690996379 0.10066525340924787
0.08389403804916763 0.13004246459244723 0.16834718204528445 0.12481805548165806 0.09895275341312959 0.1595046369918944 0.08465920284842894 0.14978166657798966
0.10179151464029865 0.09049620600145526 0.25947896334583337 0.11954324881896314 0.09610241017733892 0.09171693178387162 0.1332818012951723 0.1075889239370668
0.08257337908905554 0.13633994036454072 0.153296928176587 0.12544698565512077 0.09736209008323124 0.16935851227054224 0.08508578157477756 0.15053638278614492
0.10206993181092361 0.09261967473370643 0.25122420654397876 0.12043121857921005 0.09629625282073898 0.09469879747870535 0.1342718213114476 0.10838809672128905
0.08263869127123127 0.13718122114473463 0.15060774315189002 0.12549964152553705 0.0974137532068767 0.17093788387785205 0.08512149599123384 0.15059956983064443
0.1155560295067205 0.10505987710496023 0.176453407169754 0.08519981826151474 0.1453516258735836 0.14348420794805425 0.12665525222159504 0.10223978191381769
0.11033878556679046 0.08303369461058627 0.26101057341332695 0.11639354666650845 0.10818796904430268 0.0865111202510427 0.1297701184475848 0.1047541919998576
0.09693275603149269 0.15247662803361156 0.17611088451664875 0.14320754349536047 0.08668025000501194 0.1428560940374536 0.07284905473459641 0.12888678914582438
0.1202099115288532 0.10858063087533612 0.18753603211659173 0.0844721784176006 0.13962459687424986 0.13263646936396387 0.1255735667222839 0.10136661410112072
0.11129403010136221 0.0834184560238657 0.2669735499191626 0.11572339641348324 0.1059259011546026 0.08349065868871415 0.1290229509266746 0.10415105677213492
0.1059123739086901 0.07587301387825425 0.31085175232825396 0.11385351299964126 0.09378703066832862 0.07031598405337545 0.12693817046377912 0.10246816169967714
0.09545788138885938 0.1488485843598522 0.19415010730180116 0.14270070572530044 0.08272676189575628 0.13509409561105093 0.07259122856460935 0.1284306351527704
0.11937929443271794 0.107362438454543 0.19560273054050048 0.08425123806584903 0.1375140325376292 0.12954365623961378 0.12524512405012783 0.10110148567901883
0.1106510488991698 0.08285195542316581 0.2714006229647012 0.11531392253338364 0.10495075152212349 0.08248275026929515 0.12856641810811578 0.10378253028004528
0.10550519420673413 0.07559359703883473 0.31311341165093914 0.11360597972849198 0.09332704456039942 0.06994720171987796 0.12666218933907986 0.1022453817556428
0.10214427774084536 0.07269522004036963 0.334265081837208 0.1115925523771604 0.08850053010014836 0.06595167266670635 0.12441736809811764 0.10043329713944436
0.10017040968990017 0.07136657514665137 0.3446982687492555 0.11044694546182206 0.08633663067089503 0.06443881748526739 0.12314010188056874 0.09940225091563984
0.09910020311733195 0.07073255049835345 0.3497907734662001 0.10986962167673965 0.08533252449352252 0.06379523829472032 0.12249642894406644 0.09888265950906569
0.0985467192895865 0.07042717116708949 0.3522659733671287 0.10958754517205092 0.08485869663559428 0.0635031690218805 0.12218193469182394 0.09862879065484584
0.09826812250635687 0.07027976168946116 0.35346694326490247 0.10945080390309006 0.08463296483547371 0.06336620190642976 0.12202947838150488 0.09850572351278106
0.11699505838694486 0.0837057661410298 0.2638208585379153 0.08150827891400021 0.1343656460428218 0.10062692623818284 0.1211675310423048 0.09780993469680026
0.1066435989052388 0.07497685454117631 0.3074141084272288 0.11163152867660348 0.10099115548459854 0.07341355439289343 0.12446082376331759 0.10046837580894312
0.10255656233461485 0.07257312845635269 0.33116354241450113 0.11152918853686473 0.09070488587598101 0.06674970055367471 0.12434672214483275 0.10037626968317825
0.10040311914182021 0.07141259923659432 0.3431353694811041 0.11055735696871989 0.08704330428410349 0.06468342714471503 0.12326320247109515 0.0995016212718479
0.11802663304588583 0.08419303298807321 0.25944523446826684 0.08172795839842176 0.13572026281221183 0.10131922885854475 0.12149409935048965 0.0980735500781061
0.09787664615594487 0.1505850237801503 0.1741728689444951 0.13993688892177183 0.0927585556983666 0.14754152949642751 0.07118528697324915 0.12594320002959464
0.10558360563771271 0.09466924111353024 0.2616437762756552 0.1181924412411691 0.09350215885605039 0.08825982810636235 0.13177575165246763 0.10637319711705219
0.08350372297052977 0.13791935194657126 0.15397947496034822 0.12530423959080522 0.09651900864763786 0.16742015187007345 0.08498896250506789 0.15036508750896624
0.10234132934857243 0.09295682952690608 0.25157711244132025 0.12037536495212484 0.09600449303161522 0.0941974935571201 0.13420954868542873 0.10833782845691235
0.10415517335413255 0.07889314016530821 0.30367463096907515 0.11536474630441142 0.09191779433352737 0.07354316037958207 0.12862308281999302 0.10382827167397025
0.09499640792122789 0.1503412473181871 0.1914916060863274 0.14290245442661523 0.08228459479905616 0.13667762321283256 0.07269385725179993 0.1286122089839537
0.11928288849536837 0.10782818904188943 0.1944642683007962 0.08431396252024093 0.13740319610808616 0.130192372344912 0.12533836816441785 0.1011767550242891
0.09805627238796404 0.1611770272075885 0.14994089850720713 0.1400268458372333 0.09300049752135935 0.1605432496201104 0.07123104766502737 0.12602416125350993
0.10673719555905965 0.0981698440838669 0.2481338112421666 0.11944849043895216 0.09454380505465672 0.09228705945325996 0.13317615277298098 0.10750364139505693
0.10561685330035951 0.08012146516898283 0.3017125351989837 0.11538066721457266 0.09154418341843214 0.07314086175885852 0.1286408334466952 0.10384260049311539
0.10277095387150936 0.07415287706488828 0.3287379199614747 0.11235786177551865 0.08851549980681062 0.06707218095718619 0.1252706309646454 0.10112207559796679
0.10063135474526425 0.07188808818956202 0.3420246303560515 0.11078753125127251 0.08657226255647377 0.0648675251562747 0.12351982961895605 0.09970877812614526
0.09936657619631067 0.07093889318300241 0.34849722827600255 0.11002585275503184 0.08550492042579264 0.06397264674700476 0.12267061493732653 0.09902326747952865
0.08786600886853158 0.06278278024064145 0.3130791213737643 0.09763541479871975 0.10085414100555917 0.07547843425353656 0.14514160170078338 0.1171624977584637
0.09711383592446328 0.07023776447424002 0.33502350826790894 0.11244487899874898 0.09105637753118224 0.06755559502985775 0.1253676486747246 0.10120039109887408
0.0986620005108635 0.07086762988208127 0.3452252041834324 0.1105516271172097 0.0871013107880729 0.06483894899858957 0.12325681411426216 0.09949646440548873
0.11735537744518194 0.08402743217474305 0.2603451683036646 0.08170566488893932 0.13571098541360557 0.10134761535581947 0.12146095855131876 0.09804679786672721
0.10691591625722581 0.07516298651207133 0.3056039816679976 0.11181159903824459 0.10152562711407313 0.0736878614975068 0.12466158877846074 0.10063043913442012
0.102723630877427 0.07267392083953446 0.3302586826194271 0.11162818346589487 0.09092755449072536 0.06686556848466586 0.12445709410302008 0.10046536511930537
0.10049598888050663 0.0714643910007771 0.3426905781306846 0.11060719695541356 0.0871406880332469 0.06473590940264247 0.12331877033685659 0.09954647725987222
0.0992848132797933 0.07081443270212523 0.34880522408214887 0.10997002464259681 0.08562837364160489 0.0639157387151553 0.12260837075823851 0.09897302217833712
0.0819126152546393 0.12826130655151888 0.18256783130794774 0.12471018905712718 0.0940825475208065 0.1542272421658779 0.08458604127352974 0.1496522268685526
0.07613440148535094 0.1486083212972437 0.12650783144493633 0.1232517192088191 0.09499884305486495 0.1990000022122204 0.08359681824598166 0.14790206305058293
0.07375640502919999 0.1545876442216344 0.1076914228491931 0.12167907987525191 0.09407853201666504 0.2196618616336693 0.08253015852408391 0.14601489585030228
0.10096194524638592 0.09879685012317693 0.22500530925184314 0.122503256828627 0.0970857441472728 0.10881197392710244 0.1365819893298274 0.1102529311457643
0.08220087142343827 0.139376279880734 0.14190603546079197 0.12540673343545203 0.0974664121037204 0.17809710750405788 0.08505848006926313 0.15048808012254242
0.07580447345345005 0.15210947554402493 0.11322052818433127 0.12266704015284907 0.09549759478232468 0.21030018637853812 0.08320025332106284 0.14720044818341887
0.1014506938067212 0.09797774576511308 0.2282723549121018 0.12229549485794347 0.09731462140800537 0.10627279364082609 0.13635035023713996 0.11006594537214913
