Action: 0
[0.20757054282490994, 0.09863214145506206, 0.19520860530075015, 0.09863214145506206, 0.10406014191536471, 0.0986321441387269, 0.09863214145506206, 0.09863214145506206]
[0.18650302276425268, 0.09594136099201944, 0.223428534408016, 0.09594136099201944, 0.1103616378676342, 0.09594136099201944, 0.09594136099201944, 0.09594136099201944]
[0.14172625880192344, 0.09664098182846173, 0.1794804243013835, 0.096640981826114, 0.09664706792896739, 0.19558232166092201, 0.096640981826114, 0.096640981826114]
[0.125, 0.125, 0.125, 0.125, 0.125, 0.125, 0.125, 0.125]
[0.21732678546343923, 0.09953580714571947, 0.1925287713189005, 0.09798961654022459, 0.09864410166815195, 0.09799568478311503, 0.09798961654022459, 0.09798961654022459]
[0.09992250050482497, 0.1560713419947169, 0.2435319987007421, 0.09152808559079623, 0.1066999526919682, 0.11918994933535923, 0.09152808559079623, 0.09152808559079623]
[0.125, 0.125, 0.125, 0.125, 0.125, 0.125, 0.125, 0.125]
[0.125, 0.125, 0.125, 0.125, 0.125, 0.125, 0.125, 0.125]

Action: 1
[0.09730276359894323, 0.09730278106197131, 0.09730276359894323, 0.09730276359894323, 0.13566152045439453, 0.280521880488918, 0.09730276359894323, 0.09730276359894323]
[0.09814094534856062, 0.09814094534856062, 0.09814094534856062, 0.09814094534856062, 0.2865441804982508, 0.12461014741038558, 0.09814094534856062, 0.09814094534856062]
[0.09751769532512636, 0.09698629650764613, 0.09698629626754804, 0.09698629626754804, 0.15408772670998028, 0.26346309638705506, 0.09698629626754804, 0.09698629626754804]
[0.125, 0.125, 0.125, 0.125, 0.125, 0.125, 0.125, 0.125]
[0.10016883998557251, 0.09789351316442882, 0.09789351316442882, 0.09789351316442882, 0.12034648658316513, 0.29001710760911814, 0.09789351316442882, 0.09789351316442882]
[0.10020443451501976, 0.09632740685408751, 0.09632740685408751, 0.09632740685408751, 0.24413699201280958, 0.17402153920173308, 0.09632740685408751, 0.09632740685408751]
[0.125, 0.125, 0.125, 0.125, 0.125, 0.125, 0.125, 0.125]
[0.125, 0.125, 0.125, 0.125, 0.125, 0.125, 0.125, 0.125]

