0.125 0.125 0.125 0.125 0.125 0.125 0.125 0.125
0.07575757575757576 0.12626262626262627 0.09090909090909091 0.15151515151515152 0.0946969696969697 0.15782828282828282 0.11363636363636365 0.1893939393939394
0.10177458305186214 0.15883738584405618 0.08577218835579035 0.1429536472596506 0.11912803938304216 0.19854673230507025 0.10721523544473795 0.08577218835579035
0.08769198837691987 0.1551473640514736 0.07644942576449425 0.13525667635256675 0.10523038605230385 0.18617683686176836 0.0917393109173931 0.1623080116230801
0.14293944048847704 0.10418858492058397 0.1587635579742232 0.1250263019047008 0.11534104639152969 0.10633452381065432 0.13840925566983558 0.10899728883999554
0.10397811965589765 0.1529416604639337 0.09479715664872174 0.13764749441754034 0.11470624534795028 0.21010520600227692 0.10323562081315527 0.0825884966505242
0.08467734460054165 0.14981376352403522 0.07382127477995938 0.13060687076454355 0.10161281352064998 0.2141541581568668 0.08858552973595127 0.15672824491745221
0.10284009800960726 0.07498507993428213 0.20372610656108392 0.14997015986856427 0.08301156590201358 0.08870064162475017 0.16602313180402717 0.13074321629567143
0.09855432466082106 0.14957520697797047 0.1084608537243318 0.13461768628017343 0.11218140523347786 0.21487664664499118 0.10096326471013008 0.08077061176810407
0.10768536759940735 0.08692674252000353 0.13460670949925918 0.1086584281500044 0.12922244111928882 0.14098214593292036 0.16152805139911103 0.13039011378000528
0.10153261196902323 0.07241958665032734 0.22610905622803112 0.14483917330065468 0.09018444064607214 0.07830216393369649 0.1603429187536755 0.12627004851851947
0.09669968985454153 0.14656929866768653 0.11906578800758107 0.13191236880091786 0.11965100866218512 0.20802014812584893 0.0989342766006884 0.07914742128055073
0.06861404653797082 0.1213940823364099 0.08576755817246352 0.1517426029205124 0.09159422087934604 0.1958752958417261 0.10292106980695623 0.18209112350461487
0.13282983457554853 0.09804008740350274 0.177824459620819 0.1176481048842033 0.11823388003959948 0.12261733068959665 0.1302412882722967 0.10256501451443363
0.10719379668413244 0.08652993226309487 0.13399224585516553 0.10816241532886857 0.14277540069097425 0.13076061575692344 0.16079069502619867 0.12979489839464228
0.06853411338700234 0.12125266214623492 0.08566764173375294 0.15156582768279364 0.10183800020947358 0.18646159154088665 0.10280117008050353 0.18187899321935236
0.09781681689652212 0.07219449740055532 0.22297452994840156 0.14438899480111064 0.0878779174906925 0.08902510560231894 0.15984455264917416 0.1258775852112247
0.07536747772266042 0.1144175757643591 0.13297096273152778 0.13730109091723092 0.09335623574306134 0.17198447528669839 0.1029758181879232 0.17162636364653863
0.10845351123032496 0.07943613194460608 0.1652457673865325 0.09532335833352731 0.13782905421655223 0.143251060981822 0.1513069179897259 0.11915419791690914
0.08048146449414116 0.1423902833357882 0.07016332802053332 0.12413511880555897 0.12554235721003912 0.22412931194262836 0.08419599362463999 0.14896214256667076
0.09118214727674837 0.0736048658740017 0.18236429455349673 0.1472097317480034 0.10510089382329323 0.10392144305310638 0.16412786509814706 0.13248875857320305
0.07430276837948427 0.11343392606207807 0.12292367565187015 0.13612071127449368 0.10093250316747099 0.18004499291561554 0.10209053345587027 0.1701508890931171
0.07189166903936577 0.11144808108498679 0.10769833709157323 0.13373769730198415 0.09862257798672612 0.2091262428913956 0.10030327297648811 0.16717212162748016
0.06564765316161132 0.11614584790131234 0.0907577350041418 0.1451823098766404 0.09616615278483912 0.21341004967706959 0.09847147974241699 0.1742187718519685
0.09958118114510649 0.07017189889345214 0.22344336596822284 0.14034379778690428 0.09105929939927496 0.09768310033983191 0.15536635326836776 0.12235100319883963
0.09857391951644905 0.13910770863555721 0.12439671780667509 0.12519693777200147 0.12160113493040117 0.22210771534671392 0.09389770332900112 0.07511816266320089
0.06468611963475072 0.11444467319994359 0.0909304801614889 0.14305584149992948 0.10201861568753733 0.2161680805643086 0.09702917945212608 0.17166700979991537
0.09902593867919954 0.06984614199738029 0.22430202790529166 0.13969228399476058 0.09152897851799792 0.09917651137076457 0.15464510071866044 0.12178301681594511
0.09815532071405185 0.13856165611682592 0.1251418973672737 0.12470549050514333 0.12127290963701377 0.22381031347774788 0.09352911787885751 0.074823294303086
0.07570693242184855 0.13394303428480897 0.07431691074139057 0.11677085040214116 0.11947667624811345 0.2604594768855018 0.07920109853362618 0.14012502048256942
0.08863919098780135 0.07155211802629748 0.19065454671006243 0.14310423605259495 0.10642010385994705 0.11128544813791892 0.15955054377804243 0.12879381244733548
0.09894953469793231 0.06713604638135111 0.2673476795528612 0.13427209276270222 0.08865911381522885 0.07793308467748723 0.14864472621674804 0.11705772189568911
0.05815859562456201 0.1028959768742251 0.0743935665615915 0.08970418496727316 0.14446597067176123 0.2495686045334709 0.10140473083256966 0.1794083699345463
0.08716212882416516 0.0703597907375791 0.19789427390710176 0.1407195814751582 0.11061305310430404 0.1097117167405521 0.15689183188349728 0.12664762332764237
0.06530667092296612 0.11554257163294006 0.11868092264734882 0.14442821454117508 0.1024376801829887 0.18233007623872202 0.09796000638444918 0.17331385744941005
0.09807455727715696 0.0691033363629744 0.2377406578856824 0.1382066727259488 0.09061834677188829 0.09276809247103253 0.1530004679750023 0.12048786853031435
0.07155025418579274 0.11508304286633936 0.12612120148588152 0.14385380358292418 0.09791038435454966 0.17528634331658532 0.09757040590841816 0.172624564299509
0.098732518833857 0.06886759513754963 0.2411874672610883 0.13773519027509926 0.08969794752822662 0.09122393089599358 0.15247851752066338 0.12007683254752242
0.06254887576551169 0.1005319934423505 0.07727078988400277 0.08764327633435685 0.14327147361561043 0.25437203025931143 0.09907500803014252 0.1752865526687137
0.10143429451153721 0.07683303298910872 0.14093523834298735 0.0960412912363859 0.16315698318568425 0.16357778029325992 0.14277182995737364 0.11524954948366307
0.1300294495338712 0.08826481813937798 0.1830207515631956 0.11033102267422247 0.14677363572210814 0.11927154533707474 0.12301085662334951 0.09929792040680022
0.10180507659943085 0.06609303412798 0.24587436365689455 0.13218606825596 0.10638576207770686 0.0813106323782277 0.147377601473436 0.11896746143036402
0.09601743095268957 0.06519802291948015 0.27657459277048785 0.1303960458389603 0.09585419882883658 0.07322140737223742 0.14538186006224382 0.11735644125506428
0.0938042593633002 0.06421536803601219 0.29171993633515 0.12843073607202438 0.09227854126822121 0.07077281012345206 0.1431906863370182 0.11558766246482194
0.0926984583542717 0.0636352748103892 0.29941478186721704 0.1272705496207784 0.09077639825242906 0.06976387741125643 0.14189716502495742 0.11454349465870059
0.10846031776119573 0.07455584230948539 0.22326947690971136 0.09319480288685675 0.14138789469550714 0.1087575681292703 0.13854033384374526 0.1118337634642281
0.12755285847650197 0.08538657141977346 0.22515963792909696 0.10673321427471684 0.1371882710011926 0.10291998530040815 0.11899956875106489 0.09605989284724514
0.1037960549326944 0.06369363883890727 0.2708145300336692 0.12738727767781455 0.10171556392676336 0.07591707658261442 0.1420273080975037 0.11464854991003309
0.07877960889219024 0.11120554463967722 0.14567481559058673 0.13900693079959653 0.0992871464471438 0.16495467491156335 0.09428296175972635 0.1668083169595158
0.07477461589489005 0.11136051428357387 0.11401534174241283 0.13920064285446732 0.09854172431059374 0.20065204042219323 0.09441434906650828 0.16704077142536078
0.09827954305770367 0.07513717452475127 0.22579135539603704 0.1343458611177898 0.09787014437293036 0.09787903718897255 0.14978560933580443 0.1209112750060108
0.09893782937558629 0.06962274244415524 0.27341907654498365 0.1288705311774702 0.09387068015775205 0.07561463718126922 0.14368102505906002 0.11598347805972317
0.09721776062098605 0.06788037889665115 0.29269692793620433 0.12626392105937986 0.09126086691779457 0.07026776631500976 0.14077484930053247 0.11363752895344187
0.09614124479856696 0.06720726446109057 0.3004165365105314 0.1251978355014996 0.08999313889623206 0.06877968441861015 0.1395862434621197 0.11267805195134964
0.09563783073334031 0.06693981867502428 0.30350711777983175 0.12477069138202326 0.08943872176331531 0.06830218777731378 0.1391100096453304 0.11229362224382095
0.09542252993748264 0.06683274127492865 0.3047486707587387 0.12459924360474409 0.08920658148075535 0.0681320555308066 0.13891885816827437 0.11213931924426968
0.09533333921891687 0.06678955608312476 0.3052500893704298 0.12452996326826785 0.08911107560052624 0.06806739375401578 0.1388416157632777 0.11207696694144105
0.12796773055195707 0.08966372559911068 0.2563588392803659 0.10449075095940187 0.11960891266495681 0.0913689755782487 0.11649938950249732 0.09404167586346168
0.10518485316362768 0.06831721157952 0.28331971112237964 0.12426830539306064 0.09616652866054692 0.07235202846798182 0.13854988675912877 0.11184147485375456
0.08035347483425333 0.11785469712965324 0.14824710133819988 0.13709942072879916 0.09721615576073954 0.16172067301339293 0.09298917232040292 0.16451930487455899
0.07642538775322948 0.1231102209932118 0.11345181878417361 0.13664156950315043 0.0967160630813846 0.19700642673110652 0.09267862974996291 0.16396988340378052
0.13358035525606268 0.09897991349664151 0.1840168717091944 0.10931338855243657 0.1270314642002514 0.12681968656781734 0.12187627052040315 0.0983820496971929
0.11258397858100098 0.07060083069035877 0.25246375055384507 0.12726606980753408 0.1001019486774433 0.08055178849553299 0.1418921703675044 0.11453946282678067
0.14075222731295342 0.09024629810632094 0.23534080275867025 0.10473872322324303 0.12326191842670331 0.094619319199903 0.11677586007128737 0.09426485090091871
0.08872861475334412 0.11840313495464343 0.134963477515161 0.13446143670860228 0.1023097351579134 0.16857994587504796 0.09119993098496502 0.16135372405032272
0.10414442606717825 0.08044779664869621 0.2329100054657849 0.13109164036703233 0.09689094336928986 0.09037531570068465 0.14615739605100472 0.1179824763303291
0.10453913310369357 0.07312833298681999 0.2748154862950354 0.12662909868125444 0.09244888704860531 0.07329087797460093 0.14118199509686127 0.11396618881312899
0.10298729357524877 0.07103445896277118 0.2918022877413622 0.12441907551035984 0.08999043329814324 0.06907129876437484 0.1387179841884161 0.11197716795932386
0.10194463171211983 0.0703000210947008 0.29860724325725474 0.12352574420358571 0.08886158488048326 0.06786561862075025 0.1377219864478784 0.11117316978322714
0.10142927472457389 0.07002266916079895 0.30132822635039064 0.12317472784709749 0.0883832809184411 0.06747393653066579 0.1373306294056445 0.11085725506238774
0.08142282002922584 0.1232879079432577 0.15207177869377042 0.13560154138138472 0.09460389850205408 0.15831698442092376 0.09197321937172183 0.16272184965766168
0.1018186503392561 0.08071822788195801 0.2407761699697661 0.13056962373601858 0.09468815790175596 0.08834112234493922 0.14557538646388934 0.11751266136241671
0.13769643991311525 0.09689656112692611 0.23084696902601676 0.10480570256018609 0.12179459731288088 0.09678406072318642 0.11685053703352091 0.09432513230416749
0.1116247487138969 0.07380994520111898 0.27114838802280034 0.12380124466656095 0.09669733813543852 0.07346806615591983 0.13802914890435972 0.11142112019990486
0.08353015039026107 0.12407650894673428 0.14445194007292297 0.13560570568764987 0.09656102391763385 0.16107178030190772 0.09197604385771035 0.16272684682517985
0.11675426017224196 0.09208778980388978 0.1686559008997719 0.09298360484548247 0.14471091837497554 0.13500082631876012 0.1382263737702993 0.11158032581457897
0.08323476839744015 0.12580001660100543 0.11706097688740386 0.13314816656642492 0.10658512351073983 0.184083956920918 0.09030919123635778 0.15977779987970986
0.10337304519346675 0.0818085029534481 0.22476845619574393 0.13174028380697203 0.09859625824454929 0.09426661309923456 0.14688058508031063 0.11856625542627483
0.12123920780577298 0.08505923029679185 0.19633836011737535 0.09184731522173253 0.1438988493516501 0.11486305601396286 0.13653720292663524 0.11021677826607905
0.12466232884345113 0.08396648421268321 0.18358342344063325 0.08988019226868438 0.15757626639454275 0.11886213158085317 0.1336129425367308 0.10785623072242125
0.11015990887962634 0.07343374033108103 0.25097517968726857 0.12594348307491962 0.10683190915958057 0.07888905923895467 0.14041758486114167 0.11334913476742764
0.13970145967542308 0.0949141406043507 0.2337286661835025 0.10382588090969906 0.12477310460393766 0.09385534619011124 0.11575810901424657 0.09344329281872915
0.08804764543888613 0.12640218324281438 0.13366449103074665 0.13289675533669623 0.1020724576948502 0.1673016920149075 0.09013866883706353 0.15947610640403545
0.1040980354242577 0.0813967504371295 0.23212361906581913 0.13094014435317425 0.0969845072597648 0.09062232424077227 0.1459884893012256 0.1178461299178568
0.12139870386738184 0.08486911872693288 0.198810037273568 0.09168804083964815 0.14317478398246825 0.11373323544228942 0.1363004308601337 0.11002564900757779
0.10901155181390064 0.07333994188801816 0.2579510998819812 0.12563824765026416 0.10316881420091288 0.07773865153827118 0.14007727014141394 0.11307442288523777
0.10470603656288573 0.07129237377488712 0.28450468538392665 0.1247890649101495 0.09292939618041983 0.0703377900105644 0.13913049475803235 0.11231015841913455
0.10276918928891846 0.0704453095627116 0.29551616717030665 0.12371652890374844 0.0898608493711879 0.06841238253885767 0.13793469715089562 0.11134487601337359
0.10189571275030103 0.07006174390154789 0.2999797605966755 0.12319961021013441 0.08882782613425806 0.06779732583442427 0.1373583713835379 0.11087964918912097
0.1015162916368321 0.0698978034608724 0.30177612630091993 0.1229818400897888 0.08845354751300774 0.06757516096691504 0.13711557395085405 0.11068365608080992
0.08154310985779441 0.12313113471093852 0.15210306508069646 0.13543539205869692 0.09473149925236238 0.15867280178143703 0.09186052678763793 0.16252247047043633
0.10154061635540407 0.08477864463760983 0.2399218440472827 0.1296733049873549 0.09449087339820927 0.08831268413693161 0.14457605794858824 0.11670597448861943
0.08126249350448855 0.13106045522481508 0.13601664873232483 0.13511966038488277 0.0958506304543415 0.16690014088928057 0.09164637834800744 0.1621435924618593
0.10202596255206026 0.08652274808301137 0.23276929726521434 0.13037775194559442 0.0952598270868627 0.09034297257986518 0.14536146373635675 0.11733997675103496
0.10392056314290142 0.07664765294965224 0.27424548065035537 0.12600287097415377 0.09198419066274773 0.07331285980659606 0.140483797936855 0.11340258387673838
0.1027755450471809 0.07387821606037988 0.29110409510102225 0.123842682576293 0.08980332586946155 0.06906237194566901 0.13807534908132965 0.1114584143186637
0.08151510825105852 0.12799706232785366 0.14901864685815971 0.13482823042311798 0.09470567719058896 0.15869268563275613 0.09144871280872349 0.16179387650774157
0.10163112048138948 0.08563752909470244 0.23851716818016835 0.12977145038976406 0.09457091802711591 0.08839202572808133 0.14468548274799067 0.11679430535078764
0.1036000625547893 0.07634102757563925 0.2766187262471262 0.12570910706308608 0.09163888689652225 0.07279772020736493 0.14015627309869447 0.11313819635677748
0.10260466310771035 0.07376258228019691 0.2920643635570555 0.12372085557441244 0.08965303810886728 0.06890620628898625 0.1379395210658001 0.11134877001697117
0.10176034803268437 0.07291562841030844 0.2982638758038783 0.12291826392069118 0.08868058961221886 0.06779016542479635 0.13704469126680044 0.11062643752862207
0.10131641207338497 0.07260963551930241 0.3007501390836413 0.12260313378102063 0.08825653928328532 0.06742797517820452 0.1366933446782424 0.11034282040291857
0.11873710743624284 0.08512841585601365 0.22146275836615129 0.08989126812178347 0.13790938050663623 0.10537214043076919 0.1336294075362632 0.10786952174614017
0.08353090106502216 0.12902634023882373 0.13007133827210002 0.1323487474977649 0.10484494790814841 0.17159225145712154 0.08976697656370142 0.15881849699731787
0.10261399715569963 0.08619619521308308 0.2297099227210259 0.1302721899080587 0.09740094081973624 0.09131801332287531 0.14524376994226845 0.11724497091725285
0.10414938836888413 0.07665353431547405 0.272912487344966 0.1260921450676791 0.09255588005384965 0.07357030239934598 0.14058333188888997 0.1134829305609112
0.08184085790968246 0.12886930765104057 0.14446475142480808 0.1350148737143188 0.09544416682108871 0.16077288837216694 0.09157530564971188 0.16201784845718253
0.13327660281824766 0.11239374897936139 0.1933776126711961 0.10627773148075392 0.1241494950741411 0.11638311121657176 0.11849173942704955 0.09564995833267854
0.08605480168285638 0.13580735917463835 0.12253396948784973 0.13167496900888184 0.10109546651244204 0.17551349234273622 0.08930997897993725 0.1580099628106582
0.07631776367044839 0.14627985598333026 0.10429645117008716 0.13168774801817987 0.09510592147652261 0.19896831557772013 0.08931864648189591 0.1580252976218158
0.10140122911449374 0.09289661496671177 0.2176787828563329 0.13100124852710957 0.09575635814458561 0.09730802682121736 0.14605661589515048 0.11790112367439859
0.1041389972014866 0.07990262474239816 0.26764902095379367 0.12636513629786578 0.09243548800589342 0.07489241339241487 0.14088769673806825 0.1137286226680792
0.08161662524873614 0.13228803587639723 0.14283348749295252 0.13454021685033662 0.09514388314247947 0.16087612669629184 0.09125336447240223 0.16144826022040393
0.10158602104509676 0.08918854337457059 0.23525042732423618 0.12951518291299416 0.09462077084360859 0.08887562624196813 0.1443997636358308 0.11656366462169475
0.10352054993921674 0.07872163764338726 0.2749544587353809 0.12549427162935956 0.09158341135468397 0.07286407860896346 0.13991674762258446 0.1129448444664236
0.10248423219927551 0.07568951275421926 0.29114132054079567 0.12347903510818439 0.0895434664770089 0.06886139203089107 0.1376699092922593 0.11113113159736597
0.09296523874215484 0.14976583506017419 0.17021320051138855 0.15372274839904276 0.08100849965165383 0.13577591032562988 0.07819809375081742 0.13835047355913846
0.10330739282753994 0.09134489840843087 0.24678287968296306 0.12778147800185882 0.09018204944935654 0.08313115938729942 0.1424668120408784 0.11500333020167293
0.1034956913953311 0.0787453076167433 0.2796615190295712 0.12486653567111304 0.09015769559483898 0.07147649971329408 0.13921686887510662 0.11237988210400174
0.08146236297909988 0.1318649004321853 0.14584119266823456 0.13442493417487278 0.09455902012056891 0.15936249587049484 0.09117517274469633 0.1613099210098473
0.13260698061231135 0.1163645164800856 0.1932878222853154 0.10569956221330008 0.12338101212579634 0.1156833764504224 0.11784712384079875 0.09512960599197008
0.08557848478757449 0.14052067235570292 0.12206863918888164 0.13091645180924785 0.10049318812644008 0.17452731511652214 0.08879550644453335 0.15709974217109743
0.07617372900972035 0.14759924295642568 0.10411162685858502 0.13156919691226077 0.09489845453545574 0.19852647552713204 0.08923823790570731 0.1578830362947129
0.1139487992312611 0.10470307708200088 0.1528634692008542 0.0920332243722758 0.14344631471063804 0.14575167679088566 0.1368135693653533 0.11043986924673097
0.08179794545055483 0.13686311746441643 0.11186343252312403 0.13109400277111435 0.10515428925948084 0.1869984768916512 0.08891593231432104 0.1573128033253372
0.10247590092190931 0.09079763780579422 0.22087822169839388 0.13047311353505717 0.09779538559061543 0.09468615347460736 0.1454677847920712 0.11742580218155145
0.10426683925182692 0.07940368005677523 0.2689177253242927 0.12615184371040886 0.09276673784410318 0.07430662305281426 0.14064989142041104 0.11353665933936796
0.09353989097807057 0.1513732836947539 0.16400848721495856 0.15412040296538249 0.08181888611167275 0.13803030746653597 0.07840037889978155 0.13870836266884426
0.10368192431955553 0.09183231970135687 0.24406441716602575 0.12806772581635908 0.09056695450214515 0.0837397482675655 0.142785956992269 0.1152609532347232
0.10369544505334634 0.07890986361614377 0.27853493353216735 0.1249986154510188 0.09033513619919152 0.07166312426921367 0.13936412797300154 0.11249875390591692
0.10239814971063586 0.07561636491233051 0.29258281859085783 0.12329097511586419 0.08913980091221982 0.06854977671866389 0.13746023643515007 0.11096187760427778
0.11903578429554124 0.0874882276998494 0.21851444590360267 0.0898110072575863 0.13817720433082845 0.10569002743250934 0.13351009437097905 0.10777320870910355
0.08334778062337077 0.13242144517077195 0.12900142873781845 0.13179205101539157 0.10460166760755937 0.171295774503135 0.08938939112348299 0.15815046121846987
0.07566141924601717 0.14770187404088542 0.10571345075449363 0.13135975446791437 0.09577088130239633 0.1970647335355149 0.08909618129128105 0.1576317053614972
0.10089710629831589 0.09576718887676981 0.21777815287200067 0.13041276008499167 0.0956202885980469 0.09675252399414566 0.14540049519923698 0.1173714840764925
0.08056709260510263 0.13953066472395603 0.12967952138078462 0.13393341043708418 0.09542529693550977 0.1693021299661699 0.09084179142689187 0.16072009252450098
0.10148895211836205 0.09339404307707172 0.2288569998326994 0.12958257414296612 0.0948632948212568 0.09071491945092129 0.14447489982805323 0.1166243167286695
0.13695865038891325 0.10744013121851081 0.22482978457704317 0.10370166023245538 0.12125458996620558 0.09686407717834225 0.11561961222931966 0.09333149420920983
0.08644309100316881 0.14112552055786806 0.13001460670826606 0.1306162727354901 0.09996409830310447 0.1665049766845733 0.08859190672494112 0.1567395272825881
0.11622563355757717 0.10575306490510092 0.16151730722182614 0.09127649697763918 0.14430736600509533 0.13569969169134266 0.13568864326825167 0.10953179637316701
0.12287251806740335 0.09576824242803816 0.17036965943712998 0.0892274643083009 0.15743423268513523 0.12461230732034807 0.13264261858368315 0.10707295716996107
0.14293729434420888 0.10699321622034877 0.19886552894320475 0.10206125777191015 0.13922349751034824 0.10427338731135428 0.11379068590390579 0.09185513199471912
0.08748721814328664 0.1407100548101926 0.12333249054528721 0.13030155519078784 0.10409441032145214 0.16933395863064427 0.08837844612940393 0.1563618662289454
0.07627194514114348 0.15156524654358897 0.10408397829094475 0.1309213812679517 0.0954154607564928 0.1958374805748558 0.08879884990348028 0.157105657521542
0.11351369363474201 0.10910975664844261 0.15228891453349377 0.09152422828759567 0.1430864726532862 0.14459094779815299 0.13605691249917207 0.10982907394511479
0.1080552383178218 0.08585177918600416 0.23646044305517286 0.12636227149312143 0.10423388510020183 0.08442583580929891 0.1408845026945697 0.11372604434380928
0.08202417761693945 0.1367166989187689 0.13450689016871129 0.13379226262572086 0.09751564409569541 0.16414755503367975 0.09074605638961936 0.160550715150865
0.07539238911878156 0.15136970020833768 0.10704315382858826 0.13133297769483623 0.0940987377733897 0.19408544848837417 0.08907801965388894 0.15759957323380347
0.073469616924438 0.15506227137251716 0.09950958842852539 0.1301464655194417 0.09251681171861512 0.20484623253907652 0.08827325487405611 0.15617575862333002
0.07287034045135263 0.15585076632069927 0.09738778291546582 0.12970847308280792 0.09186815702476596 0.20868813076241693 0.0879761817431219 0.15565016769936948
0.07264185080482848 0.15637956166738806 0.09672988054014757 0.12948041434321406 0.09157956627653809 0.20999073073193392 0.087821498424093 0.15537649721185684
0.07256537178996707 0.15649516360646573 0.09652913572157426 0.12941609588750155 0.091472852628535 0.21044419156856217 0.08777787373239235 0.15529931506500183
0.1002303353240326 0.0986699374536785 0.21326515938394228 0.13051859707837654 0.09475354967585636 0.09957718816499682 0.14551849554857801 0.11746673737053889
0.1369139900317546 0.10982509340401636 0.21886289178286095 0.10399361270300826 0.12155786643996815 0.09930717675919602 0.11594511744648832 0.09359425143270743
0.1112312256131326 0.08393044643652971 0.2646545295001783 0.12267559429503898 0.09655031485734103 0.07377572168837257 0.1367741327438718 0.11040803486553506
0.1385322591424424 0.10421416564117354 0.23742982450479644 0.10217410675674699 0.12025147846677012 0.09152496530656529 0.11391650410043283 0.09195669608107228
0.12788668447497709 0.09480228881069282 0.19636925375948827 0.08775805699036536 0.14698510261763806 0.11043069904436442 0.13045824591403568 0.10530966838843843
0.10985699140646078 0.08156562580631427 0.25517710670410465 0.1239007596387515 0.10332177346676784 0.07652695863086274 0.13814010067186175 0.11151068367487635
0.10438917184258317 0.07831897935981565 0.2823300431665134 0.12364795969156232 0.09246179111348447 0.06971064350722146 0.1378582475964135 0.1112831637224061
0.13604485017618198 0.10257116868292873 0.24441799885457474 0.10205923501346585 0.118851544314115 0.09041346076742189 0.11378843067919253 0.09185331151211927
0.11002599938554349 0.08169712127630763 0.2754502682020663 0.12149482589416026 0.0950684017500324 0.0714603760932088 0.13545766409393686 0.10934534330474423
0.08236371755967048 0.13540419134147755 0.14431687112470748 0.13347795262812634 0.09524610426228886 0.15848474771264 0.09053287221733786 0.16017354315375157
0.07549383075780827 0.15142986816925863 0.10949763922429753 0.1313693266999221 0.09361291883110062 0.19185055051602 0.08910267376168629 0.1576431920399065
0.07348435642452827 0.15555144426800113 0.10010125062345901 0.13012419862572736 0.09239928954373675 0.20393227005231152 0.08825815211136291 0.15614903835087282
0.10036688176007133 0.09851378306445581 0.21493433937694592 0.13039055296489072 0.09487134255108497 0.09819586669657743 0.1453757359175722 0.11735149766840165
0.1368891949903213 0.10985377724514875 0.21946660692561606 0.10393070572211222 0.12153024708084852 0.09891685202871205 0.11587498085734002 0.09353763514990097
0.11119042362529319 0.08401788169095897 0.26489208240549506 0.12262587939753068 0.09651329617833353 0.07367844090139375 0.13671870434321703 0.11036329145777761
0.12157462470974319 0.09158087415267742 0.20848346600322695 0.08967040294405712 0.14070872577859964 0.10707634626348254 0.13330107661534463 0.10760448353286854
0.10798600184607271 0.08082563572834596 0.2607903600423007 0.12372940280256206 0.10162770203415358 0.07573538443692499 0.13794905058733412 0.11135646252230585
0.10373455075943909 0.07811002615133099 0.2846953840958946 0.1234202283919444 0.09191504612616573 0.06944221473026244 0.13760434419221262 0.11107820555274997
0.10193878101326287 0.07701243449594015 0.2947176924234777 0.12254064875241058 0.08907494099441543 0.0678052399089198 0.13662367853440402 0.11028658387716951
0.13487802333564053 0.10205023574466711 0.2490456576464404 0.10175741388215657 0.11752513066038751 0.08970994359501915 0.11345192264174771 0.0915816724939409
0.1095554475459267 0.08155991683302402 0.2774033153304246 0.12128133600196954 0.09461283551594468 0.07121430757471212 0.13521963879622573 0.10915320240177259
0.10347223839643804 0.07775089644398381 0.29142592690856217 0.12253966038349842 0.08974059144222753 0.06816241550331568 0.13662257657682583 0.11028569434514857
0.10162117827945359 0.07674558520209673 0.2974367144902385 0.12220355678412333 0.08836228815626286 0.06739962983623322 0.13624784614588076 0.10998320110571098
0.11843485251010225 0.08961489708150297 0.21987595675733915 0.08941283715649337 0.13745252408864975 0.10499534004518407 0.13291818777293643 0.10729540458779203
0.10680432150382568 0.08013764357348388 0.26575463203393085 0.12328564450890242 0.10052312019559402 0.07508326492005675 0.13745429320619418 0.11095708005801218
0.10326312021149615 0.0778378927067093 0.2867572932858546 0.12319618529286075 0.09151009623247765 0.06920429265065824 0.13735455285636863 0.11087656676357469
0.10174750390700313 0.07690136049554776 0.29556005213921577 0.1224441288841406 0.08891915881341321 0.06771201368069475 0.1365160660842582 0.11019971599572653
0.10106794073113293 0.0764825839950315 0.29915903466491456 0.12205363706299123 0.08807128795587932 0.06723654538850116 0.13608069684485738 0.10984827335669212
0.0806519673863883 0.1338427061917032 0.15037485863472236 0.13362829080930214 0.0936608260499549 0.15685256123393546 0.09063484072283103 0.16035394897116256
0.07517591420584674 0.15115043592878316 0.11100274813447004 0.1313957008056071 0.09326195791185553 0.19121783976116677 0.08912056228554222 0.1576748409667285
0.10050549975609747 0.09724916998270262 0.22004307815177496 0.13002499628369896 0.09477843306921327 0.09540815860279094 0.14496816749839272 0.11702249665532906
0.10357480800855227 0.0828309225840683 0.26822841648289664 0.1257625748426317 0.091900493166877 0.07430058187385057 0.14021588568275506 0.11318631735836854
0.08120960288610816 0.13619840619304666 0.1425925831171316 0.13387840259256054 0.09465532459784864 0.1600071157437993 0.09080448175843236 0.16065408311107263
0.13196928910276967 0.12153342626124 0.1912414361724804 0.10509590819105635 0.12291704002093944 0.11548248822475897 0.1171740946548046 0.09458631737195071
0.11101359175997146 0.08729100610787159 0.2528110143691517 0.12389919554999707 0.09779659533451475 0.07754096405387247 0.13813835682962358 0.11150927599499735
0.08254837653350618 0.13750745066453304 0.13856077381257817 0.13355931800657744 0.0958925983066809 0.16107224189855274 0.09058805916967862 0.16027118160789292
0.10159060955215811 0.0935126541092335 0.23262414396577533 0.128986828820468 0.09458802404849995 0.0887989053133698 0.14381068825207402 0.11608814593842122
0.103375887840411 0.08168645710735563 0.2734622430219763 0.1251455003883177 0.09143400969712412 0.07273705787880201 0.13952789371652735 0.11263095034948593
0.08116778675330598 0.1357883712731569 0.14391904948386727 0.13384869497855562 0.09453948978443778 0.1593338415060852 0.09078433224632469 0.16061843397426676
0.13192369723442515 0.12139231054428111 0.1917646449836254 0.10507020512972878 0.12285233111113938 0.11528818872048104 0.11714543765956328 0.0945631846167559
0.11098228480714402 0.08724622362643539 0.253039074594068 0.12387620022155466 0.09776427413056334 0.07749064366635583 0.13811271875447959 0.11148858019939921
0.08254187326109955 0.13749111653024387 0.13861798636279923 0.13355787501445673 0.0958844943826439 0.1610501239868206 0.09058708044458805 0.16026945001734805
0.10158699931687586 0.09350747285619807 0.2326499043298914 0.12898436691560627 0.09458434191115259 0.08879304103435262 0.14380794341187744 0.11608593022404565
0.10337403234274761 0.08168465392321901 0.2734730331244053 0.1251442707367542 0.0914323345178876 0.07273530894510849 0.13952652274679905 0.11262984366307875
0.08116738236829052 0.13578767181503024 0.14392173146204548 0.13384858678800438 0.09453904604188852 0.15933301851422832 0.09078425886490732 0.16061830414560524
0.07524378630483203 0.15174924935369968 0.10937534346744883 0.13134562893400226 0.0934264706285104 0.1921581660963374 0.08908660049436676 0.1576147547208027
0.084881466919323 0.18021558995061654 0.11567113953212145 0.1503953784845051 0.08006373210311807 0.17691137723214345 0.07650547514211782 0.13535584063605458
0.07501000393137089 0.1651484559729731 0.10123916195338681 0.1294205330475531 0.08888890943836779 0.19720741271485737 0.08778088328442733 0.1553046396570637
0.13042218086022273 0.13017393228001778 0.1743543762067405 0.10545302221919026 0.12169520137921092 0.12542131691147318 0.1175722501458733 0.09490771999727121
0.11124963911747152 0.08960645736367268 0.245440105813505 0.12463169865213439 0.09807397242005819 0.07987455472214115 0.1389550431240961 0.11216852878692095
0.10509848374099781 0.0803074889869757 0.2783087961037732 0.1240947740808241 0.09157919298885578 0.07056955512974857 0.138356412296083 0.1116852966727417
0.1363977882201804 0.10329539414392337 0.24292194476758086 0.1021566237975575 0.1186879620678829 0.0907023136794382 0.11389701190563499 0.09194096141780174
0.11016204090883554 0.08198027089135357 0.2748029143939924 0.12154220316474028 0.09507009619051507 0.07154400538728044 0.1355104862150164 0.10938798284826627
0.13784160265373616 0.10353890128296724 0.24117925842514323 0.10188511092890683 0.11951158394208407 0.09075264761190227 0.1135942953192439 0.09169659983601615
0.12760614264511824 0.0947003686009074 0.1976500334960668 0.08768909464933906 0.14663231248852943 0.1101394057785312 0.13035572876230106 0.10522691357920688
0.10972946113615469 0.08159653074869037 0.25572000272751705 0.12382761730020116 0.10318886798793929 0.07643411210655503 0.13805855242276158 0.11144485557018102
0.09435836679593648 0.15537555837419945 0.15971285588028206 0.1531386211563967 0.08357531676809697 0.13811357122216433 0.07790095076216702 0.13782475904075703
0.103620437580667 0.09634702756559851 0.24140779590663425 0.1274702505616534 0.09072160349197485 0.08358984271700622 0.14211981667097773 0.11472322550548804
0.09288337555319588 0.16119392816533032 0.15535615924805454 0.15318977179951931 0.08094937377385962 0.14062962596854364 0.0779269708719294 0.13787079461956736
0.0773335018690415 0.16018963858762827 0.11195736516498912 0.13080500512657073 0.08999613879983945 0.18403242777941578 0.08871991652063058 0.15696600615188483
0.10099573207120437 0.09910530737401335 0.2203794491395429 0.1299003376235401 0.09392234239159253 0.09395734514372002 0.14482918239520068 0.11691030386118607
0.10367882324162443 0.08319459766934757 0.26835229307804725 0.12573208159386207 0.09168469296916254 0.07401675002748775 0.14018188798599246 0.11315887343447585
0.10256991485732161 0.07854025840812061 0.28814840232685507 0.123407079970566 0.08959222367518889 0.06908606410483725 0.1375896846836012 0.11106637197350942
0.11891794276897112 0.09019953631568521 0.21676533737200895 0.08960112520482279 0.1381285190548137 0.10566809843492062 0.1331980906029903 0.10752135024578734
0.10704088477973417 0.08034392542216238 0.26442279384174655 0.12342551326471318 0.10078439584603419 0.07528928847641125 0.13761023643095632 0.11108296193824185
0.1033708650735206 0.07791661398812427 0.28620787582450646 0.1232590551750193 0.0916122010028047 0.06927559119531418 0.13742464808319313 0.11093314965751735
0.1017942206892531 0.07693239749396767 0.29533622038741647 0.12247022578093654 0.08895956977657801 0.06773900049234914 0.1365451621766561 0.11022320320284287
0.11852749228323955 0.08969207742954355 0.21916518435058835 0.0894519092116128 0.13771262034286794 0.10513215432109853 0.13297627100711396 0.10734229105393536
0.12262551323890383 0.09200670239513853 0.19039475926949306 0.08844942577097614 0.15394264868805374 0.11495562767063301 0.1314860120416302 0.10613931092517136
0.10875526044582229 0.08127749968659649 0.25266670007954306 0.12423005878694966 0.10519051171876233 0.07756567172653192 0.13850724464753938 0.1118070529082547
0.10420394670906931 0.07841125642550188 0.2812987862867354 0.12376719810305158 0.09297105943914881 0.06996608521691142 0.13799118952683512 0.11139047829274643
0.10217666128170906 0.07716552251717065 0.29332877718291694 0.12269838371198867 0.08941937812409619 0.06798319059826075 0.13679954124306798 0.1104285453407898
0.0808972112441915 0.13412736011406703 0.1489304037491953 0.13369404269065163 0.09401356896083503 0.1572251243612269 0.09067943765105067 0.16043285122878195
0.11457324801171591 0.10510598567624044 0.16852904694331053 0.0913120199302605 0.14217277732831732 0.1329910476706494 0.13574145052319325 0.10957442391631261
0.1077116749733048 0.08483555296319127 0.24359688559835238 0.1256030711487042 0.10342561844659279 0.0817463818687342 0.14003805096728658 0.11304276403383376
0.10432287777399561 0.07943259831323214 0.2776377674384921 0.12427942080880015 0.09291133220307485 0.07100224511631528 0.13856227961816972 0.11185147872792013
0.13617373077210862 0.10308835053129209 0.24269216003170418 0.10218914293281132 0.11912054644515321 0.09083257233275845 0.11393326831464189 0.0919702286395302
0.11011462272018238 0.08194530293180331 0.2747085128478326 0.12155467577302359 0.09517829738949592 0.07157498789948027 0.13552439224246063 0.10939920819572123
0.1378290097679201 0.1035320522475964 0.24114472844903784 0.10188794952624784 0.11954706832996607 0.09076257696216501 0.11359746014344349 0.09169915457362307
0.12760269905663604 0.09469896748361731 0.19763762775656563 0.08768937649184189 0.1466452171073173 0.11014271257370024 0.1303561477401112 0.10522725179021025
0.08456515791598156 0.13782552810871243 0.1231701733422464 0.13072452212192293 0.10603664607662316 0.1721432178402931 0.08866532804791294 0.15686942654630748
0.10243370798009643 0.09397110241844872 0.22527821147802846 0.12928344825801127 0.0972988073188408 0.09123822232520826 0.14414139678915586 0.11635510343221014
0.10382895181573418 0.08201732665324785 0.2703305281390989 0.12544210466079564 0.09226718444887211 0.07335742474184212 0.13985858534569304 0.11289789419471608
0.08125947254087798 0.13598102539525167 0.14313059984958718 0.13386037977646947 0.09474115151638933 0.15960265760214268 0.09079225758751842 0.16063245573176335
0.10112359927626385 0.09314284574580754 0.23472315638529936 0.12882918217428044 0.09419566001279692 0.08840436844244953 0.14363492400625 0.11594626395685238
0.1365269310907252 0.10796929473728996 0.22687865481212216 0.10340995637355789 0.12077519020291187 0.09607662785159739 0.11529438419559364 0.09306896073620209
0.08625405325318276 0.1423945752694323 0.13039990006396193 0.13038220866526448 0.09972538288663542 0.1659520792380699 0.0884331502251359 0.15645865039831736
0.11602868872453799 0.10708175278937089 0.16149304226002348 0.09112089804998429 0.14405553933045506 0.13541766617402892 0.1354573350116184 0.10934507765998114
0.08195534813872637 0.1417592556410189 0.11369711544724621 0.13043795666801253 0.10500589500191243 0.1821479191875123 0.08847096191395631 0.156525548001615
0.10207028115377731 0.09511579661064457 0.2209810043773477 0.1296890313458248 0.09736646360894415 0.09346370302754592 0.14459359166467328 0.11672012821124231
0.10390202897459058 0.08238439159856621 0.26854381412504535 0.12565843708914448 0.09243060374395173 0.07388835122938076 0.14009977985909092 0.11309259338023002
0.11970889963828982 0.09147084789491852 0.21014868269415116 0.08996396693765961 0.13960311244464818 0.10741025085632167 0.13373747920881937 0.10795676032519153
0.1074794748141884 0.08083298020969305 0.26157530870085427 0.12371274903642507 0.10134595784669229 0.07578157237845468 0.13793048288090973 0.11134147413278256
0.12055970467229886 0.09094054743557457 0.2073430201281092 0.08975718588686409 0.1425072375570442 0.1077535959673398 0.13343008528853229 0.10770862306423688
0.12334043239152434 0.09244518234404049 0.186200541441455 0.088541944964935 0.1557836881667666 0.1158143286959308 0.1316235480374258 0.10625033395792201
0.10907755261721815 0.08151987848142303 0.25080449625728163 0.12438782338352954 0.10575272477319339 0.07782534304292918 0.1386831403992486 0.11194904104517658
0.12116747988743651 0.0912109832717253 0.20358319276795633 0.08987943973898582 0.14422709397210956 0.10846465882421252 0.13361182385079085 0.10785532768678298
0.10805016369710348 0.08092436519552579 0.2586614414811983 0.12393145772561831 0.10260394692745627 0.07611598627222532 0.1381743267478162 0.11153831195305645
0.10382314756473324 0.07822669363417108 0.2838079692364735 0.12351174277731661 0.09220150433764568 0.06956199804760424 0.1377063759024709 0.11116056849958496
0.08124214162393434 0.13460252322062466 0.14654578372369367 0.13375150655648915 0.09470156765252523 0.15793625621228383 0.09071841314266221 0.16050180786778698
0.10100131303132726 0.09274465895541706 0.2362439198072259 0.12867563419989886 0.09407697200938307 0.08798570174322012 0.14346372947361857 0.11580807077990898
