0.125 0.125 0.125 0.125 0.125 0.125 0.125 0.125
0.07575757575757576 0.12626262626262627 0.09090909090909091 0.15151515151515152 0.0946969696969697 0.15782828282828282 0.11363636363636365 0.1893939393939394
0.07408784041121591 0.12347973401869318 0.08890540849345908 0.14817568082243182 0.09260980051401987 0.1763901740953166 0.11113176061682387 0.18521960102803975
0.06285966714112355 0.10476611190187261 0.0565737004270112 0.09428950071168535 0.1363873837013521 0.24339723383956205 0.1131474008540224 0.1885790014233707
0.11178451178451179 0.09023569023569024 0.1397306397306397 0.1127946127946128 0.13414141414141414 0.10828282828282829 0.16767676767676767 0.13535353535353534
0.09739260293943071 0.0766966748148017 0.19478520587886142 0.1533933496296034 0.0954124475169443 0.07877944005913276 0.16981274358669968 0.13372753557452602
0.07244840150520108 0.1207473358420018 0.10274740533491505 0.14489680301040217 0.09862711302296846 0.17073933526370724 0.10867260225780162 0.18112100376300266
0.0874500414653117 0.14575006910885283 0.08641266407529982 0.13117506219796754 0.1195883043592447 0.25253752482606723 0.09838129664847567 0.07870503731878054
0.07823018659841262 0.1283335696624486 0.09067045682673 0.16041696207806078 0.08704363855366079 0.15400028359493834 0.108804548192076 0.1925003544936729
0.0946557024318683 0.0745413656650963 0.20567533666817248 0.1490827313301926 0.08936803204440809 0.09166655928093938 0.16504071193248832 0.12996956064683457
0.06054642932399585 0.1009107155399931 0.0737945712497128 0.09081964398599379 0.13153949996805836 0.25176627917706595 0.10898357278319254 0.18163928797198758
0.07405859741539894 0.12410729788186449 0.08768450393827382 0.15513412235233062 0.08417712378074287 0.18345600308266394 0.1052214047259286 0.18616094682279674
0.09263372224437422 0.07294905626744472 0.213572171416382 0.14589811253488943 0.0873963150571255 0.09884218815148438 0.161515208015832 0.1271932263124677
0.06878703156882497 0.1146450526147083 0.12385843427889105 0.13757406313764994 0.09340560852545556 0.18658168359917018 0.10318054735323746 0.1719675789220624
0.10017425364111565 0.0788872247423786 0.15570506959395042 0.09466466969085431 0.14618411754636437 0.15579244721009528 0.1502613804616735 0.11833083711356787
0.07617324250784131 0.12330680162918227 0.08711893593366139 0.15413350203647785 0.08363417849631492 0.18613041383235518 0.10454272312039367 0.18496020244377337
0.0721734883043692 0.11176709404297264 0.09712371422804747 0.13412051285156715 0.09634570323314062 0.22022846163676857 0.10059038463867537 0.16765064106445893
0.06210646981489241 0.09141803659929706 0.06105264740529506 0.08227623293936737 0.129073036696633 0.3107896311385396 0.09873147952724083 0.16455246587873473
0.07040278190686246 0.11748689207396817 0.08300704331312969 0.14685861509246023 0.08965526765166999 0.21675060987520162 0.09960845197575563 0.17623033811095226
0.10063816570370117 0.07021048707561028 0.21432090083556346 0.14042097415122057 0.0904731753987479 0.10606622100152448 0.15545179067615789 0.12241828515747435
0.09774705497943605 0.13732647534292663 0.12027653840821687 0.12359382780863395 0.12024563142194278 0.23395880449718787 0.09269537085647547 0.07415629668518037
0.08565111870821353 0.13838306840600514 0.06818875834498803 0.12064164937959423 0.10483482168650127 0.25570409420519913 0.08182651001398564 0.14476997925551308
0.07035333551146405 0.11475686447063371 0.08107821946294774 0.14344608058829217 0.0858997536758406 0.23503658622933396 0.0972938633555373 0.1721352967059506
0.1098885222581155 0.0765384144141628 0.14415346839808624 0.09184609729699537 0.14086779076981876 0.17611062921460047 0.14578745602697676 0.11480762162124421
0.09323256604970913 0.1383849053936239 0.06818966352729294 0.12064325085597985 0.10680706367627553 0.2461430532371913 0.08182759623275154 0.1447719010271758
0.10494805102322036 0.07259003821091925 0.17984994541809846 0.1451800764218385 0.08961414053226681 0.11529072873771334 0.1618649508762886 0.13066206877965464
0.10164163039334954 0.06700857455861904 0.25910181348800426 0.13401714911723808 0.09056766069032361 0.08246521529824834 0.14836249312124036 0.11683546333297681
0.07781594527209756 0.10871650312813318 0.1450289111720172 0.13045980375375982 0.10018116230572303 0.17687806686074964 0.09784485281531988 0.16307475469219979
0.09021511088440338 0.13101883776181963 0.10449682625779577 0.11791695398563767 0.12753487502102792 0.26962950820870474 0.08843771548922826 0.0707501723913826
0.07290921978521088 0.11066123429831615 0.08659325994784076 0.1383265428728952 0.08490921103864736 0.2467871993566952 0.09382148125292022 0.16599185144747422
0.11183022557413799 0.07972808175421425 0.13432905526717837 0.0996601021927678 0.1367762095627137 0.169932767519164 0.14815143549850257 0.11959212263132137
0.10498620156173512 0.07037574598350693 0.19833748963090558 0.14075149196701386 0.10452837741260233 0.09741694097338721 0.15692740970053634 0.12667634277031248
0.0781991775651494 0.10877865050731585 0.12915070669730544 0.130534380608779 0.10681200076037527 0.18545632264351689 0.09790078545658426 0.16316797576097375
0.06178534658235263 0.09563294967427574 0.058256102838951745 0.08337231510065064 0.1361979723920249 0.30376371831405524 0.09424696489638769 0.16674463020130129
0.10490098641421385 0.07572814059940747 0.13033449861238777 0.09466017574925932 0.15158470754702852 0.18848057115431993 0.14071870902427205 0.11359221089911117
0.100916842670699 0.0679586956495914 0.20994576223011274 0.1359173912991828 0.10987240940683031 0.10152549836463337 0.15153774820968585 0.12232565216926448
0.13044953532193962 0.08867145320314199 0.2085630621326582 0.11083931650392748 0.13050666188823204 0.10763701978547065 0.12357756631109527 0.09975538485353473
0.0965504919496357 0.12831618594999647 0.13867012249159608 0.16039523243749557 0.09076856584751812 0.15935133475963392 0.08159235737037819 0.144355709193746
0.11770313457396533 0.07453779419151654 0.16537618226972314 0.08944535302981985 0.15024193947550588 0.1489121543312105 0.14197675084098388 0.11180669128727481
0.08339454350923499 0.10869231502053538 0.10951624999379961 0.13586539377566922 0.10735833117478723 0.19998251386906443 0.09215218012610608 0.16303847253080303
0.10469988500148313 0.06771454009181416 0.21415441731135368 0.13542908018362831 0.0996129744557406 0.10550961303374398 0.15099331775697067 0.12188617216526548
0.10552612675422614 0.06484230733102496 0.2637391219895831 0.12968461466204992 0.09387163166645146 0.08103137700895185 0.14458866739186757 0.11671615319584493
0.08193614965936198 0.10971274469374953 0.1463654062097819 0.13714093086718693 0.09568276945669575 0.1715755550496381 0.09301732702296156 0.1645691170406243
0.13382936863037473 0.08668537015795423 0.19954295503031516 0.10835671269744279 0.12443919762213573 0.1288157060982732 0.12080964833580561 0.0975210414276985
0.08547391228638576 0.10665261838592192 0.13071674134211225 0.1333157729824024 0.10044757139901693 0.19299158391547452 0.09042287210980339 0.15997892757888288
0.118090946882257 0.07400566910317906 0.16842410357812662 0.09250708637897383 0.14368858577251917 0.154757107565313 0.1375179970648626 0.1110085036547686
0.11198709549086823 0.06284832144470948 0.2530684059090323 0.12569664288941895 0.10176793264917251 0.09136224654110359 0.14014237647521785 0.11312697860047706
0.08571602636369548 0.10732660951405328 0.14958753290247456 0.13415826189256658 0.09596480447395048 0.1752625512115694 0.09099429937061038 0.1609899142710799
0.10459629264877572 0.06443780253026689 0.2497608134375126 0.12887560506053378 0.0952558548704011 0.0973989048380016 0.14368668206002796 0.11598804455448039
0.09648423053096647 0.1230935169024051 0.1729838499406709 0.15386689612800636 0.08330658879809594 0.15351329011083756 0.07827142107381194 0.1384802065152057
0.10749465668115767 0.06354481423372929 0.26345581375568705 0.12708962846745858 0.09097251405107157 0.09136645574959885 0.1416954514405844 0.11438066562071272
0.1057003047841944 0.06019291560537347 0.30877288355378224 0.12038583121074695 0.0884527168488684 0.07392688212463407 0.1342212177827283 0.10834724808967226
0.08458619429117231 0.10565178787639833 0.1707821539538353 0.13206473484549794 0.09413668484904708 0.1647264204742442 0.0895743418952073 0.15847768181459748
0.07992552959675175 0.1061940831198826 0.12678071885098913 0.13274260389985326 0.09530962012273539 0.20972220578049827 0.09003411394946569 0.1592911246798239
0.1377190815986835 0.08431033440913246 0.19732363359570318 0.10538791801141557 0.12472505908281395 0.13818518327924992 0.11749966381272751 0.09484912621027401
0.13566206186472363 0.06929380260247735 0.19653033947190265 0.08661725325309667 0.1490416961679565 0.13015177819868798 0.12876236453743925 0.10394070390371601
0.15378560296846802 0.07870410853607641 0.2237999790566982 0.09838013567009553 0.13818999957880124 0.10891154261578749 0.10968650947098708 0.08854212210308596
0.12108013950163428 0.058868431974608476 0.2871255582232553 0.11773686394921695 0.1009292896553765 0.07702872217136691 0.13126781697024636 0.10596317755429527
0.14601297648512293 0.0780007809530685 0.2691291988544891 0.09750097619133563 0.12054414831496935 0.09235472836772629 0.10870631226108614 0.08775087857220207
0.1551630346957756 0.07661514149345408 0.2581989238968683 0.09576892686681761 0.1256731565841851 0.09561357576110274 0.10677520652166082 0.08619203418013584
0.12019584464991377 0.057729382599320214 0.3050439721603542 0.11545876519864043 0.0961012822990828 0.07282995754318908 0.12872790687072297 0.10391288867877638
0.12809882662626482 0.06815151416160861 0.24457273385070874 0.08518939270201074 0.13878728900128143 0.1063332184885445 0.12663975392716822 0.1022272712424129
0.11294529863672656 0.058494457745162314 0.2995071728869241 0.11698891549032463 0.10039566840752889 0.07594455263641071 0.1304339102556306 0.10529002394129218
0.1428984861511514 0.07759732104379695 0.27556336261571 0.09699665130474618 0.11986030180799018 0.09164286325360924 0.10814402764872447 0.08729698617427156
0.11590822045040859 0.05739601247905749 0.31501035691265616 0.11479202495811498 0.09406374216573707 0.0715322793124507 0.12798454125927147 0.1033128224623035
0.10671756536789978 0.0573134347387826 0.33645488703729776 0.1146268694775652 0.0870934106826259 0.06682924494252572 0.12780040522349434 0.1031641825298087
0.10307495278301054 0.05684695701941018 0.3472904752881818 0.11369391403882036 0.08470275096674787 0.06530619773605677 0.12676022953283403 0.10232452263493833
0.10148197599991432 0.056543089467729485 0.3526512777077228 0.11308617893545897 0.08371159599584745 0.06466567060546202 0.126082650245952 0.10177756104191306
0.13627537314070456 0.07626287070264966 0.300375019661283 0.09532858837831205 0.1126174037309646 0.0870607528775469 0.10628426196805837 0.08579572954048084
0.11266252987605624 0.05666872860801122 0.3280160509496738 0.11333745721602244 0.09121337156088734 0.06973534351825897 0.1263628067766698 0.1020037114944202
0.08757869918531244 0.10388566845638586 0.17870797525640955 0.1298570855704823 0.09535017654206424 0.16071491252652662 0.08807697977824018 0.15582850268457876
0.13905212661046099 0.08217756550785722 0.22251497083131547 0.10272195688482151 0.12538927239958708 0.1211670304607204 0.114527316108898 0.09244976119633935
0.13552538192849264 0.06799859739370319 0.20804587987393958 0.08499824674212898 0.15237281553144655 0.12270557982009192 0.1263556026196425 0.10199789609055476
0.0922880755396506 0.10221411339725439 0.13854874572516784 0.127767641746568 0.11354489069464621 0.18565557100750707 0.08665979179332438 0.1533211700958816
0.12245564475157418 0.0712168372336786 0.17461766976114673 0.08902104654209823 0.15472649624487825 0.14880128490576316 0.13233576471034306 0.10682525585051787
0.08878371025826105 0.1023150451099693 0.1275061313973432 0.12789380638746162 0.11473433370456868 0.1985490411450771 0.08674536433236528 0.15347256766495393
0.10770126892940712 0.06327474901721039 0.24104337909498066 0.12654949803442078 0.10348450115710622 0.10295880921990755 0.14109324631598855 0.1138945482309787
0.14362072410358875 0.07936265395686601 0.2497723192505475 0.0992033174460825 0.126330926401659 0.10182277742004535 0.11060429571973676 0.08928298570147425
0.11727881751049608 0.05782474662171082 0.3021184836914256 0.11564949324342164 0.09936054457856412 0.07474281602808441 0.12894055440721783 0.10408454391907945
0.10756198191471554 0.05739102144378975 0.33019987915845633 0.1147820428875795 0.09083366433096754 0.06795415967011471 0.12797341199555504 0.10330383859882154
0.10344419320271471 0.056752956572969505 0.34423370857836505 0.11350591314593901 0.08759371125869973 0.06576357284277815 0.12655062256718871 0.10215532183134511
0.10156855395166718 0.05637034719753445 0.3510680111705649 0.1127406943950689 0.08620182711402415 0.0648864804497329 0.12569746076584548 0.10146662495556201
0.13604714669977203 0.07590018803479333 0.2992546460089134 0.09487523504349166 0.11561478929762833 0.08714147654418683 0.10577880683207204 0.08538771153914249
0.11240713623275098 0.056375738799044485 0.32712416968995045 0.11275147759808897 0.09429090184765733 0.06986476276173166 0.1257094832324962 0.10147632983828007
0.10485708774851847 0.05663780440943255 0.34245065690624127 0.1132756088188651 0.08843670730371608 0.06610023644685638 0.1262938504293914 0.10194804793697859
0.0854424872487793 0.10347679820581791 0.18325806307883497 0.1293459977572724 0.09652569475892042 0.1590054327280199 0.08773032891362824 0.15521519730872688
0.13771764291829858 0.08176496830014972 0.22433732858412686 0.10220621037518716 0.12691078959760685 0.12112517364776121 0.1139522972392012 0.09198558933766843
0.11690823937411973 0.05871399032046416 0.289444298170651 0.11742798064092833 0.10081618123207794 0.08008069255242567 0.13092343513249768 0.10568518257683548
0.10812776268538837 0.0578116948367918 0.3240996628473188 0.1156233896735836 0.091800781698988 0.06956420667682812 0.12891145087487602 0.10406105070622525
0.0864400734100734 0.1038009233325492 0.1774298694958861 0.12975115416568653 0.09770657717343002 0.16116488677204188 0.08800513065150911 0.1557013849988238
0.10497377224314244 0.062140190249890655 0.2689163122852072 0.12428038049978131 0.09675996090177623 0.09251369176840406 0.13856334960199498 0.11185234244980317
0.1414237373360106 0.07863324484339683 0.26274179064322306 0.09829155605424604 0.12289949148904251 0.09796002937552552 0.109587749809734 0.08846240044882143
0.11596439630170575 0.05745495760399788 0.30882137721962677 0.11490991520799576 0.097857596470217 0.073456853419152 0.1281159800901087 0.10341892368719618
0.10685215363371621 0.057186003757290105 0.3335357230245741 0.11437200751458021 0.09014600103546594 0.06745705111693572 0.12751625315431556 0.10293480676312221
0.08604750337305679 0.10363520810505247 0.18044062080660858 0.1295440101313156 0.09712608950672288 0.15988912296103355 0.08786463295863145 0.1554528121575787
0.10470815249609883 0.06204919177900989 0.27052300368954696 0.12409838355801978 0.09646728329385845 0.09210500338745611 0.13836043659379219 0.1116885452022178
0.10574152862234087 0.05883136910509228 0.3155939561306063 0.11766273821018455 0.09188008558254657 0.07320868565706665 0.1311851723029968 0.1058964643891661
0.10372114610569189 0.05730158395382475 0.3374149388732464 0.1146031679076495 0.08858526968929077 0.06745706261159999 0.1277739797418122 0.10314285111688457
0.1020203418996375 0.05659680764486661 0.3478662017830847 0.11319361528973322 0.08676383024783371 0.06548251561075498 0.12620243376332943 0.1018742537607599
0.10100042369040237 0.056271124538248736 0.35285494852412463 0.11254224907649747 0.08584532803803854 0.06472169291885001 0.12547620904499043 0.10128802416884772
0.13577093456141687 0.07584789880998168 0.3000730960039377 0.09480987351247709 0.1154211496387617 0.08704222770947846 0.105705933602717 0.08532888616122938
0.11231493517584598 0.056349672522717865 0.3275387118479577 0.11269934504543573 0.09420164098985817 0.06981492455051552 0.12565135932677685 0.10142941054089215
0.10483527681964736 0.05662211739475777 0.34265362465416754 0.11324423478951554 0.08839243600281468 0.06607362830052108 0.1262588707280121 0.10191981131056399
0.10204628675215333 0.05637317702126328 0.35026197203142306 0.11274635404252656 0.08643229572739974 0.06496442493656109 0.12570377085039902 0.10147171863827391
0.12046657891311294 0.06709134484845575 0.26417762097412595 0.08386418106056968 0.13636177879541295 0.10273174032022517 0.12466973781541404 0.10063701727268363
0.1270557166522565 0.06677217997010013 0.22495279204254498 0.08346522496262515 0.15805872990898442 0.11546042372807798 0.12407666278026068 0.10015826995515018
0.11305471932158191 0.058290724640652554 0.2890635936864457 0.11658144928130511 0.10963233853657114 0.07847425433976898 0.12997961584049988 0.1049233043531746
0.14283340470944092 0.07716155981953955 0.27049769116041233 0.09645194977442444 0.1262830863447326 0.09242882730268444 0.10753672609178365 0.08680675479698198
0.09436166782467222 0.10187479288786648 0.15905019650060856 0.1273434911098331 0.10719145310975259 0.17099410222184142 0.08637210701362594 0.1528121893317997
0.08249396619297598 0.10432005519567128 0.1232833204130669 0.1304000689945891 0.1020681332932707 0.21250910892928462 0.08844526418763436 0.15648008279350692
0.10612337271860382 0.06361092568494535 0.23926881682738724 0.1272218513698907 0.10085838511963804 0.1065741119372178 0.14184287010941543 0.11449966623290161
0.10768306105419617 0.059755076926225024 0.2998293732136344 0.11951015385245005 0.09495080668983029 0.07746748691917511 0.13324490287728386 0.10755913846720504
0.10503625003154952 0.05773992438389725 0.3296604849613468 0.1154798487677945 0.09054104295792459 0.06885917152954316 0.1287514134769291 0.10393186389101505
0.10274051657334612 0.05678232565729571 0.3440594110242789 0.11356465131459142 0.08803999689402553 0.06598880111153935 0.12661611124179073 0.1022081861831323
0.10134767799362504 0.05633509392240094 0.3509590066938102 0.11267018784480189 0.08675901053541518 0.06490700272564442 0.12561885122398062 0.1014031690603217
0.12011012682961696 0.06701093601280257 0.26435183371283594 0.08376367001600321 0.1371139019945996 0.10261280601801366 0.12452032139692419 0.10051640401920386
0.10921359802825115 0.057428004009738166 0.30987514993285625 0.11485600801947633 0.10272190074302484 0.0744790544512904 0.12805587759783404 0.1033704072175287
0.1236328888200686 0.06745472108176306 0.24657343609540638 0.08431840135220384 0.1450145148891242 0.10647898935252821 0.12534496678626122 0.1011820816226446
0.11110020877534162 0.05785948052726596 0.30061039522002936 0.11571896105453192 0.10567788559614993 0.07586799804516153 0.1290180058324408 0.10414706494907872
0.10569176649160406 0.05737672597843928 0.32947216351070324 0.11475345195687855 0.0932828183598041 0.06820343169990495 0.12794153524147506 0.1032781067611907
0.10286476999849929 0.056709273025983525 0.34383774476465795 0.11341854605196705 0.08885297531172665 0.06578678462305287 0.12645321477734237 0.10207669144677034
0.10136674331737 0.05631481202125805 0.35080993368145474 0.1126296240425161 0.08709083406084639 0.06484776562670885 0.12557362561158136 0.1013666616382645
0.10059457441839251 0.056113751815792104 0.3541610757465438 0.11222750363158421 0.08633659324812637 0.06443645650875701 0.12512529136237818 0.10100475326842578
0.10020687148162416 0.05601570987594541 0.35576558862156377 0.11203141975189082 0.08599885865493063 0.06424660136769798 0.12490667246964543 0.10082827777670172
0.1195312555172549 0.06688941581151442 0.26631297583250985 0.08361176976439304 0.13679158591509724 0.10223436197130889 0.12429451147064995 0.10033412371727164
0.10893789603718675 0.05737118465224523 0.31087652764958557 0.11474236930449046 0.10254446526647862 0.074330245804846 0.1279291789111259 0.10326813237404141
0.10455651728130008 0.05708869607548065 0.33455575221374073 0.1141773921509613 0.09200449979951081 0.06755821799572634 0.12729927154741505 0.10275965293586517
0.0853912056251487 0.10349363503536577 0.18069368872086328 0.12936704379420721 0.09828861489573426 0.15978075575869172 0.08774460361694054 0.15524045255304864
0.07961883077256626 0.11542303369776744 0.12925171631302335 0.12895568254370254 0.09908717773647192 0.20545114650655766 0.0874655933774678 0.15474681905244303
0.104307731941737 0.07117028234081077 0.24155089558963994 0.12575379193370056 0.09947555417501987 0.10435723788402355 0.1402060933947378 0.11317841274033053
0.10662709976970272 0.06421642380387055 0.3004712076943604 0.11863813508586554 0.09437625773307776 0.07662388730727461 0.1322726670285695 0.10677432157727901
0.13968633904634498 0.08261912710861195 0.2758094534228635 0.09601343676998683 0.12085551926915217 0.09155621447336558 0.10704781681668682 0.08641209309298815
0.11421239794468475 0.06216228464197242 0.3146162524216183 0.11299545228667054 0.09717578922708839 0.07116041961676363 0.12598149680319834 0.10169590705800349
0.12487252035046247 0.07185920025247802 0.24817549169477615 0.08363821717247281 0.14202089373488136 0.10473398886888284 0.12433382731907898 0.10036586060696737
0.1110035098502892 0.06236609684644893 0.3008155821080748 0.11478580484456753 0.10463585368893139 0.07510832200472373 0.12797760629685365 0.10330722436011078
0.09907463843606962 0.1262785796404179 0.19356024353663676 0.14697554907319432 0.0873482449008601 0.139718927457539 0.07476582278940755 0.13227799416587488
0.12354663372586175 0.08016772899314022 0.198336264059348 0.0875026662955541 0.14283501603930948 0.13252990083902932 0.13007859049309237 0.10500319955466492
0.1484375491929844 0.0847591835299597 0.22534442679471203 0.09671054151060994 0.1407162346306844 0.10916754040176099 0.10782503657973974 0.08703948735954893
0.15659335702027777 0.08346618916351989 0.23642577189059608 0.09462249558323202 0.13773125001392492 0.10050366910850432 0.10549702119503628 0.0851602460249088
0.12113449529047232 0.06299710331389553 0.29353997765493234 0.11438541853820801 0.10337539174881824 0.07408953132444855 0.12753120544483787 0.1029468766843872
0.10866545334825409 0.061385103065740965 0.32524513550078543 0.11423065056844703 0.09265446904835187 0.06765295224841535 0.12735865070840285 0.10280758551160231
0.10358552200283354 0.06057049999786449 0.3413079002174026 0.11290756702757768 0.08863849848856689 0.06548969064302372 0.1258835112979112 0.10161681032481988
0.10133763604899032 0.060076976432096606 0.3491929871343483 0.11206915905174622 0.08693817475567131 0.06457407445795711 0.12494874897261853 0.10086224314657159
0.11963708866373166 0.07134634936992423 0.2631676149765816 0.08321866894548306 0.1370406695050679 0.1020170651035854 0.12371014070104647 0.09986240273457968
0.14392113382427385 0.08202272848143802 0.255438848398638 0.09439680306412693 0.13595294446342562 0.09806502813142376 0.10524539087895944 0.08495712275771425
0.15343497980332893 0.08240818893212874 0.25050408198500407 0.09365851159707621 0.13490170097725213 0.0963776252782654 0.10442225098957601 0.08429266043736858
0.11940874937222307 0.06250476946807311 0.3008727594981616 0.11360034456672574 0.10200861830900611 0.07270854212151218 0.12665590655424494 0.10224031011005315
0.12696893318322472 0.07201124903701805 0.24216183339045466 0.08378904444826547 0.14453284202322222 0.10543120238516143 0.12455804219473494 0.10054685333791856
0.10310078056719724 0.1262270684930228 0.17135141265311407 0.14518042079421575 0.0973274599405343 0.1522978299983249 0.07385264883879672 0.13066237871479416
0.10958233798322382 0.07022440597123973 0.2636976330487837 0.12261209126978338 0.09683493285377896 0.08999438512064181 0.13670333160974357 0.11035088214280506
0.1252265979550226 0.07406550629111343 0.22759766648897428 0.08556922239753087 0.14448805848059343 0.11316548522921985 0.12720439628050856 0.10268306687703703
0.11220548584324941 0.06321628852131682 0.2902762201701936 0.1161124992163548 0.10646910598400607 0.07776237945580605 0.12945677151435378 0.10450124929471932
0.08691239808821132 0.1105574347207157 0.1657180124533471 0.12857895212204493 0.10245724837128621 0.16427113982385824 0.08721007187408265 0.1542947425464539
0.10487823428779303 0.06955447239100174 0.2612745873371458 0.12345661331302613 0.09889670341224881 0.09318352661313485 0.13764491066392615 0.11111095198172351
0.10577319510503155 0.0634099631221731 0.31030082834868244 0.11730854630844605 0.09343405801009759 0.07340544266317799 0.13079027476478985 0.10557769167760143
0.10354053252067412 0.061299098871617434 0.33428848187363436 0.1140572416543789 0.08967512717325266 0.06732268770732087 0.12716531271018064 0.10265151748894101
0.10167715641883808 0.06036681389408464 0.34586150524918885 0.11253499175662736 0.0876008945103517 0.06520902791501852 0.12546811767492633 0.10128149258096464
0.13556242181917427 0.08080083514828444 0.2960914609378917 0.0942209679600046 0.11667765095902115 0.08679844415173399 0.10504934785988575 0.08479887116400414
0.111907259708693 0.06141183141323992 0.32482434825162226 0.11181297625802292 0.09529611839900512 0.06945266306146032 0.12466312427573599 0.10063167863222063
0.12372853488778002 0.07157846639108632 0.252429453917627 0.08336604837713399 0.1410587507494589 0.10387025749953906 0.12392923012481409 0.10003925805256078
0.11042932749957342 0.06221305882235187 0.3030089664052785 0.11453151074359035 0.10427457252083004 0.07477011698770866 0.1276940873514358 0.10307835966923132
0.10500115753613119 0.06114563686140011 0.33020135733656636 0.11388195381659257 0.09270753256196712 0.06759872360017855 0.12696987985223082 0.10249375843493332
0.13748657954566362 0.08124590867856199 0.2889064097591731 0.09467482449815685 0.1190605899577883 0.08786298148228049 0.10555536403003456 0.08520734204834116
0.11283751839921238 0.0616374440477906 0.3211701679054084 0.1121783209289733 0.0962496861891137 0.06989591737410755 0.12507045631931799 0.10096048883607597
0.10486104976560064 0.06052293730997463 0.33902461267151907 0.1127610564925675 0.08968254644174897 0.06594268349028161 0.12572016298499686 0.10148495084331073
0.10178966017908961 0.06010269254280513 0.3480247106372849 0.11212014147530863 0.08734224957251958 0.06470682769498229 0.12500559057023214 0.10090812732777776
0.10047759161304023 0.05983870981855413 0.352430075744733 0.11167035273050314 0.08637692079630502 0.06419892215331353 0.12450410968609828 0.10050331745745283
0.08371367293957789 0.10965427578072322 0.18572445647756325 0.12792741718207204 0.09604102141089157 0.1566580943715412 0.0867681612191445 0.1535129006184864
0.10297869332622185 0.06890281825449657 0.2721723031702937 0.12239132936116019 0.09623978762399067 0.09070567328239477 0.136457198556398 0.11015219642504417
0.1046667363655792 0.0630290679821982 0.31580763852844856 0.11666769484717604 0.09225111019181541 0.07250105351211435 0.1300757732102097 0.10500092536245843
0.13816502908172554 0.08201049491033849 0.2826889842492421 0.09540292190954096 0.11964057556366159 0.08986222625880433 0.10636713830810014 0.08586262971858687
0.1504753643119798 0.08214860926832832 0.26384598149052396 0.0933765880270876 0.1283697247160782 0.09363687571351215 0.1041079272481111 0.08403892922437885
0.11786829819126363 0.0621577191522581 0.3078830393357295 0.11299395454130301 0.09969633674192009 0.07172626602146744 0.1259798269288856 0.1016945590871727
0.14317904687610056 0.0815090509366548 0.2780375268661787 0.09486834912290945 0.12198419423536705 0.0892691882076734 0.10577112954449754 0.0853815142106185
0.09371324397589202 0.1104861004243293 0.16058644021103316 0.12564404735069573 0.10584486908615062 0.16773300131928795 0.08521944081177625 0.15077285682083488
0.10706467892402285 0.0694710473768417 0.25797311617420937 0.12325465443545117 0.09989090940278492 0.09399666310779585 0.13741974158698808 0.11092918899190606
0.10656406787117478 0.06345818321818374 0.3085323773393831 0.11740491514631242 0.09382447123938589 0.07365384272657247 0.1308977188273065 0.10566442363168116
0.10385521171902522 0.06134517655746635 0.3333965429647202 0.11413810070048196 0.0898629895339196 0.06742222338162451 0.1272554645123284 0.10272429063043376
0.12099713391607392 0.07177446564918798 0.25657366208027055 0.08362202476661376 0.13897395612019442 0.10340257152750307 0.12430975622021985 0.1003464297199365
0.10943081641435216 0.06216378498516971 0.3052701096927835 0.11442083386537014 0.10358418168137365 0.07458083199042892 0.1275706908916888 0.10297875047883312
0.10459861495874866 0.06108524832130216 0.33134519496047155 0.1137737190860107 0.092454464608128 0.06749720468307853 0.1268492062048507 0.10239634717740963
0.10207526589660046 0.06038584530416149 0.3443409554866119 0.11259264282389586 0.08845066758105706 0.06528885005355466 0.12553239431261226 0.10133337854150627
0.12000935350677544 0.07144624466635606 0.26109912472673985 0.08331131783915183 0.13795576414275057 0.10235674420707211 0.12384786950417198 0.09997358140698219
0.108901010992197 0.0620045720095569 0.30759599838365553 0.1141617828276819 0.10311107137407394 0.07419809155108781 0.12728186831683339 0.10274560454491372
0.10432429416164517 0.06100235832155527 0.3324927035023421 0.11363518850554921 0.0922389302028944 0.06734010070528026 0.12669475494573917 0.10227166965499429
0.08481996951308937 0.11004996192501652 0.17936459954730538 0.128255522513207 0.09802625966429908 0.158586357594885 0.08699070222634908 0.15390662701584837
0.10361419821031875 0.06912201652153062 0.26873163101195013 0.1227401754129515 0.0970993726063047 0.09138031249442993 0.13684613587085787 0.11046615787165634
0.12293716641406788 0.07391864137107047 0.22977241602378384 0.08549904365946136 0.14461313335591097 0.11356067591148092 0.12710007087287092 0.10259885239135362
0.08849200761129683 0.10996537076985213 0.1447278286465462 0.1262537332564068 0.11281466699399766 0.18060894590986676 0.08563296690434546 0.15150447990768812
0.1384870736179131 0.0912851264333922 0.20337934658772341 0.10128749083772767 0.1340450372414567 0.12742919001173864 0.11292799351609337 0.09115874175395489
0.1176062615521326 0.06507208240988353 0.2773305594952479 0.1173130635342575 0.10453049854716108 0.08177046614602237 0.1307953111344632 0.10558175718083175
0.10848791087654419 0.06214960827379547 0.3174420279798219 0.11543515989691551 0.09392462547584898 0.06996743486896077 0.12870158872088938 0.10389164390722397
0.13945669024357332 0.08170255769668994 0.28311452311006113 0.09512042682756747 0.12003566376507212 0.08890957683880298 0.10605217737342225 0.08560838414481073
0.09275218854882597 0.11052188207842459 0.16220673937060592 0.1256627217939001 0.10528124640215825 0.1675478486975425 0.08523210695586267 0.15079526615268007
0.12125153825065786 0.07891117161783323 0.1838914612939351 0.08749852601634864 0.15108578268329712 0.14229085322833473 0.13007243568997498 0.10499823121961836
0.12846985955402646 0.07372897360668561 0.18963963531417447 0.08423516788568772 0.16742691405132465 0.13019601347729828 0.12522123464797758 0.10108220146282526
0.11475817689221406 0.06398587671982764 0.2694657466708058 0.11754377108378201 0.11471646762984852 0.08268803419291652 0.13105253283520174 0.10578939397540381
0.12604668849332473 0.0727221629330737 0.2288114715011558 0.08452058020313537 0.15122211604739055 0.10960676535081006 0.1256455192273475 0.10142469624376244
0.12896915864934247 0.07232344415361214 0.20868698361239046 0.0831284983978724 0.16590791972797717 0.11765370125556603 0.1235760961257924 0.09975419807744688
0.1139140198839097 0.06326998604548699 0.279536676754435 0.11638039665288336 0.11328992698535868 0.079111179526594 0.1297554571637371 0.10474235698759503
0.10712963628994278 0.0618747879319557 0.3184058983328607 0.11513345053469647 0.09623029719632481 0.06924061893535359 0.12836520529763917 0.10362010548122681
0.10343621258435229 0.060818090264850085 0.3380045998836982 0.11331928789415391 0.0900402079924786 0.06605169293702243 0.12634254933870592 0.10198735910473851
0.13656990420663226 0.08103447781833116 0.29249299239758353 0.0944550789164778 0.11789520097851922 0.08723241055223958 0.10531036410538644 0.08500957102483
0.11238058359984035 0.06152016680138354 0.3229863361128301 0.11198502151973692 0.09583839776067737 0.06964803293441996 0.12485494190334846 0.10078651936776323
0.10463186708351234 0.060456892441661074 0.3399096255336 0.11264899448217008 0.08954276561327036 0.06583053760559265 0.12559522220624036 0.10138409503395308
0.08485035486375152 0.1098670866319272 0.1817443623266303 0.1281032398846847 0.09715245327251827 0.1576712002805584 0.0868874148783079 0.15372388786162164
0.10351284083294501 0.06903129123068007 0.27000540412719937 0.12259721493253672 0.096751175015469 0.09107783481799889 0.13668674560388794 0.11033749343928306
0.13991675537050005 0.08413944331404351 0.26227335926679557 0.0973284692819488 0.12335893209444565 0.09687343838774255 0.10851397993076979 0.08759562235375393
0.11497342086992529 0.06268722734173117 0.3077673851519488 0.11378520574403643 0.09872635587566368 0.07279170687572581 0.12686201297133615 0.10240668516963279
0.10616334335240923 0.06101087920002975 0.33246580714462864 0.11356198190888087 0.09098262102482155 0.06699644859760422 0.12661313505363286 0.1022057837179928
0.10249062513893324 0.0603336983559226 0.34484707190445957 0.11250122673656207 0.08801175740589955 0.0651340441979858 0.12543047219733114 0.10125110406290586
0.1359004025121904 0.08079484904356565 0.29558048317905633 0.09421641801997586 0.11689323066471552 0.08677556534621657 0.10504427501630144 0.08479477621797826
0.11202590264582551 0.06141569107190772 0.32454691496708227 0.11181937024186092 0.09543021809871292 0.06945421666638331 0.1246702530905524 0.10063743321767483
0.086693398585681 0.10988158644843858 0.1767233144681994 0.12797562265195114 0.09889867080375955 0.15945580275656657 0.08680085710306251 0.15357074718234134
0.10429458875602868 0.06915172335791699 0.2672169968342242 0.12280705340832623 0.09743583788649146 0.0916467518447133 0.13692069984480554 0.11052634806749362
0.10529809607743709 0.06318738804099053 0.31328415153695477 0.11693567745165823 0.092817273716943 0.07286074965401838 0.1303745538155055 0.1052421097064924
0.10324639296142188 0.061184864946761106 0.33574051868054083 0.11386602986583706 0.08942627613975793 0.067104364690935 0.12695212583549295 0.10247942687925335
0.10151355316770849 0.06030893939324611 0.3465559790704275 0.11243775061113326 0.08751780596948738 0.06511229518347483 0.1253597010545023 0.10119397555001994
0.1004707880808568 0.05990670688965806 0.35174535735062806 0.1117755350046084 0.08654277465596104 0.06433947644183798 0.12462138007230218 0.10059798150414755
0.11923268691798733 0.07126729651528005 0.2642086675922143 0.08313782049023893 0.13694307060505276 0.10185511924873399 0.12358995404220594 0.09976538458828671
0.12589466918222766 0.07181914064052573 0.22420776791808 0.08265825595348053 0.15889972157020454 0.11445348844254866 0.12287704914875613 0.09918990714417662
0.11222739014281136 0.06282606019818675 0.2878868826907456 0.11561690408075101 0.11058104563044263 0.07790228366151974 0.12890421992286716 0.1040552136726759
0.12465292497333988 0.07229042001667067 0.23662441945533716 0.08410391207467989 0.14884970096725075 0.10752781395388004 0.12502611406922565 0.10092469448961587
0.1114422098364192 0.06269616441066259 0.2947398876919385 0.11534566410626813 0.10727956581180156 0.0760836028541608 0.1286018075931079 0.10381109769564133
0.10569078627699939 0.06141861535049811 0.32608087280796805 0.11434085728609615 0.09394538242040583 0.06813519132634611 0.1274815229741997 0.10290677155748652
0.10264560448255679 0.06056100452686378 0.34176587400931085 0.11288539310706046 0.0891044733010161 0.06558200774553292 0.1258587890313047 0.10159685379635441
0.1360931353148659 0.08090625301652175 0.29419725432643995 0.09432715703073834 0.11742009871075525 0.08699391952381794 0.10516774074919633 0.0848944413276645
0.11215131181969219 0.06146288972168207 0.3238492858362047 0.1118937752094864 0.09564091585508473 0.06954421479246684 0.12475320907684528 0.10070439768853776
0.1045212915731359 0.06042723932423375 0.34033284483670007 0.11259946870463709 0.08945776186083682 0.06578186720603833 0.12554000466024465 0.10133952183417338
0.10162014307119577 0.060051797117043955 0.3486509217346997 0.11203398210002764 0.08727476021195965 0.06462828257845042 0.12490952929659797 0.10083058389002489
0.10039153025575807 0.05981119163137322 0.3527240773490869 0.11162332641233273 0.08637851249610712 0.06415868923347756 0.124451678850765 0.10046099377109946
0.08368446257702737 0.10963659614887399 0.185814091116069 0.12790908804471796 0.09608823760990562 0.15662088956724024 0.08675572928250434 0.1534909056536615
0.07920032133180684 0.11615270579959092 0.1308713749421634 0.1289512681723384 0.09875365343361825 0.20386655523156838 0.0874625992821078 0.1547415218068061
0.13571354132821614 0.09278843717541864 0.19756311359111203 0.102392878652234 0.12974608338375807 0.13548193664461058 0.11416041843764 0.09215359078701059
0.11713318091693783 0.06546341160213977 0.2744911340973064 0.11785790719978938 0.10366987749782944 0.08390960104463051 0.13140277116155621 0.10607211647981045
0.10851118785430973 0.062293065037992014 0.3160866387759523 0.11566097515093451 0.09384323942852721 0.0705566602392073 0.12895335587723594 0.10409487763584106
0.10400080228349651 0.0609423056447232 0.33691275561660866 0.1135065600921161 0.08949911331535901 0.0664312151008956 0.1265513438638966 0.10215590408290448
0.10166564492727317 0.060234137145570216 0.3470745560029167 0.112323042914244 0.08746935401627963 0.06491071583815022 0.12523181053274665 0.1010907386228196
0.11979262281501242 0.07138430154568313 0.2622527417141918 0.08324984406801358 0.13749937988824848 0.10216481247269465 0.1237564846145396 0.0998998128816163
0.1261394055761418 0.07185566923649278 0.22336181522167886 0.08269136245666056 0.1591995433754317 0.11459630499629728 0.12292626418930434 0.09922963494799267
0.1123438074027418 0.06285098924423263 0.28743372904061354 0.11565882021168716 0.11070800744859476 0.07796075518082009 0.12895095328079148 0.10409293819051844
0.10627694894592513 0.06161532450955006 0.32238629832763405 0.11469237166295145 0.09518554727713464 0.06874693950817129 0.1278734352719772 0.10322313449665631
0.10299033108378429 0.06068065415434867 0.3399555257350909 0.1130889883982958 0.089595437540941 0.06582319094171932 0.12608578258735367 0.10178008955846622
0.12044883389173273 0.07154701748664151 0.2592452695307879 0.08340649657596898 0.13863830459198828 0.1026369229426654 0.1239893590890524 0.10008779589116278
0.14436849938920604 0.08210613098520139 0.253548489439556 0.09447346875263032 0.13682579532208927 0.098320626833629 0.10533086740032067 0.08502612187736729
0.1347631540715831 0.07229578817651688 0.21887893754757784 0.08215738968069812 0.1583689685253162 0.11281441658747705 0.12213247779399304 0.09858886761683776
0.11522283736835291 0.06291622996048389 0.284810927798565 0.11571327039991568 0.11056417042211426 0.07761895951342486 0.1290116611772194 0.10414194335992409
0.08767575204393929 0.11048069528671432 0.16397970958579447 0.12852400738456637 0.10377524928586297 0.16416297254298048 0.08717280500866242 0.15422880886147966
0.13789129225506888 0.09122084488114743 0.21326409397791207 0.10120123752296704 0.1303137594793774 0.12219583060590682 0.11283182750694981 0.09108111377067034
0.11695502956563113 0.06480821125680723 0.2826488748169603 0.11684194292021373 0.1030529742594913 0.0802651717446447 0.13027004680805918 0.10515774862819235
0.10803306668533333 0.06197250458323316 0.32011110168296786 0.11513181062325624 0.0933002226116784 0.06946928733383562 0.1283633769187648 0.10361862956093063
0.08586694557382366 0.11036930144878777 0.1754426199322097 0.1285148413449858 0.09849692662351905 0.1599249674200051 0.08716658804268604 0.154217809613983
0.07975355488657634 0.1162749618588698 0.12762208790844817 0.12900912226154806 0.09948400062426054 0.20554348629947627 0.08750183944696305 0.1548109467138577
