0.125 0.125 0.125 0.125 0.125 0.125 0.125 0.125
0.07575757575757576 0.12626262626262627 0.09090909090909091 0.15151515151515152 0.0946969696969697 0.15782828282828282 0.11363636363636365 0.1893939393939394
0.10177458305186214 0.15883738584405618 0.08577218835579035 0.1429536472596506 0.11912803938304216 0.19854673230507025 0.10721523544473795 0.08577218835579035
0.11178451178451179 0.09023569023569024 0.13973063973063973 0.1127946127946128 0.13414141414141414 0.10828282828282829 0.16767676767676767 0.13535353535353534
0.10794990819554807 0.07715224542782477 0.19594221061034858 0.15430449085564954 0.0854107071891263 0.07389715952037629 0.1708214143782526 0.13452186382287395
0.10156923716390738 0.15387042449811353 0.098195987115981 0.13848338204830218 0.11540281837358517 0.20552558503490279 0.10386253653622665 0.08309002922898132
0.08674346812990176 0.1534692128452108 0.07562251067735026 0.13379367273685047 0.11490866009939296 0.18416305541425299 0.0907470128128203 0.16055240728422054
0.07724902227881554 0.11904540313859831 0.09180316821216997 0.14285448376631796 0.0892840523539487 0.1940549027175136 0.10714086282473848 0.1785681047078974
0.06847132347235381 0.10109791878299959 0.05934820687337021 0.09098812690469964 0.1213175025395995 0.2676149153319384 0.10918575228563955 0.18197625380939927
0.08287305216020462 0.1466215538219005 0.0722483018832553 0.12782391871652865 0.1106562538095588 0.2196902548888114 0.08669796225990638 0.15338870245983438
0.12370941602894728 0.09986181775830683 0.1546367700361841 0.12482727219788356 0.12292954307591124 0.12251754289210631 0.13917309303256567 0.11234454497809518
0.10461032660702313 0.07567298370210997 0.187488287978362 0.15134596740421993 0.09408764287739993 0.08184396158656145 0.1687394591805258 0.13621137066379793
0.10987083355876413 0.07369066296530197 0.22039186834040903 0.14738132593060393 0.08157859310770098 0.07544324573718905 0.16315718621540196 0.12848628414462906
0.08372123394755925 0.11753182407062925 0.11640180238513333 0.14103818888475508 0.08814886805297192 0.17108170488944097 0.10577864166356632 0.17629773610594385
0.09834094293380302 0.14336407709266735 0.0928359245429521 0.1290276693834006 0.10752305781950051 0.2547209745600855 0.09677075203755046 0.07741660163004037
0.08676855906564654 0.1401543565688945 0.07527588588705834 0.12218584931647213 0.10496830353421147 0.24115014604199533 0.082873880405955 0.14662301917976656
0.09852357613109948 0.07331757352474373 0.19500809848930817 0.14663514704948746 0.09012428480391128 0.10093244161815433 0.1634872460387569 0.1319716323445387
0.10571501429854607 0.07123842194292397 0.2413057038308901 0.14247684388584794 0.07886386149155604 0.07846184971792297 0.15772772298311208 0.12421058184920077
0.10273165011681575 0.14456872086021783 0.1201023554657318 0.13011184877419604 0.10842654064516337 0.21840788829271054 0.09758388658064704 0.07806710926451764
0.07233063921872869 0.11616383376047675 0.0992073956966471 0.14520479220059596 0.08724065340306096 0.20712020645676263 0.09848672862301291 0.1742457506407151
0.10183437803355938 0.07115901096406915 0.22099640462427414 0.1423180219281383 0.08564181128326165 0.09642635093852947 0.1575519005472268 0.1240721216809411
0.06973667767352563 0.09843184889990932 0.08317373965534021 0.08858866400991838 0.12833874543685853 0.24824659949270886 0.10630639681190207 0.17717732801983677
0.06913372566041 0.12559484269333068 0.09259092896351864 0.142923799888936 0.0875056450142274 0.21380287711861928 0.09693962079423485 0.17150855986672317
0.10096458032614265 0.07086569609295587 0.2222998199603794 0.14173139218591174 0.08534410145395344 0.0983312317926624 0.156902477307969 0.1235607008800256
0.07981117644341387 0.11269617367121311 0.13025972415552176 0.13523540840545573 0.09185411188996045 0.17967258862352373 0.10142655630409181 0.16904426050681967
0.09469147354989674 0.13822950022172978 0.10096675350975384 0.12440655019955679 0.11329493078496936 0.2604619489646919 0.0933049126496676 0.07464393011973408
0.08137530822836052 0.1498195817768025 0.07641786645354942 0.1144257412249147 0.0993451771784345 0.26369493292418555 0.07761050274385517 0.13731088946989764
0.09468712878833496 0.08139062396009036 0.19886652978238764 0.14108268705168028 0.09274269656067848 0.10695924800642771 0.15729666750388832 0.12697441834651227
0.11590223386990907 0.07812202654925848 0.18321217206229962 0.09374643185911018 0.13563874008964308 0.1273914956520664 0.14880386009382568 0.11718303982388771
0.08589193122257816 0.14671995168778634 0.09512416767400528 0.11845869331417323 0.11459467514493549 0.2167142526446831 0.08034589633483051 0.14215043197700786
0.09405071178371646 0.08028812912125043 0.21087259856218116 0.13950619662934682 0.09388995713951229 0.10029783146605506 0.15553899833152549 0.12555557696641215
0.10402146528611596 0.06738868506829315 0.2697138132774314 0.1347773701365863 0.08174260505326633 0.07565375201913589 0.14920408904009552 0.11749822011907522
0.08605214884762842 0.14707737185441327 0.11522071515141727 0.11993203589073727 0.10705386429382513 0.19940021394111582 0.08134520695197832 0.1439184430688847
0.09304728129014772 0.07946225314295412 0.2223846706903627 0.13794790487889322 0.09185723892303575 0.0973459173634037 0.15380161932019884 0.12415311439100389
0.0910336354429273 0.07255051054787738 0.26774796881934726 0.13416909338419009 0.08717326347419672 0.07698481778122758 0.14958852650446267 0.12075218404577108
0.11975285959798361 0.09497868305758647 0.2412403374752231 0.11043479984118205 0.11411034939521551 0.09696509035580061 0.12312656041994476 0.09939131985706384
0.07717552228975728 0.12290103257882795 0.13440132919021022 0.13959935782911992 0.0918160859859991 0.17190266089921688 0.09468478183192482 0.1675192293949439
0.09949673092343751 0.07673628216242875 0.23348557842337328 0.13609085346790567 0.08858571810003148 0.09139192321883415 0.15173114558287393 0.1224817681211151
0.10030448900272702 0.0708713587806642 0.2735931086279862 0.13119980881378968 0.08506128871607163 0.0746121223294836 0.14627799579686698 0.1180798279324107
0.11614488542700606 0.08139176185958981 0.21256905381811173 0.09465809149609605 0.1303343419486694 0.11059654501325399 0.1407156106419577 0.11358970979531527
0.10578003448001815 0.07064845649195475 0.26390358650874585 0.12999975529201124 0.09019083684913363 0.07753752493900924 0.144940025676317 0.11699977976281012
0.1023565078888257 0.06918517582985113 0.28548369741377533 0.12872678239348737 0.08382000425499807 0.07105297217248341 0.14352075589244037 0.11585410415413863
0.10085167016682807 0.06852906315768541 0.2939922331663418 0.1276635045378684 0.08231700789158806 0.06941408656308767 0.14233528043251895 0.11489715408408156
0.10020265095047631 0.06824309794951304 0.2973172095886009 0.12719833362470745 0.08183698330192639 0.06890657474394739 0.14181664957859175 0.11447850026223672
0.09993329075017066 0.06812667253419105 0.298622004590684 0.1270109739645494 0.08166089753231369 0.06872852652041685 0.14160775753957972 0.11430987656809448
0.09982377266105999 0.06808009172933224 0.2991384686778118 0.1269362151942316 0.08159276769796771 0.06866168327510008 0.14152440708968805 0.11424259367480845
0.13406434134431885 0.09144767687833788 0.2513762132816939 0.10656991123884299 0.10959221389685234 0.09221922519213632 0.11881749805285927 0.09591292011495868
0.10936035819256086 0.06985748682543562 0.27890222304495904 0.1271303629265355 0.08564392415212073 0.07294745090193613 0.14174086732257016 0.11441732663388196
0.10367834984896959 0.06850889267399897 0.2911860800837626 0.12751056663315477 0.08249994542904072 0.06969188927919431 0.1421647660820397 0.11475950996983929
0.0937420812126943 0.13726914809973373 0.16999172864925105 0.15988932698122812 0.07514088611590132 0.13873142919372228 0.08133500546436388 0.14390039428310533
0.1431086025812878 0.09278084146143525 0.20883641147462623 0.11133700975372232 0.11057238585147974 0.11304706820077064 0.12325464653240727 0.09706303414427074
0.08868690506595865 0.1210898835846659 0.12741305609857673 0.1375899873735916 0.09030715875564607 0.17648311979377168 0.09332190447947952 0.1651079848483099
0.10491232183663021 0.07592938601483512 0.23034058994971085 0.13465867202679088 0.09114629344196058 0.09168556175071764 0.15013437015524295 0.12119280482411178
0.08244881498051862 0.12058047778999925 0.13352667898327972 0.13946700397710052 0.09216525798819687 0.16985635011522066 0.09459501139316383 0.1673604047725206
0.13620279156963372 0.0997107611258789 0.19159733071459104 0.1105926152974863 0.12017352066267206 0.11888711398554914 0.12330251287645114 0.09953335376773767
0.10104233093295788 0.1399294331415014 0.14174308705555874 0.15784234641281686 0.08305997452276943 0.15403100081373186 0.08029371534912859 0.14205811177153516
0.14872686414811276 0.09288842831256046 0.19798475597307935 0.11146611397507256 0.11154984359392126 0.11681083724234807 0.12339757021253452 0.09717558654237095
0.1067935402365938 0.14279250374820107 0.10290378558125378 0.11306032992859151 0.11196441438798398 0.21012863251236913 0.07668439769069685 0.13567239591430982
0.1094716140801804 0.07693154166594629 0.21715810100984698 0.13329168791670803 0.09705022513720529 0.09752402617883554 0.14861028488624017 0.11996251912503725
0.14169028853285653 0.09303904474924098 0.22067913039078357 0.10746203301289696 0.12100070019977702 0.09960082614815997 0.11981214725467768 0.09671582971160726
0.11320300460288384 0.0699673137135516 0.26510403738517135 0.12698748490321368 0.09453433889937565 0.07433351509380638 0.14158156898910537 0.1142887364128923
0.08420552205706548 0.11908319036839216 0.1416300488597384 0.13840566864788642 0.0944759770934052 0.16223764142617778 0.09387514916987079 0.1660868023774637
0.07738055454940902 0.13352190084108173 0.11019468636341337 0.13633093469485463 0.09291899476543573 0.19358786883720894 0.09246793831477097 0.16359712163382556
0.10234788247974873 0.08374860120577486 0.22130539806274108 0.13379605770318645 0.094519584712173 0.09469340434488069 0.14917261955862726 0.12041645193286779
0.1386821240236729 0.09885712335900122 0.2214226637233389 0.10665380339154425 0.12109362670882672 0.09839120419871344 0.11891103154251276 0.09598842305238982
0.12898009330290658 0.08650239310663121 0.19047665851487752 0.09065617104951659 0.14661859285626067 0.11321219879797166 0.1347664871124157 0.1087874052594199
0.09868276389072957 0.14527063412902333 0.14029135363125883 0.15546943541347383 0.0907374445547361 0.15053925066788468 0.07908662584076712 0.13992249187212644
0.12103913125178176 0.09573847620980361 0.16609946662460892 0.0938167091808201 0.1408549857687959 0.13040634062765813 0.1394648393195475 0.11258005101698411
0.14403952319948332 0.10006377985571943 0.19839907885075567 0.10556742894579879 0.13319860965564947 0.10602108833314813 0.11769980510822642 0.09501068605121891
0.1496667549410361 0.09937275734160933 0.20910433197865555 0.10392583351160584 0.1294246510734461 0.09910287228697864 0.11586954870622321 0.09353325016044524
0.11484244435208585 0.07522123344664011 0.2589315222894943 0.12596528189256095 0.09731619308574833 0.07391268231413126 0.14044188891603437 0.11336875370330488
0.12345488031433892 0.08417120693251652 0.20498820441036947 0.09197201719146743 0.1404407281240068 0.10788396161738834 0.1367225807801516 0.11036642062976093
0.10902546640201075 0.07385974075233166 0.25816605813741395 0.12698825736029276 0.10019048011653228 0.0758981353860526 0.1415824302211025 0.11428943162426349
0.08287437538589898 0.12523547800348683 0.13924390949609242 0.13717266449894994 0.09617005172119075 0.16165747279200568 0.09303885070363561 0.1646071973987399
0.10268223730604743 0.08183849920592248 0.23352500557177297 0.13235767084771546 0.09481209547926814 0.08809366226924989 0.14756892555707973 0.11912190376294389
0.09393301801657576 0.1460791111026813 0.1532185594294083 0.15802903955365327 0.08247891277160975 0.14364653818962106 0.08038868533816275 0.14222613559828792
0.11973041344522599 0.09588389246856172 0.17072576583465163 0.09387419175121078 0.13900107250354485 0.12858534287414908 0.1395502910212029 0.11264903010145293
0.09667297758592375 0.14763695852853861 0.13483080318568644 0.15568556338169734 0.09006123970569357 0.15579888137041709 0.07919656919851562 0.14011700704352759
0.10598519530810867 0.08452120252444235 0.2310718803844622 0.13204425683075396 0.09334252736111155 0.0869756141261693 0.1472194923172734 0.11883983114767854
0.10505092517721493 0.07429525423271373 0.27087810069565127 0.12803198535545326 0.09122354684251548 0.07254529183098594 0.1427461090455576 0.11522878681990795
0.10331229810728042 0.07194360216494255 0.2864134461370126 0.12599139820453087 0.08944706319211038 0.06902892715514308 0.14047100665490234 0.1133922583840778
0.10231212219695918 0.07123124306731728 0.2924108041015537 0.12519484888076823 0.08856180397537218 0.06803090018245153 0.13958291360288638 0.11267536399269142
0.10185277785029481 0.07098371981681675 0.2947237356963339 0.12489390769816741 0.08818312972218556 0.0677108256452671 0.13924738664258365 0.11240451692835067
0.10165944148666402 0.07089256084156058 0.29561644147385086 0.12477975707400055 0.08803053868394747 0.06759936185803508 0.1391201172153409 0.11230178136660049
0.09323929848267716 0.14254852546588978 0.16978533445590832 0.1568358503522157 0.08074630602300742 0.13591070472413685 0.0797817151791706 0.1411522653169941
0.1368931863295405 0.10923195372234533 0.20230188498775226 0.1074665914632529 0.11889155616092285 0.10867766543261692 0.11981722958664165 0.09671993231692759
0.11222106291439155 0.07683265476888901 0.25667845715279425 0.1267150509076401 0.096285508600043 0.07594589442443002 0.14127782541493603 0.11404354581687609
0.10537717416859675 0.07247296735906965 0.28054128598390515 0.1263642874842317 0.09080276612420023 0.06982690976997748 0.14088675037421053 0.11372785873580851
0.10299383921149972 0.07142895782595254 0.29008738764802955 0.12543866254714822 0.08900911698921633 0.06829249183987002 0.13985474764585035 0.1128947962924334
0.10209513398990623 0.07106524531711357 0.2938172015046875 0.12500045775799443 0.08834619417781336 0.06780917326249629 0.13936618200779377 0.11250041198219499
0.13600052742348745 0.09480097063409144 0.2466616326189025 0.10427584058871991 0.11774668557158119 0.09040630615609518 0.1162597804772743 0.09384825652984792
0.08683439415925803 0.12742010328788167 0.1350844469641391 0.13432720659761788 0.09925690338287552 0.1647754097379194 0.0911088879531669 0.16119264791714144
0.07755827428060598 0.13462892812897526 0.1082470025991027 0.1355462102131868 0.09555801701107686 0.19387042510576255 0.09193569040546581 0.16265545225582412
0.11551015044101955 0.09460762113969515 0.15531496794210647 0.09426151519867312 0.14454294070543394 0.14252291299454695 0.14012607334011706 0.11311381823840776
0.10886510611877484 0.076425489179229 0.23760369112535734 0.12920439329400962 0.10428074841801636 0.08328336149608587 0.14405325640391817 0.11628395396460867
0.08278969042930948 0.12570964196806925 0.1342127622818181 0.13712356738498463 0.09813486883648692 0.16447563818492578 0.09300555005242436 0.16454828086198153
0.07690946050067718 0.13447104371118945 0.10817151100952747 0.1358085108085069 0.09558911773328976 0.19396654463126586 0.09211359863533511 0.16297021297020825
0.11534737656676733 0.09460285213952281 0.15531535170491717 0.09428428277214028 0.14457978322754483 0.1425692953952978 0.14015991886724136 0.11314113932656832
0.1088268455551492 0.07642682728919525 0.23760856621170706 0.12920831464921304 0.10429108314987837 0.08329325153823379 0.14405762842233152 0.1162874831842917
0.12206518351539417 0.08457380741845649 0.19790239692912745 0.0922526173967579 0.14470635699411727 0.11065678503843882 0.13713971183159832 0.11070314087610948
0.0971529919587206 0.14475720951875604 0.14232141193638131 0.1553971621863188 0.09182907042987459 0.14963484723791678 0.0790498607643448 0.13985744596768693
0.09183840079878944 0.15965143470371837 0.12704440911522177 0.1565010926190322 0.08155469232734407 0.16294756170299668 0.07961142537576855 0.14085098335712898
0.0783963314377012 0.1410743350666614 0.10622592177011103 0.13539093595850607 0.09170577396364146 0.19290720469870645 0.09183037395446497 0.16246912315020726
0.10264985784412288 0.08471536769434979 0.21935381689682004 0.13376519703493164 0.09537448906718626 0.09461438191459284 0.1491382122165581 0.12038867733143847
0.10467318145734922 0.07463602662488411 0.2662337545156981 0.12859935573975087 0.09257486923062114 0.07416470758294504 0.14337868468297593 0.11573942016577576
0.10334743381777851 0.07207096200283497 0.28453583362931256 0.12613971241093824 0.09035592217555488 0.06938802886691439 0.1406363659268222 0.11352574116984442
0.10233626430568178 0.07125146798596069 0.29160072209479937 0.12519301426775617 0.08926508441411932 0.06809886594441276 0.13958086814628934 0.11267371284098056
0.1018341603475499 0.07096159686022563 0.2943255752272266 0.12483753079887464 0.08880096200682207 0.06770186643321036 0.13918453060710348 0.11235377771898715
0.10161567650277353 0.07085441964933034 0.2953776367013545 0.12470314532016 0.08861442797765727 0.06756716223347667 0.13903470082710376 0.11223283078814399
0.1015258668685619 0.07081393368247094 0.29578425965936994 0.12465188031645764 0.08854122031315304 0.0675186027014525 0.13897754417372216 0.11218669228481187
0.1014899625968776 0.07079846703519214 0.29594153242611687 0.12463219937809746 0.08851276721978808 0.06750049050746289 0.1389556013961773 0.11216897944028771
0.1190455334717171 0.0830496762948918 0.21703300902359773 0.0913764760994285 0.13843348390591967 0.10557278093732379 0.13583726894780715 0.10965177131931421
0.10738153556522838 0.07330017887356503 0.2628619519287593 0.12619205621597426 0.10090049845370687 0.07509620300520603 0.14069472536318325 0.11357285059437684
0.10392857351250184 0.07183327303976975 0.28288697926837075 0.1259586145562473 0.09211005410352997 0.0694852970853508 0.14043445533360704 0.11336275310062256
0.10250441522159948 0.07124051758829016 0.29090903912022925 0.12521978323678593 0.08968457936070508 0.06813314701020935 0.13961071354907323 0.11269780491310734
0.10189276413610762 0.07097306087316514 0.2940470998363603 0.12486002270554336 0.08892356835551016 0.0677198562537858 0.1392096074045386 0.11237402043498901
0.10163705593172224 0.07086091193609019 0.2952657511553901 0.12471214066706417 0.08866339456708101 0.06757508917468709 0.13904472996760733 0.11224092660035774
0.1015330397290599 0.07081599815314131 0.29573793310248964 0.12465388454974 0.088569641504426 0.06752122812211481 0.13897977874426234 0.112188496094766
0.1014915209770561 0.07079838150571073 0.29592076231147285 0.12463122065776343 0.08853480109020326 0.06750070466976286 0.13895451019604368 0.11216809859198709
0.13564284306005184 0.09462774701702631 0.24728428630933916 0.10411503686912191 0.11832774005256597 0.090218317179485 0.11608049633020008 0.09370353318220971
0.11007520140138545 0.07371845437511923 0.27455773445633047 0.12435057332732716 0.0952487913106483 0.07149211976815704 0.13864160936643788 0.11191551599459444
0.1216167514876708 0.0835721734227958 0.20980366068814382 0.09150062203109581 0.14091314053768464 0.1067710851819042 0.13602182021339018 0.10980074643731497
0.08413605149837422 0.1252554916778928 0.12624037898480758 0.13466044871390032 0.10536234039149153 0.17141783723612095 0.0913349130407324 0.16159253845668034
0.10320321409357389 0.08200036135744646 0.22754280441897928 0.13252287068758886 0.09766805750668524 0.09003899726670386 0.14775311105019237 0.11927058361882999
0.08175791607773422 0.12701399919016437 0.13179042615708897 0.13735397827787688 0.09683557844802253 0.16726149917066596 0.09316182874499476 0.16482477393345224
0.13436782599804395 0.1076747346594901 0.1884647339628364 0.10853412927837809 0.12537427729015146 0.1168961278770545 0.12100745458350513 0.09768071635054028
0.11205437443488922 0.07695201677243277 0.25088163869655067 0.12722677887969475 0.09884026397358477 0.07769246233600031 0.14184836391512234 0.11450410099172528
0.14015812016648097 0.0964448381293099 0.2309865512149505 0.10507509910217534 0.12231308419340216 0.09330382392810378 0.11715089407361938 0.0945675891919578
0.10066894095244275 0.1467728971705372 0.15086225758997512 0.1543091559684236 0.08705691421949353 0.14295519699578343 0.0784963967317633 0.1388782403715812
0.10631150350105399 0.08387753943090188 0.2376380112103573 0.13113619737655174 0.09262359812934544 0.08418349892142425 0.14620707379146888 0.11802257763889656
0.08236615980660457 0.12741225524802502 0.13425286772905085 0.13733409516853834 0.09570367477248878 0.1649816902630812 0.09314834280996515 0.164800914202246
0.10268914753976949 0.08221718125408096 0.23134189302698935 0.13251718469926962 0.095421315655736 0.08880103999726804 0.14774677159754385 0.11926546622934264
0.1042156151744947 0.0739846976895345 0.2709545742806736 0.12796662065341505 0.0922024968435819 0.0728328044894789 0.1426732322807478 0.11516995858807355
0.10305501742882285 0.07185763758998764 0.28635892354978665 0.12588950239754987 0.09014569957616357 0.06903526686561141 0.14035740043428324 0.1133005521577949
0.08164546584823613 0.12462515416059747 0.14595112622974388 0.13690146059781647 0.09500480611809198 0.15873533061831094 0.09285490370982336 0.16428175271737977
0.10209805396393745 0.08153936341891567 0.23626929823013487 0.13196133496596452 0.09488447836842107 0.08735522895702644 0.14712704062623208 0.11876520146936806
0.10388888668339079 0.07376641221463022 0.272905809864282 0.12771844949812328 0.09192218933316353 0.0724551078952663 0.14239653996283294 0.11494660454831093
0.09390791338555426 0.14356529704565915 0.1637598392259038 0.1572488899004738 0.08215120002099925 0.13785103290943776 0.07999182660154538 0.1415240009104264
0.10436851930820161 0.0832730337786775 0.24340447979650312 0.13087653654895512 0.09130411431739607 0.08306686200983461 0.14591757134637234 0.11778888289405962
0.10416394005185627 0.0737733841112707 0.2756923616340076 0.12734856490774157 0.09089708127055925 0.07152681335971217 0.14198414624788497 0.1146137084169674
0.10286739658584722 0.07170350736311162 0.28819607481983694 0.12565211526826917 0.08970856573087546 0.06869270499002468 0.14009273150059265 0.11308690374144226
0.13633161968632534 0.094960918500251 0.24456852821222258 0.10433842140275307 0.11890492456995504 0.09066145495130369 0.11632955341471127 0.09390457926247776
0.11033856694235215 0.07382606801546417 0.27346042591498143 0.12446908865685082 0.09547777596574852 0.07163214959900788 0.13877374511442916 0.11202217979116572
0.1217090256943252 0.08360125990028068 0.2094440974915131 0.09151735229363955 0.1410355002210439 0.10682525077449434 0.1360466908723358 0.10982082275236744
0.10826994784544497 0.0735299463858031 0.25969164883451484 0.12647528701555225 0.10171727019894285 0.07547763483765908 0.14101050656808586 0.11382775831399702
0.10424828582305853 0.07193682803185789 0.28162312655610205 0.12609676689115218 0.09239717360549456 0.06962224401314768 0.14058848487715025 0.11348709020203696
0.10262333812003525 0.07128359144135335 0.29041202054495235 0.12527592075352678 0.08979836199561347 0.06818513577547246 0.1396733026908724 0.11274832867817408
0.10193707197403193 0.07098964666446687 0.2938513828281028 0.12488081974193183 0.08897615167165063 0.06773939480398303 0.13923279454809415 0.11239273776773867
0.119206946792161 0.08310423930914969 0.21635116939375965 0.09140987225889007 0.13867922520992637 0.10566978574357254 0.1358869145818724 0.10969184671066809
0.10744179829401719 0.07332111823573223 0.262577197192359 0.12621682405683482 0.10099808566274016 0.07512749524976882 0.14072233965739644 0.11359514165115132
0.1039510734102185 0.07184131861133584 0.2827711195846963 0.12596831378678988 0.09215546164522251 0.06949596130178716 0.14044526925183884 0.11337148240811087
0.13680117694088534 0.09507285353932433 0.2425940063621576 0.10444213241842029 0.11971951264247728 0.0909272154626046 0.11644518345755216 0.09399791917657825
0.08694468432395012 0.12739489519603192 0.13406017162069728 0.13421870985667833 0.10039830773411429 0.1648854805812018 0.09103529885931227 0.16106245182801399
0.10363725171648669 0.08205435157297593 0.23086962829638366 0.13217015715239286 0.09630424849433379 0.08865135954991908 0.1473598617803544 0.11895314143715355
0.10443295473618425 0.07395229173768346 0.27071134422076687 0.12793743039316482 0.09238459157050335 0.07279701266890247 0.14264068731894644 0.11514368735384833
0.10311105249188376 0.07185598384450194 0.2862547021682688 0.12589280632414507 0.09018934685801695 0.06903149855557776 0.14036108406587516 0.11330352569173056
0.10221187132587349 0.07117524792209 0.29225716002259416 0.12509865756838995 0.08920100755286052 0.06799159632860004 0.13947566746804071 0.11258879181155096
0.10177706309944844 0.07093190361857424 0.29457333835644156 0.124798682178835 0.08879427533351503 0.06766470615732431 0.13914121729491005 0.11231881396095149
0.11914827186954839 0.0830854659993023 0.21658499750073062 0.09139697424792464 0.1386031417825284 0.10563703868016816 0.13586774082228797 0.10967636909750955
0.1415633220039786 0.09661617852065432 0.21635344540661486 0.10395141065040957 0.13306898819493554 0.09899232033079082 0.11589806530724767 0.0935562695853686
0.11248604435092843 0.07460495767244575 0.26173262828064997 0.12543647658331458 0.09935715300341243 0.07363760072495823 0.13985231045930746 0.11289282892498313
0.10513578458882857 0.0719671214961292 0.2823157145097457 0.1259054561137963 0.09176920860167297 0.06921661655008841 0.14037518763732215 0.1133149105024167
0.13717512188198971 0.09508852719681496 0.24240504557153736 0.10443646012690809 0.11960320956324454 0.09085996226946678 0.11643885927582139 0.09399281411421725
0.0870185732538096 0.12740120803561136 0.13401819992376685 0.13422177514734132 0.1003739581856841 0.16486277735095423 0.09103737792602282 0.1610661301768096
0.10361909846676856 0.08202502773055141 0.23078295289482756 0.13209954113830227 0.09626675038798975 0.08903591216259313 0.1472811301944952 0.11888958702447203
0.10440854425799496 0.07393024745459785 0.2706431507739332 0.12789597771942743 0.09235802831599144 0.07306320084935808 0.14259447068121237 0.11510637994748467
0.10308943192477417 0.07183861447444771 0.2862044746304395 0.1258602428979614 0.09016896265038384 0.06923927653804135 0.14032477827578682 0.11327421860816526
0.10219151588375429 0.07115911740617657 0.29221667232010234 0.12506782839969835 0.08918251183948533 0.06818001334542081 0.1394412952456338 0.1125610455597285
0.1017569692172394 0.07091596985304376 0.29453741089586827 0.12476807590958422 0.08877616341612288 0.06784704880077025 0.1391070935887454 0.11229126831862579
0.1015696026224918 0.07082544407243707 0.2954340165890102 0.12465425563088539 0.08861508512430305 0.06773257342102881 0.13898019247204685 0.11218883006779684
0.13564979843027125 0.09461551669865215 0.24707768108905603 0.10409240990372445 0.11835408403157589 0.09047207198100674 0.11605526895236144 0.093683168913352
0.1273291774932193 0.0852637989512723 0.19843551528972728 0.08988504844700043 0.14694075225145473 0.11066348785896656 0.13362016157195886 0.10786205813640051
0.10985330759554905 0.07384165625345587 0.25481080902913383 0.12661062661876135 0.10322320321578045 0.0765494332047405 0.14116140012569364 0.11394956395688521
0.12185788446751983 0.08382291213696685 0.203286522438099 0.09178202720884696 0.14398992373573397 0.10868214945175203 0.13644014791046505 0.11013843265061635
0.10849461993057265 0.07368344224136027 0.25711315214075764 0.12668960637937607 0.1025510369131345 0.07619803998859348 0.14124945666476701 0.11402064574143846
0.10437467880205348 0.07200400120027212 0.28057855839962526 0.1261800077407791 0.09264340687945274 0.0699760477986355 0.14068129221248055 0.11356200696670117
0.1026735121144285 0.07130314561908699 0.2899832309346848 0.12529211327449152 0.08986944332727151 0.06842429663964333 0.139691356143351 0.11276290194704236
0.10194747484063904 0.07098794653439336 0.2936644491630631 0.12486858391112397 0.08899034711779182 0.06794032040311214 0.13921915250986508 0.11238172552001156
0.10164539124018711 0.07085620471056923 0.2950947526547185 0.1246951338076775 0.08868783698969407 0.06776929158168389 0.13902576858855983 0.11222562042690976
0.10152286251658672 0.07080351155699924 0.2956491657279072 0.12462684538575916 0.08857837968291123 0.06770544218838154 0.13894963209427177 0.11216416084718325
0.10147403250863499 0.07078284936618165 0.2958639095059293 0.12460027488957805 0.08853759918807605 0.0676810791670771 0.1389200079739027 0.11214024740062024
0.10145478951494687 0.07077481252622084 0.29594707139207926 0.12458997389692314 0.0885221497421743 0.06767170328460156 0.13890852313582325 0.11213097650723083
0.10144725830906287 0.07077169604887712 0.29597927600488044 0.12458598451635963 0.08851624110461213 0.06766808267727414 0.1389040752742099 0.11212738606472364
0.10144432311022657 0.0707704888339588 0.2959917475760146 0.1245844398556089 0.08851396916590572 0.06766668249549136 0.138902353092746 0.11212599587004798
0.1014431820373121 0.07077002134242136 0.2959965774503404 0.12458384176681145 0.08851309290034015 0.06766614064427397 0.13890168626837038 0.1121254575901303
0.11899392539012175 0.08301413360960264 0.21700676620855772 0.09133658150153881 0.1384358003765874 0.10583093216318885 0.1357779629485562 0.10960389780184658
0.123304735710896 0.0841669834099022 0.18868037286977152 0.09055950040575264 0.15454242527501494 0.11545180213410337 0.13462277970765615 0.10867140048690316
0.10922394784666944 0.0739611882730443 0.2508113029800272 0.12706380378529367 0.10525941259757081 0.07765626226344476 0.14166665884718563 0.11435742340676432
0.08278030045680468 0.12501814736037734 0.13732662649256516 0.13687068740073258 0.09842581053856946 0.1624995714156618 0.09283403145440994 0.1642448248808791
0.10260361280573534 0.08176511288491091 0.23248917108154876 0.13222712107670623 0.09586434812827994 0.08862285274885852 0.1474233723049247 0.1190044089690356
0.08160572514486597 0.12689413406871752 0.13292622345063404 0.13726137551434472 0.09638649528532633 0.1671133760048204 0.0930990199140773 0.16471365061721366
0.10250048224674643 0.08215308672086029 0.23070237754618067 0.13249261817933902 0.09558117095392456 0.08960752623040023 0.14771938176114363 0.11924335636140512
0.10416981716157647 0.07397306356554183 0.2706677447801181 0.127951287583496 0.09223878677085723 0.07318700426121708 0.14265613705204702 0.11515615882514639
0.10303618715071876 0.07184731354425943 0.28622378817908195 0.1258675360184938 0.09014772190340142 0.0692637612264828 0.14033290956091768 0.1132807824166444
0.10217892518805773 0.07116036026154046 0.29222587664846705 0.1250683072743624 0.08917884474802314 0.0681843801774758 0.13944182915514733 0.11256147654692616
0.13594625549979664 0.09474600074628399 0.245947830815435 0.10418360816228231 0.11860747158224606 0.09064663764308871 0.11615694820481326 0.09376524734605406
0.11017413109892407 0.07374509566705761 0.2739845330156231 0.12436288355716746 0.09535195218277748 0.07179947492296368 0.13865533435403596 0.11192659520145071
0.10414609772319004 0.07154996532766898 0.2871448224527035 0.12532891062184565 0.09052053341429861 0.06878126846105204 0.13973238243958014 0.11279601955966109
0.08180499095291899 0.12446878449568582 0.14608639791253278 0.13678299956433346 0.09503279895457908 0.15890987241650625 0.09277455622624356 0.1641395994772001
0.13391983876539976 0.10688522850949028 0.1936939310367409 0.1081183779429547 0.12442345617961682 0.1151087045464112 0.12054392287072711 0.09730654014865923
0.12788990949889611 0.08778844657423888 0.18100398186954406 0.09081007523106782 0.1502431901431056 0.11829703039072655 0.13499527601513964 0.1089720902772814
0.11064405986768729 0.0746118504664968 0.2476322914116343 0.12742569163611966 0.10456862082092956 0.07836422653032403 0.14207013679430056 0.11468312247250768
0.12222393315910549 0.08404177637057988 0.2009604775644567 0.09191507744457757 0.14461716152640663 0.1093055449792921 0.13663793602208843 0.11029809293349307
0.10866726709830456 0.07376869055374828 0.25615504860072963 0.1267937547509545 0.10276881418397037 0.07636647120962323 0.14136557432681046 0.11411437927585905
0.10445043872149087 0.07203901118667232 0.2801997183447466 0.1262253586967872 0.09272217710138712 0.07002861797777757 0.14073185514402992 0.11360282282710849
0.09392069901936845 0.1429391063053034 0.16565357823871274 0.15697246324558012 0.08221014128729637 0.1371775854186609 0.07985120956405599 0.14127521692102213
0.10426336754878184 0.0831080157172027 0.24412045536554483 0.13070929921091712 0.0912221337039455 0.083207244968924 0.14573111419485835 0.11763836928982543
0.10408911534521775 0.07371328792546487 0.2759421720952339 0.1272679180328482 0.09083669401823695 0.07171545535263273 0.1418942310008024 0.11454112622956338
0.10282209494476666 0.07167309070946788 0.288269815707093 0.12560396771577512 0.0896725769925256 0.06887583241351149 0.1400390505726627 0.1130435709441976
0.10205338299796193 0.07108488469388093 0.2930168870427867 0.12496731731496405 0.08901103273176177 0.06806667674819471 0.13932923288698232 0.11247058558346763
0.10169529883945198 0.07088603124985121 0.2948469107630799 0.12472909954013747 0.08871489860312687 0.0678079335727324 0.13906363784549652 0.11225618958612371
0.10154377038232319 0.0708136973352312 0.2955536134139722 0.12463912057518788 0.08859302863339404 0.06771824312779634 0.13896331801442585 0.11217520851766907
0.10148236063787092 0.07078650949767451 0.29582685748932774 0.12460478289072094 0.08854459345114075 0.06768555737285717 0.138925034058759 0.11214430460164883
0.10145799755048432 0.0707761341399461 0.2959325849474128 0.12459159117972286 0.08852563288314014 0.06767330095209091 0.1389103262854522 0.11213243206175057
0.10144843786523829 0.0707721455906297 0.29597351179534537 0.12458650403033293 0.0885182591151841 0.06766863348244949 0.13890465449352044 0.11212785362729964
0.10144470873948119 0.0707706067017574 0.29598935817685534 0.12458453826256596 0.08851539937342089 0.06766684150045049 0.13890246280915935 0.11212608443630936
0.10144325867604731 0.07077001186434538 0.2959954944843953 0.12458377783730862 0.08851429149996308 0.06766615059261692 0.13890161499174558 0.11212540005357775
0.10144269580969498 0.0707697817213427 0.2959978708542858 0.12458348351337623 0.08851386246811088 0.06766588362862545 0.13890128684252542 0.1121251351620386
0.13559166245728768 0.09459331543409014 0.24727664112409048 0.10407663167524427 0.11831058870073866 0.09044451469574322 0.11603767740508576 0.09366896850771983
0.11004053931200378 0.07369327825041529 0.2745206420786223 0.12430395051929141 0.09524584781838044 0.07173255813913249 0.13858962841479205 0.11187355546736227
0.10409508507483863 0.07153004294685343 0.28735538217131895 0.12530374764363097 0.09048116679514279 0.06875687489224229 0.13970432759670495 0.11277337287926788
0.1023597405056623 0.07106529774406768 0.2926066316979768 0.12495744377216793 0.08918570050554422 0.06804526175603383 0.13931822462359617 0.11246169939495113
0.1017780261880134 0.07089008316107315 0.294678556171911 0.12474014326573647 0.08876067945009025 0.06781043204863199 0.13907595077538082 0.11226612893916282
0.10156860399316245 0.07081780605038297 0.295486708546536 0.12464569974890051 0.08860730951406892 0.06772208907080628 0.13897065330213235 0.11218112977401044
0.10149049256455452 0.07078859874553607 0.2958006258834303 0.12460771819962545 0.08854959665732942 0.06768771486072651 0.1389283067091346 0.1121469463796629
0.10146083463848594 0.07077703773946545 0.2959223636803419 0.12459279720136364 0.08852749587299921 0.06767428247653662 0.13891167090958007 0.11213351748122728
0.10144947005538481 0.07077251337620258 0.29596954089464006 0.12458698401410981 0.0885189718705783 0.06766904453677362 0.138905189639612 0.11212828561269883
0.10144509414353903 0.07077075253406616 0.2959878177974393 0.12458472663561622 0.08851567494799699 0.06766700713823488 0.13890267283105268 0.11212625397205458
0.10144340481776148 0.07077006899804396 0.2959948973981499 0.12458385128009973 0.08851439840706549 0.06766621607181288 0.13890169687497683 0.11212546615208976
0.0931150799809632 0.1423753371031043 0.16981156494433605 0.15664890364199693 0.08124759144634884 0.13613089340495926 0.07968661620049411 0.14098401327779722
0.10392101099991853 0.08292400954051725 0.24585798469116082 0.13051914311344004 0.09088180578774799 0.08290971272819427 0.14551910433692494 0.11746722880209605
0.08184934017036796 0.12710033867544188 0.13614367313441061 0.13718816299980127 0.09523544895107558 0.16480787773884117 0.0930493627303 0.1646257955997615
0.10245672013247917 0.08209496128961674 0.23207774876078974 0.13235561689638645 0.09522479165429855 0.08910347050505368 0.1475666355546279 0.11912005520674782
0.10410961836218863 0.07392948893010028 0.271215446521393 0.12788521074373904 0.09211699213884567 0.07306408732754273 0.14258246630682544 0.11509668966936515
0.08187382348146481 0.12513493510820953 0.14230159574074963 0.13702158461820635 0.09549551925463126 0.16081026112254224 0.09293637913234866 0.1644259015418476
0.11628615725470036 0.09289071075797763 0.16681089893407458 0.09387319088641934 0.14418592859690513 0.13375648133775161 0.13954880316846813 0.11264782906370319
0.10857349320406627 0.07585443267260018 0.24229731881043226 0.12856070745870668 0.1039657274789564 0.08170808892859044 0.14333559473381177 0.115704636712836
0.13932135513655625 0.09647554653472858 0.2279587884292478 0.10531468361295443 0.12405428169136318 0.09467411641979377 0.11741801292369695 0.09478321525165899
0.08739446599302188 0.12765530671157233 0.1304871953422888 0.13419851975545768 0.10136057770852114 0.166844106078887 0.09102160470370174 0.16103822370654922
0.10380443038064789 0.082128480761886 0.2292225375658027 0.13220400849360978 0.09657616208059758 0.08968316957361548 0.14739760349959177 0.11898360764424878
0.08180638600306712 0.12692382180411038 0.13210798584907454 0.13720759575919836 0.09651610438983893 0.16772644807308587 0.09306254321058673 0.16464911491103804
0.10255373261090966 0.0821589698649568 0.23030924325612928 0.1324835119997811 0.09561473786727695 0.08993541455064108 0.14770922905050218 0.11923516079980298
0.09381337687894388 0.1459901026790611 0.15222893746887994 0.1578177734514599 0.08306477351489487 0.14476782470992114 0.08028121519052525 0.1420359961063139
0.07831859406735574 0.14588287053219826 0.11160362416248379 0.13426315843231082 0.0915613484960951 0.1861891676019118 0.09106544658887168 0.16111579011877297
0.07496826149419578 0.14497442533513172 0.10145800609107909 0.13354205056690147 0.09292108407455209 0.20130936441682926 0.09057634734102883 0.16025046068028176
0.10133213315090292 0.09001551699239126 0.21612018343636144 0.13285604399346557 0.09530265267277334 0.0966784557374211 0.14812457442256535 0.11957043959411902
0.08089115164474232 0.1330673240879621 0.12836918564173655 0.13632571161190948 0.09569499267396075 0.16959638470340663 0.0924643957019908 0.16359085393429137
0.10199588191278149 0.08735091152479245 0.22787681760066006 0.13181836412806353 0.095147632191856 0.09020622611515126 0.14696763881143798 0.11863652771525716
0.08105188761146484 0.13240030790357202 0.13125214893307413 0.13633332749909371 0.0956987290258341 0.16719404476779384 0.09246956126025488 0.16359999299891245
0.10194000926733611 0.08716127626645984 0.22911168700462486 0.13169269564734837 0.09505880985071642 0.08968456804721565 0.1468275278336854 0.11852342608261351
0.10378520918335399 0.07733211049857795 0.2695495803949353 0.12745201386626723 0.09189753197564068 0.0731772574850147 0.14209948411656959 0.11470681247964051
0.10271860472637726 0.07465927730318547 0.28539742699187604 0.1254224270913763 0.08986630547757261 0.06921912770310776 0.13983664632426582 0.11288018438223865
0.119233017997778 0.08638011638155066 0.21325715174260915 0.09116300927328583 0.1387424416946401 0.1063087156087712 0.13551993617342192 0.10939561112794298
