0.125 0.125 0.125 0.125 0.125 0.125 0.125 0.125
0.07575757575757576 0.12626262626262627 0.09090909090909091 0.15151515151515152 0.0946969696969697 0.15782828282828282 0.11363636363636365 0.1893939393939394
0.06379183862841928 0.10631973104736547 0.057412654765577345 0.09568775794262893 0.12758367725683856 0.24300351494275768 0.11482530953115469 0.19137551588525786
0.08769198837691988 0.15514736405147364 0.07644942576449426 0.13525667635256677 0.10523038605230386 0.1861768368617684 0.09173931091739311 0.16230801162308012
0.09762826385889 0.07688225778887588 0.19525652771778 0.15376451557775175 0.08511181977441692 0.08708185958874498 0.17022363954883385 0.13405111614470666
0.06317028548869193 0.10528380914781989 0.06711653440673482 0.0947554282330379 0.12634057097738385 0.2401160014006103 0.11370651387964546 0.1895108564660758
0.06125111202080908 0.10836735203681606 0.05339840535147458 0.0944741017756858 0.12250222404161816 0.26426179051927545 0.10679681070294916 0.1889482035513716
0.10679457489759077 0.08620766889323593 0.13349321862198849 0.10775958611654492 0.12815348987710895 0.14808809590729105 0.16019186234638616 0.1293115033398539
0.10392975196228675 0.07634183514159011 0.18914544229110386 0.15268367028318022 0.08511544903099673 0.08513764997398651 0.17023089806199346 0.13741530325486223
0.09517371719931386 0.07494930229445967 0.223743939495667 0.14989860458891935 0.08297195858401722 0.0766377258997612 0.16594391716803444 0.13068083476982714
0.071557870066696 0.11926311677782667 0.11760248835911466 0.143115740133392 0.08944733758336999 0.17278196681281677 0.10733680510004401 0.17889467516673999
0.05986075984547842 0.09976793307579737 0.06442024667774067 0.08979113976821763 0.11972151969095685 0.27910675368351245 0.10774936772186115 0.17958227953643527
0.07129705567326627 0.11932923406592548 0.08948788835745071 0.14916154258240688 0.08093635006210599 0.20962364058232372 0.1011704375776325 0.17899385109888824
0.09357133011424468 0.07368742246496769 0.21522618666678375 0.14737484492993538 0.08157500574062355 0.09693456456071577 0.1631500114812471 0.12848063404148213
0.07023373439385892 0.11705622398976488 0.12263138676391869 0.14046746878771785 0.08779216799232364 0.18088408049698035 0.10535060159078839 0.1755843359846473
0.05905146672823032 0.0984191112137172 0.06695535465076762 0.08857720009234549 0.11810293345646064 0.2854468935629731 0.10629264011081457 0.17715440018469097
0.06007436300306131 0.10053443722677441 0.052751820273685954 0.08764540681308539 0.12664982732110897 0.2979759153387125 0.09907741639740086 0.17529081362617077
0.06901459491823682 0.11527032225754753 0.08567984320639281 0.14408790282193443 0.08795317683722556 0.22735949031050787 0.09772918626183379 0.17290548338632128
0.10927225281596302 0.08263957871567859 0.13867238235523904 0.10329947339459823 0.14123560441116187 0.14735973500843874 0.15356160522540277 0.12395936807351789
0.11191072665456363 0.08155754217755423 0.1435464509783852 0.10194692772194278 0.15817492720678433 0.12897615675405794 0.15155095524038062 0.12233631326633132
0.10572340830177972 0.07146085648217827 0.2023639549387819 0.14292171296435655 0.10715196030516323 0.08240152118403683 0.15934704415578257 0.1286295416679209
0.0913272240257021 0.13656407725194833 0.13031420946430045 0.17070509656493538 0.0856693301046846 0.14494853525347667 0.0868369404265106 0.1536345869084418
0.09231520553480634 0.07269822435866 0.2351652773103019 0.14539644871732 0.08047992277393373 0.08622919738816509 0.16095984554786746 0.12675587836894564
0.09557280329664737 0.14072925317699525 0.09768673146423282 0.12268704123122663 0.1122211821197096 0.20066471996384103 0.08321381926987545 0.14722444947747196
0.10595717361816055 0.07056119064355648 0.2050051724775199 0.14112238128711296 0.09826895701953393 0.09473405818157515 0.15734092361413937 0.12701014315840167
0.12068194199731352 0.07883907323527853 0.17774597983797155 0.09854884154409815 0.14281432305112332 0.11661175857395127 0.1464994719073459 0.11825860985291778
0.10930013864590665 0.06776150711484472 0.23554785894260455 0.13552301422968943 0.10001281710444491 0.07878590394746383 0.15109804720832537 0.1219707128067205
0.10521410626133482 0.0667474981090866 0.26246786596441046 0.1334949962181732 0.09122341108393 0.07186966729659648 0.14883695847011252 0.1201454965963559
0.10311298769049575 0.0658585855943152 0.2753113008859739 0.1317171711886304 0.0886439391995292 0.06995574513560619 0.14685481623568195 0.11854545406976735
0.10202781215625117 0.06538531638910823 0.2814742158369526 0.13077063277821646 0.08763765425322537 0.06921130254058618 0.1457994965452652 0.1176935695003948
0.08097378221687536 0.11393591503875834 0.1418191956988596 0.1424198937984479 0.09275469215686646 0.1605948075209338 0.0965978410111212 0.1709038725581375
0.10155632168261798 0.07621110724744246 0.23317581220283806 0.13634768490124047 0.09198013375186515 0.08599853033836234 0.15201749346451734 0.12271291641111642
0.10267293313564835 0.07122323142908944 0.2670097012005759 0.13194746472585064 0.08902088847639937 0.07226148643557306 0.14711157634359764 0.11875271825326558
0.10165181251542935 0.0699585417417474 0.2791615766488678 0.13017692061993735 0.08742695491336276 0.06932741320705015 0.1451375517956615 0.11715922855794363
0.10100065478215214 0.06954520361522303 0.2835241092270506 0.12954710108657205 0.08677335762166496 0.06858183267200546 0.1444353500174169 0.11659239097791486
0.10071107647773661 0.06940113285372153 0.28509742716624914 0.12932373936665276 0.0865272408475404 0.06836169948962027 0.14418631836849194 0.11639136542998749
0.1005958093008691 0.06934973700218787 0.2856678414603892 0.12924359469752922 0.08643704155998252 0.06828977770790119 0.14409696304336467 0.11631923522777629
0.10055191367657085 0.06933114913626263 0.2858757873682559 0.12921451394779582 0.08640416932194028 0.06826486381854101 0.14406454017761713 0.11629306255301625
0.10053549571804886 0.06932435682808666 0.2859520400807385 0.12920386105209114 0.08639215752670591 0.06825595085354819 0.14405266299389863 0.11628347494688203
0.10052939000222096 0.06932185250886394 0.2859801820925248 0.12919992482844955 0.0863877423600288 0.06825270146402115 0.14404827439828627 0.11627993234560458
0.1005271177659804 0.06932092121098359 0.2859906428638466 0.12919845796957488 0.08638610755501452 0.06825150150187448 0.1440466389601081 0.1162786121726174
0.10052626847308724 0.0693205718273944 0.2859945623288908 0.12919790648260393 0.08638549727149047 0.06825105368889853 0.14404602409329126 0.11627811583434355
0.08008575596864959 0.12103923752732075 0.1424023449763234 0.1409936851191512 0.09176044620335339 0.1588956085901006 0.09563049947211993 0.1691924221429814
0.13342605838154237 0.10095780264181704 0.19243600962377388 0.11211948235270892 0.12084458600971057 0.11430367117528739 0.12500485569772174 0.10090753411743802
0.10940644432721845 0.072821995942828 0.249953424421224 0.13152098726873332 0.09395014732148443 0.07734202637106417 0.14663608580558773 0.11836888854185999
0.12055380398615315 0.08197632316607756 0.1987701264831745 0.09518338264529864 0.13767501448061703 0.11012479884832457 0.14149649121599622 0.11422005917435837
0.10759783718113247 0.07133557092582402 0.2523081155042015 0.1312210997536198 0.09662031594630782 0.07651633730475506 0.14630173360590149 0.1180989897782578
0.10385102872549871 0.07008484591198053 0.2735266771250999 0.13037242887423908 0.0888733328107357 0.07060097165659114 0.14535552890903966 0.11733518598681518
0.1024080365655356 0.06954781855367748 0.2812945369623644 0.1295171774486726 0.08702522339819974 0.0692397599734784 0.14440198739426632 0.11656545970380534
0.1018427791799578 0.06932464813002046 0.28408152627376443 0.12915968883559395 0.08649406328086563 0.06885016007882477 0.14400341426893834 0.11624371995203457
0.10162793662021151 0.06924055724601458 0.2850759422577079 0.12902731193502903 0.08632366111958754 0.06872418617624172 0.14385582390368162 0.11612458074152612
0.10154834034186548 0.06921009016386831 0.2854302550177922 0.1289797334290507 0.08626590373075653 0.06868113981037065 0.14380277742015052 0.11608176008614561
0.10151933029365469 0.06919919383373378 0.28555646576542015 0.12896276490205277 0.08624581391908444 0.06866608409535076 0.14378385877885586 0.1160664884118475
0.10150885956607161 0.06919531110369925 0.28560142545806394 0.12895672338945643 0.08623874057011766 0.06866076591891049 0.14377712294317005 0.11606105105051077
0.10150510146107383 0.06919392856585499 0.28561744266718214 0.1289545725402832 0.08623623550528302 0.06865887906721489 0.14377472490685303 0.11605911528625487
0.10150375690989673 0.06919343625108472 0.2856231493007491 0.12895380663051864 0.0862353457344863 0.06865820823117463 0.14377387097462305 0.1160584259674668
0.10150327672724004 0.0691932609058772 0.2856251825607059 0.12895353383011657 0.08623502922634144 0.068657969480081 0.14377356682253295 0.11605818044710492
0.10150310541085387 0.06919319844373625 0.28562590702679547 0.1289534366488827 0.08623491655048976 0.06865788446253816 0.1437734584727095 0.11605809298399443
0.1015030443240431 0.0691931761907452 0.2856261651639702 0.12895340202595168 0.08623487642155254 0.06865785417965552 0.14377341987072526 0.11605806182335653
0.10150302254894357 0.06919316826226406 0.28562625714270595 0.1289533896900297 0.08623486212661806 0.06865784339131925 0.14377340611709283 0.11605805072102673
0.10150301478830649 0.06919316543732194 0.2856262899165231 0.12895338529466535 0.08623485703377802 0.0686578395476167 0.14377340121658957 0.11605804676519882
0.13586344410431886 0.09261618390140791 0.23894717683807482 0.10787888515040721 0.11542676614664528 0.09189964094414617 0.12027690627963311 0.09709099663536648
0.14562143315753023 0.09398121849447891 0.22099705426109717 0.10684971742452845 0.12116612732429777 0.09609024258715188 0.11912946106883993 0.0961647456820756
0.11269669836692912 0.07124918142364133 0.2597051901214461 0.12942619898653288 0.09271944606563477 0.0734191527495184 0.14430055319841797 0.11648357908787958
0.12280254304903623 0.0814448407734956 0.20128310853123185 0.09467770056906659 0.1367486275943983 0.1086851779539357 0.14074476084595572 0.1136132406828799
0.10872413358040794 0.0711407643971599 0.2530299547566649 0.13090900525400317 0.09628168466123228 0.07614258109246566 0.14595377152946323 0.11781810472860287
0.08266964155927452 0.12109372070501354 0.13502162116815664 0.14079934228441987 0.09338960378625295 0.16256817542353735 0.09549868433204131 0.16895921074130385
0.1174037857042545 0.08718467471230787 0.16389963652951473 0.09676748784574615 0.1421544471137741 0.13261761268792038 0.14385136999158682 0.11612098541489538
0.10868156554760705 0.07229489005250919 0.2386361167019886 0.13228878382661852 0.10076896201940226 0.08077765473853867 0.14749212166937914 0.11905990544395666
0.10506568630103272 0.07026597489451447 0.2681236331516701 0.13056248223589437 0.09150615587469367 0.07140240930569111 0.14556742422419863 0.11750623401230492
0.13794329800345115 0.09274402933966379 0.23270505708238262 0.10790152041837602 0.1187805717280475 0.09251201213732131 0.12030214291421923 0.0971113683765384
0.12794053249506118 0.08185291841681486 0.19067228877923476 0.09301487883926486 0.14485813519512666 0.11177052700483067 0.13827286466254898 0.11161785460711784
0.1259181956333851 0.08141131393761732 0.17776613867999397 0.09354688347350398 0.15304997146755978 0.11698751135673517 0.13906372528299996 0.11225626016820478
0.09779404434511678 0.13911487531296673 0.1353599937025594 0.15993269455512182 0.09090025835404546 0.15160164226993117 0.08135706636064893 0.14393942509960964
0.1062649445935902 0.07756146057802614 0.22972954775452978 0.13542228965492398 0.09283662646965506 0.08531932343562215 0.1509857468242212 0.1218800606894316
0.12192290669484232 0.08241264812525383 0.192389570565706 0.09524571942717636 0.14000321122908485 0.11214192161626892 0.1415891590290562 0.11429486331261161
0.09695207058932968 0.1392021884011165 0.13900836866202557 0.15987534455479674 0.08970864168750824 0.1500376833410747 0.0813278926648314 0.14388781009931706
0.09126097236075663 0.16006143213488705 0.12455335218248087 0.15910153640002886 0.08030587160366338 0.1605911927372731 0.08093425982088424 0.14319138276002594
0.11880795989937047 0.09921897803510416 0.15942716753292271 0.09572598249327041 0.13828780074050845 0.13135782997361978 0.14230310233327959 0.11487117899192448
0.09550193635723704 0.1502477226479117 0.12960206692138648 0.15829689204273803 0.08865566595436938 0.15470357250310915 0.08052494073478414 0.14246720283846423
0.10517737600055461 0.08580458528751123 0.22606778503891417 0.13428168526444062 0.09263376264562781 0.08546723097639217 0.1497140580485629 0.12085351673799656
0.10445409986162833 0.0756609143191441 0.2630816648487862 0.13059058792262374 0.09086316415429518 0.07221927979569856 0.14559875996746258 0.11753152913036137
0.10300248964992127 0.0734761912247736 0.27649403372760384 0.12882500450445997 0.08938530028548823 0.06924421033757253 0.14363026621616656 0.11594250405401396
0.11944230910937793 0.08514773777295367 0.2054467252319843 0.09361458701045465 0.13818455378196776 0.10666221154278639 0.1391643711379296 0.11233750441254557
0.14114552905279523 0.09886219998720784 0.20851787037564568 0.10645054233343704 0.13152475150506535 0.09900920801429654 0.11868441063145892 0.09580548810009333
0.11151198034813421 0.07627654770501285 0.2535562873178681 0.12839690289911515 0.09800808522490136 0.0735400190216767 0.14315296487408807 0.11555721260920364
0.1046550898263695 0.07358634874163664 0.2726144509579275 0.12884444303061304 0.0911950844337988 0.06949264555991182 0.14365193872219095 0.11595999872755174
0.10264821415186398 0.07292349163888379 0.27979800541690064 0.12824832661840083 0.08943155229126894 0.06853960251724721 0.14298731340887375 0.11542349395656074
0.08092507776783309 0.12640651793707294 0.14006492014307265 0.13908118460621668 0.09404868288666562 0.15824286992050596 0.09433332521117307 0.16689742152746
0.10173815265439655 0.08277560285475577 0.23063716757179878 0.134250557327981 0.09415217567586624 0.0859414895976278 0.14967935272239075 0.12082550159518292
0.10350519724432973 0.0751574498483706 0.2647283442067615 0.13033080211301604 0.09150469332763134 0.07216667318142574 0.14530911817675068 0.11729772190171443
0.1367974831235703 0.09769190490753071 0.2306405721926239 0.10712388990047414 0.11976529405831245 0.09213421198817494 0.11943514291888684 0.09641150091042672
0.1099059858845908 0.07570684216630548 0.26209867633535416 0.12767912758435956 0.09530624438946546 0.07203920985054328 0.1423526989634576 0.1149112148259236
0.13843658501778497 0.09757012579812081 0.22936206595727607 0.10685848425125717 0.12054067993906566 0.09192018778396242 0.11913923542640165 0.09617263582613143
0.14558644278281735 0.09992553958131517 0.21579756416208531 0.10534301629860773 0.12602933495394472 0.0950597857986618 0.11744960175382085 0.09480871466874695
0.1477954011236091 0.1003414761790926 0.2108937125933325 0.10536112869800185 0.12755514098880244 0.0957583288614863 0.11746979572747371 0.09482501582820166
0.11284976185974355 0.07632808200370501 0.2542806885874133 0.12815063556997477 0.09727270957463668 0.07290415521129383 0.14287839518025544 0.11533557201297728
0.10489989983115564 0.07355056280665004 0.2728245532477168 0.1287622561963491 0.09116137365469479 0.06935501715138706 0.14356030653533253 0.11588603057671419
0.11986432090953109 0.08510096413945618 0.2041782494564949 0.0935418120354689 0.139387328539096 0.10662096422764834 0.13905618624974184 0.11225017444256268
0.12295941170969409 0.08603406723675563 0.18109084156595362 0.09263615513877613 0.15351812625238753 0.11488814548479537 0.137709866445106 0.11116338616653133
0.10851209123178754 0.0755379103904193 0.24353620617656654 0.12992029785851508 0.10384406019373427 0.07686972950868584 0.144851436567628 0.11692826807266359
0.10432435797128778 0.07374560456297588 0.2689660173934184 0.12929767867437625 0.09289495182127083 0.07024621612830105 0.14415726264143142 0.11636791080693865
0.1026772585597408 0.07301632676812034 0.27844983171391496 0.12838010564548327 0.09007401791411206 0.06872612712787875 0.1431342371898149 0.11554209508093494
0.13609204816175804 0.09699746231855345 0.23504575223503102 0.1067042849175305 0.11906352355607315 0.09109575770856701 0.11896731467670937 0.09603385642577744
0.09847099388935328 0.14870191760125062 0.1481064394629429 0.1568982983230712 0.08546332186873996 0.14133707817344607 0.07981348219043187 0.14120846849076407
0.10516846483376546 0.0850523850234214 0.23310192109423375 0.13333307994404228 0.09191745725245118 0.08277048599468738 0.14865643390776057 0.11999977194963805
0.10414630719421698 0.07533469483065165 0.26554619454369877 0.13014706890384936 0.0910111388064247 0.0715779643477308 0.1451042693599634 0.11713236201346441
0.08123262083515888 0.1270016205326043 0.13695595497479648 0.13921805735159803 0.09465843430598045 0.15944548253946894 0.0944261606384752 0.16706166882191764
0.10189947859595964 0.08292301440322612 0.22941134291268458 0.13437262880689346 0.09443151118064655 0.08621120486281945 0.1498154533115663 0.1209353659262041
0.10357518171877325 0.0752000047628921 0.26426439983867855 0.13037425910194153 0.09165899190459292 0.07223276000503058 0.14535756947634373 0.11733683319174737
0.10271191696834531 0.0733436977610878 0.2768309816482585 0.1286699060745573 0.09000638121439064 0.06917685782492401 0.14345734304133478 0.11580291546710159
0.10208305489251057 0.07279433701487047 0.2813338756732146 0.12806303496289462 0.08929043035994862 0.06839780858923608 0.1427807270407198 0.11525673146660514
0.11899680689297903 0.08488854126828022 0.20673511926136273 0.09341358213499329 0.13874535098091906 0.10625873700924501 0.13886556389022883 0.11209629856199195
0.10693438576127158 0.07493127410996639 0.25361021643160664 0.12913132599084956 0.10018689968225625 0.07501591281860637 0.14397179181367853 0.1162181933917646
0.08165221620822795 0.1267949944466331 0.13424854164550645 0.13906503234272688 0.09650212574254487 0.16053668104019522 0.09432236976289303 0.16687803881127225
0.10205958425498571 0.08294923802546993 0.2283125526367328 0.1344525212180016 0.09487136992462802 0.0864429374561489 0.14990452738783167 0.12100726909620146
0.1036445719845512 0.07522809984864309 0.2638536586842434 0.13041903217930836 0.0917771999907533 0.0722928202347897 0.14540748811633336 0.11737712896137753
0.10274053512191664 0.07335686814967135 0.27668118250513657 0.12868791395738924 0.09004161788908803 0.06919533932832742 0.14347742048682052 0.1158191225616503
0.13617565434166062 0.09710167928180141 0.23448575562962404 0.10676395395529528 0.11911269079563047 0.09123886623531867 0.11903384120090384 0.09608755855976574
0.10962595574426741 0.07553291239586735 0.26351476778648225 0.12749420142486118 0.0951385488855786 0.07180231238449164 0.14214652009607656 0.11474478128237507
0.1038987559382863 0.07324812944551183 0.27623580494635114 0.12838495102121003 0.0905561222097971 0.06899014109759934 0.14313963942215505 0.11554645591908902
0.1023404316040498 0.07277653804868005 0.2810731775058375 0.12804699185610235 0.08939419337047776 0.0683635347704672 0.14276284017389324 0.11524229267049213
0.10185268109255055 0.07261554889646145 0.2828479104642618 0.1278563401558364 0.08903775635000774 0.06816877914479383 0.1425502777558355 0.11507070614025276
0.10168883523762759 0.07255482774455713 0.28349189530143015 0.12777985384348886 0.08891763912065631 0.06810007906759838 0.14246500122550174 0.11500186845913997
0.1356596469161629 0.09681693317773057 0.23669981609770743 0.10657766296003934 0.11863226119104998 0.09086764234976795 0.11882614064350655 0.09591989666403541
0.08560006438644872 0.1293402208461832 0.1292286370614895 0.1365055926307152 0.09905361084819443 0.16387876111188654 0.09258640195822423 0.16380671115685824
0.10298069108346534 0.08327573931338614 0.22606827029589635 0.13441273352814445 0.09541508122077562 0.08701585730013056 0.14986016708287148 0.12097146017533
0.10390910856587565 0.07530973429931177 0.26299532882049553 0.13049220705024023 0.09193800674631696 0.07242355553593266 0.14548907263661112 0.1174429863452162
0.10282567998369503 0.07338611911537048 0.2763657544891974 0.12872345871889848 0.09009695286442063 0.06923387173810032 0.14351705024330919 0.11585111284700864
0.08095611280621844 0.12650483546845337 0.13930498919183604 0.13908693814265513 0.09441056874854799 0.1584950022613021 0.09433722760980087 0.16690432577118613
0.08825714326241961 0.15739456236897229 0.1248507278086152 0.15951873357122645 0.08179610308149733 0.1634693834851936 0.08114648620797173 0.1435668602141038
0.10375315031941253 0.08689488382851662 0.22439432554124847 0.13462594345539283 0.09198834981880594 0.08708211768620523 0.15009788024056483 0.12116334910985355
0.08119305898487376 0.1295148177972124 0.12784540202646422 0.13946215666397743 0.09491030033936759 0.1651279525409818 0.09459172365034992 0.1673545879967729
0.11557630111274224 0.09910990801290767 0.15976048753647779 0.09513974930879686 0.14292367721826882 0.1318905503095613 0.14143162733068906 0.11416769917055623
0.10749591349148868 0.08076315135768604 0.23528425492840815 0.13069941256025527 0.10231532069614668 0.08009238434460542 0.1457200913171801 0.11762947130422974
0.10417893031555789 0.07690733715140695 0.2656354671561589 0.12929851826649558 0.09265818379365588 0.07079469815289056 0.14415819872398836 0.11636866643984602
0.080910595295909 0.13083271047467449 0.13656850263002965 0.13849019604783497 0.09461091891717394 0.1584663605793141 0.09393248079766198 0.16618823525740195
0.07577391962605008 0.14284982738800878 0.10669415886840336 0.1367732770341278 0.09370402574461936 0.18730889708338538 0.0927679618144519 0.16412793244095336
0.10111660910718066 0.08989859812716604 0.2166156673971045 0.1347969164129044 0.09470295196766913 0.09126352988734705 0.1502885023290143 0.12131722477161394
0.10357021542881198 0.07893749441215457 0.25912248623856193 0.13047354698016803 0.09186040356283665 0.07314139304429249 0.14546826805102314 0.11742619228215123
0.0808209746346602 0.13140217343988228 0.13513158316308016 0.13856278525029692 0.09446617723827455 0.15935924876020477 0.09398171521324486 0.16627534230035626
0.07549533484344714 0.14601553932866743 0.10605234196202079 0.13620095071890148 0.09335755385335344 0.18705736316071656 0.09237977527021143 0.16344114086268174
0.10082418970035364 0.0926233791821308 0.21588670608147448 0.13437989289582086 0.09443220486965717 0.09108817143570007 0.14982355222862415 0.1209419036062388
0.13677647462992396 0.106791090326287 0.21384452585596303 0.10768600351236736 0.12131285808533558 0.09660978678162173 0.12006185764737076 0.09691740316113061
0.11002599354789831 0.0818797459117424 0.25502645460263795 0.12752689045766621 0.09579594033978872 0.07278780780019281 0.1421829659281741 0.11477420141189959
0.10390459864032567 0.0777112848271724 0.2725703236006942 0.12808189303713532 0.090600108609023 0.0690563351660484 0.14280175238617923 0.1152737037334218
0.10211248545379319 0.07669794237480802 0.27921825359251934 0.127563328837412 0.08918836471162905 0.06818903707385893 0.14222359200230864 0.11480699595367083
0.1185785255440321 0.08921533423653276 0.20562575323546065 0.09293383660633915 0.13819499212311645 0.10577856438674227 0.13815238994016985 0.11152060392760696
0.12208244680067455 0.09099121700088303 0.1809388423109223 0.092026635074528 0.15257600202160784 0.11414912077026397 0.1368037739316864 0.11043196208943361
0.14144381374420764 0.10503018945456712 0.19885465617494905 0.10580183642985656 0.1354741571360503 0.10021254231364339 0.11796115195985502 0.0952216527868709
0.11139256780022587 0.0817947011475038 0.24895022430828498 0.12780199777539142 0.09899484145409755 0.07355417945960328 0.1424896900570409 0.11502179799785228
0.08192357326542163 0.13387506192007112 0.13258512160042807 0.13793724205309874 0.09567134731143126 0.15892552964546824 0.09355743374036261 0.16552469046371843
0.13285938152731955 0.11751182832523982 0.1852148590100901 0.10907468451312739 0.12328119434754978 0.112280702884551 0.12161013333030771 0.09816721606181465
0.11012170040843663 0.08445959123648933 0.2441843051595268 0.12874493304131096 0.09710739418351724 0.0759706437233014 0.14354099251023772 0.11587043973717988
0.08169464221736475 0.13464013964603722 0.13150542037188998 0.13796308958945222 0.09526976223163645 0.15979627332343088 0.09357496511284587 0.16555570750734266
0.1015226021761191 0.08997374357103925 0.22606525960349674 0.1334268825509779 0.09418285906048032 0.08598344192770742 0.14876101681429924 0.12008419429588012
0.13667314538745515 0.105954968076722 0.21718577781019033 0.10741248056122804 0.12102575404671174 0.0953197416435765 0.11975689996901095 0.09667123250510523
0.1446012562096991 0.10744375299856249 0.21077947141639627 0.10476064069863514 0.1259218331807882 0.0954081724464299 0.1168002964207171 0.09428457662877161
0.11169501407273882 0.08189332405504993 0.2534632524442095 0.12728320127755754 0.0966918464721136 0.0725072098504162 0.14191127067811266 0.1145548811498018
0.08196280615786197 0.13387584829352436 0.1335665552502189 0.13789465132533207 0.09518344819601086 0.1585145630703411 0.0935285461163122 0.1654735815903985
0.10151774570518576 0.08978333037270791 0.22687068015728942 0.13333629409788714 0.09410921743870283 0.0857200500906932 0.14866001744943536 0.12000266468809843
0.08022439068949866 0.13625786840601656 0.12766338118309928 0.13818454115749623 0.0947109857649182 0.16341221636402162 0.09372516704595397 0.16582144938899548
0.11499181667291686 0.10256822709149087 0.15930856595139717 0.09477777896874197 0.14255122194604672 0.13117552049815934 0.1408935341087567 0.11373333476249035
0.10720534701053559 0.08282796683845445 0.23478956364637388 0.13039345758321838 0.10218465293531916 0.0798659258109571 0.14537897435024497 0.11735411182489655
0.08121546285271278 0.1342370030379811 0.12946072533627298 0.1380724971550146 0.0964007709638303 0.16127737208476942 0.0936491719834012 0.1656869965860175
0.10147654662027543 0.08996075969583973 0.22526200441079025 0.1335144963459222 0.09448662396007969 0.08627782259844351 0.1488586996573192 0.12016304671132998
0.13668103635543044 0.10596910148136233 0.21691824679269062 0.10743138426797193 0.12113737688041781 0.09539663218964611 0.11977797619130601 0.09668824584117472
0.1098910632633786 0.08165395556156518 0.2561685280280418 0.1273801380028568 0.09572743636376559 0.07251740668508355 0.14201934789273735 0.11464212420257112
0.12075707535826853 0.09029639141865266 0.1984241994465815 0.09305619279053759 0.1404921542739806 0.1069722747374005 0.13833428062593348 0.1116674313486451
0.10717573362445952 0.07969601650625428 0.24969584274878814 0.12867061591530657 0.10049828537468511 0.07500181704593331 0.14345813446079703 0.11580355432377593
0.1034731065274424 0.07750528584528837 0.270672587101653 0.12836853401552598 0.09178129462394037 0.06954617558620951 0.143121335685967 0.11553168061397337
0.10207805383744953 0.07671086901628192 0.27852981227055007 0.1276464471877463 0.08952907942290814 0.06830767303602288 0.14231626276006937 0.11488180246897167
0.09206845105703067 0.15183680202632607 0.15949356479039267 0.15816101477076605 0.08058694916493596 0.13505248433955638 0.08045582055730273 0.14234491329368942
0.11751927271799004 0.10515286747335117 0.16901976315891454 0.09419835992972997 0.137405829856482 0.1236336861567951 0.14003218879106127 0.11303803191567595
0.10744827085613681 0.08300878930940003 0.23851841225527495 0.12995873442275013 0.1008075227476266 0.07840111895998658 0.14489429046834978 0.11696286098047512
0.13776843504038055 0.10387826158720202 0.22089574085316946 0.10679601835498222 0.12221505975793413 0.09326047727315841 0.11906959061368913 0.096116416519484
0.0853436667199576 0.13806666464626297 0.12494640618087877 0.13517920419676924 0.09913082265109656 0.163431425983277 0.09168676458563478 0.16221504503612302
0.13376570333551255 0.11836856414624618 0.18218746194547655 0.10891503985952655 0.12414354284575412 0.11316401053858723 0.12143214145532287 0.09802353587357389
0.1104061816135733 0.08466466598146212 0.24297306678426023 0.1288282032119688 0.0973834027889548 0.07616526419267955 0.1436338325363294 0.1159453828907719
0.13844578396858281 0.10408764542531118 0.22227108181779226 0.10661094174807911 0.12111981567091883 0.09265163978736544 0.11886324400867926 0.0959498475732712
0.1100736676911433 0.08116922681812899 0.2581123739796819 0.1270936020142767 0.09553464174607335 0.0719323642890933 0.14169988164875325 0.11438424181284902
0.10380039976281824 0.07750411208523417 0.27367517325725144 0.1279227186847203 0.09049982749902744 0.06884303703278079 0.1426242848619195 0.11513044681624827
0.1020464335772298 0.07663012241367732 0.27960750929142814 0.12750208789777803 0.08918079843464943 0.06812585635240087 0.1421553129248361 0.11475187910800022
0.08031855110113974 0.13244391639100883 0.13938982215733647 0.1379809626031732 0.09366966209586948 0.1570328428489905 0.09358708767867399 0.16557715512380783
0.10098522269346503 0.08940066433120568 0.22921301754958487 0.13313547609357404 0.09365731010169444 0.08535026038521494 0.14843612036104448 0.11982192848421665
0.1029572538641056 0.07981339001372613 0.2635089520785376 0.1296056575266937 0.09118024136980842 0.07178877729483528 0.14450063607826893 0.11664509177402434
0.102232126011892 0.07730355794240064 0.2759917203143365 0.1280230460563645 0.08964770296984834 0.0688449628602446 0.1427361423941855 0.11522074145072804
0.10164890466821548 0.07656035371562882 0.28049614589131805 0.1274435825586756 0.08896789192566926 0.06809381309987797 0.14209008383780697 0.11469922430280803
0.10137003149556846 0.07632174674318257 0.28212154511080834 0.12723794059293053 0.08870005991916671 0.06787372121228935 0.14186080839241658 0.11451414653363748
0.10125503001526522 0.07624119499170526 0.2827088564067431 0.12716482282851016 0.08859964439460004 0.06780282327587961 0.14177928754163743 0.11444834054565915
0.08016648507327764 0.13230768610494473 0.1400596314185308 0.13794713874949738 0.09353137711614927 0.15688696875593539 0.09356414628226778 0.16553656649939683
0.10093029057658418 0.08935984283238137 0.22947763947842156 0.13310831486436417 0.0936103692725327 0.08531022198035548 0.14840583761743287 0.11979748337792775
0.10293642229867975 0.07979987253903435 0.263607419107251 0.1295940975745357 0.09116328743343323 0.071776465635688 0.14448774759429578 0.11663468781708212
0.10222429527784976 0.07729884210246661 0.27602768920565407 0.1280186805716705 0.0896415717206404 0.06884083340268125 0.14273127520453413 0.11521681251450346
0.10164599687505173 0.07655866945444911 0.2805091992691896 0.12744197677446883 0.08896572113290757 0.06809236388866007 0.14208829350825106 0.11469777909702196
0.11842852344698976 0.08916535896294811 0.20600362839312128 0.092906470397574 0.13816894121721868 0.10572760487224772 0.13811170823281152 0.11148776447708882
0.08213897429902932 0.13420639003856552 0.12186163883809718 0.13574553469920167 0.10271882621566521 0.1683631098657232 0.09207088440467594 0.16289464163904202
0.10178444136744624 0.09005347451381303 0.2219878364377687 0.13358182496773438 0.09590010690178644 0.08753490729437456 0.1489337660461158 0.12022364247096096
0.1033571298196652 0.08009511369278985 0.26079828232578417 0.12989735275681774 0.0918299308894379 0.07228871854281273 0.1448258544915565 0.11690761748113598
0.10240818380365757 0.07741754048791155 0.2750001824751556 0.12814115238538415 0.0898549379684084 0.0689831435954998 0.14286782213713725 0.11532703714684574
0.10172001397068048 0.07660393657079835 0.2801360320623647 0.12748738473288287 0.08903767340700708 0.06813739300344267 0.1421389199932291 0.1147386462595946
0.10139740686140541 0.0763379124441918 0.281991000104887 0.12725385053990165 0.08872432372500688 0.06788849404271587 0.1418785467959799 0.1145284654859115
0.10126529082311408 0.07624710338958618 0.28266154300055313 0.12717057120775663 0.08860827347209467 0.06780800746440052 0.14178569655551373 0.11445351408698097
0.13492250815949683 0.1015979234811721 0.23570129141436433 0.10592715666703796 0.11806177777322509 0.09035402683231367 0.11810087467205578 0.09533444100033417
0.10886196850131397 0.08043742897765031 0.2632218447490265 0.1265826926604413 0.09455028143601042 0.07129110443436967 0.14113025584679054 0.11392442339439718
0.12036092922272351 0.08995892316374136 0.20053306676351998 0.09293707737425715 0.13997532766388782 0.10655297540341828 0.13815720755934344 0.11152449284910856
0.10701845641842304 0.07958780338602432 0.250503070801929 0.12858426290241143 0.10033127210264504 0.0748874404807231 0.14336185729567363 0.11572583661217029
0.08117284120432851 0.13327419933516899 0.1329356878220032 0.13798995621086027 0.09599938005834302 0.15944680022541943 0.09359318769084436 0.1655879474530323
0.1151464692648434 0.10190140587297765 0.1609114515765637 0.0946945366919526 0.14284436333913966 0.1300985403507696 0.14076978887341013 0.11363344403034312
0.08130240217013927 0.137437119376073 0.11160077038006752 0.13541008099258794 0.10335715302850297 0.17655701757959458 0.09184335928192924 0.16249209719110555
0.10188905904517352 0.09088090712360807 0.21787025844971314 0.13397043915689955 0.0963162074926432 0.0891326916247769 0.14936704186597605 0.1205733952412096
0.11964686404459686 0.09285986697997824 0.18729233881470342 0.09396920417105567 0.14183564627694342 0.11194150134272199 0.13969153336473353 0.1127630450052668
0.10732103962279087 0.08043643633123404 0.24550992922999826 0.12919299830140277 0.10114522818108838 0.07608011802468903 0.14404055183753414 0.11627369847126251
0.0812371107230089 0.1335418919441003 0.13184286828559147 0.13803072141045647 0.09618469415638257 0.15990501065734217 0.09362083713057048 0.16563686569254776
0.10136242318731756 0.08974229625776318 0.22611892554047217 0.1333303836529386 0.09433565892598905 0.086459539403479 0.1486534277443957 0.11999734528764475
0.10311327513622062 0.07992517413033033 0.26231503581757887 0.129685894681103 0.0913803304786675 0.07227289002551905 0.14459009451758797 0.11671730521299271
0.1191256627743889 0.09006703227100192 0.20055848777868554 0.09319701122932246 0.1392964042736802 0.10737537150459199 0.13854361669314205 0.11183641347518694
0.10673303080010328 0.07960111301081846 0.2505137922895809 0.1285673784178946 0.10018919767407812 0.07534181487594593 0.14334303235547352 0.11571064057610515
0.10332879311847737 0.07745270086629492 0.27094898125150657 0.12829453795495296 0.09167916896646924 0.0697918980823192 0.14303883560052216 0.11546508415945765
0.11897002754849954 0.08942026506580716 0.2030639779156478 0.09299907146897914 0.13913767747705932 0.10656072881630191 0.1382493659449302 0.11159888576277496
0.10661141864113992 0.07942549679803725 0.251458373692594 0.12845431386576991 0.10007664582001198 0.07514789488574644 0.14321697381750764 0.11560888247919293
0.10327000525654872 0.07739908825025064 0.2712945893790866 0.12825158206845413 0.09162835835648951 0.06973900983482262 0.14299094299273915 0.11542642386160872
0.1189482166434359 0.08940469398402905 0.2031668295861905 0.09299295287322377 0.13911405487061015 0.10654143835325268 0.13824027024138938 0.11159154344786854
0.09463715967711642 0.1545294235068385 0.13954217119243448 0.15620456257112697 0.08883621669791288 0.14620577821089614 0.07946058182966025 0.14058410631401425
0.07751212486973298 0.15192950626358526 0.10657010848492378 0.1353279116517911 0.09181407499404115 0.18266515272038766 0.09178762703338873 0.1623934939821493
0.08595404443180225 0.17421553799286224 0.11463549914353034 0.15614415148239386 0.07990762283527973 0.1691835568084984 0.07942985097147862 0.14052973633415447
0.10265577502922239 0.09703494883454458 0.21866468042583478 0.1334302649373478 0.09112342971552741 0.08823887469122516 0.14876478792268477 0.12008723844361302
0.10363019678221734 0.08132884492872579 0.2595178982260101 0.1299783494854797 0.09092947062131435 0.07271856561983839 0.14491615979948258 0.11698051453693172
0.10249115849309481 0.07763850628306547 0.27450734771646634 0.12815875995379988 0.08969302607339247 0.06928086425983802 0.14288745326192315 0.1153428839584199
0.10173432310543412 0.0766357405769969 0.27993065739885226 0.127470196643896 0.08900090404802638 0.06838524469058588 0.14211975655670195 0.1147231769795064
0.10138680337142654 0.07633085368999142 0.28188969088099886 0.1272235799800265 0.08870407230799175 0.06811898040682487 0.1418447973807161 0.11450122198202385
0.1349427521029728 0.10160246256571293 0.23540834439683722 0.10590590690092619 0.11807262152111532 0.09067541353295755 0.11807718276864458 0.09531531621083357
0.10885064645840785 0.08042312789444937 0.26307145145987787 0.1265422415669364 0.09453722424014004 0.0716021350736748 0.14108515589627085 0.11388801741024274
0.10334920118736116 0.07724130894591401 0.27547001522768294 0.12767026259675615 0.09014201728816625 0.0688811432531929 0.14234281516384603 0.11490323633708052
0.13566270043939668 0.10191157159556366 0.23325029936348063 0.10602696983876846 0.11857872509339258 0.09093330190471532 0.11821215890979109 0.09542427285489159
0.10907895861478564 0.0805246095947397 0.2622504864831947 0.1266235783333668 0.09469750590809231 0.07168780024485788 0.14117584032093283 0.1139612205000301
0.12039221139505844 0.08995483735148767 0.20019204876402946 0.09290868560236631 0.13999073630506448 0.10695605657563641 0.13811500128351767 0.11149042272283959
0.08241792076714907 0.13432110322783122 0.12050156090345128 0.13561505450456268 0.10302259571644484 0.16940131468068664 0.09198238479439905 0.1627380654054752
0.10183243325396857 0.09006633332279115 0.22133829545350872 0.13352961271362457 0.09595208093062609 0.08822903960399867 0.14887555327922022 0.12017665144226213
0.11951579075244417 0.09260801026350618 0.1882695960839889 0.09385568925145049 0.14158260013329668 0.11201870060096904 0.13952278581260402 0.1126268271017406
0.08223843840493339 0.1350508394248194 0.11783790939727032 0.1356186632536099 0.10332014159196326 0.1712067795554061 0.09198483246766587 0.1627423959043319
0.07538745167672134 0.14640295390280522 0.10188121284446504 0.1354685728880849 0.09481223154001873 0.1916022576363716 0.0918830320458315 0.16256228746570184
0.10080067042508027 0.09271622753556927 0.21397259508185984 0.13432223913197322 0.09480228011116758 0.09273669991112023 0.1497592725844537 0.1208900152187759
0.07997881636981836 0.1368930638416457 0.124652117908893 0.13798696876581315 0.09471887313685341 0.16659463603423175 0.09359116142376893 0.16558436251897576
0.10127610208715171 0.09050703053427227 0.22325236605135998 0.13359041975680896 0.09422202000568256 0.08797733518906471 0.14894334859453176 0.12023137778112805
0.10318039355743241 0.08012100694821947 0.2612431917657128 0.12979617939374957 0.09143408135393837 0.07269553178458643 0.14471305374198645 0.1168165614543746
0.10232501504028356 0.07738559333657222 0.27512345738084804 0.1280638926751876 0.08973578269057443 0.06932707214294719 0.14278168332591812 0.11525750340766885
0.10166781256725589 0.07657012670795037 0.2801412652852191 0.1274243865711799 0.08898297614052182 0.06846280306952542 0.14206868174428564 0.1146819479140619
0.10135599258150878 0.07630682596062859 0.28195376711627335 0.12719645023570544 0.08868597570971919 0.06820963344362385 0.1418145497404059 0.11447680521213491
0.10122769171844766 0.07621757675830755 0.28260914353120226 0.12711521441396514 0.08857445135112584 0.06812825139284263 0.14172397786154023 0.11440369297256864
0.1182250890670559 0.08902276493783082 0.20656370320473363 0.09281143237116397 0.13793345341289953 0.10609941033751727 0.13797042782340196 0.11137371884539676
0.10632134924949388 0.07926514295491986 0.2527797156510564 0.12829017687429678 0.09971877243845981 0.07512971032386201 0.14303397332104428 0.11546115918686709
0.10315309344751164 0.07733145045520409 0.2717679784634263 0.12817523377419665 0.09150977798246372 0.06979893513814453 0.14290582034227597 0.11535771039677699
