0.125 0.125 0.125 0.125 0.125 0.125 0.125 0.125
0.08288008288008288 0.06526806526806526 0.16576016576016575 0.13053613053613053 0.10360010360010359 0.08158508158508157 0.20720020720020718 0.16317016317016314
0.0747376982655788 0.12456283044263135 0.1031476208130543 0.1494753965311576 0.09342212283197351 0.15570353805328918 0.11210654739836823 0.18684424566394703
0.073474517948844 0.12245752991474002 0.0964927815229434 0.146949035897688 0.09184314743605501 0.17488491548435361 0.11021177692326602 0.18368629487211002
0.06721926511803597 0.10490753416709099 0.061702620123741704 0.0944167807503819 0.12588904100050918 0.2437310604390182 0.11330013690045827 0.1888335615007638
0.07295173961840629 0.12906846240179573 0.09118967452300786 0.16133557800224466 0.08754208754208755 0.15488215488215487 0.10942760942760943 0.19360269360269358
0.11524688884450017 0.0849667699353351 0.1405020399580512 0.10196012392240213 0.1348678887862462 0.13316466710696703 0.16184146654349543 0.12745015490300263
0.07161901603202282 0.12671056682588652 0.08952377004002854 0.15838820853235816 0.08594281923842739 0.17032124504441265 0.10742852404803424 0.1900658502388298
0.07985142426030797 0.1189920574253964 0.09290486193296767 0.14279046891047567 0.08924404306904729 0.19063620658085362 0.10709285168285676 0.17848808613809458
0.08275299051934391 0.11786544199037101 0.09237713148930941 0.1414385303884452 0.08839908149277825 0.1942897633428619 0.1060788977913339 0.1767981629855565
0.10269840036817654 0.14524036996017167 0.08541864143971367 0.1307163329641545 0.11821899989390511 0.24124020587227005 0.09803724972311587 0.0784297997784927
0.059007302380386636 0.10439753498068405 0.05144226361367041 0.09101323562418609 0.11801460476077327 0.2912140601645866 0.10288452722734082 0.18202647124837218
0.09298434415767672 0.0750596513080041 0.18596868831535343 0.1501193026160082 0.08368590974190905 0.10970291202282302 0.1673718194838181 0.13510737235440737
0.11087850432065537 0.07270655788517573 0.2178412002688727 0.14541311577035146 0.08699942086520394 0.07841249560872768 0.16097829666070654 0.12677040862030642
0.0866441645526523 0.1160239760692594 0.11503726393706525 0.13922877128311129 0.09448802100603915 0.17012026058565002 0.10442157846233346 0.17403596410388908
0.08147526313511244 0.11394593879812698 0.0984256294576956 0.13673512655775236 0.09345059478986414 0.20249719414594367 0.10255134491831427 0.17091890819719044
0.11962464246904712 0.07971223194112906 0.14239650282652447 0.09565467832935487 0.13832740995188658 0.15288336382535653 0.15183282274500773 0.11956834791169357
0.08195395827050397 0.14499546463243013 0.08100466724212886 0.12640630250006726 0.09834474992460478 0.2298708457779647 0.08573644865221954 0.15168756300008074
0.1463408023171297 0.09550558746018623 0.16635225120721991 0.11460670495222348 0.11619653629186817 0.13421024659607309 0.126874333524643 0.09991353765065636
0.11419236006362345 0.13827169389320312 0.10318679648264423 0.12444452450388281 0.11607798409493668 0.23582653288146793 0.09333339337791212 0.07466671470232969
0.06649010756604587 0.11763634415531193 0.09137270846578817 0.14704543019413993 0.07978812907925505 0.22147760295742236 0.09973516134906882 0.17645451623296787
0.10480398754382944 0.07062682113324023 0.2164632682957345 0.14125364226648046 0.08926405325579374 0.0980704380463835 0.15637358850827304 0.12314420095026503
0.12388701163216438 0.07682184584574817 0.18233411002722044 0.09218621501489781 0.1415757325136133 0.12163499077726093 0.1463273254204727 0.11523276876862226
0.1040801257329025 0.08401648703740322 0.15276940034894299 0.10502060879675403 0.14179391137153158 0.13017454755700733 0.15612018859935375 0.12602473055610483
0.1196721532100241 0.09660282247074235 0.17169042925970363 0.12075352808842794 0.13361350898663765 0.11435821034360216 0.1346311723612771 0.10867817527958512
0.11185523065370073 0.06710301351174339 0.24687424297233593 0.13420602702348677 0.09743682556546009 0.0769529454225639 0.1485715887276695 0.11700012612303974
0.08597423692710433 0.11080595204186201 0.13427267853132252 0.1329671424502344 0.10204907376135697 0.16799663138765097 0.0997253568376758 0.166208928062793
0.08075188518652944 0.11009761177488783 0.10833920260783184 0.1321171341298654 0.1020336544316078 0.20242624360954692 0.09908785059739905 0.1651464176623317
0.07925214738087843 0.1092148870833891 0.10195740446160866 0.1310578645000669 0.10125928676201411 0.21514268081190893 0.09829339837505019 0.1638223306250836
0.09677160686435492 0.1337403666886377 0.09242033493295217 0.12036633001977394 0.12386771056957943 0.27033910539800693 0.09027474751483047 0.07221979801186436
0.06401099853108379 0.11325022817037898 0.09307869716056845 0.14156278521297375 0.093623268328705 0.22858218254409585 0.09601649779662567 0.16987534225556847
0.11390143867604863 0.07696032896624164 0.1470651694006943 0.09235239475948998 0.14855535353577756 0.15913371841954432 0.1465911027928412 0.11544049344936247
0.065682510709527 0.11620751894762471 0.10312559833568083 0.1452593986845309 0.09920507042919727 0.19768485840771163 0.09852376606429053 0.17431127842143707
0.1027701826459601 0.06920307353187524 0.22512178763162644 0.13840614706375048 0.09622113141766507 0.09439461420730949 0.15322129426674858 0.12066176923506451
0.08395543271354974 0.11018234360421818 0.13015491272656193 0.1322188123250618 0.10352273870755063 0.17552813527293423 0.09916410924379636 0.16527351540632723
0.07990294639894722 0.10926637644875177 0.10758052780280411 0.13111965173850212 0.10405733200390954 0.20583386213008115 0.0983397388038766 0.16389956467312763
0.06444509325991293 0.12651533618263763 0.09580653061392713 0.14252280240173051 0.09149481327985608 0.21152042148998965 0.09666763988986941 0.17102736288207662
0.10339618648294242 0.06924847752392406 0.22305089441746034 0.13849695504784812 0.09478963437212153 0.09695509454779273 0.1533218224379922 0.12074093516991888
0.0849122232805359 0.109916872024473 0.1301536807988922 0.1319002464293676 0.10302234234313126 0.17629414226486487 0.0989251848220257 0.16487530803670947
0.08075714471107187 0.10905593397972115 0.10781207680573182 0.13086712077566537 0.10380717428927431 0.20596630788720477 0.09815034058174903 0.1635839009695817
0.07568242549562809 0.14864025297525776 0.0785762054085576 0.11673305076445989 0.11209807038278834 0.24901487353745314 0.07917546051850323 0.14007966091735188
0.11390848415394367 0.10601453977783862 0.16258225780954008 0.11493777768545521 0.13213928099065697 0.1388266149924691 0.12814704467318663 0.10344399991690968
0.08541247598950143 0.0764132739122082 0.23425362533303432 0.13789484075413483 0.10285934352711619 0.08531862702418096 0.15374245678110257 0.12410535667872137
0.10280435879278613 0.06546736548703556 0.27840206417268354 0.13093473097407113 0.09203912718608678 0.07125399685663518 0.1449501295276652 0.11414822700303635
0.05732337231441297 0.10821223568689975 0.08563440032998967 0.0884159312620729 0.14169250754681734 0.24194124630027483 0.09994844403538675 0.1768318625241458
0.09584757366381977 0.08611174361266147 0.1466394203795386 0.09671366619692658 0.16000525071214064 0.15485458550287126 0.14377136049572967 0.1160563994363119
0.09203895376367482 0.07360637599802518 0.23175409877398895 0.13500460989609417 0.1086971414220156 0.08687460617645933 0.1505200650632572 0.12150414890648475
0.0702360058463363 0.12209280224326031 0.1311279346809519 0.14177974635954677 0.09989030553024965 0.16857385565563668 0.09616365405256216 0.1701356956314561
0.07855598567482842 0.10982595221106652 0.10873012040045432 0.13179114265327982 0.10369073020315664 0.20382378355065464 0.09884335698995987 0.16473892831659978
0.06801031311472144 0.12393850495423156 0.10206777300925496 0.13906312296880627 0.09750645304252972 0.20821701063861117 0.0943210747092773 0.1668757475625675
0.09150060700139745 0.07786105892354536 0.2187656183452542 0.13799777067254404 0.09828967385866154 0.09753006163451608 0.15385721595879165 0.12419799360528966
0.09019198916804815 0.0718644249740838 0.26623720260086337 0.13298370612707333 0.09491248966359668 0.07585794377745553 0.14826690817451307 0.119685335514366
0.08835918263294643 0.07007611404299398 0.2851033398935518 0.1303496596510322 0.09249745256698662 0.07096941460220023 0.14533014292435978 0.11731469368592898
0.08747079744709953 0.06936742293529749 0.29268560072635336 0.12921763812701542 0.09127799079862149 0.0696166522469995 0.14406802340429928 0.11629587431431387
0.08709014648828968 0.06907447087579734 0.2957879134037937 0.1287442147530664 0.09072764847661507 0.06916562105222933 0.1435401916724487 0.11586979327775979
0.08692949739070215 0.06895160193727747 0.2970817439910557 0.12854484031680763 0.09048883264337255 0.06899522338094814 0.1433179040547094 0.11569035628512686
0.1168818557155154 0.09271215172831418 0.250311862677122 0.1080360456521972 0.12162529099616744 0.09274822363297307 0.12045212851073327 0.09723244108697746
0.09676404162478314 0.07036973625477301 0.2772666957706726 0.12796115527238403 0.09701306347496001 0.07279312906851909 0.1426671387887625 0.11516503974514565
0.09380606568135574 0.06894967607276982 0.289078883922042 0.12830709772498017 0.09178413877794218 0.06954491106162178 0.14305283880680622 0.11547638795248215
0.07428338098619677 0.1200571577875628 0.14653215042956233 0.1398244843843787 0.0962088632644176 0.16046710552157054 0.09483747636505685 0.1677893812612544
0.10832959482105499 0.08662074999566337 0.16996533745242692 0.09618764861550808 0.14604898540621303 0.1344331053391118 0.142989400031412 0.11542517833860969
0.11655813226251796 0.0815897597990948 0.1743386836247219 0.09328943188595963 0.15887053114320362 0.12472513681475994 0.1386810062065907 0.11194731826315156
0.08135678777945701 0.11897152000321606 0.11785140275351727 0.13661031974895274 0.10926871813649137 0.1793514336151152 0.09265743426450708 0.16393238369874327
0.07565767439922184 0.12396948451844526 0.10476900639811926 0.1376271954640495 0.0984168366433148 0.2010600267487215 0.09334714127126836 0.16515263455685938
0.10080646775888 0.0766774710229346 0.21967269422711053 0.135588882375479 0.09719158924553939 0.09686141595677786 0.1511714852753475 0.1220299941379311
0.10232423406773113 0.07042701788915784 0.2660841667608638 0.13023773939927144 0.09321654869072292 0.07529096753700436 0.14520536019590413 0.11721396545934432
0.10091113345519478 0.06873397323258137 0.28381570230098824 0.1278258174004445 0.09080836956598362 0.07034552122301624 0.14251624716139108 0.11504323566040003
0.09995875365845346 0.06814181035866758 0.29051188718954485 0.12691079773293684 0.08971729514338801 0.06904366944019627 0.14149606851716987 0.11421971795964314
0.07959813455715417 0.11907660993046794 0.1464918891025632 0.13867964975547437 0.09520664212614369 0.16047051498747952 0.09406097983414784 0.16641557970656926
0.10034743124385932 0.07532365833061634 0.23712463042123272 0.13380365550127293 0.0953456194781862 0.08845062453719302 0.14918109053649384 0.12042328995114562
0.10158317998322412 0.0698666987382946 0.2728298575306566 0.12934904547100995 0.09236522826630487 0.0733773163002661 0.14421453278633498 0.11641414092390893
0.07995312661393053 0.1194551152337146 0.14238923482572752 0.13890973900904122 0.09601658016592225 0.1623674769694648 0.09421704037134969 0.16669168681084945
0.10055755413901318 0.07545080257181105 0.23542885759706567 0.13398562192798572 0.09570804576761088 0.08889808873863202 0.1493839695226945 0.12058705973518713
0.10168230387134446 0.06991405370330887 0.27216245307542897 0.1294218269419623 0.09255077708954884 0.07349326237564667 0.14429567869499377 0.11647964424776608
0.10053460084236969 0.06852145484579679 0.28609490815626154 0.12748347555452327 0.09062689856296224 0.06986897248792759 0.1421345615510879 0.11473512799907096
0.07970726709190895 0.11914754162183054 0.14546184487630015 0.13871386897150162 0.09560443590067887 0.16082420938261155 0.09408418938936632 0.16645664276580194
0.07632516821303977 0.1243282927155138 0.11139939482930439 0.13800159300492 0.0958966028749624 0.19484595628345336 0.09360108047290226 0.16560191160590398
0.07530668559692638 0.12423039158046169 0.1029917191183316 0.13722881512586865 0.09541785201707537 0.20707302293361785 0.09307693547667613 0.16467457815104236
0.10159152149296866 0.07663399962375374 0.21868699877314454 0.1354411000621782 0.09666699062205229 0.09807568034539421 0.1510067190245479 0.12189699005596039
0.13748256762894268 0.09332571495585205 0.2201760089245157 0.10784878738926594 0.12367261864717446 0.10018704428184773 0.12024334952206218 0.09706390865033934
0.11023795251658285 0.07016222842042835 0.2633895054064444 0.12732047381910072 0.09761193570917838 0.07473665091067433 0.14195282678040033 0.11458842643719064
0.10363758225125215 0.06848188556940518 0.28216598249111213 0.1273411082506287 0.09168015194807688 0.07011045943228804 0.14197583263167107 0.1146069974255658
0.13582687237785568 0.09089402308075951 0.2418814939385439 0.10580944663927569 0.12022666299494153 0.09216336221784419 0.11796963677543125 0.09522850197534811
0.1097818159132862 0.06936882838115092 0.27175238162424786 0.12613656372369256 0.09607882524229971 0.07272582238847951 0.14063285537551992 0.11352290735132332
0.12121086147168073 0.07957495960073818 0.2081573504704276 0.09253731112212227 0.1417062575218999 0.1082055582910119 0.1375629281755728 0.11104477334654672
0.08379284633985795 0.11852692182884454 0.12577545922279892 0.13630293326548976 0.10576707776065951 0.17382229562282087 0.09244894604094088 0.1635635199185877
0.10334525560433225 0.07546277269848732 0.22777142103604078 0.13403632485735445 0.09804768238578936 0.09126335154123688 0.14944049950513996 0.120632692371619
0.10443428799723466 0.06988369880279355 0.2687037864184966 0.1293315153599178 0.09308484288046878 0.07396851669647805 0.14419498802068448 0.116398363823926
0.08202167651915898 0.11920753366297261 0.14131798044115632 0.1385847699229479 0.09611718343745652 0.16245250555233606 0.09399662655643423 0.16630172390753747
0.11689243522961719 0.08568272510012821 0.16686986382049226 0.09508247137078815 0.1450822065272999 0.13494485247791507 0.14134647982881343 0.11409896564494576
0.10875484821032119 0.07100194068563406 0.24216662443059572 0.1298894455312228 0.10418041917349982 0.08228918246551624 0.1448170385251096 0.11690050097810052
0.13967398073053605 0.09170200742112188 0.22747017904612296 0.10649395139727609 0.12456198105375334 0.0955205355954842 0.11873280849815707 0.09584455625754847
0.10098484783094067 0.1379481952137375 0.15009152091530184 0.15664413926035298 0.0880006350271347 0.14566674383794795 0.07968419258026652 0.14097972533431768
0.08420783682704622 0.10980597236814323 0.11323047439805574 0.13176716684177187 0.1023147254265969 0.19513949045484225 0.09882537513132891 0.16470895855221482
0.07721508073584711 0.1222073179342832 0.10321090267092771 0.13677311579331403 0.09667082515371232 0.20702716630882162 0.09276785245111734 0.1641277389519768
0.07583773541992002 0.12350734588668523 0.10077314847462301 0.13664986864201245 0.09530397923787813 0.21126382123736226 0.0926842587311041 0.16397984237041494
0.11553704495195184 0.08624097386859741 0.153183601099479 0.0953033845782433 0.1452216704315923 0.14847438142709432 0.14167488214914975 0.11436406149389196
0.10898863350174821 0.07135943154926536 0.2365404254904856 0.1304741522111571 0.10468884354076254 0.08505283387813023 0.1454689428384095 0.1174267369900414
0.10541573239789462 0.06915625549301636 0.2716394192066185 0.12845800743983873 0.09401569036937829 0.07248159652044417 0.1432210918769545 0.11561220669585485
0.10342039623024228 0.06821396686682708 0.2853357916809756 0.12696229994165423 0.09071938001590417 0.06952860568046644 0.14155348963644132 0.1142660699474888
0.10247618372488586 0.06781307637943018 0.29057115520478466 0.126318943030302 0.08960081988818364 0.06869657835314864 0.1408361946919934 0.11368704872727181
0.0615963382192886 0.08948224531453818 0.1765499982792926 0.1667410751278673 0.07177368244245926 0.12067342385464673 0.11309394660846653 0.2000892901534408
0.10050431261657675 0.06784778491171643 0.2583093426429657 0.13569556982343287 0.0896859384213927 0.07943777584865684 0.15022057383790696 0.11829870189735174
0.08157485281384576 0.11921750629939501 0.13894892752449153 0.13892145637560818 0.09552016890981636 0.16488635262352677 0.09422498780258642 0.16670574765072982
0.11687539194114706 0.08571463243536455 0.16610179671835212 0.09511898432295181 0.1449726851836918 0.13567296942638332 0.14140075878456718 0.11414278118754216
0.09643231086479796 0.13783453137674445 0.13385377598156462 0.15758707223729432 0.09227112484197685 0.16002896119812896 0.08016385848592798 0.14182836501356488
0.10894868905378557 0.06780050599670287 0.23871646179387493 0.13560101199340574 0.09412120539874186 0.08647996446436852 0.15011589443307433 0.11821626686604605
0.12258783988573399 0.080144557553681 0.19799837883184004 0.0933937146523775 0.14221853005219037 0.11274849189838683 0.1388360295429373 0.112072457582853
0.1090378185466078 0.06976031632361565 0.2545265706772669 0.12828442458354164 0.1024154526165095 0.07749187518114341 0.14302755994612779 0.11545598212518748
0.10479501523783726 0.06856074275985355 0.27852460105319476 0.12752909668450738 0.09291819706167306 0.070710734480419 0.1421854257064582 0.11477618701605663
0.08223305402791198 0.11888929742402846 0.14358436668134164 0.13837099156901417 0.09601774897196728 0.1610077223787185 0.09385162906420091 0.16604518988281697
0.10214791955143378 0.08104046076485369 0.23437045606572288 0.13242171223618096 0.09498210853042383 0.0882174749128112 0.1476403269260107 0.11917954101256285
0.10378554496805012 0.07397501014601142 0.2706393578864608 0.12827095604831606 0.09188286625538884 0.07298986071782243 0.14301254353446582 0.11544386044348447
0.08159818223192197 0.1254405068376325 0.14112484107550136 0.13744296206860612 0.09525347467270438 0.16098629566303443 0.09322218296827198 0.16493155448232732
0.0764869692212586 0.13454442446028939 0.10928710807019905 0.13603049682633134 0.09480472462875508 0.19334551753675283 0.09226416306481604 0.16323659619159758
0.08712854919683606 0.15732020358306847 0.1176101709755131 0.1568726503627044 0.08191718176475886 0.178165423606179 0.07980043518450615 0.14118538532643393
0.10769629297664396 0.06848452770725812 0.2327006561407301 0.13696905541451623 0.09280803331854023 0.09030213960088755 0.15163037473646077 0.11940892010496287
0.12199783337154656 0.08410986296373385 0.195703942474086 0.0930872335538202 0.141481571580355 0.11353445098649385 0.1383804248053805 0.11170468026458424
0.12422078628068953 0.08487646964155587 0.18082912138604076 0.09125874509026592 0.1555677294104364 0.1180744001873121 0.1356622538953804 0.10951049410831909
0.10945524454725572 0.07448888376619962 0.24650126678903397 0.12793629826225877 0.10539215723958135 0.07844405588216412 0.1426394250774736 0.11514266843603291
0.10480153328419976 0.07262287975235417 0.2748184711618642 0.12720041652243036 0.09346626033007345 0.07079109222477821 0.14181897185411266 0.11448037487018733
0.10285094162696648 0.07179782140806658 0.2860057690341413 0.12613106801888466 0.0901713154692254 0.06889839515093307 0.14062672807478632 0.11351796121699619
0.10201879177648525 0.07142703511574562 0.290317377632467 0.12563311219416176 0.08914351891769302 0.068318818897599 0.14007154449110273 0.11306980097474556
0.10167548306492442 0.07127404709091821 0.2919662292230679 0.1254327807098467 0.0887956216083958 0.06811814582778286 0.1398481898362022 0.11288950263886205
0.08111281499388023 0.12468466294964177 0.1460859453759142 0.1371738627250656 0.09444641215974084 0.1588480031121558 0.09303966341352277 0.1646086352700787
0.0877104630516975 0.16239784919197658 0.12689505031463885 0.1559136898496113 0.08149676713014813 0.1659512434563882 0.07931261614088922 0.14032232086465016
0.08183674408649795 0.110017499366647 0.10808375813917122 0.1320209992399764 0.10089445149209586 0.20310454919565876 0.09901574942998231 0.16502624904997049
0.07556055503579417 0.13583925469543084 0.10044935092186905 0.1340560891087232 0.09485514960182706 0.20744729413649315 0.09092499956939486 0.1608673069304678
0.10137170795987213 0.08860950193761712 0.21515463431331197 0.13326252877531464 0.09556445520041638 0.09752312129604282 0.1485777746196418 0.11993627589778315
0.13758706324970357 0.10335236785153712 0.2171421926136129 0.1063625277916264 0.12217296506232728 0.09907032743313954 0.11858628098558942 0.09572627501246375
0.14608053368009127 0.10395793943772554 0.21420057061282677 0.10330282632227875 0.12707059164192466 0.09724005243190464 0.11517494218319735 0.09297254369005085
0.11298499010384523 0.07901275618736588 0.25892919234432193 0.12538146095029162 0.09755306253243229 0.07350425089234942 0.1397909721341311 0.11284331485526247
0.12211716876077132 0.0875490544513527 0.20307731930241937 0.09171322884149802 0.14142702169877136 0.1077224578187748 0.13633787451661497 0.11005587460979763
0.1080595404470602 0.07712299509698793 0.255345395308888 0.12671365374260918 0.1014664950213027 0.07597336433461117 0.1412762676801926 0.11404228836834825
0.10394408511801247 0.07507763197893746 0.277908873137341 0.1263548439547963 0.09214261285431957 0.06997637185364539 0.1408762215436311 0.11371935955931668
0.10231342314148434 0.07428459016118615 0.28684021028885925 0.12553696501013734 0.08957567749381708 0.06850151783931376 0.1399643475560785 0.1129832685091236
0.1016356078181462 0.07394390350369413 0.2902912532799652 0.12514702320307322 0.08877221851659765 0.0680480812544208 0.13952959154133687 0.11263232088276591
0.1013591257277507 0.0738038893979738 0.2916149578820561 0.12498915889149059 0.08849885594497366 0.06789018453857251 0.13935358461484096 0.11249024300234152
0.10124885501250938 0.07374842326468242 0.29212152465642255 0.12492781386321625 0.0884010808908821 0.06783208034909029 0.13928518948630228 0.11243503247689463
0.1012055746856867 0.07372687585961459 0.2923152482189558 0.1249042535212047 0.08836508430229854 0.06781021377996142 0.1392589214631939 0.11241382816908423
0.11853977940245157 0.08635923973942279 0.21407865140764418 0.09144452922836431 0.13800189651064923 0.10590403414272788 0.13593843449470278 0.10973343507403718
0.10685602552062586 0.0766889895974768 0.2598652578807851 0.1262963658148842 0.10040246924026157 0.07541313993090132 0.1408110227816694 0.1136667292333958
0.10351019752296482 0.07489889142565184 0.2796807675796308 0.12615634799722217 0.09178162304262126 0.06977654587034199 0.1406549133640671 0.11354071319749995
0.11938942348029041 0.08673413373156168 0.21002442541556995 0.09164038391536593 0.13938461705519967 0.10662897006222333 0.13622958564134996 0.10996846069843912
0.10719447847783378 0.076845472562601 0.2582181011747269 0.12646401622157846 0.10082752443633594 0.07563485205359415 0.14099794047390912 0.11381761459942062
0.10364632625778286 0.07496468831925959 0.2790377695842927 0.12623058369177667 0.09192221577459721 0.06985321042617362 0.14073768062351819 0.11360752532259903
0.10220677894413523 0.07423856593301445 0.28727605120075733 0.12548546227210383 0.08949517020602554 0.06845412955241136 0.13990692584665906 0.11293691604489348
0.08091363257196468 0.12903922454127273 0.14457833206775642 0.13650762530212096 0.09423393095692074 0.15833032355771975 0.09258778063969945 0.16380915036254515
0.10136112123192352 0.08635459065463494 0.23398835516406702 0.13157148658161508 0.09416969613700175 0.0874480235364588 0.14669238877084545 0.11841433792345359
0.13701154989816455 0.10244485863633632 0.22376201123278375 0.10586640900565031 0.12126294403274525 0.09633931352621865 0.11803314556301608 0.09527976810508526
0.11067729372564407 0.07871329415965049 0.2631903202030913 0.12535657310038664 0.0961943084654674 0.07328407051662289 0.13976322403878927 0.11282091579034799
0.10426295536131477 0.07509336979007383 0.2808939186562511 0.12594031265518407 0.09074593002545624 0.06930318204231929 0.1404140500797351 0.11334628138966567
0.09319263910572596 0.14818497802905495 0.1639900847433663 0.15649869674740924 0.08125768242318401 0.13641688527230053 0.0796102066062908 0.14084882707266833
0.0780782028396315 0.14661440946543797 0.11391192508387914 0.13468538563725804 0.09105528331925339 0.18268050410977693 0.0913518267800533 0.16162246276470965
0.13248432363783927 0.11734328045656271 0.18008982504451715 0.10821101177444604 0.12301358040640595 0.12082086540335997 0.12064720267986745 0.09738991059700142
0.08502767248405696 0.1378558276828918 0.11738698141021005 0.13338425530681752 0.09991394607974621 0.17590088967738532 0.09046932099071102 0.160061106368181
0.06808169546182119 0.1279348800794101 0.14675523782812422 0.19167073790139133 0.06346639065368272 0.13208532294491476 0.09750207101940343 0.1725036641112522
0.10324188000249385 0.06873025505913152 0.24687727740747634 0.13746051011826305 0.08940373313551415 0.08227454118595502 0.15217443529575722 0.11983736779540882
0.08145544339925873 0.12825098682291136 0.13538270149484197 0.13746238045182027 0.09464314553335243 0.1646151320578745 0.09323535369775636 0.16495485654218428
0.07590039302545486 0.14132657362360526 0.10724372358125343 0.1348070439031938 0.09398452063658061 0.19353494972478277 0.09143434282129667 0.16176845268383255
0.11419694655727346 0.10072558509967941 0.15372653920784457 0.09376732270174647 0.14311856132043282 0.14255283486952547 0.13939142300140223 0.11252078724209576
0.12236522458281862 0.09131860360706293 0.16671476271230898 0.09139103427343201 0.15650207172369232 0.1261801513213156 0.13585891065125116 0.10966924112811842
0.10926346796754383 0.07853416802012751 0.2402416912812374 0.12804374043234198 0.10585875795675109 0.08005959287384642 0.14275921507904396 0.11523936638910777
0.10474957067654614 0.0756792198589831 0.2719946591392961 0.12703200598903758 0.0935443842314029 0.07104014803727059 0.14163120667732992 0.11432880539013382
0.1027110387306119 0.07453042075854906 0.28456346470293414 0.12581206612586587 0.09005467794432717 0.0688264074542507 0.1402710647701818 0.1132308595132793
0.10181031759097958 0.07404043570900642 0.2894187779178382 0.12525294651420749 0.08894299884256271 0.06815918343409193 0.13964768812852682 0.1127276518627867
0.09260659791341269 0.14775743305329267 0.1662096145861197 0.1563664591267898 0.08085526551762226 0.13593187868502438 0.07954293790362785 0.1407298132141108
0.10327386508383989 0.08853527640876502 0.2424929605416303 0.1302249943613488 0.09036432779334999 0.08271493045610939 0.14519115042974262 0.11720249492521392
0.10347737485493605 0.0773601367034716 0.2733182748878247 0.12732193878985903 0.09036082784854231 0.07161724189102356 0.1419544601134697 0.11458974491087312
0.10240799789066048 0.07478952478622686 0.28515498756623264 0.12582271327590266 0.08937557295134747 0.06892582603340816 0.14028293554790938 0.1132404419483124
0.10172688725604782 0.07407129135632284 0.28966058131334094 0.12523862162420327 0.08878808108343854 0.06816806095966975 0.13963171694519377 0.11271475946178294
0.11874055186589505 0.08646259473701924 0.21323916858574554 0.09149424555726884 0.13820546795280284 0.10605253547577008 0.13601234115677577 0.1097930946687226
0.1407307906968272 0.10097508946295834 0.21346800987840725 0.10391199963159577 0.13222771744386355 0.09931146825552069 0.1158541249623911 0.09352079966843618
0.0867663358593494 0.13373261706574666 0.12553357561759876 0.13343715740481932 0.10220355705191497 0.16769696570108414 0.09050520241370354 0.16012458888578315
0.10319989027479932 0.08745188463953235 0.22555676101048622 0.13200209604773291 0.09631275324127228 0.08950224215268511 0.14717248619053205 0.11880188644295964
0.08111091791307239 0.13265466927773756 0.1299251454749142 0.13679757074418344 0.0957913016600171 0.16677887074969594 0.09278443928735922 0.1641570848930201
0.1331739480132156 0.11415555564124022 0.18613265988267097 0.10800041161000623 0.12411477571003794 0.11680987948087619 0.12041239921294725 0.09720037044900559
0.12700862767946838 0.09323104773522055 0.17718631002468463 0.0907542316783043 0.14938462873695765 0.11861781530812904 0.13491226082327026 0.10890507801396515
0.12523245051562173 0.08942282391138233 0.1739665505184831 0.09075871301118506 0.15773898020965138 0.11905110359467186 0.13491892262558258 0.10891045561342207
0.10965287234014874 0.0780019608274221 0.24311499500778355 0.12764153963420244 0.10583412713462524 0.07856632818093227 0.1423107912041033 0.11487738567078219
0.10472934317052512 0.07551119865325966 0.27309224885334243 0.1268780220043865 0.09343709127552491 0.0707023502132275 0.1414595260257861 0.11419021980394783
0.10266597968576438 0.07447358043861445 0.28498021855972155 0.12575594267473703 0.08999546292170783 0.068739976001701 0.1402084913104904 0.11318034840726333
0.08101180947318581 0.1291223826281333 0.14404790141448176 0.1365359198290558 0.09435977126230122 0.15847213988783285 0.0926069717101422 0.16384310379486697
0.1014034362282605 0.08638204096407687 0.23376583355802222 0.1315940738704744 0.0942131117102769 0.08748926527315713 0.146717571912305 0.11843466648342693
0.10336451818021933 0.0772821654255476 0.26995922940745126 0.12777475941269564 0.09148238754459272 0.07268033524271869 0.14245932131534872 0.11499728347142607
0.08118530062636073 0.12996662762804959 0.14052137480240498 0.13668941822236627 0.0947492909996493 0.16014960219046392 0.09271108366386581 0.1640273018668395
0.10156395491344944 0.08661634020653208 0.2322981837625758 0.13175294375011357 0.09440825173971731 0.08788797628036793 0.14689469997214152 0.1185776493751022
0.08080979650284707 0.13243654933036544 0.13151188985396176 0.1367931898873741 0.09536914210728788 0.16614613652970447 0.09278146792361026 0.16415182786484891
0.08756286395449696 0.16456161896015226 0.12289359964355275 0.1557501087514288 0.08158531771846723 0.16824198994815012 0.07922940314746596 0.1401750978762859
0.10763457199469455 0.06839097528080619 0.23502872207667777 0.13678195056161238 0.09304254128574878 0.08845219377377744 0.15142324197296936 0.11924580305371339
0.0821822005834157 0.12800235214187014 0.1324786054341361 0.13727714533437113 0.09534721289012067 0.16687019324891972 0.09310971596592128 0.16473257440124534
0.10208150816532205 0.08653225835919369 0.22894569514159566 0.13211848782232163 0.09479242740816732 0.08932072973006505 0.14730225433324512 0.11890663904008945
0.08090799722427512 0.13242020098802168 0.1307231030521021 0.13680908255970925 0.09545758593672997 0.16671888386614273 0.09279224730136801 0.16417089907165108
0.10181666215857878 0.08728167256173536 0.2281942754806131 0.13217749478351218 0.0948630948546157 0.08933901216431596 0.14736804269146805 0.11895974530516097
0.1373348435613366 0.10277235529028772 0.22172525972512497 0.10602157524344262 0.12161831133371925 0.0969020927884059 0.11820614433858455 0.09541941771909836
0.12753316704103557 0.09069610315227895 0.18869762223270223 0.0902199655238018 0.14780471508581644 0.11266643003474823 0.13411803830105462 0.10826395862856217
0.10971232533053489 0.07784211006007118 0.24918479875163946 0.12703537295994902 0.10317957798624568 0.07707901864897601 0.1416349605986297 0.1143318356639541
0.12140346980405076 0.08748735755677796 0.19995245416506924 0.09189539779487528 0.14351690913344486 0.10886125329089312 0.13660868090103848 0.11027447735385032
0.10800049511649579 0.07719325568821803 0.2540824666767433 0.12685049799995354 0.10202482475474017 0.07625417274901732 0.14142883881487356 0.11416544819995818
0.1039776995707268 0.07512114882852518 0.27741759082887085 0.12641286057231405 0.09230127723744165 0.07005694270447371 0.14094090574256507 0.11377157451508266
0.13635559049876025 0.09899907056396463 0.23870083903824194 0.1045560151104551 0.1194114864320386 0.09130443059666735 0.11657215416046264 0.0941004135994096
0.10996540887280516 0.07776668231577209 0.269095532017346 0.12465889445963521 0.09530603123814928 0.07202908166269896 0.13898536441992165 0.11219300501367169
0.08230542160969424 0.12986898137062713 0.14021788510142366 0.13637408261477196 0.09546460551001484 0.15962292079528786 0.09249720386045403 0.16364889913772632
0.10182287089908218 0.08658802504448045 0.23211952603395114 0.1317225557242656 0.09455206490212552 0.0877838376531719 0.14686081959108419 0.11855030015183905
0.10351875376112903 0.07735525429168498 0.2693057029119862 0.12784633957644323 0.09160326560808077 0.0727698503757529 0.14253912785612402 0.11506170561879892
0.08121700087296756 0.12999147648868503 0.14037045436416054 0.13669693501938818 0.09477990289069538 0.16019172632768738 0.09271618201315025 0.16403632202326582
0.07586925577085821 0.14180782365702668 0.10841255214016433 0.1348099086511548 0.09403133950975655 0.19186094402191375 0.09143628586773977 0.16177189038138576
0.11383875108570841 0.10364608859377901 0.15371092804381653 0.09339003182706802 0.14272092141700432 0.14179468606438123 0.1388305547757608 0.11206803819248164
0.10769201070557567 0.08286983451639308 0.23499980044138996 0.12865546663892632 0.10331688126284574 0.08323484231165934 0.14344124414817605 0.1157899199750337
0.10445611346612077 0.07794459084013729 0.26979417838417896 0.12706675947520424 0.09306896135565153 0.07163935873016124 0.14166995422086204 0.11436008352768381
0.07038377844272116 0.11467954551127864 0.19452459796225163 0.18896324771753512 0.06167933969547758 0.10357778519038209 0.09612478253457223 0.1700669229457816
0.1018672493117658 0.06738700860252007 0.26584122118779036 0.13477401720504015 0.0873780536697882 0.07605677576550263 0.14920037720704482 0.1174952970505478
0.09658788776619703 0.1546266986629369 0.11612728191720033 0.11389123533852687 0.1120227715283962 0.19282667406394433 0.07724796831656604 0.13666948240623225
0.1046575407237738 0.0930944792918527 0.21907330376816514 0.1300267075747558 0.09766055398626661 0.09349330237769289 0.1449700754602128 0.1170240368172802
0.10434499372553505 0.08020089869363731 0.26364924620116753 0.1278796397825974 0.0923980508710898 0.07385923982073925 0.1425762551008959 0.11509167580433764
0.10279097026923403 0.07682940451430002 0.28118658381157857 0.12597659943096806 0.0899604017386735 0.06942259362060875 0.14045450712676585 0.11337893948787124
0.08084959288795861 0.13189637501471516 0.14290600169219556 0.1361451543799556 0.09413038496670595 0.158356375005683 0.09234193079683947 0.16337418525594674
0.08716663103456976 0.16846640774332855 0.1254053991670422 0.15486135336100343 0.08098427538054621 0.16496341814409637 0.07877729714451044 0.13937521802490305
0.10748420013430139 0.06836320709909484 0.23616295095025733 0.13672641419818968 0.0928666343582923 0.08783744558725624 0.15136176093572482 0.1191973867368833
0.08199894274823841 0.1299053158368901 0.132550720741964 0.13693223142223457 0.09512145110976594 0.166296886078275 0.09287577435595042 0.16431867770668146
0.10178726347237746 0.08914494084855011 0.22852149845530645 0.1316659668337332 0.09452267849949929 0.08906055453898146 0.14679772720119208 0.11849937015035988
0.10346996098576562 0.07937407104507449 0.26762728564564037 0.12770244297747207 0.0915575555886857 0.07295779119081353 0.14237869388682334 0.11493219867972487
0.1194901795595842 0.08932424589907016 0.2060902958240376 0.09170668083330497 0.13943632610548778 0.10757611431590479 0.13632814046264438 0.11004801699996596
0.122808436485603 0.09039435245471364 0.18355351842722512 0.09045603907361417 0.15401297615363793 0.11575845302833238 0.1344689774885369 0.10854724688833699
0.08327320546463589 0.13364167106135486 0.11829244136983921 0.13336718642698991 0.10693101812645292 0.17399611000090273 0.09045774383743664 0.16004062371238786
0.1155331539512767 0.10165573959164333 0.15667505703760023 0.09304632689157194 0.14659002951856728 0.13652448643496817 0.13831961430448605 0.11165559226988632
0.08169539231034562 0.13665963031453937 0.1116827522296333 0.13315822407961628 0.10496492930122325 0.18173319001510216 0.09031601285400062 0.15978986889553953
0.07520713621614734 0.14647313243902474 0.10086900506241367 0.1332581111167048 0.09535890797774167 0.1985402115252874 0.09038376232263456 0.15990973334004574
0.10098130430647988 0.09295000833038866 0.21477187140847204 0.13272663954617386 0.09540966376781526 0.0957262389282304 0.14798029812088337 0.11945397559155649
0.10376393982509963 0.08041748326812478 0.2622173603799607 0.1283451401367437 0.09218252843899728 0.07446766857106801 0.14309525325693662 0.11551062612306932
0.1196821734174694 0.08962106441224037 0.20437759349053147 0.09180867989993904 0.1397752345753089 0.10808506939870446 0.13647976892587954 0.11017041587992685
0.09540937575210146 0.1539558046115053 0.1420761222305153 0.15396365696617514 0.08976541393104422 0.14794169234761195 0.07832064289148909 0.1385672912695576
0.10432584851195008 0.0928285966304101 0.23165365362319387 0.1304680383979024 0.09264140873492172 0.08519909315062445 0.14546212639288522 0.11742123455811215
0.10391086865418564 0.0798834630150027 0.26875244867947945 0.1274600324899608 0.09100364940901683 0.07216708422780667 0.14210842428358314 0.11471402924096472
0.08108492235734252 0.13286576546606044 0.1399796122506544 0.13624697087372895 0.09439863036338542 0.15951674469991142 0.09241098894044225 0.16349636504847473
0.10130101895253948 0.08944991611080162 0.231606363542867 0.13131153704059725 0.09412143391832327 0.08762678266650378 0.14640256443183006 0.11818038333653753
0.13675245658521204 0.1050926441036857 0.22255688076273641 0.10559635909308908 0.12102955632491058 0.09620331988309717 0.11773206006348885 0.09503672318378015
0.08585674733171876 0.1379324697803853 0.12744934008514724 0.13311851337559738 0.09948727823439557 0.1661243565046772 0.09028907863736171 0.15974221605071684
0.1026737470821306 0.09055120771717057 0.2259229900651344 0.13147733201239775 0.09544067942869143 0.08901703143068873 0.14658741345262852 0.11832959881115798
0.12005399407902953 0.09219047023499793 0.19278390880548116 0.09241338055175673 0.14165818993402976 0.11262530267356752 0.13737869705902941 0.11089605666210807
0.10780806617592847 0.07976533980397026 0.25098113403412015 0.12692846854197334 0.1017545380847676 0.07701106152093563 0.1415157701505285 0.11423562168777603
0.10390184287304605 0.07696263530388658 0.2759990036215758 0.12629355396842482 0.09221413760963172 0.07015674026914617 0.14080788778270648 0.11366419857158233
0.11938191357364597 0.0886603178998113 0.2086625641564365 0.09149458214326803 0.13938330845095015 0.10661097368949654 0.13601284151447007 0.10979349857192162
0.10708099072325371 0.07871857551954901 0.257393076897585 0.12621458461933974 0.1007311369962301 0.07554866623492507 0.1407198428517116 0.11359312615740576
0.10350260481892931 0.07660948791449149 0.2784911797692247 0.12599167691101976 0.09179339524958512 0.06974782872499342 0.1404713173918384 0.11339250921991775
0.10205059753128855 0.07579659636553404 0.28685668917094115 0.1252438297122609 0.08935365703794838 0.06834165986627755 0.13963752357471476 0.1127194467410348
0.10143523288104782 0.07545008762405996 0.29009429472058057 0.1248824700216838 0.08859502297504054 0.06791403427120965 0.13923463448686238 0.11239422301951543
0.13495828399972662 0.10044728216957917 0.24287184228526038 0.10398493138068801 0.11782767173368132 0.0903881117684841 0.11593543841996111 0.09358643824261921
0.1093139753740453 0.07961966962156884 0.2704766105129084 0.12413990372284113 0.09467878286544715 0.07163841607358391 0.13840672847904825 0.11172591335055702
0.10353449562625355 0.07638437773251519 0.2834822125756212 0.12531353473607684 0.09005845496366995 0.06872950362899208 0.13971523947440206 0.11278218126246914
0.10187930375259022 0.07562117263873297 0.28876113696373856 0.12500073549178045 0.08882679736302367 0.06804370018729289 0.1393664916602388 0.11250066194260241
0.10132836163078815 0.07536915153267733 0.2908216912210998 0.12479216075609682 0.08842453256675134 0.06781721121686901 0.13913394639523033 0.11231294468048714
0.08053883142881234 0.1313883537080285 0.14514867840647647 0.13603829257531194 0.09373914112279032 0.15763130105190756 0.09226945061629853 0.16324595109037432
