0.125 0.125 0.125 0.125 0.125 0.125 0.125 0.125
0.39526574543286286 0.1885048275903325 0.11001498058710404 0.05170912320339753 0.13462145213032434 0.06527450543292997 0.03694969342539042 0.017659672197658464
0.4723967354258296 0.1092914572553649 0.14171648925131455 0.032447736989227115 0.15258021498330135 0.035761819587536686 0.045301100040801776 0.010504446466624094
0.4281321341953398 0.17731466543390065 0.11587178013619255 0.0474743100910901 0.12854096388655484 0.05396935520275155 0.03441137121100816 0.014285419843162454
0.46472293493331884 0.09579070523940246 0.21128319834747303 0.043061502251477216 0.10568928403622804 0.02209470884134294 0.04753590267386452 0.009821763676892806
0.4533841556841817 0.08382942355150963 0.22526665030466542 0.04125774235445364 0.11081434628712157 0.020736561235686495 0.05459590736992691 0.01011521321245445
0.4137652667201198 0.1767443834213957 0.1288189117199488 0.054537750766408766 0.12072534130046005 0.05221863919781231 0.03723489171258458 0.015954815161269988
0.48264036369898233 0.09933551627209633 0.1939926692035552 0.03942010036162866 0.10938592146567173 0.022837862961837624 0.04343792186713928 0.008949644169088987
0.4447712017498091 0.21376748894779732 0.11485757352797031 0.054682604049533394 0.09219716909915718 0.04483858747850134 0.023547635028391155 0.011337740118840348
0.4055146754419181 0.19390759960519283 0.1085573894591228 0.05133032939664029 0.1282983451639227 0.06210803984798454 0.03400993649290697 0.01627368459231169
0.4770931573862545 0.09929898044128788 0.1901543477192809 0.039065942087569486 0.11523001480773552 0.024318051046929887 0.04538859494742774 0.009450911563514151
0.4147584603989279 0.19966160886016784 0.11388320098463595 0.05432601249965354 0.11501465448493906 0.05603492549954598 0.031244535240665353 0.015076602031464577
0.39742421317913673 0.20091387254145218 0.1059531727887717 0.052966214438974625 0.12715010770799662 0.06509008252509046 0.0335338557029082 0.01696848111566975
0.45550593115215854 0.10035805699122317 0.21843469269419755 0.04760828090586484 0.09879528265162557 0.022087132560075173 0.046852313523164844 0.01035830952169029
0.5188562327156993 0.09600021182064934 0.14329130808188514 0.026230913299899513 0.142650351194039 0.02676164199577819 0.03897867147765461 0.0072306694143950585
0.5225743584388867 0.10343353883663002 0.160254482270392 0.03145369785732235 0.11650926632344513 0.02333826380610066 0.03540662317549973 0.007029769291723178
0.46209380117003085 0.0860658470897247 0.21484890760660866 0.039645595532347894 0.11371363039534783 0.021419489667580106 0.052432466136627325 0.009780262401732789
0.48106178934375693 0.10491218522242708 0.1995880920169733 0.043118506121438166 0.0995725008795981 0.021976458127635552 0.04084518662024096 0.00892528166792988
0.4622293972172027 0.09604439611393359 0.20366250088884916 0.04191877781894371 0.11288937043543834 0.0237100714309966 0.04929477736193118 0.010250708732704752
0.510679379323173 0.11193265745705532 0.1320022954941286 0.02865358366054646 0.14132912768184827 0.03135544709972375 0.036116417384694906 0.007931091898829522
0.42892911023864116 0.17718386934181748 0.11620215143875118 0.047515223760432816 0.12803999780847422 0.05357735001434004 0.034337322119286945 0.014214975278256192
0.44671488306779294 0.10233958959268306 0.203137812847757 0.046057476527871254 0.11300111578953276 0.026198421643360476 0.05088058685396383 0.011670113677038952
0.4141531043729432 0.16894101858166174 0.12091998374245401 0.048814512265814534 0.13576879945753548 0.0560810852803588 0.03927465797951247 0.01604683831972002
0.45978533942227484 0.09471767298874742 0.20906534353529407 0.04257760742389164 0.11067184886975841 0.023115506488518095 0.049789953780182576 0.010276727491332958
0.43171035276314823 0.17512294977929999 0.11173407222384732 0.04482493337544762 0.13360381815266553 0.05488722345906537 0.03422105878526444 0.013895591461261462
0.5193732229906695 0.1190399105229252 0.1299231703183114 0.02943909411875269 0.1316505630208511 0.030535781348988093 0.03257252689426701 0.007465730785234842
0.5102654642296283 0.09625850526613378 0.13827309957500403 0.025820865056606846 0.1518990697882909 0.02902163259566355 0.04075723695403586 0.007704126534636978
0.516843056473056 0.10256829772022853 0.15816475919141754 0.031121282595705933 0.12228140142599005 0.0245516833626275 0.037089267375964456 0.0073802518550098554
0.5002028103545079 0.09879916525260588 0.13663681237803038 0.026735409769705135 0.15592828656369054 0.03115124884940687 0.0421989891101037 0.008347277721949502
0.5393045598899268 0.1013338373058132 0.15538448814468925 0.028917693619260984 0.11446504054024892 0.021802360663709774 0.03263790169473714 0.006154118141613771
0.4479585878715324 0.18256579472689025 0.1225381524546434 0.04947055120321112 0.11007554012792761 0.04535437103749396 0.029856947142572563 0.012180055435728627
0.39366795977667685 0.19683687767438682 0.11922590484994838 0.05904242724063069 0.11817854643827937 0.059833614862548685 0.035446899466253436 0.01776776969127565
0.4554529314484783 0.10524163312231076 0.2065980473293484 0.047218877397115284 0.10381818511267811 0.0243140862758327 0.046571779704555706 0.010784459609680934
0.42768649722705965 0.19512820173917025 0.11057075722749517 0.04992470403063263 0.11811490847750533 0.054584229545756785 0.03019104846764918 0.013799653284730921
0.46418568118190856 0.0909770275049125 0.2107001239437422 0.04080747200353032 0.1113443684603566 0.02213109391027904 0.050031425158262074 0.009822807837008712
0.4625310703454044 0.1010667490544018 0.20411102184040808 0.04419809816592213 0.10726580852613754 0.023696687289520253 0.04687373353383833 0.010256831244367381
0.46239514401110005 0.09090697397216024 0.21634031588967384 0.0421240434986832 0.10732745424133998 0.02135736832002611 0.04974895131414227 0.009799748752874347
0.4589780171283007 0.09489131647942622 0.2282899282734105 0.04679476742077394 0.09480846172806547 0.019847276768617125 0.04670181696119724 0.009688415240208813
0.43819980168186795 0.08553419829939668 0.19418441912833773 0.03752876497881407 0.1419890817325951 0.028031243663595714 0.062351242125132864 0.012181248390259965
0.5276890762258541 0.10391739021466555 0.16286953729903075 0.031776764836683284 0.11098912630976875 0.02216151919756782 0.03389460703306068 0.00670197888336906
0.4988706307436663 0.09279151991297482 0.13659305914064732 0.025161738564648036 0.16329043945113222 0.030712317094442623 0.044327561787284614 0.008252733305203987
0.4217417134246048 0.18365417566858028 0.11429781582887227 0.049301721020768144 0.12649974466009567 0.05577333447868635 0.03392363385523411 0.014807861063158323
0.42945564620657417 0.18408237926310797 0.11457266398059197 0.04849715735199574 0.12326805898330744 0.053663898879945035 0.032496342477146056 0.013963852857331528
0.4639393123231446 0.09576466731827338 0.19822408128768684 0.04043240978101244 0.11727851740617952 0.024523175550826483 0.04959460906821574 0.010243227264660867
0.5202121299619406 0.10226860986529744 0.13427610823742944 0.02611945172076532 0.14430144062593772 0.028747503658397334 0.03682089309365815 0.0072538628365743
0.4842856715633869 0.09086345796457909 0.1973268284899199 0.036641696014714384 0.11436701919548195 0.021718458964092413 0.04613151321163256 0.008665354596192804
0.520760481601126 0.10198529774382474 0.13463650423507206 0.02610179024346537 0.14393846548031572 0.02855065748741925 0.03680424811757833 0.007222555091198538
0.49428799544822044 0.09271575866728239 0.20143829985881737 0.0373959823788472 0.10435780432085587 0.01983434490675946 0.042062346243760054 0.007907468175457245
0.4817952355826987 0.09417652070323226 0.14960331309198915 0.02899303225645814 0.15672945603054708 0.03097138403469107 0.04827676763764918 0.00945429066273426
0.48471879726222683 0.10171401490363803 0.19766429457604204 0.041069404075398386 0.10282738497927364 0.02185346636177145 0.04143754646323763 0.008715091378411916
0.46214826335982917 0.08564683829570915 0.21625772970822854 0.0396874508092963 0.11295143132958599 0.02117903600329505 0.05240366814941216 0.009725582344643902
0.4378745517203827 0.1767698917235611 0.11358827247371996 0.04536379744066973 0.12795628994886443 0.05233352979492703 0.03283588588206616 0.013277781015808891
0.4733820103250141 0.10284529026273147 0.18974496439762445 0.040737927841754604 0.11353068719791042 0.024982805639611062 0.04499597539013653 0.009780338945217267
0.5284137997145514 0.10416024109218569 0.163333938059508 0.031903490928510685 0.10992677980184164 0.02195603025171284 0.033649238352815594 0.0066564817988743205
0.4494044569444115 0.08853485012396468 0.2218213555173907 0.04333512074961274 0.11027736114744498 0.02195660409470475 0.054010887784778215 0.01065936363769226
0.4193126189514288 0.17959563399166156 0.10882191779372409 0.04612063611350785 0.13672276028932076 0.059244293949565666 0.03512830839309644 0.015053830517694771
0.4736109223859448 0.10344313868871564 0.20170054474272142 0.04354919143323139 0.1024522108719997 0.022699871115193258 0.043106761612464156 0.009437359149729544
0.5093138661002776 0.10584400497762275 0.1317043685743831 0.027095745136115665 0.14876800533413673 0.031285945709055886 0.03806724749617887 0.007920816672229332
0.49009975986850046 0.09225849896740318 0.14969018035101736 0.027922014571128438 0.1548130987296835 0.02950456549800596 0.046865501268870784 0.008846380745390386
0.4526230388921662 0.08471053348100084 0.2218993398758242 0.04115067173544355 0.11299866218001385 0.021404157881509296 0.05491162928812827 0.010301966665913815
0.5224655755961192 0.1138495976757023 0.14439755809714316 0.031182333972412365 0.12106999531784492 0.02667480402081583 0.03312998434460443 0.007230150975357828
0.44896743884460677 0.09942760828867939 0.2078451823177711 0.04564757213304062 0.11101552570898758 0.024833517480988825 0.05096252113547375 0.011300634090451825
0.4424517237851416 0.18004918388559904 0.11436830947587386 0.04601324012749928 0.12249644856443309 0.05055923569884731 0.031298151295985926 0.012763707166619943
0.4602518147193814 0.10530375661152962 0.1969220194074266 0.04457437902417178 0.1101338742344405 0.025506952243180298 0.046627948191869543 0.010679255568000258
0.46169470288203396 0.08596861899970011 0.2155662411192667 0.039728889574192426 0.11340585028953933 0.021377820094078896 0.052472344220141715 0.009785532821046933
0.526165208804251 0.11473321341695353 0.15430563958855828 0.03336150300021525 0.1088866118497901 0.02402903847456042 0.03160650701145776 0.006912277854213746
0.40168406785293737 0.1743217189715395 0.12360839309796026 0.0531840670793388 0.13171863951159424 0.05778094198034029 0.0402182854666301 0.017483886039659495
0.4645459420158416 0.09076587994393297 0.22411672314795547 0.04328271752400764 0.10021037359936208 0.019894159378731298 0.04780689954584074 0.009377304844328324
0.41614911778726066 0.19867265816958846 0.1151825838780971 0.05449795310343949 0.11413808046962638 0.05513753246027213 0.031262606668653665 0.014959467463062027
0.4904054712500649 0.10730824762573542 0.1477278453734678 0.03198583444108037 0.1403869415356224 0.031158473700791542 0.041841462560373806 0.009185723512863885
0.40923566292745217 0.18868986563141923 0.11815465277948434 0.053986740591548676 0.12200049864725881 0.05693609397902984 0.03487524607043079 0.016121239373376145
0.45141759995863134 0.09865215821142902 0.21759627807974163 0.047050745564219044 0.10275607474904104 0.022767894736902168 0.04901707554610175 0.010742173153934248
0.4719771268411155 0.10332313564811797 0.20843722241462537 0.045205197760164 0.09750408147317127 0.021607695599709462 0.042598317144217746 0.009347223118878596
0.46265648056971603 0.09079080281930313 0.2168656102576745 0.04215430567654574 0.10689072143531846 0.02122521950316028 0.049655060172637995 0.009761799565643813
0.4139442243148556 0.17731334236464127 0.114342172157718 0.048497705274011496 0.13479459810280864 0.05840155303186884 0.036888796645452845 0.015817608108643195
0.5348851118540174 0.11669457117382928 0.1336515259143769 0.02880353265110944 0.12219152684659827 0.02702836227813103 0.0301585897651404 0.006586779516797203
0.4623227863655653 0.10254611233611499 0.20099894467708262 0.04420024419253386 0.10849417804601688 0.024314424822528758 0.04674273904200554 0.01038057051815213
0.41085170303898394 0.18740474530544265 0.12724269343408684 0.05752919704431895 0.11365551934972905 0.0525058856492787 0.03485678238225277 0.01595347379590705
0.45993183647901364 0.09494417003981574 0.20954925201403976 0.042758525552670304 0.10996473473335901 0.023013023729088904 0.04958518113217353 0.010253276319839237
0.44908576913355325 0.08806137458419262 0.22295780024279074 0.04332294650993546 0.10998152431655993 0.02181752542916026 0.054136156315287925 0.010636903468519893
0.5317769258081859 0.09802353387765342 0.14696732390214653 0.026808209263626117 0.13000834819716042 0.024258218357881996 0.03558955977690111 0.0065678808164444415
0.4753239544169004 0.09386298570905052 0.19467181493636398 0.03807539547800828 0.11750916581597542 0.023453873741915373 0.047681609259378484 0.009421200642407564
0.48060768431381345 0.09979198843816478 0.19849587113862244 0.04080930929941836 0.10582796101347984 0.022236774992491947 0.04323927522603116 0.008991135577978131
0.4754019424860527 0.09333402476263254 0.19664731144506994 0.03820911993581993 0.11630654046685444 0.02309254538159444 0.047650141271178885 0.00935837425079706
0.4851777580599488 0.09520797694503234 0.20049672394966261 0.038939839301598694 0.10674956507103542 0.021209391317740668 0.04364180470091159 0.008576940654069845
0.4763576579793484 0.1041681947812367 0.19723737808335248 0.042731115197904214 0.10432657174722876 0.023068792882748584 0.04275000655564348 0.00936028277253722
0.4713227630591754 0.09271765866710996 0.20745322433146773 0.04040397145136448 0.1093041877073061 0.021758703159634414 0.04765268293708599 0.00938680868685575
0.47880848857874425 0.10465293269778542 0.1402330326658352 0.030389702463613395 0.1561665321640188 0.034489764945345364 0.045336511438421115 0.009923035046236392
0.4527345283276804 0.09040276323658311 0.22113746523636954 0.04375476993182109 0.10767119912568879 0.021767146854817766 0.05209994321976813 0.010432184067271163
0.43174543930298337 0.20653261618553556 0.11205567659628808 0.05308914052849953 0.1054928647817926 0.05100220743255237 0.027108461419387542 0.012973593752960984
0.46956599421191453 0.10814605114936021 0.20058912247317115 0.04569385743026336 0.10038850268067208 0.023429722571184284 0.042402442169247614 0.009784307314186622
0.45378996412507394 0.08936544626580208 0.2249648062541948 0.04389555439510891 0.10515085102929639 0.020957159528197575 0.05167623226918152 0.010199986133144791
0.45345127467705976 0.08351897711436734 0.22586284189876762 0.041208678426065355 0.11062050031467463 0.020621439511206815 0.05463262152707411 0.01008366653078445
0.4856366990028774 0.08927810262719037 0.21498676479006973 0.03911819023847673 0.10027907177757604 0.01868982880397219 0.04391503339930929 0.008096309360528284
0.4019485242018116 0.18158667093964154 0.12512918818728333 0.056066845135190085 0.12348883669046823 0.05639807388165687 0.038121557403195096 0.017260303560753292
0.395412313627854 0.17913391568026388 0.11929826353471962 0.053446010463180246 0.13346050376499988 0.061274638508634106 0.03987600324419096 0.018098351176157452
0.4383465402638174 0.08596607226717133 0.2110495173761671 0.04090578047572766 0.12646934660971926 0.025204131387377673 0.06020513835698409 0.011853473263035522
0.46174280776973636 0.18730663736117403 0.12709999464907432 0.051009654444937005 0.09632377245592855 0.03963836031000161 0.026212841736306516 0.010665931272841508
0.4083930573866062 0.1830457499909183 0.11690672362055467 0.05183623581625054 0.12860032712612104 0.05837259064847011 0.036474141158779616 0.016371174252299527
0.4348073727915153 0.18669182356421463 0.10868429795338208 0.04603949518193368 0.12507782796351702 0.05455866514781198 0.03086450895124822 0.013276008446376927
0.46389939412945297 0.10657318806751015 0.18554997902207884 0.04214040467814893 0.11741281212150682 0.027294609747512605 0.04645765295690271 0.010671959276886956
0.4670331009009613 0.08721431165059049 0.23055607562991098 0.042634426820927045 0.0975049605726418 0.01846682597938041 0.04765695316101017 0.00893334528457792
0.4632540441552798 0.08499602023484644 0.23126611840299946 0.04204402711843694 0.10071933132048215 0.01871575443043308 0.04983380081859036 0.009170903518931671
0.45847021499532614 0.08409199959254195 0.22885734466953686 0.04159276076651825 0.1055499970995052 0.019597840323616326 0.05223465052409054 0.00960519202886455
0.44942254878043353 0.08746261374641269 0.22414084741051746 0.04323681803624051 0.10948436659789816 0.021549249507748558 0.05414497536823412 0.010558580552514976
0.4925366901776717 0.09074205598832462 0.14461655066566892 0.0263793767309374 0.16048397762018943 0.029927918211952426 0.046695911061169486 0.008617519544086124
0.47053502837619265 0.10407277422946591 0.19180510383782587 0.04203287462605757 0.11161428835398873 0.02495873532270085 0.045013026611173845 0.009968168642594444
0.4579811411156262 0.09546009459147155 0.21373138183673815 0.04414115052552729 0.10661689820981977 0.022481066487143687 0.049294288474869226 0.01029397875880419
0.44073305501432153 0.09641445617427127 0.2190035916546239 0.04750996349207863 0.10777500369371422 0.02382796793334396 0.05309904378673868 0.011636918250907834
0.4710926171008141 0.09243375013738579 0.20795168729251215 0.0403827461092065 0.10928621903794122 0.021710567303304503 0.04775760602009511 0.009384806998740674
0.5119095667251347 0.09456002636864562 0.14994319690488866 0.027427830348399802 0.1411929014612312 0.026437544144268285 0.04094164116559382 0.00758729288183808
0.470493348092189 0.08782165789156572 0.20506579813155362 0.03790423204268897 0.11679595770119756 0.022055087160619647 0.0504371915452135 0.009426727434971804
0.3992884811323221 0.19117321176433497 0.12386843753332641 0.0588284845729985 0.11697832146049623 0.056647300145320593 0.035953207028349435 0.017262556362851653
0.4761245662066839 0.09867569938010617 0.14357166659274648 0.029422547497717937 0.16057118425731717 0.03372488018060617 0.047953643342638644 0.009955812542183582
0.46618883055101146 0.10356347883246736 0.20208868976879715 0.04448319310105787 0.10501488999859493 0.02360676929182269 0.04502914635675759 0.010025002099490948
0.45324127746298754 0.084164389042491 0.2247182454503048 0.04132844609181522 0.11097759507571975 0.020858574038931686 0.05455993117439377 0.010151541663356068
0.3827380980665116 0.15429318007728152 0.1693807744165219 0.0675820402223549 0.11169469798626534 0.04562255547483095 0.048922183369236656 0.019766470386997168
0.41369543703281575 0.18455314673603607 0.10504589896937754 0.04625432985045231 0.13797398335190303 0.062390023586243945 0.034635825496165146 0.015451354977006098
0.4053274431457931 0.1845102114137404 0.10766921768912978 0.04842038532316473 0.13779884230463127 0.06356452761611256 0.036213194255462655 0.016496178251965303
0.4342122300609326 0.18719613381295497 0.12273535418899825 0.052271356746105446 0.11078113553735237 0.04843208637338917 0.03099187324057422 0.013379830039692875
0.4784466401203748 0.1039144345784956 0.192361781226309 0.04128271319429309 0.10798185468735601 0.023766327548966286 0.042917078008244104 0.00932917063596121
0.4624444037865096 0.10160749372020934 0.20330863939299626 0.044263962449908455 0.10743723242277119 0.023864681087216684 0.046781707667415955 0.01029187947297263
0.4537061863660839 0.08923024734713665 0.22495289463525933 0.04383535853508386 0.10533697236616035 0.02096896112808076 0.051764243355043725 0.010205136267151619
0.45357786231380437 0.09364565914453502 0.21319254489841993 0.0436194644314602 0.11065755590393862 0.02309881619823425 0.051549450474665616 0.010658646634941857
0.4809200059432514 0.09426434089689292 0.21218345266521746 0.04117182219773486 0.09963850780674127 0.019791884147794175 0.043484070732037104 0.008545915610330738
0.48136318397167216 0.10501288837812679 0.19988164067579237 0.04320160486386561 0.09907878798386342 0.02186657408375942 0.04070083970514898 0.008894480337771212
0.449743283977352 0.0934412603983235 0.22312968492662466 0.045961645272516664 0.10403383726466586 0.021858033413945113 0.05117663175211968 0.010655622994452512
0.4757202754123403 0.08781352788445043 0.21037588244792277 0.03842431329812234 0.11001647466818766 0.020567519784577562 0.04817544070738895 0.008906565797010133
0.5142225138858044 0.10040868683555929 0.14195366868437478 0.027452999019787365 0.14166810608180236 0.028018408326238576 0.038699327008212527 0.007576290158220811
0.4449301366275213 0.09841882841655664 0.21813479900339586 0.047874466853410375 0.10490245245945155 0.02345245038662471 0.05098273837708737 0.011304127875952254
0.4899897407419908 0.09615843617289833 0.20316939613649304 0.039440399505134914 0.10136242108968971 0.020161864165397628 0.041547785744840346 0.008169956443555336
0.4858744914312905 0.08971512146943703 0.2144491981577498 0.039201448874003245 0.1001594753868841 0.018738776337914865 0.04376080149165364 0.00810068685106647
0.46689561145159 0.10163373651575035 0.19408159717083423 0.04186396149476043 0.11358658657330431 0.02497360656610441 0.04677842953581415 0.010186470691842262
0.48948890311252385 0.09103411569687263 0.2019672012299731 0.03714396788173884 0.10783399255953749 0.020322609577996555 0.044011722769333655 0.00819748717202387
0.4623025103429648 0.08527903524776351 0.21665562017667517 0.03958862157189376 0.11293162712263007 0.02107337941163408 0.05247438532952544 0.009694820796913564
0.40995369416163246 0.16545984711363176 0.12745437312513058 0.05096597257924094 0.13368448058410987 0.054603837126803764 0.04120913183231478 0.016668663477135883
0.47797929540150585 0.10371179369170815 0.1919167354827147 0.041135871715970884 0.10879979539216623 0.023936637662157787 0.04314704106625114 0.009372829587525328
0.5425038417788042 0.10084592604285614 0.1490409928147846 0.027416637079451186 0.11925696004446493 0.022459561567114875 0.03243467144831269 0.006041409224211352
0.4547514601328952 0.10005771030554465 0.22393312965371512 0.04890524644406887 0.09478926588206585 0.02108518195957986 0.04626725397061005 0.010210751651520413
0.4213038955138477 0.20182754701703617 0.10944839529483696 0.05192174291459336 0.1155446909105555 0.05602247877950382 0.02968594529679006 0.014245304272836512
0.47790400307837155 0.10471108970495896 0.19094501553805843 0.041328480264497584 0.10866291415578344 0.024132319438456767 0.04290714999305734 0.009409027826816033
0.44072011158028485 0.09689111641269603 0.1936727110317685 0.042189587044323684 0.12920584536435045 0.02873201509156996 0.056209454191883265 0.012379159283123204
0.4795184064447373 0.09471575504417673 0.19736449356403227 0.03855596651386975 0.11249527874550459 0.02250428206310334 0.045791037762811376 0.009054779861764756
0.46696764661936435 0.09686529914140633 0.2056012996819695 0.042252588581696164 0.10844796424517883 0.022750770122374777 0.04729063752421094 0.00982379408379895
0.4201780763507654 0.17052341868538434 0.1303251384909062 0.052390837668447716 0.12290176317256035 0.05053580110417344 0.037769155120825314 0.015375809406937386
0.48532261782162317 0.10512626753667291 0.1301616515237754 0.027873129513265003 0.16308224230308047 0.03577049691646245 0.043282226263346026 0.009381368121774645
0.46959843268230866 0.08875693122045587 0.2029144378535707 0.03795261050840292 0.1180930153518594 0.022597287855358066 0.05052468288402271 0.009562601644021632
0.422482716804765 0.19177590001555225 0.11633868606455727 0.05231784421046368 0.11696297606287304 0.05375894646995213 0.031862277619997 0.014500652751839574
0.4686946916015552 0.10774921974364503 0.1877508841391792 0.042660951137739864 0.11229822451623085 0.026139701870733147 0.0444778954356232 0.010228431555293394
0.43059527125548924 0.17605725893210447 0.11806393511069803 0.04775766235681862 0.12662041197639642 0.0524658219887941 0.034361518373814855 0.014078120005884232
0.4830950418714214 0.10493805104365903 0.19378615854144415 0.041593682668242725 0.10371171174251273 0.02284787680727751 0.04108781486215999 0.00893966246328255
0.4629739150332138 0.09631134667430422 0.21639570470796426 0.04461192673318971 0.10152653416497345 0.021370184357344214 0.04700915825272361 0.00980123007628668
0.47175989933991347 0.0871422480045116 0.22142004170750382 0.0404950606983857 0.10309097239614755 0.019292703092421554 0.04792401163728132 0.008875063123835064
0.44571129202892484 0.09697283071617857 0.2221129509991783 0.04794024396936218 0.10279627715102398 0.02260436760913573 0.05078776240711571 0.011074275119080705
0.4719619943630193 0.10324274651185923 0.2085900899362392 0.0452033827758204 0.09746406669212142 0.02158389378097853 0.04261063303586731 0.009343192904094546
0.4962103481245004 0.10296457100564095 0.14537640601100565 0.02989276864497563 0.14453593950936705 0.030347745852964944 0.04194847389049511 0.008723746961050338
0.42386112076843774 0.174417447390917 0.1080365249380638 0.043979105767440296 0.14086138478527688 0.05866416210112998 0.035544137656715914 0.014636116592018453
0.4733034872283476 0.10873288038304904 0.18899249729143114 0.042918033777266724 0.10830007647164368 0.025208221933896362 0.042720034429109884 0.009824768485255616
0.5115271976260755 0.09535169579551511 0.14035981447844617 0.025886533305702134 0.15012561150641832 0.028356048245403578 0.040776950802535086 0.007616148239903854
0.48923904034096016 0.0915904418715547 0.1995490577076298 0.036972835961858894 0.10944959400128121 0.02075212644859824 0.04416411926666964 0.008282784401447477
0.41730851140534664 0.18924225144413642 0.12215428998138575 0.05491694387581418 0.11505389834713291 0.05280769618645185 0.03334932058125433 0.015167088178477952
0.41931831976877465 0.21102444761726472 0.1121352752751817 0.0558076611567523 0.10576133319827116 0.053867819661542665 0.0279915362718266 0.014093607050386037
0.4558298210093091 0.09476775605056205 0.2195990955478016 0.045156263311116204 0.10331354355923383 0.02178192528710161 0.04927909709955101 0.0102724981353247
0.3871165787706704 0.16603876366617623 0.18173538327536864 0.07720598369149928 0.08951570590139075 0.03885934188236309 0.0416352353628278 0.017893007449703822
0.41060790646292505 0.17280991930278972 0.11865067631441084 0.04932864190945721 0.1355953075401456 0.05785901558373002 0.038800530432106614 0.016348002454434764
0.4557089324362822 0.10457982597717502 0.20697805600167604 0.046997435542847646 0.10405228682160303 0.02419882305895696 0.046734772171418304 0.010749867990040619
0.4586886306326328 0.09545532039890489 0.22750589128555052 0.04692309515045101 0.0949999109674657 0.020024785179592938 0.046659532414711914 0.00974283397069038
0.38340542748644996 0.16408893865184526 0.18038835412931167 0.0764733272567637 0.09320007420181578 0.040342785837139884 0.04347087255595247 0.01863021988072131
0.4656630389860333 0.09993802286182965 0.2151342710189652 0.04565449647850053 0.09792700117340655 0.02132383450688467 0.044732054315623285 0.009627280658756945
0.5308851349689446 0.10400810719673603 0.15571127841773513 0.030216786470604294 0.11590197914154234 0.022990523255615656 0.03367342218011723 0.006612768368704587
0.4543903548250777 0.09478925093622116 0.22390021990082917 0.04633545706041795 0.10023131508767766 0.021142050575404112 0.04896902294328549 0.010242328671086811
0.4621113367371125 0.0852602783671313 0.21715661045774617 0.03966612909611442 0.11262317364063831 0.021030983598821128 0.052458155107019934 0.009693332995416205
0.4492628727554655 0.08767129989981763 0.2235033765029864 0.04323089984455084 0.1098604005436802 0.021684303433442735 0.05418990992458995 0.010596937095466647
0.41350964760869857 0.1769982402601541 0.12864525393312035 0.05456797816612397 0.1207467472542873 0.052342648399351724 0.037211919203379594 0.01597756517488459
0.45186107729682695 0.10341856543895435 0.1816046197956654 0.041078696008149174 0.12910172130444775 0.029957691991116895 0.05123345050522469 0.011744177659614762
0.45696944998809835 0.10100614772463269 0.1998271515332671 0.04374679150512956 0.11325503404019782 0.02531276857059603 0.0490333447515884 0.010849311886489908
0.46696704462702143 0.1026347699068329 0.20533780808590388 0.044709126275659025 0.10286035652209885 0.022875377125991622 0.04475944351610738 0.00985607394038472
0.4255139500499096 0.17296792461308091 0.13197001578744338 0.053132229051553785 0.1173232915280999 0.048350638048147376 0.036039188542926405 0.01470276237883858
0.46539106236768724 0.1007108038713884 0.21264216166951214 0.04552034147707853 0.09932101884994977 0.02179846577002711 0.04487705937402803 0.009739086620328775
0.5269324490822263 0.10332246203315286 0.14541747178083494 0.028228938655458273 0.128551381181491 0.025496228153762096 0.0351523228547949 0.00689874625827957
0.4537157823405785 0.08980670258838676 0.2228994207764584 0.043749993346433584 0.10640543871585094 0.021300429751584388 0.05183702246295411 0.010285210017753108
0.46652767217701246 0.09112489019159781 0.20636655641418195 0.03990920647157677 0.11389743719168058 0.02250484107444276 0.049910412409710024 0.009758984069797649
0.4757668573508791 0.0985511473668607 0.19699363320767094 0.04040231912164268 0.1104781274240054 0.023147678002845926 0.04527323529915264 0.009387002226942514
0.4988057673858641 0.09249923468875274 0.13720328033853033 0.02518047452465402 0.16303548515775937 0.030596237519462707 0.04443159364748032 0.008247926737496495
0.4705293880034602 0.09346638694228351 0.204066707604659 0.04015245487810282 0.11177594741863477 0.02246836913528023 0.04799004089673802 0.009550705120841484
0.48062825658909647 0.08890535439441818 0.21183667578136736 0.038782239606594285 0.10550949333448453 0.01977276547933541 0.046032100575832915 0.008533114238871002
0.4901371312561908 0.10115732147237032 0.14381616702177039 0.029424773223179827 0.1509771893309401 0.03150526984857253 0.043903998487103975 0.009078149359871964
0.470912413857323 0.09902355549187142 0.20443273697475073 0.042585338802025224 0.10562926247222854 0.022481524497714064 0.045373380131097756 0.009561787772989291
0.44538466531092447 0.09756675659405804 0.22103146266190024 0.04802020185191732 0.10321478656763282 0.022858291420917203 0.050776331555073204 0.011147504037576621
0.4626927090647683 0.08560784563573128 0.23010651342986935 0.04216026872431482 0.10128191553917151 0.018992521554285175 0.049897205279220196 0.009261020772639393
0.4720112772432609 0.08662365051177792 0.22228866233644878 0.04040226476219536 0.10279222862061632 0.019107764965838558 0.04795107541063052 0.008823076149231742
0.4542450945963736 0.09879451295477822 0.21366487900579315 0.046083688014800644 0.1047317658074989 0.02302135497040894 0.04882133212919141 0.01063737252115535
0.4943177200332496 0.09700173262572868 0.13633201037816614 0.026481790152025522 0.16118107201032333 0.03199972710419597 0.04403632513386217 0.008649622562448582
0.45243235028420836 0.08505374298371383 0.22108683540773152 0.04118227738844134 0.11339416824946809 0.02157579372688953 0.0549243598166791 0.010350472142868116
0.48552347583851196 0.08942132363736445 0.21465090850191887 0.039125614109068535 0.10046748731280769 0.018761343675171363 0.04393480657185059 0.008115040353306693
0.40579900256970824 0.19359207078708493 0.11223743631238535 0.053082563074654684 0.12468916728284392 0.06010820911261565 0.03416955068126069 0.01632200017944646
0.4638867364117079 0.10171094888436391 0.19753421846973931 0.042802875956835115 0.1118057972771665 0.0248416415347839 0.04708331975335357 0.010334461712050021
0.4714017806835387 0.0876315244608751 0.22019883362118295 0.04052097737187076 0.10376078327789971 0.01954718480582642 0.04799350903249182 0.008945406746314489
0.4929856933933055 0.09064872940524285 0.14484737066490924 0.0263792145061081 0.16012058504195817 0.029788586680604745 0.046640224605849184 0.008589595702022107
0.4712861622155847 0.09345378245960997 0.21763406226522028 0.042765194339780765 0.09999135913150846 0.020087882513623753 0.045690086155711414 0.009091470918960546
0.48503400529182905 0.0893916982271678 0.2015395631791717 0.03674514322010713 0.11189105756906248 0.020875638840515836 0.0460317604713376 0.008491133200808519
0.492592506728368 0.09089157346427142 0.1442160635778865 0.0263582442008645 0.16068763543058784 0.029996189182878108 0.04663827800434016 0.008619509410803507
0.4844493763190197 0.09609193583575719 0.19745433474105742 0.03877245696477461 0.1088084039442097 0.021853245284813326 0.04385533774453642 0.008714909165831754
0.4539747648652001 0.08902153791472138 0.2251507251304732 0.04376325855920532 0.1052698130870458 0.020884903908268856 0.05176074670130846 0.010174249833777002
0.45057598310187874 0.18185906254645823 0.14027773707632651 0.056085439454974344 0.09292207643227567 0.03802393907657859 0.028648949967360133 0.011606812344147923
0.4126988146417368 0.19471917431527394 0.10454016383690984 0.04875543234535683 0.12958074386783974 0.06189112655566127 0.03248496765169791 0.015329576785523649
0.4419445299229782 0.09702917227328396 0.2121603745938844 0.04608939542279416 0.11250431376061049 0.025015044018634254 0.053492473686882536 0.01176469632093179
0.48515656937284224 0.09000839254666297 0.2137840906397746 0.039233153825009415 0.10077124180371655 0.018964634619050645 0.043912087371079364 0.00816982982186429
0.45005572973475066 0.09281575546123227 0.22409552391784623 0.045836421365841644 0.10375003110553054 0.021631207107683893 0.05122714101886391 0.010588190288250941
0.46644675451818024 0.1018309971621065 0.19381409846816974 0.04190279120584267 0.11383041934514881 0.025115935957049827 0.04683117734732571 0.01022782599617656
0.466162307813857 0.10249752121088045 0.19231813725408992 0.04187424502161721 0.11458513140708254 0.025464707962896658 0.04680313530339133 0.010294814026185012
0.44506824807040474 0.09791304536485386 0.22013315840159248 0.048020781110551435 0.10373084709524918 0.023076342107946086 0.05084618805294139 0.011211389796460844
0.4707391175697361 0.09762701777592708 0.19529777503587703 0.04008547744708362 0.11505663055429435 0.024131813397035486 0.04725777714166386 0.009804391078382399
0.3938066655824559 0.18942151665697127 0.11497226769052395 0.05482288217358626 0.12898126998516732 0.06269867294904923 0.0373201814020542 0.01797654356019193
0.47771739066655516 0.0993685765872488 0.20333664499598086 0.041770362423057976 0.10342065936696544 0.02184475377157856 0.043476204097706514 0.009065408090906857
0.4202313085532702 0.20166151246179545 0.12300665682931418 0.05852345070430601 0.10267863480579928 0.04978529069308782 0.02979607584365705 0.014317070108770145
0.4643710079271758 0.09086917048206199 0.21153847519160016 0.04090011584072326 0.11066576310790563 0.021960382992200142 0.04991259434218027 0.009782490116152839
0.47575303836271166 0.08784352225302568 0.20999568933086868 0.038374569414268915 0.11028979109843053 0.020620377963286064 0.04820752346484051 0.00891548811256792
0.49039055701362183 0.09576455823477695 0.20342111253543177 0.039324077912126394 0.10134317491027225 0.0200451858984009 0.04157559025074742 0.00813574324462255
0.4905424403509792 0.09596213653924596 0.20337214398392203 0.03938566070871877 0.10110805728763078 0.020028520045658013 0.04147282721438418 0.008128213869461156
0.48559664484361714 0.09499823507847328 0.2013221710283389 0.03899010912614329 0.10604970630873965 0.020996153835873575 0.04352162259053977 0.008525357188274664
0.41907849680287407 0.179857949988981 0.12268986371591298 0.052174268506272374 0.12232235726153401 0.053136968301834474 0.035477241360961996 0.015262854061629008
0.46470996610112786 0.09578812539883759 0.21156453765124295 0.04311240627689592 0.10546451749044847 0.022050178469786536 0.047496873597269514 0.009813395014391123
0.4665100598722438 0.09139265522060071 0.20591860455358518 0.03994076461770721 0.11400961487323019 0.022592477018425112 0.04985866876719638 0.009777155077011355
0.4491494176881067 0.09823162841241012 0.2103138588084149 0.045602846934595744 0.11009055933157422 0.0243316964758927 0.05109000817264337 0.011189984176362376
0.4764556315160524 0.09900199900793223 0.14775111159454024 0.030428163693809924 0.15577237488142612 0.0327353576817934 0.04788599837912034 0.009969363245325439
0.47073504730427146 0.09902173630453544 0.20432283308557492 0.042570501454464955 0.10580815971951693 0.022533041172916962 0.04543066777650708 0.009578013182212134
0.4765750952510545 0.09890896911659551 0.21006358972568753 0.043183551972601736 0.0985990238536634 0.020720038381159822 0.04300333199287186 0.008946399706365663
0.47679811560639096 0.09873942105350166 0.21058757206687112 0.04320245615881082 0.09822762847843398 0.020592178529410993 0.04293982863513549 0.008912799471444756
0.48126333818499256 0.10519137291140036 0.1996801861373711 0.04323350740018414 0.09912087317919462 0.021920334793974382 0.0406831384851237 0.008907248907758845
0.4848348315071591 0.10633481627167626 0.15032848865098292 0.032699554408853415 0.14141977381002324 0.031366514036084446 0.04346011187930543 0.009555909435915126
0.4757468580723359 0.10006920116719721 0.20680952481796896 0.043085131017201635 0.1005341005423339 0.021417574633107412 0.04322229331767335 0.009115316432181718
0.40116485875535945 0.18229589522846554 0.1245467318822616 0.05611255746629214 0.12365659766518482 0.05682644925900078 0.03806249185593738 0.01733441788749837
0.49691553387138154 0.10842246471560202 0.14121989671300472 0.03046849104614145 0.14258741999703023 0.03156798612209505 0.0400532616091489 0.008764945925595947
0.4069543743866065 0.16788097414435324 0.12446661533952064 0.05086648070427426 0.13532815648096455 0.05650435821187096 0.04103371137782511 0.01696532935458482
0.4599678344317487 0.08963556133754738 0.22207018254700092 0.042779904059734544 0.10489379194469904 0.020753505888298687 0.050103541888524394 0.00979567790244633
0.44977553193884195 0.09286211819643352 0.22397370588233217 0.04584795631739013 0.10392521225731835 0.021702264707974563 0.05129722879778831 0.010615981901920875
0.4901914409363971 0.09585150454461185 0.20366771317530707 0.03940417495640445 0.10114960687843622 0.02004266109113934 0.04155148107661311 0.008141417341090884
0.467870079100422 0.08636979631382355 0.23249466906335237 0.042529659755559494 0.0964270831824303 0.018035855813353055 0.04747762607137679 0.008795230699682539
0.46733316910511097 0.08567114641399395 0.22029851581589818 0.040000151785922 0.10738452944125208 0.019924990655949836 0.050171681308607316 0.009215815473265682
0.41982864729566854 0.17932165234780653 0.10907520623006746 0.046117959912473167 0.13653555381142565 0.05897731766371306 0.03513046262476095 0.015013200114084708
0.47809936251301 0.09895143023446121 0.2036436998732832 0.04164420418862574 0.10339886885726306 0.021722215230984228 0.043512351496413824 0.009027867605958615
0.4759336184126462 0.09869610544345297 0.19710399203384257 0.04047096826699772 0.1101546146090008 0.023101200507165305 0.0451659316855833 0.00937356904131083
0.45770730920164276 0.1003655596464773 0.20144701280900873 0.04377428978413247 0.11218848221226335 0.02485852905700714 0.04892171782928066 0.010737099460187539
0.5356055448737037 0.10542377486418268 0.15645296820964436 0.030496661856147824 0.11129376648330784 0.022201520256754797 0.03217316606931933 0.006352597386939512
0.49111149991034164 0.10806635840389225 0.14273953840148176 0.0311593280558114 0.14417041200870226 0.03205913416349028 0.04153519201798155 0.009158537038298978
0.45691804880988 0.10153744824048039 0.1983014487824073 0.04366622908858205 0.11403975651224027 0.02561373262215048 0.049018662194037 0.010904673750222471
0.4529962196290028 0.08427386538683916 0.22422712968768477 0.04130875785292166 0.11137669127939354 0.02097764204911554 0.054651097230315554 0.010188596884726914
0.46217934609788147 0.09532085363080346 0.2045069130311237 0.04178294617008483 0.11293776025115604 0.023550077147675846 0.049501604877148254 0.010220498794126252
