Action: 0
[0.11103533840848388, 0.09590234663851831, 0.313058590966223, 0.09590234663851831, 0.09590471717670919, 0.09639196689451063, 0.09590234663851831, 0.09590234663851831]
[0.20200793033553033, 0.09441069628250226, 0.23152789196945608, 0.09441069628250226, 0.09441069628250226, 0.09441069628250226, 0.09441069628250226, 0.09441069628250226]
[0.19844897835992784, 0.15929984017679677, 0.17670263587765567, 0.09310159262059702, 0.09310328213748487, 0.09314048558634393, 0.09310159262059702, 0.09310159262059702]
[0.125, 0.125, 0.125, 0.125, 0.125, 0.125, 0.125, 0.125]
[0.14536653394637777, 0.10453716845476312, 0.2612750520697335, 0.08809356837975443, 0.08821368287507299, 0.13632685751478935, 0.08809356837975443, 0.08809356837975443]
[0.25722572190475435, 0.09179815962884631, 0.1737430214258043, 0.09179810841952395, 0.09197527362338455, 0.10986349815863862, 0.09179810841952395, 0.09179810841952395]
[0.125, 0.125, 0.125, 0.125, 0.125, 0.125, 0.125, 0.125]
[0.125, 0.125, 0.125, 0.125, 0.125, 0.125, 0.125, 0.125]

Action: 1
[0.09476255119827877, 0.09476255119827877, 0.09476255119827877, 0.09476255119827877, 0.12429493662228473, 0.3071297561880427, 0.09476255119827877, 0.09476255119827877]
[0.1111111111111111, 0.1111111111111111, 0.1111111111111111, 0.1111111111111111, 0.1111111111111111, 0.2222222222222222, 0.1111111111111111, 0.1111111111111111]
[0.09432616945079496, 0.11902120108840154, 0.09432436100983865, 0.09432436100983865, 0.1005802771564305, 0.3087749082650185, 0.09432436100983865, 0.09432436100983865]
[0.125, 0.125, 0.125, 0.125, 0.125, 0.125, 0.125, 0.125]
[0.09359045817600471, 0.09359045817600471, 0.09359045817600471, 0.09359045817600471, 0.17421146725376863, 0.264245783690203, 0.09359045817600471, 0.09359045817600471]
[0.09551913831372824, 0.09551913831372824, 0.09551913831372824, 0.09551913831372824, 0.2109003137231589, 0.21598485639447165, 0.09551913831372824, 0.09551913831372824]
[0.125, 0.125, 0.125, 0.125, 0.125, 0.125, 0.125, 0.125]
[0.125, 0.125, 0.125, 0.125, 0.125, 0.125, 0.125, 0.125]

