0.125 0.125 0.125 0.125 0.125 0.125 0.125 0.125
0.07575757575757576 0.12626262626262627 0.09090909090909091 0.15151515151515152 0.0946969696969697 0.15782828282828282 0.11363636363636365 0.1893939393939394
0.07408784041121591 0.12347973401869318 0.08890540849345908 0.14817568082243182 0.09260980051401987 0.1763901740953166 0.11113176061682387 0.18521960102803975
0.06256805516985008 0.10428009194975013 0.05631124965286507 0.09385208275477513 0.12513611033970015 0.25752574531777905 0.11262249930573014 0.18770416550955027
0.06430745814307458 0.11377473363774733 0.056062912227295786 0.09918822932521562 0.12861491628614916 0.22754946727549466 0.11212582445459157 0.19837645865043124
0.09567579728864391 0.0772322701004716 0.19135159457728781 0.1544645402009432 0.08610821755977952 0.08393305897246617 0.17221643511955903 0.13901808618084885
0.07421981522683649 0.12369969204472749 0.08906377827220378 0.14843963045367298 0.09277476903354562 0.17492305406166764 0.11132972284025476 0.18554953806709124
0.07197155261971017 0.11995258769951694 0.08636586314365219 0.14394310523942033 0.09772458516773579 0.1921560956511239 0.10795732892956525 0.1799288815492754
0.08882473040623584 0.1480412173437264 0.07994225736561227 0.13323709560935376 0.12120205604535475 0.2488825641570894 0.09992782170701534 0.07994225736561227
0.06999182557731239 0.12383169140601423 0.09394254577657277 0.1547896142575178 0.08399019069277487 0.18271885681481792 0.10498773836596859 0.18574753710902134
0.10763615586163885 0.0847634727410406 0.12916338703396665 0.10171616728924873 0.14512775469276826 0.14299361947731787 0.1614542337924583 0.1271452091115609
0.06991301293341397 0.12369225365142474 0.09791264698505511 0.15461531706428092 0.09524454831839148 0.16821432117017582 0.10486951940012097 0.18553838047713708
0.07124993928218062 0.11874989880363437 0.08549992713861676 0.14249987856436125 0.10065215541472067 0.19634844366776386 0.10687490892327095 0.17812484820545157
0.0595134698029717 0.09918911633828617 0.05356212282267453 0.08927020470445757 0.13555711487885677 0.27724331639848904 0.10712424564534906 0.17854040940891514
0.08053144544588325 0.14247871117348576 0.0737850378378721 0.1242122097409876 0.1091026230335465 0.2365870396895004 0.0842482813895394 0.14905465168918508
0.09243695473967452 0.07461778274166497 0.19785361192395784 0.14923556548332995 0.09182988575502363 0.09332767188993817 0.16638651853141412 0.13431200893499695
0.10853489120734992 0.08547122682578807 0.13024186944881994 0.10256547219094568 0.15563427647772138 0.12654308679966814 0.1628023368110249 0.1282068402386821
0.059747050791955116 0.10570632063192058 0.061445941430076714 0.09215422824321282 0.137130647515001 0.25533300993081975 0.10417434497058839 0.18430845648642563
0.09144073467401385 0.07381360509830033 0.1986670539687034 0.14762721019660066 0.09319446543104538 0.09779911904117085 0.1645933224132249 0.13286448917694063
0.07820660633402228 0.12005842872674416 0.0864420686832558 0.14407011447209297 0.10365480175763558 0.17942775108206307 0.10805258585406977 0.18008764309011624
0.07762070670030535 0.11661669124789213 0.08396401769848233 0.13994002949747056 0.10254650000227142 0.1994319958586371 0.10495502212310293 0.1749250368718382
0.07698308808523303 0.11567127446893977 0.08328331761763665 0.13880552936272775 0.10165050589685362 0.20599522584315383 0.1041041470220458 0.17350691170340965
0.06464605890570958 0.09718735062343027 0.05248116933665234 0.08746861556108725 0.13652960391495048 0.281787631862691 0.10496233867330468 0.1749372311221745
0.05634449120794391 0.09968640752174693 0.05345730364836215 0.08690609886511269 0.12763894438970255 0.3039128796589528 0.09824167697795348 0.17381219773022538
0.09059926727450279 0.07313434828182756 0.19764048919904026 0.14626869656365513 0.09174420704923505 0.10589248363034455 0.16307868109410506 0.13164182690728962
0.08038664475993344 0.11914171173507171 0.08578203244925162 0.14297005408208605 0.1027651543508611 0.18301429445862388 0.10722754056156454 0.17871256760260754
0.09579471922338742 0.14342834829439166 0.07745130807897149 0.12908551346495248 0.12805533946144812 0.251919328299163 0.09681413509871438 0.07745130807897149
0.05649501332417297 0.0999527158812291 0.05637105000883456 0.08713826512722538 0.1270906960863219 0.3001716035217714 0.09850412579599391 0.17427653025445075
0.09021330409151491 0.07282278764013854 0.1996057638708398 0.14564557528027708 0.09135297568196643 0.10689462831828682 0.16238394736472683 0.13108101775224937
0.08019378318051101 0.11887967667062241 0.08559336720284813 0.14265561200474688 0.10393301677360225 0.1834333201581755 0.10699170900356017 0.1783195150059336
0.07714822454090126 0.11550788352256522 0.08316567613624695 0.13860946022707826 0.1044761919663579 0.20387364315269396 0.10395709517030871 0.17326182528384781
0.06422566830883854 0.09647694855993044 0.05209755222236244 0.0868292537039374 0.13988622727622277 0.2826307380761086 0.10419510444472488 0.1736585074078748
0.047185488980438305 0.08348201896539086 0.06514377424103518 0.10435252370673857 0.10732864345579471 0.2658387807860294 0.11796372245109576 0.20870504741347715
0.11905652423518794 0.09610586896093484 0.1682045137448625 0.12013233620116855 0.11840596329403855 0.13603710121816945 0.13393858976458645 0.10811910258105169
0.11272069567694823 0.08143824172804981 0.16880610203560042 0.10179780216006226 0.13518723395503401 0.12656329177548123 0.1513292700767493 0.1221573625920747
0.09710658187956034 0.0705461040776656 0.23689085697398746 0.1410922081553312 0.08913836165558083 0.08093561709414762 0.15730728282392892 0.12698298733979804
0.09420017882229131 0.06939693226564517 0.26034788719472046 0.13879386453129033 0.08417230651239745 0.07342955139418969 0.1547448012013043 0.1249144780781613
0.09307159193610914 0.06871628385683398 0.2691092882756601 0.13743256771366796 0.08300319899169271 0.07175070144476477 0.1532270568389701 0.12368931094230116
0.07284639886012488 0.11797098015762429 0.13434130584953233 0.14746372519703038 0.08661509129598025 0.16378715392180734 0.10001887448146408 0.17695647023643643
0.10451749861795737 0.0747062395536039 0.18973013219962892 0.1494124791072078 0.09675453311592294 0.08921632806125707 0.1654057562765996 0.1302570330678222
0.06922833374887458 0.10055636098795652 0.06428977232247648 0.09050072488916087 0.14379496868281408 0.24202751972340264 0.10860086986699304 0.18100144977832175
0.069703388089344 0.11537552841244539 0.09344206682016261 0.14421941051555676 0.09453913284631611 0.21183879791304253 0.09781838278446459 0.1730632926186681
0.10159897009351479 0.07273517917009838 0.20174845050834386 0.14547035834019675 0.09585945253568366 0.09472561041441867 0.16104166653859794 0.1268203123991459
0.07958500811929548 0.11581664115224778 0.10744320973942026 0.13897996938269735 0.1035831593642681 0.17663207347667637 0.104234977037023 0.17372496172837165
0.06454371493285531 0.09652163953052591 0.06017828237776717 0.08686947557747332 0.14115411830096683 0.27275044743249677 0.10424337069296798 0.17373895115494664
0.05798714258581862 0.0963378563795546 0.054044769323087265 0.08398684915140657 0.13567265261287348 0.3090553760819865 0.0949416555624596 0.16797369830281314
0.12214571309789632 0.09312284827215883 0.16228368013306468 0.11640356034019853 0.12855709276454722 0.14294261813949552 0.12978128294646016 0.10476320430617866
0.07701737501635138 0.11549722808642637 0.11225350299699702 0.14437153510803297 0.09597693286781357 0.18371602085189942 0.09792156294283975 0.17324584212963953
0.09188714556667148 0.13785997951477702 0.1152996373568065 0.1654319754177324 0.08673216292039636 0.1720327027434971 0.08653364868004465 0.14422274780007444
0.07912937494969131 0.11393736904581664 0.09565838342798608 0.13672484285497996 0.10111776585075431 0.19998257816081152 0.10254363214123499 0.17090605356872496
0.07699980213247998 0.1129257470698528 0.09257549773447704 0.13551089648382336 0.10290268590254363 0.20806357770917638 0.10163317236286752 0.1693886206047792
0.062172192625627405 0.09894447449077398 0.05905243716830944 0.08625928545349526 0.13172045074322888 0.2918220920119713 0.09751049659960334 0.17251857090699052
0.0695167527831866 0.11263680066644137 0.0905076707938844 0.14079600083305172 0.09410381089751038 0.22798734506993285 0.09549641795633072 0.16895520099966202
0.09701560857915799 0.07111852354475746 0.2127046654469434 0.14223704708951493 0.09221506140948556 0.09811205874977465 0.15858369279980247 0.12801334238056342
0.10459210190100458 0.07063037714833578 0.2342913438273773 0.14126075429667156 0.09389541617961253 0.07579814364723542 0.1563814618180491 0.12315040118171368
0.08142487988612859 0.11496087446325906 0.1162337276018734 0.13795304935591088 0.10398528775513283 0.16953608222587355 0.10346478701693317 0.17244131169488858
0.07755366311624608 0.11333015012261262 0.09796636409134696 0.13599618014713516 0.10439620635637357 0.19876507587201514 0.10199713511035137 0.16999522518391894
0.06470530833234059 0.09506539065325181 0.060050768412227735 0.08555885158792663 0.1403251337861439 0.2805062221467442 0.10267062190551195 0.17111770317585326
0.06983017528001849 0.11275516621915165 0.09092495517556157 0.14094395777393956 0.09536577972472987 0.22545044513815587 0.09559677135971553 0.16913274932872746
0.07148267264311295 0.11477859301689622 0.09821094539290968 0.14347324127112027 0.09210512265858586 0.2104692501081403 0.09731228538389029 0.17216788952534431
0.07577504745138317 0.11238452859000773 0.09467411733318261 0.13486143430800926 0.10137962297324557 0.21120238072815312 0.10114607573100697 0.16857679288501157
0.07348720972888086 0.11487502689009461 0.09903684701772937 0.14359378361261826 0.09311365810882624 0.20618688976945454 0.09739404453725413 0.1723125403351419
0.11353305586907302 0.07931519111420526 0.1415863544790184 0.09517822933704632 0.1522886292119152 0.14804919881418588 0.1510765545032481 0.1189727866713079
0.07776956715740228 0.11459718367818673 0.10806297417451761 0.14324647959773343 0.10086906004252147 0.18640047801824372 0.09715848181411485 0.17189577551728008
0.07770513525217132 0.11270505553093736 0.0963451086052475 0.13524606663712482 0.10374213523414172 0.20376436546612772 0.10143454997784362 0.16905758329640602
0.07375970099881127 0.11496000573588405 0.09942581404505109 0.14370000716985507 0.093536958828401 0.20471141279861751 0.09746609181955386 0.17244000860382605
0.10335144561320005 0.07130050069360927 0.21230323487888622 0.14260100138721854 0.0955804796767512 0.09267934558726743 0.15786517044087683 0.12431882172219053
0.10224009188877103 0.14212475191697757 0.10811217105688381 0.1279122767252798 0.12964596941517217 0.2172831654177878 0.09593420754395986 0.07674736603516788
0.0643434511855302 0.0963372581149603 0.05966660204820351 0.0839863275874013 0.13850911856566825 0.29424352135506704 0.09494106596836668 0.1679726551748026
0.09705734158016482 0.0702860120316694 0.19891254700898137 0.1405720240633388 0.10119683074819184 0.10873310652958297 0.15672731638106577 0.12651482165700492
0.13203312430624806 0.09108763039867748 0.20740033106804473 0.11385953799834686 0.12281088510741811 0.10339001903504341 0.1269448878877091 0.10247358419851216
0.105247623426062 0.06740396993641415 0.25034662339141533 0.1348079398728283 0.09457279238079593 0.07599311244275553 0.1503007926641832 0.12132714588554548
0.13405873595323395 0.08974924576313076 0.22251300516620107 0.11218655720391345 0.11980137201306498 0.09564354326570475 0.12507963915122888 0.1009679014835221
0.10636402400347965 0.06690019906717007 0.25550863586755396 0.13380039813434014 0.09347946614217732 0.07434945964892199 0.14917745881545086 0.12042035832090613
0.13540375912752814 0.08940490723565431 0.22407654901524632 0.11175613404456788 0.11917614314603894 0.09500223734116348 0.12459974944968986 0.10058052064011108
0.10645087637188587 0.06679079201318862 0.2566231044108496 0.13358158402637724 0.09324838745418308 0.07414833268529271 0.14893349741448328 0.12022342562373951
0.10121137846467161 0.06680902030268647 0.26912956050556275 0.13361804060537294 0.08903104525403581 0.07097057454341144 0.14897414377942325 0.12025623654483567
0.09997900779676623 0.06658653532192704 0.2735641470895334 0.13317307064385409 0.08808661752647086 0.0702768225629365 0.14847803547904329 0.11985576357946869
0.07885074077697603 0.11533031464391079 0.13613068774174145 0.1441628933048885 0.09267050217640495 0.16207934001820082 0.09778004937201132 0.17299547196586618
0.11562288980249655 0.0790967492094258 0.1519824530653466 0.09491609905131097 0.1517674985346468 0.1373087118380139 0.15066047468462057 0.1186451238141387
0.08013186979579937 0.11401947729288875 0.11069446741296601 0.14252434661611096 0.10204255088164008 0.18288938479120387 0.09666868727005787 0.17102921593933312
0.116566566961389 0.07882169263489167 0.1457091253233518 0.09458603116187002 0.15400832806677603 0.14193915949959024 0.15013655739979365 0.1182325389523375
0.06922451254249383 0.09833410560344934 0.06584088794013099 0.08572716898762249 0.14721430147031095 0.26529571184256545 0.09690897363818195 0.17145433797524498
0.072448736963949 0.11188066162944332 0.09185235601872148 0.13985082703680415 0.0993923888332542 0.2218986935182651 0.09485534355539761 0.16782099244416498
0.11327707637062784 0.0795086734190157 0.15051091664545907 0.09938584177376962 0.14362099176367757 0.14668976093374073 0.1477437289651859 0.11926301012852354
0.12028406729970129 0.07768495791221444 0.1649920327294217 0.09710619739026806 0.15207089622816025 0.12697952709324553 0.14435488447866715 0.11652743686832168
0.10688887416109674 0.06769167486430945 0.23627659622461014 0.1353833497286189 0.10088199109829182 0.08009016745496023 0.15094233171235566 0.121845014755757
0.11974903320441256 0.07785673507920919 0.19050944282664867 0.09732091884901148 0.14132617708834655 0.11177850798487796 0.1446740823486798 0.11678510261881378
0.12169056015868239 0.07711667011052639 0.1759334402088862 0.09639583763815798 0.15168464360333847 0.11820495611819314 0.1432988869964259 0.11567500516578959
0.14145136752643628 0.08885923660474228 0.1978463749321837 0.11107404575592784 0.1334934494417747 0.1034696126486328 0.12383927190996731 0.09996664118033505
0.1267136855529378 0.0767788229014002 0.17765879970068083 0.09597352862675025 0.1491380652267216 0.11589776735247882 0.14267109628693023 0.1151682343521003
0.12409870853853534 0.07694143993901469 0.17193852555710998 0.09617679992376835 0.1534996777560396 0.11895941565451265 0.14297327272249744 0.11541215990852202
0.10836625210023834 0.06732375207576145 0.23834025746533555 0.1346475041515229 0.10148725470348742 0.07853030695954102 0.1501219188077427 0.12118275373637062
0.10414382671244866 0.06680404083279688 0.2628706570333223 0.13360808166559376 0.09162188667364364 0.07174119327838645 0.14896304030477395 0.1202472734990344
0.10264241255464193 0.0663525901284866 0.27126402916732245 0.1327051802569732 0.08937042991146388 0.07027432313497205 0.14795637261486413 0.11943466223127586
0.10208982674136455 0.06617119208339385 0.274093099133851 0.1323423841667877 0.0887652619990431 0.06987820807680843 0.14755188204864242 0.11910814575010893
0.11907828487519337 0.07725776186703885 0.20091096981111176 0.09657220233379855 0.13803540387413368 0.10869766947627998 0.14356106496188561 0.11588664280055827
0.1068028413150625 0.06683756267098094 0.24878710337550883 0.13367512534196188 0.0981194299158902 0.07643253557216498 0.14903778900066494 0.12030761280776568
0.1036777898666014 0.06656004040780328 0.2664810740960585 0.13312008081560656 0.09074638338135857 0.07118760292351377 0.14841895577501207 0.11980807273404588
0.11975001999811208 0.07732846441469356 0.19882314848413404 0.09666058051836694 0.13866543218225513 0.10908721271130319 0.14369244506909476 0.11599269662204031
0.10714076907890951 0.06686065912886843 0.24805530508697 0.13372131825773687 0.09826409542657102 0.07651937593445955 0.1490892906545215 0.12034918643196316
0.12086944881561694 0.07743676729688358 0.19358856851052672 0.09679595912110447 0.14080988398809027 0.1104505268677959 0.1438936944546568 0.11615515094532536
0.10762478223942944 0.06694389490890637 0.24619912792874551 0.13388778981781274 0.09875230292811428 0.07681819732020495 0.14927489402075536 0.12049901083603146
0.10414000187784919 0.06658712552078966 0.265594330119329 0.13317425104157932 0.09089273419170651 0.07127537977690736 0.14847935153441752 0.11985682593742139
0.12011815676269412 0.07730824393647832 0.1985615349659547 0.09663530492059791 0.138675315381759 0.10908420693240213 0.1436548711953963 0.1159623659047175
0.10741339904953638 0.06684263660376696 0.24793991950295077 0.13368527320753393 0.09824837136172378 0.07650455127423322 0.14904910311347438 0.12031674588678054
0.10411626311161475 0.06654109128530009 0.26617465385792594 0.13308218257060017 0.09075113446416438 0.07118400833679729 0.1483767020600572 0.11977396431354015
0.10296681858989519 0.0662181153020416 0.27239768090189653 0.1324362306040832 0.08906622200737241 0.07006581122827474 0.1476565138227614 0.11919260754367487
0.10254859890258097 0.06608743741997723 0.27447598074183377 0.13217487483995446 0.08861940527084045 0.06977119381893462 0.14736512164991936 0.11895738735595902
0.09341780493387845 0.13204932010167802 0.15689416704771722 0.16506165012709753 0.0807259000098254 0.13932952890510955 0.08396614376030614 0.1485554851143878
0.10614896063331879 0.07018157822021348 0.23185631159265094 0.14036315644042696 0.09205973240482399 0.081634596641266 0.15538778409359433 0.12236787997370555
0.06057099567546309 0.08509744912155176 0.09449038193279555 0.10637181140193971 0.11621168118521791 0.20426766238130759 0.12024639549784487 0.21274362280387943
0.0739239846411222 0.11410136773830855 0.09917654464873356 0.14262670967288565 0.09748034294804447 0.20480088261748547 0.09673811612595724 0.1711520516074628
0.13441316112699217 0.09205487853851567 0.17703115992152757 0.11506859817314459 0.12550696555357135 0.12407059857618127 0.1282928997542373 0.10356173835583012
0.11107237555935591 0.06720525584190182 0.2402970934121677 0.13441051168380364 0.09699284112031614 0.07919477197479076 0.14985768989224077 0.12096946051542329
0.14010949084639632 0.08881548029890259 0.219458283997207 0.11101935037362821 0.12133803800146552 0.09556365050568671 0.12377829064044818 0.09991741533626539
0.11077677153031538 0.06623748622685191 0.2547174965319178 0.13247497245370382 0.09497819079984643 0.07388789915512559 0.1476997080939056 0.11922747520833343
0.1046082692236089 0.06631843513613642 0.26829210104599627 0.13263687027227283 0.09029216218356514 0.07059876681369168 0.1478802120796833 0.11937318324504555
0.10304856059680871 0.06612078471554834 0.2730111864279113 0.1322415694310967 0.08921765160573987 0.06990335359307334 0.14743948114183467 0.11901741248798703
0.0813074480278322 0.11468435582569349 0.13600816303531532 0.14335544478211687 0.09395143197333453 0.1614342339823404 0.0972323886348271 0.17202653373854024
0.11666335115877981 0.07872089085095438 0.15347846417471814 0.09446506902114525 0.15196471903873915 0.1366816154774139 0.14994455400181786 0.11808133627643155
0.07077677429684673 0.10489142368170187 0.06624090633949023 0.0844508711337882 0.14890569828892233 0.2603663818404353 0.09546620215123883 0.1689017422675764
0.07309257033212435 0.12193437093785783 0.09057368067255624 0.1372693349962165 0.10117850962728013 0.21812391291933234 0.09310441851917294 0.16472320199545976
0.1014173587845623 0.07808820230923581 0.21046372943989008 0.1386818274231608 0.09582305908280403 0.09609229009278435 0.15461988818671807 0.12481364468084472
0.1200559443115129 0.08373969833978029 0.1827700914377444 0.09684320274400571 0.14131668908598852 0.11509860551498262 0.14396392527317867 0.11621184329280686
0.14166003046316253 0.09553313531498592 0.19882059924480344 0.10973298911670772 0.13121984918050392 0.10192961263870885 0.12234409383609055 0.09875969020503693
0.11117780397947485 0.07269206184580214 0.24634775919484175 0.13201010000110935 0.09701796530396356 0.0747638096725732 0.1471814100012368 0.1188090900009984
0.13917791963444132 0.09459899462438386 0.22020448288455802 0.10991369099567566 0.12073548552410279 0.09390154149480526 0.12254556294592497 0.0989223218961081
0.11010629245698014 0.07224514701166426 0.25392800057802356 0.13131416473834512 0.09464893815208564 0.07316921467966851 0.14640549411872208 0.1181827482645106
0.08190739033564004 0.1221881635455491 0.1313867552284415 0.142022841874481 0.09448399371599984 0.16125490882260227 0.09632853622790885 0.1704274102493772
0.1048968521906911 0.07025230788135027 0.2265857121120802 0.14050461576270054 0.09467946817853436 0.08504545501088685 0.15554438537832538 0.12249120348543124
0.06007751442398782 0.09045693547265685 0.09318970112906226 0.10539257742590491 0.11672123973000335 0.20423744161555207 0.11913943535102296 0.21078515485180982
0.09896651491897836 0.07606211253268426 0.21208915514186624 0.13918241241330542 0.0991427935059555 0.09411483722159467 0.15517800309364052 0.1252641711719749
0.11947374423128071 0.0835243473728821 0.1831565019483926 0.09677969021723624 0.14246431382727612 0.11459626450587954 0.1438695096363691 0.11613562826068348
0.12287593868097399 0.08288861643559055 0.17268719151583922 0.0952231883780445 0.15263662571980036 0.11786494810485558 0.14155566511124226 0.1142678260536534
0.10826732108114136 0.07248180327020715 0.23747677949271667 0.1332908946343112 0.10204787704002555 0.0778641188751501 0.14860940043556783 0.11996180517088006
0.10428388860384273 0.07125435477211155 0.2617255239479448 0.13249806120551585 0.09205377430256403 0.0712106917539219 0.1477254503291348 0.11924825508496426
0.08101617755913018 0.1221204847522901 0.1329889371605402 0.14208581616488947 0.09424377837765856 0.16067057736274254 0.09637124922488156 0.17050297939786735
0.10447390498364349 0.07006791151570918 0.2288330810900076 0.14013582303141836 0.09441267637884056 0.0847707944620184 0.15513611666481802 0.1221696918735442
0.07144844226592353 0.10761474974487333 0.07763018042668238 0.08745789031548606 0.13913275983059817 0.24293475555926267 0.09886544122620164 0.17491578063097213
0.13124045477329024 0.09993846592552251 0.16625018771967517 0.11225682450150719 0.13394427235127238 0.13018067073315828 0.1251579819442177 0.10103114205135647
0.14477171316638496 0.0969422536648042 0.19310188363712288 0.10959354814895145 0.12981364250045427 0.10495413798514124 0.12218862756308468 0.0986341933340563
0.11201077374928048 0.07286499470287137 0.2442468332541445 0.13213827613305734 0.09715318440653012 0.07533717241138874 0.14732431682297584 0.1189244485197516
0.1048204612455115 0.07110682686582058 0.26395330547411106 0.13216422211497383 0.0909708096458523 0.07068333009370885 0.14735324465654545 0.11894779990347647
0.10286522225281829 0.07065119363857367 0.27079163878338175 0.13153825723829282 0.08945063384195541 0.06966328219767166 0.14665534053284288 0.11838443151446353
0.0928369548713059 0.140221318766286 0.15494353277365439 0.16322936445608416 0.08079887797384327 0.13802945514242956 0.08303406800592107 0.14690642801047574
0.11971159640079336 0.07859059853189801 0.160889723623733 0.09430871823827762 0.14796481156275085 0.13095227568870396 0.1496963781559962 0.11788589779784701
0.08243977685582266 0.1212386112060328 0.11132015232252628 0.13995672444368187 0.10335876989361363 0.17881072632323333 0.09492716962267118 0.16794806933241824
0.10288813798672744 0.07760015606517102 0.21805782973952845 0.13792456271671483 0.09606768425845032 0.0895539282370422 0.15377559455132234 0.12413210644504333
0.10397745444939954 0.07220234542213196 0.25550277798042403 0.13364732045564232 0.09184637011664622 0.07353435453826764 0.14900678862741015 0.1202825884100781
0.10297740634581179 0.07093534075068732 0.26801196410647166 0.131939424825864 0.0900032670580696 0.07028450211471285 0.1471026124551051 0.11874548234327761
0.11938162684423341 0.08227678029046236 0.19836696529665218 0.09575187615907033 0.13887985948357387 0.10809904552850552 0.14234159500661797 0.11490225139088438
0.10688194571754646 0.07198699360095452 0.24669617440889388 0.1324585054250661 0.09915386326158215 0.07592851411754027 0.14768134858585724 0.11921265488255947
0.12048948297122952 0.08248816492339446 0.1922754866730621 0.09590488881949477 0.14162736968571588 0.10955968174040075 0.14256905860330862 0.1150858665833937
0.08268682096456041 0.12182153336614249 0.11780186790561253 0.14006798555830907 0.102751836592879 0.17178573925949875 0.09500263368302703 0.16808158266997086
0.07673235632988072 0.12683979560618933 0.10286451740029925 0.14082512670783268 0.09549075256309321 0.19274112644581914 0.0955161728974865 0.16899015204939918
0.10472176447612976 0.07045322874162753 0.21983568863749628 0.14090645748325506 0.09519550208228243 0.09005659086102173 0.15598924068150333 0.1228415270366839
0.07131897150580539 0.10739655871471336 0.07633467293897027 0.08724895065354574 0.13955042174543372 0.24502327456956222 0.09862924856487779 0.17449790130709147
0.10068214950679101 0.07666226178914014 0.2035480196872323 0.13778926370407257 0.10341163165075865 0.10027159007917269 0.15362474624916747 0.12401033733366532
0.10387862998410746 0.07237569830208761 0.25038421027570157 0.13408268311597105 0.09370922329392824 0.07540295471990408 0.1494921855039259 0.12067441480437394
0.08095724081621342 0.12226593665802823 0.13067588586186163 0.14211088948416906 0.09491501315444603 0.16215371116805966 0.09638825547621903 0.17053306738100288
0.11747139621805454 0.07839822790077905 0.15494905372991852 0.09407787348093485 0.15172861697669457 0.136447531936204 0.1493299579062458 0.11759734185116857
0.08195567674828058 0.12099633675774432 0.10996426078245002 0.13968759804632544 0.10459476435365732 0.18043161393757445 0.09474463171837726 0.16762511765559052
0.10277694113275407 0.07756895846124819 0.2174644143721452 0.13788582607615255 0.0966499213607779 0.08982428904049548 0.15373240608788946 0.12409724346853729
0.08079681199500245 0.12297593763923598 0.12400159803759679 0.14226638691996146 0.09562188812816456 0.16712398967385023 0.09649372330223474 0.17071966430395374
0.1417068902689326 0.09427519098977419 0.18416033941850848 0.11313022918772904 0.12742818048484533 0.11543300183957193 0.1252398141597977 0.0986263536508407
0.10185428201322205 0.14567186613586106 0.09586746233844075 0.1154523946968341 0.11870966438682556 0.2055946151721541 0.07830684162046139 0.13854287363620094
0.07858789619447376 0.12754319141931825 0.09706530870996079 0.1382415600113333 0.09730507603507028 0.20160325491290446 0.09376384070333911 0.16588987201359995
0.10245537163750416 0.07833235828179881 0.21280157649607664 0.13840667852543853 0.09567552213550842 0.09344936455152131 0.15431311769925757 0.12456601067289468
0.1040343530816721 0.07234754451499517 0.25367048028798306 0.13382137085366422 0.09225762996558373 0.07422854569543497 0.1492008418323689 0.12043923376829778
0.1198504615134129 0.08254811811510643 0.19438393331167425 0.09594555955498797 0.14028758024549834 0.10922015741009869 0.14262951838323584 0.11513467146598556
0.10705313402107064 0.07204255052440332 0.2452026691006549 0.1325187246637208 0.1000075118226592 0.07616006912715811 0.1477484885429842 0.1192668521973487
0.10376843443402158 0.07100948984820908 0.2642531819968263 0.13208207706318725 0.09196996773553734 0.07078132051131877 0.14726165905403113 0.11887386935686851
0.10260532855339863 0.07059544970080096 0.27081210155775787 0.1314381758690225 0.09006532769998078 0.06964550106205364 0.14654375727486538 0.11829435828212026
0.08068243836608774 0.12188898419032082 0.134741323623498 0.1418873427002568 0.09428126201440112 0.16001720542495315 0.09623663244017418 0.17026481124030812
0.10506911832864464 0.06972995739865902 0.23139234392988908 0.13945991479731804 0.09402660983487908 0.08435375870427705 0.15438785846508143 0.12158043854125163
0.09691209530841807 0.14568777633017155 0.10560766429606112 0.11842538516955113 0.11361365824226742 0.19731965372637383 0.08032330472369553 0.14211046220346135
0.10527390192404258 0.07874674902217105 0.21427645109263038 0.13660809886202394 0.09780773949030427 0.09203193503609279 0.15230783559691327 0.12294728897582156
0.08113435367600626 0.12299404806973177 0.12327751575704239 0.142114979428832 0.09580178822866967 0.16774830999947696 0.09639102952564257 0.17053797531459838
0.07995941151133697 0.1122055601267595 0.10382747672764525 0.1346466721521114 0.10280469493511508 0.1972628402428089 0.10098500411408355 0.16830834019013924
0.0650694515493065 0.1071941196609628 0.05954013458794423 0.08372573604271456 0.1361208444167999 0.2862517574346437 0.09464648422219907 0.16745147208542913
0.09960633514965371 0.07683510599563255 0.19682953902022374 0.1380549326621171 0.1033230455179861 0.10718065494713601 0.15392094731134548 0.1242494393959054
0.11958875803372894 0.08350820004292168 0.17852671839808068 0.0966753332789713 0.14437711537057574 0.11759909890236613 0.14371437603859016 0.11601039993476557
0.10748213164857452 0.07244497072075014 0.23964451637395603 0.13314565169188058 0.10121854683048163 0.07778563081788115 0.14844746539378326 0.11983108652269253
0.10403112941492985 0.07116163381594104 0.26237869064406644 0.13231942975618866 0.0923455894605381 0.07114975053392598 0.14752628959384015 0.11908748678056977
0.10271885029503455 0.07064774763648234 0.270185121222973 0.13151824543985635 0.0901848140560249 0.06974577158275402 0.14663302887100405 0.11836642089587074
0.10222087643965636 0.07044580704768845 0.2728096285416242 0.1312001442567767 0.08958703308620591 0.06937801100618478 0.14627836979076445 0.11808012983109904
0.11905540936665192 0.08210906533930978 0.19957809207276467 0.09559288571967188 0.13908914094477215 0.10775869865323355 0.14210524503998984 0.11471146286360627
0.10673248283718738 0.07189833042700719 0.24701149665220767 0.13230439874786487 0.0996364170889718 0.07583338423240653 0.1475095311412762 0.1190739588730784
0.09362656481679606 0.14048146441661083 0.14952992192440984 0.1633352087073862 0.08296869040277492 0.13996855137900865 0.08308791051636602 0.14700168783664758
0.10720241494899678 0.0693999614302582 0.23718433401234568 0.1387999228605164 0.09174320879116363 0.08100787674067102 0.1536572202607263 0.12100506095532199
0.0603715953424908 0.09033232618560894 0.09479925960230094 0.10531231392233997 0.11691645681438924 0.2025947175933711 0.1190487026948191 0.21062462784467995
0.111650197751848 0.08571637976107721 0.14990372477413624 0.09802958711262423 0.15010186920398355 0.14123517154151935 0.1457275653196623 0.11763550453514908
0.10674674323607805 0.07325086437514967 0.22962303778181697 0.1343602279328014 0.10321513520559339 0.08207815906664728 0.14980162726239202 0.12092420513952128
0.10420736796876083 0.07145097776899441 0.2590143953795649 0.13276530540068088 0.09303284618161545 0.07201692477662343 0.14802340766314717 0.1194887748606128
0.11975154863960766 0.08235810055882302 0.19577248288181634 0.09579978781805983 0.14037096135350527 0.10857455446086305 0.14241281890565313 0.11495974538167178
0.10698386818558284 0.0719871845245178 0.24566077681738857 0.13243746069925688 0.10004851947352801 0.07603059038331288 0.14765788528708193 0.11919371462933119
0.13803152803372992 0.09445485350247446 0.21987087914654527 0.109811798698354 0.12242779070367896 0.09414057044838471 0.12243196063831407 0.0988306188285186
0.109838931688606 0.07214800921412107 0.2536216160326601 0.13113181609612728 0.0958528842329216 0.07318591925829251 0.14620218899075682 0.11801863448651453
0.1209959828103774 0.08233019477684611 0.19405997098810351 0.09569276449479565 0.1410890334012658 0.10874701458736964 0.14225372154748728 0.11483131739375478
0.08274453217063577 0.1217264856855538 0.11811918087865009 0.13996774172257598 0.10306130643816491 0.17148482082549413 0.09493464221183415 0.16796129006709115
0.10236578744207953 0.08108983488882802 0.21974309798205274 0.1369297289685785 0.0959289108888604 0.08803945459440536 0.1526664291634748 0.12323675607172065
0.10355105440395067 0.07471360591864358 0.2555872756740632 0.13305172549382727 0.09192826957305815 0.07307877129964095 0.14834274469237158 0.11974655294444454
0.11940901556081303 0.08517184411862899 0.19457612797105747 0.09557790665702391 0.13986039622375296 0.10862824382298766 0.1420829776573072 0.11469348798842871
0.14061429906371317 0.09844815201391977 0.2016197988039422 0.10873995841895157 0.1314767961349577 0.09999809427259833 0.12123693871486091 0.09786596257705639
0.14562118651552403 0.0995863302167288 0.202984674032103 0.10794899020225908 0.12866780934460892 0.09768185032601534 0.12035506818072765 0.09715409118203316
0.09933065494329098 0.14770362535958612 0.13748620982031676 0.15984798865999866 0.08647616556220691 0.14397818902051546 0.08131397684008629 0.1438631897939988
0.10857263890155154 0.0695216961831834 0.23341147108320448 0.1390433923663668 0.09254957025125872 0.08175716378046032 0.15392675101201372 0.12121731642196082
0.09722938621868246 0.1494816233050559 0.10562722587171047 0.11786754638325111 0.11290330203868597 0.19550491601929024 0.07994494450342249 0.1414410556599013
0.11834257479568958 0.0942270141568678 0.15046231063495935 0.09574086239005859 0.14641656232368203 0.13759641853142093 0.1423252222992513 0.1148890348680703
0.10778385643392846 0.07656594925875884 0.229130219426497 0.1336814047163841 0.10222592970648586 0.08125458617866435 0.1490447900345357 0.12031326424474569
0.12063485443766336 0.08554810446974764 0.18700067966521972 0.09576574538194776 0.14305082034424435 0.11071868870489954 0.14236221253794026 0.11491889445833733
0.08234626183287125 0.1261247027543149 0.116264373530688 0.13924190071337283 0.10305245368885385 0.17143769396608602 0.09444233265776592 0.16709028085604738
0.13410789008080531 0.1069191035191507 0.17942984096457287 0.11220662256207112 0.12582006190048795 0.1154285101388881 0.1251020105281599 0.10098596030586399
0.1258975537671558 0.08820719601346408 0.17095607626997694 0.09459234774592302 0.1486072687177619 0.11761086204891012 0.1406178781417005 0.1135108172951076
0.08307385232246091 0.12638578074218362 0.11288863683948626 0.13900701690867653 0.10401370629717356 0.1735395664354613 0.09428302016414583 0.16680842029041185
0.07624904891028847 0.13307942573924592 0.10119823434367367 0.1396098777288906 0.09543214607064686 0.1922074968642947 0.09469191706829103 0.1675318532746687
0.11485130917680814 0.09355893496816226 0.15108217789001596 0.09734373356143886 0.14332056885582373 0.13832279732299005 0.14470799795103448 0.11681248027372661
0.10713507052734557 0.07657273091548215 0.22956024476267411 0.13384223551380178 0.1017784837932922 0.08142911815362434 0.1492241043713581 0.12045801196242162
0.12048524833905822 0.08555310221781712 0.1871343557949035 0.09577123704988473 0.1429953398577139 0.11076485600958887 0.1423703762711719 0.11492548445986167
0.10713865317229933 0.07489275277502587 0.24215659270113526 0.13228902497287578 0.10061301498293225 0.07635744839068344 0.14749239052945998 0.11906012247558818
0.12025088308517023 0.08517457168921455 0.19057311678160727 0.09555002037627049 0.14238093419024675 0.10936892659795805 0.14204152282800808 0.11466002445152461
0.10698168296660485 0.07477568184029348 0.24335679729357398 0.13214549011941815 0.10040884344659597 0.07606820334662624 0.14733235987941098 0.11893094110747635
0.13768542740957496 0.09753655966660338 0.2186872004525336 0.10943356888389048 0.12226639918233578 0.09389036978826759 0.12201026262129282 0.09849021199550143
0.12610433831295798 0.08661575234177854 0.18185191440080634 0.09401018042935323 0.146850500652858 0.11200265002219238 0.13975244732482958 0.1128122165152239
0.08313952000775754 0.1261459980742121 0.11512796517230015 0.13902963102484725 0.10373058154591512 0.17169238851090696 0.09429835843424421 0.1668355572298167
0.08842170865913722 0.15425613519589496 0.11785043908459782 0.1618741650462998 0.08295544792306096 0.16661067159100423 0.08234468395833514 0.14568674854166985
0.10709911888667066 0.07004807547096475 0.22730229210905625 0.1400961509419295 0.09256935320037418 0.08565770541067853 0.15509219803095164 0.12213510594937443
0.07155424814293543 0.11042001941094345 0.07719568175825485 0.0870121997083852 0.13897250563750585 0.24245932886355193 0.09836161706165283 0.1740243994167704
0.10034340883319219 0.08018639593360813 0.20311996137103167 0.13709029510937482 0.10336416118459206 0.09966906354184882 0.1528454484279149 0.12338126559843735
0.10356970764493165 0.07493633703360525 0.24977088734536776 0.1336107023295916 0.09375612784089779 0.07514064355941398 0.14896596214955962 0.12024963209663246
0.13681716472249023 0.09761775215889178 0.22092573279897834 0.10951625063939209 0.12069921849081076 0.09375680900558711 0.12210244660839685 0.09856462557545287
0.09771115732543831 0.14735531089400095 0.1416574732670209 0.15991916056980415 0.08522558947512897 0.14285388227462162 0.08135018168116125 0.14392724451282374
0.08284207170485512 0.11259480901625285 0.10840512469129077 0.13511377081950343 0.10131215161165188 0.1895045305174391 0.10133532811462757 0.16889221352437925
0.06532910713865694 0.11207379978149715 0.05997117784281517 0.0834627940745763 0.1356308544874091 0.28225743305028467 0.094349245475608 0.1669255881491526
0.09930861038549352 0.08061205290477692 0.19629059247099157 0.13742870529340634 0.10308769129987644 0.10636376235277074 0.1532227505286187 0.1236858347640657
0.1035650584304509 0.07513429558809429 0.24742763654393643 0.13389196163092676 0.0938946826544725 0.07630405440323698 0.1492795452810482 0.12050276546783407
0.10289278376826534 0.07343576203530836 0.26486032415615973 0.13178705246110628 0.09079813832244478 0.07068486340224758 0.14693272863947224 0.11860834721499568
0.08045743062055691 0.12570405180967473 0.13317709635092137 0.14128866260841547 0.09419292812775572 0.15980286419208672 0.0958305711604905 0.16954639513009856
0.10483079154000187 0.06958642471041093 0.23276912231523214 0.13917284942082186 0.0940444573922049 0.08419611291028391 0.1540700652928919 0.12133017641815239
0.1201524311729801 0.0849156016039028 0.1883539298789387 0.09599584868543588 0.14106550708487361 0.11161738659807093 0.14270427655327486 0.11519501842252305
0.0822621478738853 0.12600602070996678 0.11652524958015958 0.13923238284997272 0.10272464081336846 0.17173482168922022 0.09443587706345977 0.16707885941996725
0.11600411051824695 0.0924872888370624 0.1553134265523753 0.09707438317423929 0.14509652208077173 0.13322741851845255 0.1443075905097647 0.11648925980908714
0.08140384117712311 0.12703932163261317 0.10961776059040165 0.13897500615419547 0.10325789342203302 0.17867486111662292 0.09426130852197606 0.16677000738503456
0.115842358117778 0.09264465206746184 0.1532953923372595 0.09711011589573143 0.14531498623408248 0.13489964667258747 0.14436070960022165 0.11653213907487771
0.08136024923415057 0.12703934183447144 0.10919003212014908 0.1389464289858747 0.10328263854921509 0.17920366874614843 0.0942419257469411 0.16673571478304963
0.10206612880260216 0.08414572612182797 0.2159876632446117 0.13680394414755806 0.0960565186297031 0.08929028084593087 0.15252618847496396 0.12312354973280225
0.1371107081331668 0.10151142654385781 0.21044081801436973 0.11010622488531055 0.1219098749484275 0.09706512121342088 0.12276022386466715 0.09909560239677949
0.10952014668220489 0.07765147209196278 0.24960283145448656 0.1306869197893796 0.0957109337822774 0.0735033055792972 0.14570616280995005 0.11761822781044164
0.13791767479070974 0.09952292985434906 0.220229281595946 0.10897661735685038 0.12072447261850006 0.0930492723929761 0.12150079576950333 0.09807895562116534
0.10935401771108942 0.07716398633224375 0.25294147424192237 0.13024504744296214 0.09519460725486119 0.07266681619901241 0.14521350811924286 0.11722054269866593
0.10361298530386424 0.07473141614130417 0.26620086020246136 0.1310227523518336 0.09062981784457196 0.06980109998435957 0.14608059105495477 0.11792047711665025
0.10215540041285376 0.07424172295968613 0.27088022644001936 0.1306806794176689 0.0895431619959543 0.06918699203672354 0.14569920526119204 0.117612611475902
