0.125 0.125 0.125 0.125 0.125 0.125 0.125 0.125
0.056818181818181816 0.09469696969696968 0.06818181818181816 0.11363636363636363 0.11363636363636363 0.18939393939393936 0.13636363636363633 0.22727272727272727
0.07375572880553348 0.12292621467588911 0.08850687456664016 0.14751145761106696 0.09219466100691684 0.1800821481118195 0.11063359320830021 0.18438932201383368
0.07237453673569151 0.1206242278928192 0.08684944408282981 0.14474907347138302 0.09046817091961439 0.19543639995489612 0.10856180510353729 0.18093634183922877
0.07089473112168809 0.11815788520281349 0.08507367734602571 0.14178946224337619 0.0886184139021101 0.21188690569723426 0.10634209668253214 0.1772368278042202
0.05854966611840475 0.09758277686400793 0.052694699506564274 0.08782449917760714 0.1170993322368095 0.30521062872826366 0.10538939901312855 0.17564899835521428
0.08769198837691987 0.1551473640514736 0.07644942576449425 0.13525667635256675 0.10523038605230385 0.18617683686176836 0.0917393109173931 0.1623080116230801
0.06973782476469416 0.11622970794115693 0.083685389717633 0.13947564952938832 0.0871722809558677 0.2247478480324833 0.10460673714704125 0.1743445619117354
0.0679526886444286 0.11325448107404767 0.08154322637331432 0.1359053772888572 0.09214928162433592 0.23738419041730174 0.10192903296664291 0.1698817216110715
0.07058251350677727 0.12487675466583673 0.08822814188347158 0.1560959433322959 0.08469901620813274 0.1823287281445648 0.10587377026016591 0.18731513199875507
0.10123951325291779 0.0746366552296903 0.18955341010714993 0.1492733104593806 0.08938693708601887 0.10052277644786714 0.16525169086264355 0.1301357065543318
0.06598643115403642 0.10020936377196071 0.06398907549691085 0.09018842739476465 0.13060055758323044 0.26042317693585004 0.10822611287371756 0.1803768547895293
0.06834209088252033 0.12091293002292056 0.0854276136031504 0.1511411625286507 0.08201050905902438 0.20828316254557233 0.10251313632378048 0.18136939503438082
0.09874793293203586 0.07283404367927994 0.20062599507340395 0.14566808735855988 0.08717947376759327 0.10669121495578628 0.16126056068998082 0.1269926915433599
0.07541444572121005 0.11452697735913613 0.1115956393538265 0.13743237283096335 0.09328716903377722 0.19287865003915997 0.10307427962322253 0.17179046603870418
0.060006066895199536 0.09293346541569639 0.060272991068796314 0.08364011887412676 0.13026176618582386 0.3052372111631516 0.1003681426489521 0.1672802377482535
0.055470141614045496 0.09813948131715741 0.048358584996860174 0.08555749653290648 0.11094028322809099 0.33370184925140606 0.09671716999372035 0.17111499306581296
0.0751192020682547 0.13290320365921987 0.09389900258531837 0.16612900457402482 0.06760728186142924 0.2303170988083442 0.08450910232678654 0.14951610411662233
0.09684109145873816 0.07083615707869459 0.21063514625599072 0.14167231415738918 0.0880642210875268 0.11160479750206484 0.1568370755018716 0.1235091969577239
0.0551210608055589 0.08362830898287435 0.0908321272124787 0.10035397077944923 0.11639697343770354 0.23253485228769777 0.12042476493533907 0.20070794155889846
0.06978060990829263 0.11722585815546957 0.08282261717506001 0.14653232269433694 0.07950971248805762 0.2289029517355071 0.09938714061007203 0.17583878723320434
0.06946905979779686 0.10803340662000084 0.09349565695500146 0.129640087944001 0.09283878956360178 0.2472428232315961 0.09723006595800077 0.16205010993000124
0.08153356662753686 0.13505963807868498 0.0954225703816796 0.16882454759835622 0.06870425067480933 0.21263302045690077 0.08588031334351165 0.1519420928385206
0.07058347309608784 0.10856614617295972 0.09630861517717439 0.13027937540755166 0.09165492274005926 0.24204871659106367 0.09770953155566377 0.16284921925943957
0.06147783086472285 0.09677004718595436 0.047683791366991995 0.08436363088006277 0.10939222725368752 0.3362176279544711 0.09536758273398399 0.16872726176012554
0.1094949240570227 0.07943053682469323 0.12299877903823762 0.09928817103086651 0.11807882787670813 0.20396442108954693 0.14759853484588517 0.11914580523703984
0.10775500729954925 0.07278817863546085 0.18034086049979853 0.1455763572709217 0.09071919683370547 0.10949490346691616 0.16230677444981864 0.1310187215438295
0.07426985909667222 0.11154256796803799 0.1153094755948946 0.13385108156164557 0.1019964183621874 0.19532843429327112 0.10038831117123419 0.16731385195205695
0.08988114582818159 0.13156924862662725 0.09137702713047696 0.11841232376396449 0.12365259592026635 0.2852510216491312 0.08880924282297338 0.07104739425837871
0.051405342668388726 0.07793594267558185 0.06030192992972787 0.09741992834447731 0.09944357491045575 0.30852654926256995 0.1101268755198439 0.19483985668895462
0.09560302292955591 0.07042205742583107 0.185476781781003 0.14084411485166215 0.09307705024442536 0.13078659209626284 0.1570306773047636 0.12675970336649595
0.07723237016115876 0.10932747264738849 0.11474310154284223 0.13119296717686618 0.10082835696406214 0.20428979715394993 0.09839472538264965 0.1639912089710827
0.08507137726041268 0.13188176990322276 0.0786231852962521 0.11497385068486085 0.10594601512473302 0.2675529169659105 0.07798226394277519 0.13796862082183303
0.09964855448749062 0.06935715491161903 0.19721593934287973 0.13871430982323807 0.09271550209153696 0.12284955686357696 0.15465610363874452 0.12484287884091425
0.08155638501799856 0.10891970031835892 0.11690701914247072 0.1307036403820307 0.10053618966790691 0.19996978470717292 0.09802773028652302 0.16337955047753835
0.0721353044297273 0.11088353182626196 0.10088968004765764 0.13860441478282745 0.08920476273375787 0.22794705754419617 0.09400995089617863 0.16632529773939295
0.12699008372591236 0.09037484061311012 0.17489983503642603 0.11296855076638763 0.11749266430694312 0.14965082624581277 0.12595150361565904 0.10167169568974888
0.10897721376184005 0.0666702729823734 0.2378635638057953 0.1333405459647468 0.09085269874295024 0.09362445541034167 0.14866475796368037 0.12000649136827209
0.10276995856916017 0.06517897712418574 0.2748136490123971 0.1303579542483715 0.08509605879402828 0.07912185264692966 0.14533939078139327 0.11732215882353435
0.0989370122229232 0.06333511040674616 0.29969046570792124 0.12667022081349233 0.08208808133858417 0.0740480675726992 0.1412278432054907 0.11400319873214311
0.09614886383743501 0.06185075807404021 0.31765737560733104 0.12370151614808042 0.07992333927446015 0.07146882347670001 0.13791795904868068 0.11133136453327236
0.11214158251567914 0.07238830206617795 0.2464872283020445 0.09048537758272243 0.12446058994867212 0.11094187533261358 0.1345125911528232 0.10858245309926691
0.10315090663617811 0.06180500452027088 0.29676495658534113 0.12361000904054176 0.08584990398183821 0.07975427564667857 0.1378159354526637 0.11124900813648758
0.09904933516270122 0.060606435029635836 0.32432250295820997 0.12121287005927167 0.07902589768116536 0.07154807167615505 0.13514330437951633 0.10909158305334453
0.0965474822275069 0.059522043723157676 0.33952253640722463 0.11904408744631535 0.07681231945814461 0.0686865784204483 0.13272527361551875 0.10713967870168382
0.12903552754149009 0.07990319599495553 0.29559389024574 0.0998789949936944 0.10281340212659633 0.09152626784157224 0.11135762576162644 0.08989109549432496
0.10648316132909323 0.0590779380376859 0.32580954533486495 0.1181558760753718 0.07963917892262114 0.072759027611181 0.13173498422134736 0.10634028846783462
0.09460403661461048 0.12196144474178401 0.20256824242611587 0.15245180592723 0.07200679617339487 0.1416494779411146 0.07755157084124309 0.137206625334507
0.10485037920057384 0.06310994631599753 0.2833823839821648 0.12621989263199507 0.08024707335093405 0.08786666025983718 0.14072576088970193 0.11359790336879554
0.10331901567352662 0.0601508178428131 0.32311603947259143 0.1203016356856262 0.07779796660121355 0.07291570655169866 0.1341273460554668 0.10827147211706357
0.10079932067171067 0.05872088419092204 0.3423922666455933 0.11744176838184409 0.07575597715626994 0.06825338397531769 0.13093880743468286 0.10569759154365965
0.09910346718726105 0.05802370929311061 0.3517810099440083 0.11604741858622122 0.0746545290865616 0.06656297770671984 0.12938421146851828 0.1044426767275991
0.09814853568550011 0.0576790931962201 0.3564152245502322 0.1153581863924402 0.07409977951571539 0.065861043899005 0.12861576900769078 0.10382236775319617
0.1176156857694706 0.06926879049193596 0.27008603255982183 0.08658598811491994 0.11856222611948117 0.10526220439682425 0.1287158868096422 0.10390318573790393
0.10760604929625989 0.059435187760167416 0.3161149404914624 0.11887037552033483 0.08226738075902579 0.07619113042282138 0.13253159778162701 0.10698333796830134
0.12314521066493841 0.06998429290767291 0.2533065029387088 0.08748036613459113 0.12139429621524983 0.1096674519712807 0.1300454398060489 0.10497643936150935
0.08913547306711764 0.10543581831076547 0.1545440385767785 0.13179477288845684 0.08916775778014642 0.18237717464711178 0.08939123726347509 0.1581537274661482
0.12245377405328871 0.0734825248476604 0.18556136073091548 0.09185315605957547 0.12829389978260525 0.1515856115300805 0.13654588572438386 0.11022378727149058
0.08862080686109906 0.1054352214371825 0.13246708035135993 0.13179402679647811 0.08994945579409297 0.2041898453855327 0.08939073121848082 0.15815283215577372
0.10816494385825992 0.06470127107932049 0.24703710977415913 0.12940254215864097 0.08483531397740209 0.1051223536086871 0.14427417760075342 0.11646228794277687
0.08679654787113775 0.107055635062102 0.1533856846497326 0.1338195438276275 0.08488868857396423 0.18270588726093562 0.09076456016134735 0.16058345259315301
0.10608034563489595 0.07114900187390989 0.2575394325099431 0.12717313803789676 0.08282257425202089 0.09899112507766084 0.1417885583795655 0.1144558242341071
0.10672066777502873 0.06505170091714703 0.31083788420770625 0.12042751593254507 0.07833640467895808 0.07597336901259123 0.13426769313673306 0.10838476433929056
0.10412139075107354 0.06272965032124926 0.3366430091893905 0.11675441792957485 0.07551215312775651 0.0689879395691253 0.13017246297521254 0.10507897613661737
0.08488572570790383 0.11244139093452145 0.18142207729131435 0.1310553117611415 0.08217854299017362 0.161860887485323 0.0888896897162525 0.15726637411336977
0.08007079656302421 0.11858413009415722 0.13057631172495346 0.1317148212142061 0.08315483782790264 0.2085043079473343 0.08933700917137456 0.1580577854570473
0.10552037027225636 0.07268954218814183 0.2451428581818386 0.12846045347907087 0.08341165713590147 0.10593689158346901 0.14322381902815812 0.11561440813116378
0.12651112213088886 0.07693066648081368 0.2235007690017904 0.08888058611585135 0.12343347021747784 0.12195972186133848 0.13212696085281783 0.10665670333902162
0.09050749882322442 0.11347815897918644 0.14414521407675707 0.13033117349086623 0.08860726552246992 0.1881347458550862 0.08839853506337016 0.1563974081890395
0.142011299351349 0.09411536048084873 0.2068755611435703 0.10442764147866498 0.10956582463629692 0.13259040843733308 0.11642902714113842 0.09398487733079848
0.12004270988768323 0.06687103265603464 0.2824337093221804 0.1206379306475066 0.08242407662708287 0.08451411343543164 0.1345022898413245 0.10857413758275594
0.11020865099369191 0.06347353912325547 0.3222571376102526 0.11791216237452086 0.07680772723282316 0.07175657489589898 0.13146326163248817 0.10612094613706878
0.08717820889826947 0.11255103109714701 0.17682926341841915 0.13108310201851456 0.0823795668631705 0.16377056652187807 0.08890853876038377 0.15729972242221743
0.10515324194256215 0.07631802420954915 0.26893976573410167 0.12439044453592187 0.08086791887267446 0.09369314183430354 0.13868606278855763 0.11195140008232968
0.10628518459899626 0.06860737357383895 0.3158352749590255 0.1187080756253366 0.07710716279953367 0.07426901486982965 0.13235064551063647 0.10683726806280296
0.12426013125795086 0.07866802997020197 0.2522939970897375 0.08611269959737135 0.1187461130771112 0.10857147785050997 0.12801231164027144 0.10333523951684562
0.11198157540161938 0.06845852047046133 0.30572845066060694 0.11764072653473122 0.0818006920473003 0.0773527500764942 0.13116063092752867 0.10587665388125811
0.10629649037786268 0.06616127403725519 0.33337600174137216 0.11590132346056845 0.0755489879253048 0.06918340503708838 0.12922132630603675 0.1043111911145116
0.1032780122317959 0.06501981875778076 0.3468108009406372 0.11430369226246985 0.07373694550405109 0.06653732052067683 0.12744008674636562 0.10287332303622285
0.09644053748283633 0.13390135428359265 0.20931548407206266 0.14736873058241273 0.06920667432575113 0.13616952921551087 0.07496583251366214 0.13263185752417145
0.10630455665458888 0.07754465724201386 0.2854447902476627 0.12184294899684116 0.07750195979017557 0.08585663759747078 0.13584579537409003 0.10965865409715701
0.12534694025433793 0.08068478796139036 0.23973432015281748 0.08700550020402616 0.11993428680210272 0.11354804467421035 0.12933951970628366 0.10440660024483138
0.11312307284771629 0.06913310875527126 0.2993451927551256 0.11841510849806845 0.08246148826451824 0.07892442220408762 0.13202400902695094 0.10657359764826162
0.10709386101544786 0.06645097326924407 0.33024803833633415 0.1162872470967709 0.07587353940015404 0.06973621613482403 0.1296516023601311 0.1046585223870938
0.10379020275094153 0.06514791545052058 0.3452889304236563 0.11447634441319178 0.07388554187875576 0.06674977410112985 0.12763258100993172 0.1030287099718726
0.08501271827332844 0.11773850295216952 0.1835081799807741 0.12955195065143266 0.08113979319599628 0.15971649546186886 0.08787001870271086 0.15546234078171917
0.136926012850091 0.10073002394839607 0.2239839358806249 0.10158253808207905 0.11049517799083919 0.1216010777990047 0.1132569491750941 0.09142428427387113
0.1353902896017684 0.08272517719499761 0.20988797514645025 0.08529626333369478 0.1328595862028933 0.12468656822071722 0.12679862429904476 0.1023555160004337
0.13509165746099458 0.08034364207850926 0.20360095625952707 0.08556586770935855 0.13951583555998603 0.12600359036916875 0.12719940931122553 0.10267904125123026
0.11740271165245268 0.06958896042865155 0.27918697686651384 0.11910695129764293 0.09223749992057996 0.08248528154786355 0.1327953621184168 0.10719625616787863
0.10907371625166058 0.06679922715081979 0.3196442608135647 0.11674220168374015 0.08164388314749159 0.07086988666458996 0.130158842772767 0.10506798151536616
0.10462812858749551 0.0652242781869303 0.339663168742191 0.11447252169434165 0.07829088474071069 0.06706742955973197 0.12762831896369137 0.1030252695249075
0.12237947902962981 0.07700939838149735 0.26115525486010355 0.08466721124305336 0.1227029823196588 0.10462152455785424 0.12586349611653902 0.10160065349166401
0.11063354665212402 0.06745507334204838 0.30932635573199796 0.1160458205004317 0.08697565913921923 0.07573987646166713 0.12938242972212308 0.10444123845038852
0.10551155867403754 0.0655540868194316 0.3345350870170897 0.11491548521776002 0.07954039066488645 0.0683972646754872 0.12812219023532345 0.10342393669598401
0.09718887438216106 0.13379666292810316 0.20491896387065892 0.14703129002715162 0.07311029909595959 0.1368315707011956 0.07479417797033366 0.13232816102443648
0.09368580014873386 0.06806004938936965 0.2484537146452264 0.10682614596922257 0.09522549528120551 0.10075317852952469 0.15880424087365025 0.12819137516306708
0.10387298891157853 0.06827877363015163 0.30559161381985206 0.11993891615568923 0.08410020373417741 0.07654953836022216 0.13372294084820877 0.10794502454012032
0.10387618010198314 0.0660142307976962 0.33314419601472306 0.11563472842109132 0.07943261584557987 0.06890270050777222 0.12892409273217195 0.10407125557898218
0.12236474227108672 0.07731421341676298 0.25851037355990397 0.08490305042709757 0.12331351111291285 0.10549636179615292 0.12621408690356595 0.1018836605125171
0.11041573544006185 0.06725441981015802 0.30741815727510535 0.11552153446371038 0.09086177165336162 0.075761110423261 0.12879788991700247 0.10396938101733935
0.124687913985318 0.07739008977162516 0.2466966325646172 0.08476010749177493 0.13096653047330822 0.1077850040936626 0.12600159262956392 0.10171212899012992
0.1113865465877965 0.06733253638224287 0.3007874517032987 0.11555820214513024 0.09567168795060897 0.07642242165491424 0.12883877164539145 0.10400238193061721
0.10562484426302543 0.06533416533499282 0.32955353465183523 0.11442447032404271 0.08609560647898228 0.06841061038375193 0.1275747452717312 0.10298202329163844
0.08504100848165654 0.1167733585133461 0.17806683336223716 0.12824048144725692 0.09156022201003555 0.1594490179888809 0.08698050045987861 0.1538885777367083
0.10319595721977824 0.08049299207421641 0.26725091035841025 0.12175308497613356 0.09022898339290288 0.0917546918027671 0.1357456036972713 0.10957777647852021
0.10476853224395773 0.0713425192116391 0.31321998559766223 0.11655471747741414 0.08626202535757493 0.07300316250800702 0.12994981187407217 0.1048992457296727
0.09641249197097343 0.14000188122476803 0.19649665772658725 0.14572428963826353 0.07808493398698864 0.13799857222286535 0.07412931255511668 0.13115186067443715
0.10575669292162244 0.08346949692980826 0.27657771609704934 0.12018973742246085 0.08595055342455267 0.0858824516816377 0.13400258784265412 0.10817076368021476
0.10508757712750158 0.07146521076699504 0.3177929965684965 0.11591562169636767 0.08483517228378534 0.0713420942582025 0.12923726777192035 0.10432405952673089
0.08460838728393316 0.12274712350264393 0.17377774345136265 0.12770160239186398 0.0909000218506639 0.1604081987661183 0.08661499988317731 0.15324192287023675
0.078214895995961 0.13555232935744752 0.12548286309984563 0.12649145892327748 0.0926202179350523 0.20405427705860785 0.08579420692187516 0.15178975070793296
0.0753808464015563 0.14359583435882226 0.10875957740065163 0.12421094420257095 0.0915668133040539 0.22318542826490737 0.08424742302435248 0.14905313304308512
0.10239422302777332 0.09149474452615801 0.2273788972042988 0.12418942333285503 0.09491923173818345 0.10939106002244138 0.13846193914872046 0.11177048099956954
0.10597198155002174 0.07680988038876992 0.2922261734260773 0.11803838282312254 0.09109156622173327 0.07802348303622232 0.13160398801324258 0.10623454454081029
0.10388518957254873 0.07161445500545345 0.32480181530817875 0.11400576919191772 0.08729767493063291 0.06868197896277753 0.12710792475576496 0.10260519227272595
0.10165483803676761 0.06948158208429035 0.34072710005939494 0.11198907121153823 0.08495704652558363 0.06554074098454957 0.12485945700749111 0.1007901640903844
0.10021739937467784 0.06853799153638505 0.3484379200427379 0.11102926519155584 0.0837141007989921 0.06434763946072544 0.12378934492252569 0.09992633867240026
0.13382348872099298 0.0916709757570391 0.29625986691015577 0.09302301686531067 0.11184527958637523 0.08594293519270924 0.10371372178863741 0.0837207151787796
0.11066408733758072 0.07273422177566649 0.324111589853982 0.11034574844297161 0.09087216652085062 0.06893373771370725 0.12302727475656684 0.09931117359867445
0.08532531126645576 0.12550090303409214 0.17515631499114 0.1258961808330413 0.09412333509871541 0.1575320846901474 0.08539045308675844 0.15107541699964952
0.11709907830495671 0.0972072429509817 0.18847320763584094 0.08589711315204235 0.14226272247917487 0.13829227178494932 0.12769182790960326 0.10307653578245082
0.12598048405405685 0.0883997169379388 0.19079059038282173 0.08303300736633235 0.16020594082010975 0.12851650930531053 0.12343414229383137 0.09963960883959881
0.08765415659486532 0.12826805524703933 0.13016531536383177 0.12305599355686923 0.11390043935056399 0.18582478242349318 0.08346406519509392 0.14766719226824307
0.105089794966034 0.08715537304120302 0.23866147176127686 0.12227688759555365 0.10127936682250716 0.09915830244925009 0.13632960452817697 0.11004919883599829
0.10605203213337067 0.07535836045432408 0.29759183848604576 0.11693653860032417 0.09332068456821066 0.07512214708542966 0.13037551393200322 0.10524288474029175
0.08436404990173277 0.12686625381413563 0.1666840104562277 0.1266079222070541 0.09632040406462572 0.16135465349775732 0.0858731994100019 0.1519295066484649
0.10271884747497043 0.08580065941485303 0.2597205517106683 0.12094103918504893 0.09498561765196566 0.09214611605530532 0.1348402332406441 0.10884693526654404
0.1043564375030422 0.07440975023442851 0.308480376528265 0.11580068513584132 0.09075175894283821 0.07287125294903891 0.12910912208428876 0.10422061662225719
0.10247952155768221 0.07047944183610542 0.332619474221232 0.11277590347452605 0.087502545932385 0.0669080835890988 0.12573671626189695 0.10149831312707346
0.10074339927850084 0.06889917032688617 0.34436070826683474 0.11129979611864384 0.08562345177925866 0.06481269100574262 0.12409096671735363 0.10016981650677946
0.09966305853998932 0.06820782559873402 0.3500384641875045 0.11060165499002053 0.08464741473821917 0.06398750099549119 0.12331259145902289 0.09954148949101847
0.09907266095723215 0.06789169137438132 0.35277889251881134 0.11027118875557795 0.08416306240233126 0.06363428784236706 0.12294414626927869 0.09924406988002014
0.09876826974550285 0.0677436590231707 0.3541008839936274 0.11011382281556922 0.0839273274691415 0.06347490142908024 0.12276869498989583 0.0991024405340123
0.09861589337354726 0.0676734270210267 0.3547385678018763 0.11003850746233507 0.083813478155584 0.06340074547794063 0.12268472399158849 0.09903465671610154
0.1327168028191648 0.09109876006870964 0.29886470422290107 0.09259588964879334 0.1128078607523764 0.08534217498675468 0.103237506817386 0.083336300683914
0.11006087964457341 0.07241555993453089 0.3252184847141386 0.10993316872936251 0.09225447753682998 0.06861029841871476 0.12256727916542356 0.09893985185642626
0.08507425166748453 0.12519248684297424 0.17543525829401496 0.12562333734211065 0.09559589834867693 0.1571253686708614 0.08520539402334461 0.15074800481053274
0.10247612975969062 0.0850739408011236 0.264367152345586 0.1202961886529425 0.09434206029019357 0.09105668534229593 0.13412127302051946 0.10826656978764825
0.10403125194707251 0.07408129482045449 0.3108005499895721 0.1154658153356233 0.09035390810256226 0.07261217875532508 0.12873576724732927 0.10391923380206097
0.10225484233879804 0.07032376982789819 0.3337472484523379 0.11260506524781877 0.08728524014123802 0.06689303088063256 0.12554624438823975 0.1013445587230369
0.10061041440929284 0.06882045452731572 0.3448993274516294 0.11120679801850153 0.08550780235027644 0.06488180425048115 0.12398728077585171 0.10008611821665138
0.09958665650644964 0.06816411490763837 0.3502903249651927 0.110545085756225 0.08458361475680869 0.06409010494215774 0.12324952098492548 0.09949057718060252
0.09902696751635703 0.0678641906686882 0.35289207803123895 0.11023177417888046 0.08412466586363908 0.06375152502255657 0.12290020195764731 0.09920859676099242
0.11781033682971058 0.08080510508160998 0.2640958046973766 0.08209111907859512 0.13347640469973396 0.10117792462570323 0.12203396209295632 0.09850934289431415
0.1417304201697578 0.09492791861449384 0.25435508687939334 0.09283711024590952 0.13171710578101295 0.09737250930648053 0.10350644978163345 0.08355339922131856
0.11479347486308888 0.07437955119206899 0.3019670838862289 0.11181279491017793 0.09907198867740678 0.07268066896544627 0.12466292208642225 0.10063151541916013
0.12440934079626238 0.08283228899726543 0.24197787468211024 0.08273074766735414 0.14076640984164696 0.10502162786426018 0.12298481295027572 0.09927689720082497
0.11034085906173033 0.0728835979600839 0.2964258808279271 0.11344845925276535 0.10307749679148444 0.07523352701461608 0.12648656576390405 0.10210361332748881
0.10454836427719237 0.07027541511222547 0.3260734508972643 0.11280312346118244 0.09134541725335482 0.06766435336804004 0.1257670645156765 0.1015228111150642
0.10157748402182455 0.0689825707068133 0.3410075855594663 0.11147964821806557 0.08711432812981189 0.06521521158134903 0.12429148838641041 0.100331683396259
0.11898458416262575 0.0812324814292279 0.25900156883798314 0.08229926952221177 0.1354711408389851 0.10190844007466626 0.12234339170764615 0.09875912342665412
0.14230780005754998 0.09508558172355873 0.25182421615229633 0.09287721625660689 0.13311855119941138 0.09764597498905551 0.10355116499057512 0.08358949463094617
0.115049073153015 0.07444602151732974 0.30055244623762045 0.11184510269362102 0.09996600432097916 0.0727818167992429 0.1246989428539327 0.10066059242425893
0.12446225101950646 0.08281192243977989 0.24127326509534253 0.08268605824043866 0.14160972030031083 0.10501513390045815 0.12291837911563716 0.0992232698885264
0.1271898772528353 0.08399296708280486 0.21319602736870305 0.08171595329859944 0.1587632987325597 0.11560647934288708 0.1214762529632911 0.09805914395831933
0.12822844891051421 0.08424811672177877 0.2002639872739444 0.08166444217689531 0.16682654785916814 0.11937144822424887 0.12139967822117571 0.09799733061227436
0.08822884623919514 0.12675513917421188 0.13325547509925864 0.12278513374446746 0.11687005494705084 0.18148283871925106 0.08328035158320402 0.14734216049336094
0.07778608021320903 0.14063814769123364 0.11119101999005755 0.12363803889099975 0.10130867227654604 0.2132135504992066 0.08385884376954766 0.14836564666919969
0.10273760485791808 0.09050127284764029 0.2280618581218258 0.1234112765182372 0.09928796253953358 0.10733551272735217 0.13759436352107937 0.11107014886641349
0.093111784563815 0.06720844729030898 0.25712537054977413 0.1034071905492848 0.11019941488055704 0.0911374294965396 0.1537217340105786 0.12408862865914176
0.08130074092022034 0.12464999664303343 0.153721983052367 0.1274751706259483 0.10240857131558487 0.17101191261497786 0.08646142007673016 0.15297020475113796
0.07647000846992416 0.14065916203654283 0.11804942379744511 0.12450474652544506 0.09782736626410482 0.20863689943265865 0.08444669764334535 0.14940569583053406
0.11421712894046199 0.10105110367230942 0.16237993717751564 0.08613944931029457 0.14640780861985578 0.15838515622205487 0.12805207688515435 0.1033673391723535
0.08406905942307591 0.13164397244237747 0.12023497078600319 0.12236559560103695 0.11038667848125001 0.20146521326778707 0.08299579527722506 0.14683871472124432
0.13455439124746194 0.11378092601472099 0.1878657730817927 0.0988571158879066 0.1311948735842282 0.13455720906646584 0.11021830681830781 0.08897140429911593
0.13181739992581196 0.09155307398079597 0.18970328446006207 0.08221474531467184 0.15638501101712005 0.1274510501277928 0.12221774079613902 0.0986576943776062
0.13034196260095177 0.08621494661618248 0.1899086325260864 0.08192342924780223 0.16706135748466117 0.12445687653022028 0.12178467989673286 0.09830811509736266
0.11433169987165616 0.0748686514594118 0.26782842028512543 0.11540529181073585 0.11352109488650278 0.08151179102314492 0.1286682880337607 0.10386476262966227
0.10699158980837688 0.0714661910227125 0.31142031673705356 0.11414849064751852 0.095902358964251 0.07007036270941609 0.127267048527905 0.10273364158276667
0.08441923311163153 0.1251399319621963 0.1710611827681777 0.12601197278293305 0.0977459566503608 0.15893836514980028 0.08546899023538068 0.15121436733951962
0.07699466856641023 0.14477808638960066 0.12319542412852626 0.12381586307189717 0.09623065435221113 0.2024268128519652 0.08397945495311288 0.1485790356862766
0.10166003843984245 0.09380546692667728 0.23446590852606045 0.12222683995320223 0.0972334988189281 0.10433028623555372 0.13627380514185383 0.110004155957882
0.12155980629826309 0.09097354131140827 0.21373016853633933 0.08448337275038974 0.14375219793003277 0.11853065802326605 0.1255902078498331 0.1013800473004677
0.11060014843807373 0.07716173840710512 0.2812795473204098 0.11459816420526797 0.10595640769337021 0.07949724516396454 0.1277684009870674 0.10313834778474115
0.10511591130357723 0.07296353793588578 0.3182057143276375 0.11322616885555567 0.09321569851234549 0.06913068853514748 0.12623872855985085 0.10190355197000009
0.10188842701806176 0.07101203526233961 0.3368844353941802 0.11149128585581433 0.08829660101850619 0.06578059469684507 0.12430446348401986 0.1003421572702329
0.1000750064445817 0.07001674917214092 0.3460851410921081 0.11049068668203658 0.08621468351929783 0.06448724499916432 0.1231888700768378 0.09944161801383293
0.09911087661651607 0.0695152877378758 0.3505710111921918 0.10998300326761108 0.08528416271071124 0.06392811457766875 0.12262284095657533 0.09898470294084998
0.09861693982086432 0.06926744109363515 0.3527489849706301 0.10973409661273809 0.08485480622714314 0.06367171571200939 0.12234532861151544 0.09876068695146427
0.09836955452330529 0.06914636316210201 0.3538045770751537 0.10961326370599177 0.0846529175823421 0.06355077767783801 0.1222106089378744 0.0986519373353926
0.09824732220576796 0.06908755082545158 0.3543158117928734 0.1095547648277959 0.08455690101278615 0.06349297393603488 0.12214538705427393 0.09859928834501631
0.09818741573771135 0.06905905357438392 0.35456333397314893 0.10952646078497962 0.08451091960545866 0.06346517145906007 0.12211383015877578 0.09857381470648165
0.09815819808194827 0.06904525814498345 0.3546831618009898 0.1095127662546809 0.08448880655203225 0.06345175775667986 0.12209856177947256 0.09856148962921282
0.09293749029904907 0.14328702481100436 0.20995143239664027 0.14204746604947374 0.07999661283829795 0.13167832577931943 0.07225892838168882 0.12784271944452638
0.10281460637750907 0.08982450170762121 0.281852309594995 0.11712083003552565 0.08868797100869481 0.08371004911452046 0.1305809851291607 0.10540874703197307
0.08297235844340575 0.13405821776095486 0.1607182211996954 0.12558195313489667 0.09518915086037251 0.1656044301038255 0.08517732473497339 0.15069834376187596
0.10207082373823802 0.08996196144183206 0.25568143952879296 0.12038811482911366 0.09546600129719149 0.09385859197184172 0.1342237638467879 0.10834930334620228
0.10401177200720517 0.07690688216647593 0.3059701221640148 0.11538582726148199 0.09167477045643474 0.07355679489513284 0.12864658651392094 0.10384724453533378
0.10220103738807235 0.07233012786837599 0.3310258604590595 0.11235753861952327 0.0884617557623255 0.06723162447524579 0.12527027066982668 0.10112178475757094
0.10045736108318075 0.0705025197639815 0.3432688927522207 0.11086063022075733 0.08652855131750489 0.0650061481488885 0.12360132951478466 0.09977456719868161
0.09935779319059708 0.06971088151794862 0.3492119452838433 0.11014777682021844 0.0855012510217712 0.06413080185622586 0.12280655117119878 0.0991329991381966
0.08206214818696671 0.12631009645647162 0.18286471940031745 0.12499732622720079 0.09416092035194662 0.1548272027242675 0.08478079518018836 0.14999679147264092
0.07616055395272223 0.14782694210160865 0.12658398595033704 0.12323066486077051 0.09496692107055668 0.19977159632551417 0.0835825379055661 0.14787679783292462
0.1304852305803055 0.12453711005849274 0.1905598989784046 0.0981920045660425 0.12477173662227237 0.13360445775544152 0.10947675732960262 0.08837280410943825
0.11420304487042034 0.0867809582378789 0.26804083409969176 0.11488358799400736 0.10104950291439353 0.08356021547777241 0.12808662721122907 0.10339522919460663
0.1414238953847639 0.10143116868203235 0.25780800762003586 0.09414566812602376 0.12225504337609623 0.09323972133323886 0.10496539416438767 0.08473110131342138
0.11424724934224822 0.07880601714106185 0.3033510717888123 0.11102079814420267 0.09723908679982662 0.07163715365746981 0.1237799047965961 0.09991871832978241
0.0857023794951037 0.1314192710440881 0.16776422010075284 0.12472136434275223 0.09757743396205978 0.1585560728114651 0.08459362103247542 0.14966563721130266
0.10238838435633979 0.09081623216029111 0.2590911393120365 0.11951277057437198 0.09566690490511603 0.09171525484796071 0.13324782032694904 0.10756149351693478
0.08271008400233874 0.1364275318789469 0.15314253824804683 0.1253999842299841 0.09718375001631693 0.16960222820109203 0.08505390234729358 0.15047998107598093
0.13241939820694 0.12194044133147267 0.20361275954501 0.09751041585230034 0.12478751783529655 0.12325325618330076 0.10871683677860948 0.0877593742670703
0.1140477080885764 0.08676590857745406 0.27485864285201395 0.11391325410372637 0.10036230868031988 0.08052547166801291 0.1270047773365427 0.10252192869335375
0.10626024966241751 0.07705219285177091 0.31462949617153135 0.11309651665244842 0.09170458310105795 0.06937592054464661 0.12609417602892384 0.10178686498720357
0.0953296453089208 0.15047122870043864 0.19521012620988942 0.142211809709382 0.0819555990813232 0.1344884329646558 0.0723425292869465 0.12799062873844377
0.07914497702601313 0.15923372493884888 0.13014982845480777 0.12231592953649643 0.09094445623216975 0.1884698596387666 0.08296210872910194 0.1467791154437957
0.10163059414931169 0.10044732568598118 0.23763095798311046 0.12102724453203696 0.09503305439879862 0.10036995740262683 0.1349363457693009 0.10892452007883326
0.09416072156218439 0.16197561253593326 0.16693860031613264 0.1431423455615263 0.0830136735325856 0.14912504665713996 0.07281588882912425 0.12882811100537364
0.10477055786818898 0.09935797557502139 0.25783874700037607 0.11870566677778725 0.09095340271584329 0.08919059013739089 0.1323479598253837 0.10683510010000853
0.0831314097433885 0.14116882209766232 0.15250415645891924 0.12500675149821017 0.09553448574000895 0.16785908469125962 0.08478718797269907 0.1500081017978522
0.10211185624035518 0.09508317295441605 0.25046652409436 0.12012347955357616 0.09560815941406443 0.094566960881545 0.13392871526346475 0.10811113159821856
0.08247359667921572 0.13943668113974358 0.15012640778961292 0.12511728142737416 0.09697569167802594 0.17086744747461194 0.08486215609856682 0.150140737712849
0.08737537849056325 0.17789596692807555 0.13338679501999112 0.14110900937280996 0.0823565543146106 0.17909664788790422 0.07178153955051637 0.12699810843552894
0.10393571120817063 0.10474932974967512 0.2388755652818621 0.1202729268216109 0.09200898953281268 0.09781650545187642 0.1340953378145423 0.1082456341394498
0.12197422788755019 0.0962497966110132 0.21535716406169633 0.08397446536801133 0.14101426057212513 0.1158270442124091 0.12483368284558101 0.1007693584416136
0.08612214859814339 0.13741431999303738 0.13735272328221687 0.12182807055262157 0.10914044387460779 0.17931739596575336 0.08263121307047377 0.1461936846631459
0.07635257081457407 0.1528751774654134 0.11130600522249837 0.12167014820224355 0.09845645709082355 0.21081136284197224 0.08252410051978258 0.14600417784269226
0.07326552526385513 0.1576791744215604 0.10230499981939205 0.12058778139824282 0.09441962559974387 0.22524758234920184 0.08178997347011252 0.14470533767789134
0.10076395891885616 0.10122278264680791 0.2213614045661559 0.12228614274417347 0.09718027134439153 0.11078798798165355 0.13633992332820535 0.11005752846975612
0.10496617207394639 0.08279344838406394 0.2879068107435281 0.11687189982600418 0.09341824450444305 0.07855526810218501 0.13030344652242554 0.10518470984340376
0.08338891495174906 0.1346067781833684 0.16261184206238546 0.12515862110664638 0.09652047249579661 0.16263283068670073 0.08489019518537756 0.15019034532797565
0.10176279003669021 0.09305883675786593 0.25611582356567736 0.11960700578441147 0.09550328249385301 0.09295307060186694 0.13335288555366473 0.10764630520597032
0.12071202256811905 0.09265280536249725 0.22264298304883817 0.08361626681212692 0.1420522763095623 0.11368292909015701 0.12430119663414689 0.1003395201745523
0.1255985887541101 0.09077344008889786 0.20448494841163214 0.08133798794751274 0.16024941988162084 0.11903564729604273 0.12091438208316817 0.09760558553701527
0.11175652308149492 0.07912307533732779 0.27524777106952225 0.11393540048972267 0.11080036226395402 0.07956553841301468 0.12702946890421316 0.10254186044075041
0.10547869554003277 0.07520445502160987 0.314746034644915 0.11302122031565302 0.09465331472498323 0.06916695523619171 0.12601022623252658 0.10171909828408773
0.10194753630778075 0.07316354780200124 0.3349236580999194 0.11127787818749993 0.08869896375251143 0.06577179562174267 0.12406652985979469 0.10015009036874993
0.09998804388925173 0.07205415981619813 0.34491913419759446 0.11022773532339906 0.08627672584343839 0.0644335402038663 0.12289569893519268 0.09920496179105917
0.13285054660463508 0.09596523678104073 0.2935409303688108 0.09204269949273576 0.11442294136170013 0.08571847477138611 0.10262074107622926 0.08283842954346217
0.10979432471388628 0.07724318664146237 0.32177264409975265 0.1090632408252736 0.09353717645859971 0.06883513604592181 0.12159737447235729 0.09815691674274625
0.10272592248969709 0.07318694057129947 0.3380334409599807 0.11041367706918813 0.08787409429741243 0.06529060514465483 0.12310301010549783 0.09937230936226932
0.08269200117609618 0.13028383370781216 0.17892742566560885 0.12451395277479146 0.09464818775372383 0.15506491371018535 0.08445294188203248 0.14941674332974975
0.0883299795048162 0.08003774962153941 0.23228751871130518 0.1040203211849128 0.11013811253993065 0.10572873913474477 0.15463319388085545 0.12482438542189536
0.11666976826481824 0.08982030613331642 0.21272104648069465 0.08459629304387674 0.1497238907581919 0.11919507221614963 0.12575807145030035 0.1015155516526521
0.10885916807532116 0.07895260772410118 0.28044581924593265 0.11424364047840466 0.1076830512981028 0.0796233032589639 0.12737313348860935 0.10281927643056418
0.10440344356145606 0.07505551442375848 0.3175350253013618 0.11287227804223973 0.09362488336693932 0.06907963835346306 0.12584416671276577 0.10158505023801577
0.10150348325018885 0.07304993009790035 0.33633786034137914 0.11115077881633051 0.08831640647569224 0.06568101653784314 0.12392482354596848 0.10003570093469745
0.08241540064918283 0.13029895513401485 0.17839911424947077 0.12462017165789714 0.09483233365634694 0.15536483266955897 0.08452498599405198 0.14954420598947657
0.11475907935699006 0.10408327549192928 0.18853787603917047 0.08454402138047565 0.1433065519988181 0.1376360039641743 0.12568036611187125 0.10145282565657078
0.10937338691862805 0.08328748520203878 0.2674198958795202 0.11546463513973045 0.10690835638372953 0.08489361743361235 0.12873445141698306 0.10391817162575741
0.08433339551708263 0.13450073626542275 0.15582238427225847 0.12479160716611112 0.10044330998295008 0.16571737420591415 0.08464126399092754 0.14974992859933334
0.11575474487483084 0.10550547262439687 0.17834551740333549 0.08475507278331874 0.14618296117919755 0.1417560355976463 0.12599410819729176 0.1017060873399825
0.11015872568319365 0.08398654735494185 0.26176880462659713 0.11596469127863682 0.10820914778794269 0.08625188442367326 0.12929197669424133 0.10436822215077313
0.10569834184968724 0.07690252985043888 0.3080754835537551 0.11394085781333092 0.09456776225684667 0.07123269923116993 0.12703555341277342 0.10254677203199783
0.09523839844923226 0.15053015073042614 0.19290301595557352 0.1423783307359898 0.08278890127588656 0.1355934673813234 0.07242723780917742 0.1281404976623908
0.10383970493786247 0.09639328213427635 0.271879990393589 0.1171077114278438 0.08977201084897451 0.08504400111179848 0.130566358860596 0.10539694028505942
0.103426467701337 0.08027878013853126 0.31366247200113234 0.11369858987665418 0.08905898499396182 0.07078053165631894 0.1267654427430756 0.10232873088898875
0.08286430193613296 0.1342086923000623 0.1708681108716936 0.12469167563393695 0.0950215236244652 0.15814220052996658 0.0845734843430181 0.14963001076072435
0.13171280296538007 0.12173949026799319 0.21207672335112876 0.09684775901789787 0.12325862318796725 0.11922359423327135 0.1079780238602533 0.08716298311610807
0.08784695530704988 0.14806414245147137 0.13532497517409622 0.12028766086252625 0.10283837874417347 0.17970628097106825 0.08158641345458302 0.1443451930350315
0.11678155930500822 0.11026996246099173 0.1684114536496559 0.08432891154287199 0.14693700980010255 0.1467158184993255 0.12536059089059778 0.10119469385144639
0.1108426232112198 0.08617045773760121 0.25603605084972986 0.11623066040724853 0.10878558535764932 0.08773851564582662 0.12958851242420094 0.10460759436652366
0.10611631563170494 0.07812675908383837 0.3050377618430613 0.11412920909821846 0.09491213073256292 0.07171598438286034 0.127245551039357 0.1027162881883966
