0.125 0.125 0.125 0.125 0.125 0.125 0.125 0.125
0.07575757575757576 0.12626262626262627 0.09090909090909091 0.15151515151515152 0.0946969696969697 0.15782828282828282 0.11363636363636365 0.1893939393939394
0.07408784041121591 0.12347973401869318 0.08890540849345908 0.14817568082243182 0.09260980051401987 0.1763901740953166 0.11113176061682387 0.18521960102803975
0.07251908097957564 0.12086513496595942 0.08702289717549078 0.14503816195915128 0.09064885122446954 0.1938295497770508 0.10877862146936347 0.18129770244893909
0.07161960182417125 0.11936600304028541 0.0859435221890055 0.1432392036483425 0.09709870180917529 0.19625456019233511 0.10742940273625688 0.1790490045604281
0.07106825301317729 0.11844708835529547 0.08528190361581274 0.14213650602635458 0.1030042583826485 0.19578897855400235 0.10660237951976594 0.17767063253294318
0.07010036490996739 0.1168339415166123 0.08412043789196087 0.14020072981993478 0.10262260404843646 0.20572046217321868 0.10515054736495108 0.17525091227491846
0.06939426972646984 0.11565711621078305 0.08327312367176379 0.13878853945293967 0.1016545492083741 0.21365532282379038 0.10409140458970476 0.17348567431617454
0.05787753955503675 0.09646256592506126 0.05208978559953308 0.08681630933255514 0.1355622992965957 0.2933793104270417 0.10417957119906616 0.1736326186651103
0.11178451178451178 0.09023569023569022 0.1397306397306397 0.1127946127946128 0.13414141414141414 0.10828282828282829 0.16767676767676765 0.13535353535353534
0.09606333269879934 0.07564987450030448 0.19212666539759868 0.15129974900060897 0.10220285273863455 0.08326013875279602 0.16749504162867576 0.13190234528258218
0.0711497529419962 0.11858292156999367 0.10097327425521485 0.1422995058839924 0.10399767753041424 0.17839785605040367 0.1067246294129943 0.17787438235499048
0.06884078540110182 0.11473464233516971 0.09073432089106952 0.13768157080220364 0.10513645257155838 0.2075090863944898 0.10326117810165275 0.17210196350275456
0.06795700164596025 0.11326166940993374 0.08883690323206328 0.1359140032919205 0.10620826165147342 0.215994154184808 0.10193550246894037 0.16989250411490062
0.06352689098810854 0.1123937302097305 0.05538241778450488 0.0979842776187394 0.13919183217296704 0.224787460419461 0.11076483556900976 0.1959685552374788
0.0946205064388383 0.07638040881207428 0.1892410128776766 0.15276081762414856 0.09613884770342042 0.0830567590921992 0.17031691158990894 0.13748473586173374
0.09315536559121596 0.07335985040308257 0.220037786941487 0.14671970080616514 0.099263399551433 0.07712967394732659 0.16242474000519705 0.1279094827540927
0.06967996073957193 0.11613326789928655 0.11499166104826045 0.13935992147914386 0.10754463863964034 0.1735707072358092 0.1045199411093579 0.1741999018489298
0.06807349242090455 0.11345582070150757 0.09788258641169427 0.1361469848418091 0.10696858646370147 0.2051785594767649 0.1021102386313568 0.17018373105226134
0.05080873810151515 0.08989238279498836 0.06930057095247834 0.11236547849373545 0.11174079672755959 0.21413923068846433 0.1270218452537879 0.2247309569874709
0.09180851471602283 0.07229920533886798 0.20565530854465103 0.14459841067773596 0.1015166575641085 0.0979853656270092 0.16007638463306545 0.12606015289853906
0.05904383826197063 0.09840639710328437 0.07691977118992804 0.08856575739295593 0.1468845127764224 0.24676929961797972 0.1062789088715471 0.17713151478591185
0.06736683175458538 0.1191874715658049 0.09041724877698737 0.14898433945725612 0.09222198807763793 0.2019906653871428 0.10105024763187807 0.1787812073487073
0.06755291708020612 0.11258819513367688 0.09700605930309407 0.13510583416041225 0.1031398826262541 0.21439544337553196 0.1013293756203092 0.1688822927005153
0.07113019502164039 0.11097021966630265 0.09705691944207626 0.13316426359956318 0.10420617358155693 0.21714370148973444 0.09987319769967237 0.16645532949945394
0.0711872429473998 0.11066134409367655 0.09684900879938478 0.13279361291241185 0.10513320668344109 0.21778835873886224 0.09959520968430889 0.16599201614051481
0.10627515239442607 0.07804977850644257 0.14454023140352407 0.09365973420773109 0.1578991266637609 0.153835064290275 0.14866624477417634 0.11707466775966385
0.06781469136192722 0.11997983856340967 0.09649211576261538 0.1499747982042621 0.09367263781314265 0.19037412340663779 0.10172203704289082 0.17996975784511451
0.09636247808106008 0.07105568229513855 0.21866976659169066 0.1421113645902771 0.09781092992990906 0.09277469725920699 0.1573231223791427 0.12389195887357492
0.05579682343948793 0.08470733211306715 0.09371474064232672 0.10164879853568058 0.12782176625310995 0.21103438370214989 0.1219785582428167 0.20329759707136116
0.06659052239386115 0.11781400115836971 0.0907855622276711 0.14726750144796213 0.08979110902629604 0.21114451841749368 0.09988578359079171 0.17672100173755453
0.09585156810968853 0.07073166435345524 0.21939769065601766 0.14146332870691047 0.09669303210159544 0.0959299915411977 0.15660572001741815 0.12332700451371682
0.07404014835580479 0.11241821463771265 0.12661270835718427 0.13490185756525516 0.10585711461892078 0.17636624133461198 0.10117639317394138 0.16862732195656893
0.07518761574107072 0.11069309848717393 0.10575976643698945 0.1328317181846087 0.1063401947942206 0.20352416998671902 0.09962378863845653 0.16603964773076085
0.11119523218068167 0.07718440781752656 0.14983154445538283 0.09262128938103187 0.157311732781665 0.14906126200499079 0.14701791965243152 0.11577661172628982
0.05794112288364015 0.10251121740951721 0.05779297122497037 0.08936875363906628 0.13341768711972898 0.2792051928529564 0.10102554759198797 0.17873750727813256
0.0759933816804253 0.1344498291269063 0.10041996710502567 0.16806228640863288 0.07741660649970636 0.20690931702105547 0.08549255439047847 0.1512560577677696
0.11246993730853848 0.07806294099059798 0.149584542361889 0.09367552918871758 0.14931582394934984 0.1511054985424425 0.1486913161725676 0.11709441148589697
0.0740830479752977 0.11811024375590475 0.09562536855571327 0.14763780469488094 0.09177935209492703 0.19546187149636957 0.10013694579304969 0.17716536563385712
0.1007576845211331 0.07015084332160994 0.22180578468229856 0.14030168664321988 0.09653205923934419 0.09281791617141955 0.15531973450124462 0.12231429091973016
0.07909930372505092 0.11162313859513139 0.12762659484325442 0.13394776631415764 0.10544644612031732 0.174361217773773 0.10046082473561824 0.16743470789269704
0.0747817907118802 0.12166110366192583 0.10527334967439636 0.13080823058904717 0.10513844739430983 0.2007206167903463 0.09810617294178539 0.16351028823630898
0.11009612975496845 0.0860103526548596 0.14912524770936564 0.0916025890834097 0.15578087881406102 0.14748063057604238 0.14540093505303125 0.1145032363542621
0.0739681767136063 0.11817728123131661 0.09563845937834732 0.14772160153914576 0.0923332262695132 0.1947015511075885 0.10019378191350757 0.1772659218469749
0.10252403440437187 0.07760403882555196 0.22032248693497167 0.13828445187092753 0.0956322271046092 0.09199051218376408 0.15308657268576426 0.12055567599003937
0.08158501062456948 0.1190396241301689 0.12669693049419103 0.1321084160139216 0.10414022783986368 0.1722129588694422 0.0990813120104412 0.16513552001740198
0.07736193572005848 0.12216978917684931 0.10509161514315887 0.1303792900431808 0.10463110427205448 0.1996076855583363 0.09778446753238562 0.162974112553976
0.07631994434176287 0.12186124287750455 0.09998092098591645 0.1296521812955256 0.10418831799301333 0.20869302991522606 0.09723913597164421 0.16206522661940698
0.06419772526223637 0.1026812001616812 0.06252500946598898 0.08194970488012637 0.14038943297010822 0.28601787164345455 0.09833964585615164 0.16389940976025275
0.0676395832076226 0.1123538171430734 0.08441479548016993 0.14044227142884175 0.09511936673777277 0.2362429431448688 0.0952564971430405 0.16853072571461009
0.10120015256116897 0.07711823433370643 0.21536530578431357 0.13803134004080098 0.09621786423149381 0.09892572116883627 0.1528063674851358 0.12033501439454446
0.08125815911468175 0.11878915359206617 0.12561878123053635 0.1318853673576337 0.10412144611730922 0.1745563578725055 0.09891402551822528 0.16485670919704212
0.11441383541940124 0.08540438853874727 0.1553338432658203 0.09115988737062805 0.15484396871509698 0.14019598355538918 0.14469823392163184 0.11394985921328506
0.07334042514207618 0.11647575032826618 0.09503131084868073 0.14559468791033273 0.10569020409952384 0.1904028165525823 0.09875117962613872 0.17471362549239924
0.07621073938439907 0.12203287153312828 0.09851265992541736 0.13063678236401244 0.10503390825446911 0.20629947381054878 0.09797758677300934 0.16329597795501552
0.0760678682376526 0.12171619781888829 0.09856189196646982 0.12951470512776522 0.10417129922099587 0.21093862737269778 0.09713602884582392 0.16189338140970652
0.11326667874884867 0.08562994116070075 0.14682857495067142 0.0911305241976948 0.1548863158548801 0.14969318412945914 0.14465162571062667 0.1139131552471185
0.07305641298028365 0.11611966937462158 0.09407009614741665 0.145149586718277 0.1054290864157556 0.19354635939714265 0.09844928490457047 0.17417950406193236
0.10350983932056293 0.07717974065105246 0.21944277115401215 0.13770770468796198 0.09806164594579679 0.09159733764115462 0.15244808984585126 0.12005287075360788
0.08320755378020173 0.11870222205679276 0.12660282164341752 0.13174741381826732 0.10450484424507574 0.1717403168197103 0.0988105603637005 0.16468426727283417
0.06701724161707877 0.10372519557148367 0.0670464058411124 0.0830193490833867 0.14234528679342123 0.27118460402667977 0.09962321890006404 0.1660386981667734
0.06755528401102594 0.11184884288903992 0.08444646386475041 0.1398110536112999 0.10257552868810867 0.2311611958049859 0.0948283667972295 0.16777326433355985
0.10236244320980604 0.07690097843331392 0.21513463683407424 0.13766574393617945 0.09757569375064351 0.09794257668184994 0.15240163756874564 0.12001628958538721
0.08292079988450039 0.11853191633125146 0.12556203464527235 0.13159226834050883 0.10427613080874787 0.17393231330870154 0.09869420125538163 0.16449033542563601
0.07869618783542243 0.12185315610111763 0.10483551408504599 0.13005539987796683 0.10448271731897811 0.19996622502553515 0.09754154990847515 0.16256924984745855
0.07761672532268786 0.12162399714154656 0.09992368843503197 0.1293953862815617 0.1040210569952588 0.20862837326078965 0.09704653971117129 0.1617442328519521
0.07729758166373134 0.12137048041765973 0.09870202453994108 0.12914217477352138 0.10373278801169233 0.21147060104641136 0.09685663108014103 0.1614277184669017
0.07719592543229148 0.1212623358044639 0.09838131353523845 0.12905288132129342 0.10360471044311098 0.2123970708210149 0.09678966099097007 0.16131610165161675
0.09458983166090146 0.14860156350178882 0.09036902056133969 0.11862177998082422 0.12694262268182993 0.2607357786392031 0.08896633498561816 0.07117306798849453
0.08164966862261827 0.13172461613499503 0.07090180326253202 0.1148368448356367 0.11735465826456862 0.2678388568405404 0.07788933823634488 0.137804213802764
0.0958082697139803 0.07140881355585199 0.1896824146619363 0.14281762711170398 0.10258389578378811 0.10993211857452985 0.1592309961976759 0.12853586440053358
0.10506211638454999 0.07157867070287369 0.256688617269838 0.13320706159515086 0.09437962800897913 0.07548897991910337 0.14746569293398873 0.11612923318551613
0.08343625704580875 0.11791412958485123 0.1348385038850305 0.13153585292425957 0.10363082262357948 0.16557272808795157 0.09865188969319467 0.16441981615532444
0.0788794335586906 0.12193337934971392 0.10695953861222512 0.13021337929248686 0.10447022796672616 0.19711728263518366 0.09766003446936515 0.16276672411560855
0.07768981053478442 0.12170156552966263 0.10043666471970186 0.12947078760762656 0.10407489344446434 0.207684702948507 0.09710309070571993 0.1618384845095332
0.07732489665152135 0.12140385284431772 0.09883657029122285 0.12916959527581295 0.10376502658397213 0.2111608678015273 0.09687719645685972 0.16146199409476616
0.09345909779783936 0.15918110822890005 0.08940963494636271 0.11694419638576732 0.12551913234279313 0.2576121651775516 0.08770814728932548 0.0701665178314604
0.06917355701318231 0.11164811065056675 0.09152961728588654 0.13956013831320846 0.09936277038748925 0.22659545960485794 0.09465818076895877 0.1674721659758501
0.11262982539178946 0.09088503802618425 0.1438689666155374 0.09041564464993285 0.15246115681154346 0.15320291642286182 0.14351689626973466 0.11301955581241603
0.07202877697380272 0.11431776153978034 0.10140222172609824 0.14289720192472544 0.10792935565213432 0.19302645943788774 0.09692158043590074 0.17147664230967052
0.10231688996515673 0.08238320159147879 0.22114532343261123 0.13612754352133863 0.09775666339607322 0.09089629726275601 0.15069878647864918 0.11867529435193623
0.0824349615000101 0.12541689625511948 0.1263380270992288 0.13060228666538462 0.10372023380126624 0.1702830213482214 0.09795171499903847 0.16325285833173075
0.07785916573746574 0.13196648314928394 0.10410609791353406 0.12853764555189512 0.10341416327546886 0.19704115326856192 0.09640323416392135 0.1606720569398689
0.076672764212637 0.13252356333723822 0.0988096017563884 0.1277852778223836 0.1027757216624205 0.2058625155641653 0.0958389583667877 0.15973159727797948
0.07633300927105559 0.13238520822414868 0.09750175892845306 0.12752724563307502 0.10244409285659636 0.20875419382052127 0.09564543422480627 0.15940905704134375
0.07622923331863758 0.13227580221580265 0.09716411020142846 0.12744073054058755 0.10230791518611652 0.20970074745625206 0.09558054790544068 0.15930091317573444
0.09314283414758995 0.16163520406687745 0.08899664557495551 0.11681182489955284 0.12499964582484711 0.2567178818717807 0.08760886867466464 0.07008709493973171
0.06910998241560655 0.11156743848713215 0.09141952264536417 0.1394592981089152 0.10025868979262137 0.22624412601535485 0.0945897848043077 0.1673511577306982
0.07509370774962619 0.1282472824538341 0.09591488834777596 0.1275981652679247 0.1018630775573765 0.21608654808761335 0.09569862395094351 0.15949770658490586
0.06416309040504078 0.11094921075098438 0.06129007632876474 0.08066055897543442 0.13798020886090018 0.2868430659574854 0.0967926707705213 0.16132111795086884
0.055617449906741535 0.09227455973217957 0.05049400074999196 0.08044448797164373 0.14188717319693064 0.32745610522693197 0.09093724727229291 0.16088897594328747
0.09177400680070559 0.07000757419726669 0.1894282270698138 0.14001514839453338 0.10730213495738174 0.11935283345698516 0.1561064415682335 0.12601363355508005
0.10371313679836822 0.07469707412958158 0.2558086584739626 0.132330796725753 0.09492169328441613 0.07666769891896805 0.14649563170290933 0.11536530996604111
0.0720913176274411 0.10797489631409193 0.0876360080914224 0.0853329549912597 0.1438235576710365 0.2300758093327174 0.10239954598951163 0.1706659099825194
0.06803517090083935 0.11205550089176733 0.09480365290421341 0.14006937611470918 0.10439340671310982 0.2175560642946898 0.09500357684302013 0.16808325133765098
0.10154503669209992 0.08219405258078248 0.21828714605047586 0.13620970502171115 0.0971501773186463 0.09507721737268661 0.15078974263697772 0.11874692232661997
0.10191330850569949 0.1552481134650453 0.11675364651478988 0.12128756662665516 0.12825974446701 0.21279940547481566 0.09096567496999138 0.07277253997599309
0.1069244892648972 0.07810964480599909 0.15281245351143224 0.09763705600749886 0.15484182294134907 0.14736602479196084 0.14514404146786397 0.11716446720899863
0.09442250625481388 0.06866671420458433 0.22868895957583715 0.13733342840916865 0.10792123889479749 0.08625054317963797 0.1531165239129089 0.12360008556825178
0.08126137447060765 0.12289236393873731 0.12818387530906925 0.1308711336347537 0.10620718114964936 0.16884180422767536 0.09815335022606528 0.1635889170434421
0.07768737762484842 0.13150303040675218 0.10453222593812729 0.1285725531050463 0.10399684845272386 0.19656285826240918 0.09642941482878475 0.1607156913813079
0.07717064102769096 0.13237336158739865 0.09886139855005398 0.12770040331775206 0.10286242082057938 0.2056309680610207 0.09577530248831406 0.1596255041471901
0.09405493875807162 0.16173397114993707 0.08937145840468079 0.11684798213938521 0.12521032554257416 0.2550365481171811 0.08763598660453893 0.07010878928363114
0.06880057114066601 0.1108912971605199 0.09592386662087206 0.13861412145064989 0.10036606094988934 0.22505060238748661 0.09401653454913644 0.16633694574077987
0.10222613191726514 0.08192240092756534 0.21851172594296048 0.13594307279908782 0.09617537179681505 0.09621225308795267 0.15049456980607195 0.1185144737222817
0.08304210503830003 0.125106615837418 0.1256052395515939 0.1303464230553663 0.10319733041644864 0.1720094399901405 0.09775981729152475 0.1629330288192079
0.07848696000735574 0.13177845108634761 0.10386307452937206 0.1283789432382886 0.10320394668332568 0.19753073797873308 0.09628420742871646 0.16047367904786075
0.06551991245510055 0.11223564761674805 0.06275047508461652 0.0811692785316162 0.13924764381485893 0.27933535119588787 0.09740313423793945 0.1623385570632324
0.06955823486099721 0.109931241324948 0.08999163826358868 0.137414051656185 0.10249316293635684 0.2325122348036985 0.09320257416680375 0.16489686198742198
0.09720222651885396 0.06977775968313178 0.2114928884439531 0.13955551936626356 0.09885166146855665 0.10192598758721742 0.15559398950238637 0.1255999674296372
0.1049857241733476 0.07408401983644737 0.26407395582518495 0.1312678934142583 0.09250060754755884 0.07333016884906222 0.14531895404427453 0.11443867630986619
0.07686184104867975 0.11431371243374826 0.13652748123031433 0.14289214054218533 0.09664292770861548 0.16437318088765668 0.09691814749817788 0.17147056865062238
0.10294672694109716 0.08144645410116119 0.23520539759833475 0.13455776268962388 0.09433257546958185 0.08524334115830007 0.14896097456889576 0.11730676747300545
0.08325214486874853 0.12512144257994048 0.1293914153527055 0.13043643436674004 0.10288349226667433 0.16804220183171084 0.09782732577505504 0.16304554295842505
0.11650266365759322 0.09238340156630784 0.1552981014892648 0.08999981656658862 0.15301672622414056 0.13744266809487135 0.1428568516929978 0.11249977070823576
0.06635651321350192 0.09684308521107433 0.0672688719484251 0.08442730505580838 0.15450543767573446 0.266304614546838 0.09543956223700079 0.16885461011161676
0.09597550054877424 0.0690877984634062 0.20166913614553494 0.1381755969268124 0.10914833714800853 0.1075301145716476 0.15405547896168487 0.12435803723413116
0.10492156617068099 0.07413779960352503 0.2601303288957265 0.1314887243218335 0.09476003814405229 0.07436692436489199 0.1455634229366655 0.11463119556262409
0.07677798351844131 0.11417427683946568 0.13665348806095598 0.14271784604933213 0.09701899952180824 0.16459606038690344 0.09679993036389484 0.17126141525919852
0.10291410813399764 0.08141854253109312 0.23523872993788664 0.1345357532612723 0.09439817140550759 0.08527050573703716 0.1489366092269681 0.11728757976623738
0.10325074282873385 0.1551810862316646 0.12037072942479132 0.12133476554698631 0.12762502928670913 0.20843571319268317 0.09100107416023974 0.07280085932819179
0.0746377387141137 0.11110924810032524 0.10395042034545031 0.13888656012540657 0.10126479077589216 0.209286050746744 0.0942013190415801 0.16666387215048786
0.1032841499570995 0.08171861346518937 0.2217206356113432 0.13556791794973908 0.09608921031691588 0.09335279908488535 0.15007925796633712 0.11818741564849047
0.08325092335471963 0.12509722163532308 0.12634620366669275 0.13037252045241957 0.10320719794880909 0.1709808920371967 0.09777939033931468 0.16296565056552445
0.07853750861056744 0.1318010633373927 0.10404072316190066 0.12840346477942255 0.10322521105800789 0.19718509949386373 0.0963025985845669 0.16050433097427816
0.09458335790705975 0.1620085395444973 0.09061002111872836 0.1171619420579467 0.1256261163175145 0.25184140127602533 0.08787145654346003 0.07029716523476802
0.0730353758053251 0.11015005433130944 0.0968629836804724 0.13768756791413678 0.10026196583348577 0.22338888139654406 0.09338808954176235 0.16522508149696413
0.10310109509492203 0.08174672522121645 0.21875021185956808 0.13578401799806647 0.09606125867245144 0.09586239098828969 0.1503184896030691 0.11837581056241693
0.10305524343829371 0.1549257817824793 0.11674388041421269 0.12109229961609855 0.12780036407210368 0.21290782619507917 0.09081922471207392 0.07265537976965913
0.07452809797627094 0.11096467849508294 0.10306995207407767 0.13870584811885367 0.1014996472568725 0.21070600917734322 0.09407874915887468 0.1664470177426244
0.10327829224309155 0.0817159130930527 0.22134484451130684 0.13558894893547851 0.0961571220344508 0.09360658869654034 0.15010254013207228 0.11820575035400693
0.08324744210976362 0.1250932144589088 0.12626047997154366 0.1303692768277913 0.10321951974955289 0.17107151322685699 0.0977769576208435 0.16296159603473914
0.09635109415020704 0.16169595343090787 0.09571304689312242 0.11814641387571548 0.12664272059424736 0.24195311232358385 0.08860981040678662 0.0708878483254293
0.07338382888583705 0.11038374135184478 0.09812777061628195 0.13797967668980596 0.10075564761164918 0.22020750732285857 0.09358621549395535 0.16557561202776716
0.09222978780864285 0.15470080726303653 0.11764155099277444 0.15413091567083695 0.08595564757201363 0.180348423705682 0.08062232512013011 0.1343705418668835
0.060020106401155494 0.10280092877920388 0.07630902530865043 0.0957810069135611 0.11872415682058542 0.2398655536534481 0.1149372082962733 0.1915620138271222
0.07002410244409424 0.11183358208026434 0.09498935577808362 0.1397919776003304 0.10003783634328475 0.22075734434810465 0.0948154282854415 0.16775037312039648
0.10286760557013636 0.08208010533498239 0.2181628503462844 0.13602775543042556 0.09614908636222867 0.09553598038991508 0.15058831696001526 0.11858829960601204
0.08348773577364038 0.1251189927918157 0.12552730749313779 0.13031689045238126 0.10317984427821583 0.17173544830604667 0.09773766783928595 0.16289611306547658
0.06680366610026886 0.11708461957275895 0.0660350053435968 0.08146562769448637 0.13995735831761455 0.26796371434891814 0.09775875323338364 0.16293125538897274
0.06983934888807745 0.11014884138792623 0.09164325208375773 0.13768605173490778 0.10323048148505638 0.22884170116166505 0.09338706117672008 0.1652232620818893
0.11311032407985593 0.09399755625422455 0.1429898754214303 0.08965378412264893 0.1527862211512325 0.1530874149718223 0.14230759384547448 0.11206723015331115
0.07643345266050112 0.11208165549743257 0.10968959735837175 0.1401020693717907 0.10776315043045495 0.19078184003530285 0.09502575139999718 0.16812248324614884
0.10348081160582268 0.08500308811592748 0.22334273140036504 0.13471204242308354 0.0969542937083455 0.0899339964171793 0.14913176857581895 0.11744126775345744
0.0832801978258553 0.12955250065824514 0.12629585931661308 0.129648592325736 0.10296477007284767 0.16896089514923074 0.097236444244302 0.16206074040716995
0.11636622683718735 0.09718903581519421 0.1536902838636592 0.08943487126946019 0.1523732984877043 0.13719258151384225 0.14196011312612727 0.11179358908682523
0.0561761227040262 0.08199011004976148 0.08188061580670496 0.10248763756220183 0.13123319404514086 0.22540145442005463 0.11585559028770644 0.20497527512440367
0.09495398812821795 0.06962266158678666 0.2099375262436349 0.13924532317357333 0.1050194350471416 0.10065213106792333 0.15524814389650635 0.12532079085621597
0.10466180130695014 0.07603445969794392 0.2630080175689496 0.1308477621308727 0.09354591306442721 0.07297578677611373 0.14485385144321275 0.11407240801153005
0.08357197403195588 0.12736469218864757 0.13516396189600424 0.12964312840986222 0.10228535876672327 0.16268462788708232 0.09723234630739667 0.16205391051232776
0.07842779256885282 0.1379950569500262 0.1054142038206705 0.12748343502777634 0.10247751317896436 0.19323512839815707 0.09561257627083225 0.1593542937847204
0.09405113316873455 0.1706494475409177 0.09013065998554322 0.1159612838673633 0.12438619125778164 0.24827355095871895 0.08697096290052249 0.069576770320418
0.07307628642420386 0.110326192344448 0.09704720087914773 0.13790774043055998 0.10029098065674893 0.22232488680401347 0.0935374239442059 0.16548928851667197
0.10305810123141058 0.08503587121951385 0.2181141360934914 0.13513933005290468 0.09575301277744991 0.09548098016075147 0.14960479354656114 0.11781377491791689
0.08315068711540376 0.12947967420335635 0.12507013101877273 0.12957696424261445 0.10262665675787974 0.17094195817674432 0.09718272318196085 0.16197120530326803
0.07824121682606497 0.13832316308489231 0.10310552941132471 0.12730145317115568 0.10240611116109243 0.19601962000315842 0.09547608987836677 0.1591268164639446
0.11508745782461105 0.09876717342305577 0.14638219198808158 0.08943100143910973 0.1522495454247012 0.14433990756328402 0.14195397053826941 0.11178875179888716
0.0768204993317812 0.11233585048999015 0.11088630392491422 0.14041981311248766 0.10786315478901189 0.1879293380709684 0.09524126454586121 0.1685037757349852
0.10354413627318584 0.08501951295763949 0.22384886846462276 0.134684035780507 0.0969474120198444 0.08943841872690085 0.1491007640712165 0.11741685170608303
0.10309704589746917 0.16036317322585966 0.11734801968253042 0.12035716955219718 0.1274463970901017 0.2089060156563758 0.09026787716414789 0.07221430173131832
0.07461536721998657 0.11110208413624803 0.10351039635015881 0.13887760517031006 0.10160181077424599 0.20944436489872903 0.09419524524594944 0.16665312620437206
0.07648371880165533 0.1332812957380282 0.09815063530162502 0.12693024140669454 0.101817838364465 0.20947578757414287 0.09519768105502091 0.15866280175836817
0.0648281379868173 0.1169979092800252 0.06133466476916733 0.08015378270722355 0.1373987566659878 0.28279464392766357 0.09618453924866824 0.1603075654144471
0.06934862128894656 0.10969983361482341 0.09042622290062707 0.13712479201852928 0.10236820609188164 0.2334761929895197 0.09300638067343725 0.16454975042223513
0.09683759756925267 0.06951681755943134 0.21382266579670645 0.1390336351188627 0.09882594709292422 0.10182093774272617 0.15501212751312 0.1251302716069764
0.10513518118341775 0.07591658970888579 0.26447635398830294 0.13066367156175657 0.09218034525552056 0.07306588388890504 0.14465005561578256 0.11391191879742879
0.08379491414623866 0.12730270138481384 0.1354687103919262 0.12960074441379335 0.1019521164971459 0.16267932433849544 0.09720055831034503 0.1620009305172417
0.07857908975529021 0.13796383163333134 0.10546871564087018 0.12746047443743472 0.10239128991138112 0.19321564974682312 0.09559535582807603 0.1593255930467934
0.11532183210899619 0.09868402436769337 0.1471041428452264 0.0894110516359507 0.15221325667767022 0.14357957363547594 0.14192230418404872 0.11176381454493838
0.07684758780054608 0.1123317384003379 0.11115885290084959 0.1404146730004224 0.10785820854418893 0.18765355354416616 0.09523777820898215 0.16849760760050683
0.10367597331779105 0.08499981722506024 0.22392994423878898 0.13464759472763904 0.09692516489866886 0.08937600068127417 0.14906042232770783 0.11738508258306993
0.0725223418490793 0.11256013629014949 0.08238812953874473 0.08447818320188648 0.1431297125867599 0.23459131028734342 0.10137381984226376 0.16895636640377296
0.07099781470350049 0.11098567409330576 0.09594023442683791 0.1387320926166322 0.10458658556234075 0.21818253768266496 0.09409654977475923 0.16647851113995862
0.0856936482417754 0.07103543082345988 0.1815368495308584 0.11276651531061804 0.1156201574987643 0.11339478570923857 0.1789944687470128 0.14095814413827257
0.09931341154266837 0.15605865494968316 0.10866332305634376 0.12058416635588239 0.1326083396164649 0.21998347989851624 0.0904381247669118 0.07235049981352944
0.07396888555068956 0.11075161398081745 0.10146539981237833 0.13843951747602182 0.10239197560357512 0.21295707909981598 0.09389810750547568 0.16612742097122618
0.10326400726088458 0.08497904099799979 0.21990900293944243 0.13495191870072124 0.09605099420161581 0.09379732376140107 0.14939732147576787 0.11765039066216722
0.07235452997242559 0.1123969086144268 0.0816980559296517 0.08436350618495199 0.1426512970712214 0.2365724824354762 0.10123620742194236 0.16872701236990398
0.059775354872795936 0.09346498280297312 0.056265359932620294 0.08148229270002784 0.14666826141202832 0.3072687450446846 0.09211041783481409 0.16296458540005568
0.09487608365267386 0.06898588048046966 0.19738501380431067 0.13797176096093933 0.10804394729484566 0.11473451187053987 0.15382821707137562 0.1241745848648454
0.10513402347251782 0.07615425305121896 0.25804273987550685 0.13119160675286665 0.09443728116881127 0.07543342411520475 0.14523450157419507 0.11437216998967861
0.08378527388379946 0.12735416266952665 0.1340351837142813 0.12960274782206413 0.10245455747726617 0.1635625787889341 0.09720206086654809 0.1620034347775801
0.07856601562620512 0.13795667909136783 0.10514666338592193 0.12744215781785018 0.10248845671299564 0.19351571172995885 0.09558161836338765 0.15930269727231272
0.07712858384009705 0.1396872866638567 0.09831944328951167 0.12656238606868306 0.10182667182990342 0.20335085617058188 0.0949217895515123 0.1582029825858538
0.07670632991956781 0.13981687584668132 0.09665649291689232 0.12626575713165983 0.10146034090328751 0.20656268901859157 0.09469931784874489 0.15783219641457477
0.07657798171347598 0.13975340746690715 0.09623623012191192 0.12616992290449003 0.10130915413355823 0.20761345785067672 0.09462744217836752 0.1577124036306125
0.09335382806841279 0.17040138117051207 0.08793357005671419 0.11538925580143292 0.12349903974848582 0.2536474298225077 0.08654194185107471 0.06923355348085976
0.07290042813527857 0.11016777352404276 0.09655462636221951 0.13770971690505346 0.09999046819184458 0.2240222142598954 0.09340311233560149 0.16525166028606414
0.07605315604781844 0.13264414937156224 0.096378894623196 0.12650564953867205 0.10115364989301058 0.2142532014483966 0.09487923715400405 0.15813206192334006
0.11459016870716261 0.09770364476423807 0.1441353348077849 0.08933907992306983 0.1517246960869602 0.1490251624369951 0.1418080633699521 0.11167384990383729
0.0766705902908978 0.11218514685865509 0.11044078977677717 0.14023143357331888 0.10763739556710977 0.18944342956944246 0.09511349407581628 0.16827772028798266
0.10365135449190566 0.08499144203478391 0.22362774670318036 0.13466549414715193 0.09689649410927977 0.08968654358758822 0.14908023772090076 0.11740068720520935
0.08345470529519514 0.12953287455715157 0.12635097331949513 0.12962450388214178 0.10294009852901183 0.16884783665272127 0.09721837791160634 0.1620306298526772
0.07843558037073964 0.13837224439591314 0.10340652903674502 0.1273289696920837 0.1025022428674716 0.19529649425287943 0.0954967272690628 0.15916121211510464
0.0654340206408697 0.11863086757179778 0.062342040303164654 0.08055197113591135 0.13826559085640755 0.27700920185693256 0.09666236536309361 0.1611039422718227
0.06952856882383937 0.10988847485696332 0.09084842295928024 0.13736059357120417 0.10269269896867242 0.23168221289499633 0.09316631563959936 0.164832712285445
0.09684537749553268 0.06950360763948389 0.214187247948313 0.13900721527896778 0.09887327745101623 0.10149410907234861 0.15498267136326707 0.125106493751071
0.1051238878796322 0.07590498357719962 0.26461270209016724 0.13064664022323505 0.09217840172774705 0.07300511231424169 0.14463120122393133 0.11389707096384594
0.08379289214542278 0.12729960180450448 0.1354989902912075 0.12960023003040147 0.10195165720605713 0.16265616846160363 0.09720017252280111 0.16200028753800183
0.07857899694169786 0.13796352887680766 0.10547555890606405 0.12746088777319523 0.10239153590015783 0.1932077160556869 0.09559566582989643 0.15932610971649402
0.05778289165125606 0.10464840755835572 0.07370876849044673 0.09481504446170537 0.1220282872828108 0.24360845827796815 0.11377805335404644 0.18963008892341074
0.06966336229828446 0.11164773247098406 0.09452925936127915 0.13955966558873006 0.10060848140037758 0.22186204003542567 0.09465786013844302 0.16747159870647607
0.10255667077131604 0.08537920676585004 0.21724821135037584 0.13539450093641336 0.09596834674227418 0.0955295536442541 0.14988727820392525 0.11803623158559116
0.08321050781502101 0.12956288165849253 0.12487905736469523 0.12957314753005897 0.10267252230034958 0.17095558827126456 0.09717986064754423 0.16196643441257372
0.07836330322915379 0.1383287605320643 0.10305406438672031 0.12728051522238276 0.10240488308529543 0.19600744309961787 0.09546038641678707 0.1591006440279784
0.0940815456371811 0.17058401694292463 0.0895822247370769 0.11583628082463315 0.12424406863665972 0.24929288410826972 0.08687721061847488 0.0695017684947799
0.11169161267264063 0.0769298049166015 0.14831820386237504 0.09616225614575186 0.15324896540798652 0.15530279720008705 0.14295165241965502 0.11539470737490223
0.1003274337118973 0.06723370947449261 0.2342904197225728 0.13446741894898523 0.10646033897035416 0.08627886487150374 0.14992113724610742 0.12102067705408671
0.09699650185585287 0.06627463619399239 0.2683339975345399 0.13254927238798478 0.0951886045812752 0.07358009532131082 0.1477825469758576 0.11929434514918627
0.09551025194730248 0.06556740156253346 0.2807708590484211 0.13113480312506692 0.0919923275242551 0.07079751467474897 0.14620551930511191 0.11802132281256023
0.09489016454855675 0.06527339371022142 0.28520802459981515 0.13054678742044284 0.09098225098195144 0.07005734438438879 0.14554992567622507 0.11749210867839856
0.094651239222675 0.0651641656945807 0.28677931845927845 0.1303283313891614 0.09064436414124334 0.06983071933878067 0.14530636350403517 0.11729549825024527
0.11084743920210159 0.0763397373000118 0.2105092834717882 0.09542467162501474 0.1414900806139056 0.1090239983468398 0.14185518349032042 0.11450960595001769
0.0795533685947327 0.1119713810221542 0.1251318856811552 0.13996422627769278 0.10564114993076924 0.17484865913713368 0.09493225782313075 0.1679570715332313
0.11576889455639758 0.09426998402477303 0.1535463102559339 0.0896505884290966 0.15350198774240376 0.138896478138998 0.14230252131602633 0.11206323553637074
0.08010128229009504 0.11181750358189238 0.11239745082101676 0.1397718794773655 0.10789245429955593 0.18549137764215312 0.09480179651508269 0.16772625537283858
0.1043513183132615 0.08484342399003188 0.22432505140659503 0.13450935039908876 0.09684766526364054 0.08895124856780993 0.14890738017318736 0.11726456188638505
0.07263749396591322 0.11253961684938697 0.08245696495057911 0.08448648592876061 0.14312399978867998 0.23439868354464632 0.10138378311451271 0.16897297185752122
0.07297611376164707 0.11068214770423729 0.09581713955466373 0.13835268463029662 0.10442825964474105 0.21788122096403095 0.09383921218402728 0.16602322155635596
0.07616497002167845 0.1329398551575698 0.09634435580218036 0.1266839084595672 0.10226227136484135 0.2122368222750284 0.09501293134467541 0.15835488557445898
0.0764516623443464 0.13799443479695034 0.09613064084467665 0.1261197456958231 0.10144511925181002 0.20961890567474734 0.09458980927186733 0.1576496821197789
0.07649385633087197 0.13923316656964405 0.09607602751552866 0.1260993880530829 0.10125492270065752 0.208643862724049 0.0945745410398122 0.15762423506635365
0.07650883669086704 0.13955303094905697 0.09607375154870897 0.12611292908523236 0.10122262397420045 0.20830296958146943 0.09458469681392427 0.15764116135654044
0.05722966036045974 0.10444296069412888 0.07186156429877756 0.09433149118388433 0.12113255876113223 0.24914099291318734 0.11319778942066118 0.18866298236776866
0.1090136895612258 0.0778873651143276 0.14404377689445583 0.09735920639290949 0.15370715585528 0.15642675915607437 0.1447309993542356 0.11683104767149137
0.07884638207773127 0.1114178338535684 0.10996390697761492 0.13927229231696053 0.10757783086943092 0.19133205703109846 0.09446294609324281 0.16712675078035263
0.10412199562538912 0.08483680774667698 0.22331763787893213 0.13458394623594708 0.09684780023598756 0.08997225729164804 0.14898996083100366 0.1173295941544154
0.1033788834802114 0.16024597890164183 0.11720750123120077 0.12030400807793566 0.12737329040951206 0.20907992699428518 0.09022800605845176 0.0721824048467614
0.11723466699004814 0.07640725461720076 0.15646086408661383 0.09550906827150094 0.15337873618726486 0.14441788314781667 0.14198064477375366 0.11461088192580113
0.12173621995066804 0.07553473401989828 0.1676942511007265 0.09441841752487284 0.16002753575847375 0.12692742142928437 0.1403593191862289 0.1133021010298474
0.10863958184867102 0.06606680413334778 0.24002840269150627 0.13213360826669557 0.1064424661145997 0.08044977700482284 0.14731911250033072 0.11892024744002602
0.10447983009299912 0.06547405182994871 0.2690095045555571 0.13094810365989742 0.09430937527169658 0.0719284779617495 0.14599736333424385 0.11785329329390769
0.10275016320835599 0.06492554893223015 0.27971742398647165 0.1298510978644603 0.09113818028477544 0.06997731390725667 0.14477428373843562 0.1168659880780143
0.10203740928352102 0.06468921772721417 0.28357890588639983 0.12937843545442834 0.09020250688277988 0.0694256324321072 0.14424730042456413 0.11644059190898552
0.11910531085459104 0.07561308203586017 0.2084627420819288 0.09451635254482522 0.14030652362970666 0.10807145962818447 0.1405049061711133 0.11341962305379025
0.1413536915443018 0.08642440476124265 0.21140870922366412 0.10803050595155331 0.13395181692989638 0.10115746407501801 0.12044595215792585 0.09722745535639796
0.11190667897999136 0.06502531426010168 0.2562768363685742 0.13005062852020335 0.09963369959214066 0.0750645310815643 0.14499674552924163 0.11704556566818301
0.08323230888371262 0.11297814385699842 0.13610493445538077 0.14122267982124803 0.09763489414799227 0.16357400543128017 0.09578581761788998 0.16946721578549764
0.10440704158874094 0.08446903768540985 0.23404673683507188 0.1336708654089733 0.0940974705469535 0.08479613014143246 0.14797914282149263 0.11653357497192546
0.12122545788085372 0.08866395717686351 0.18655371263493725 0.08880174216074319 0.14836552329240726 0.11443228286637204 0.14095514628689393 0.11100217770092896
0.07298751602034434 0.09675046266814179 0.07238701480836952 0.08434655719786721 0.15445879138804405 0.2550282614717357 0.09534828204976292 0.16869311439573442
0.11334096926927714 0.0762156611994865 0.14163274221890138 0.09526957649935812 0.1616678818631793 0.15592505298137288 0.14162462416919505 0.11432349179922974
0.108415639009186 0.06658670516307766 0.22995760265758666 0.13317341032615532 0.10761738479196739 0.0859147745590276 0.1484784141994597 0.11985606929353977
0.10544136195502717 0.06565150087108963 0.2652330748440655 0.13130300174217927 0.09479806462229559 0.07300724618632493 0.14639304821105656 0.11817270156796132
0.10371289682026855 0.06495009361688138 0.27823083772326135 0.12990018723376276 0.09128216367244608 0.07018463770117138 0.14482901472182202 0.11691016851038646
0.08203011516932954 0.11296500709154061 0.1409493565409425 0.14120625886442578 0.09587532294121916 0.16175174882979498 0.09577467992543662 0.16944751063731092
0.13937075471944244 0.11298350014419879 0.18967596235235543 0.10727658206268008 0.12538058991120957 0.11302985053793195 0.11875958616625551 0.09352317410592621
0.08751281355148509 0.11172542219317645 0.12050011855447051 0.1396567777414706 0.1021546271771078 0.17613837998091866 0.09472372751160614 0.16758813328976468
0.07941109406755761 0.1342300450421371 0.10236407001677067 0.12769851937359047 0.10254639513741787 0.1983528376153454 0.09577388953019286 0.15962314921698809
0.06560084706144728 0.11767070089046248 0.06215420329897946 0.08049152273071115 0.1381753081905491 0.2783345450895749 0.09658982727685338 0.1609830454614223
0.07291284606971579 0.10930675155469041 0.09044715632820194 0.13663343944336304 0.10235141249849046 0.23171515132496087 0.09267311544854187 0.1639601273320356
0.07539409780174577 0.11143059609075444 0.09802776728276073 0.13928824511344307 0.09654517684748896 0.2176944564768184 0.09447376625085703 0.16714589413613165
0.07671754144053612 0.13320723854875366 0.09687270641243774 0.126784070934788 0.10058134276222176 0.21226895803168663 0.095088053201091 0.15848008866848498
