Action: 0
[0.20755711901758503, 0.14931745259813495, 0.12401712178711002, 0.10377630378819197, 0.10400138062476756, 0.10377801460782642, 0.10377630378819197, 0.10377630378819197]
[0.11154327010735827, 0.1050496758476292, 0.25815867480686655, 0.1050496758476292, 0.1050496758476292, 0.1050496758476292, 0.1050496758476292, 0.1050496758476292]
[0.10735753073973586, 0.10566509282196966, 0.15298681950647652, 0.10566509282196966, 0.10566509282196966, 0.21133018564393932, 0.10566509282196966, 0.10566509282196966]
[0.125, 0.125, 0.125, 0.125, 0.125, 0.125, 0.125, 0.125]
[0.10735757101260003, 0.1056650864444986, 0.25865191031939777, 0.1056650864444986, 0.10566508644550926, 0.1056650864444986, 0.1056650864444986, 0.1056650864444986]
[0.12435803304748719, 0.1033360387350924, 0.2526661310165733, 0.1033360387350924, 0.10629564226047503, 0.10333603873509493, 0.1033360387350924, 0.1033360387350924]
[0.125, 0.125, 0.125, 0.125, 0.125, 0.125, 0.125, 0.125]
[0.125, 0.125, 0.125, 0.125, 0.125, 0.125, 0.125, 0.125]

Action: 1
[0.10279218481901047, 0.1226038213794888, 0.10258389330567277, 0.10258389330567277, 0.25258401010387865, 0.11168441047493095, 0.10258389330567277, 0.10258389330567277]
[0.10398613021585182, 0.10398613021585182, 0.10398613021585182, 0.10398613021585182, 0.1508976003338417, 0.22518561837104734, 0.10398613021585182, 0.10398613021585182]
[0.10587708522061476, 0.10588169066119939, 0.10587708522030392, 0.10587708522030392, 0.21192191972147342, 0.15281096351549678, 0.10587708522030392, 0.10587708522030392]
[0.125, 0.125, 0.125, 0.125, 0.125, 0.125, 0.125, 0.125]
[0.10398554729320801, 0.10398554631443335, 0.10398554631438962, 0.10398554631438962, 0.12120650433690908, 0.25488021679789097, 0.10398554631438962, 0.10398554631438962]
[0.10534433808129921, 0.10500054841401196, 0.10500054841401196, 0.10500054841401196, 0.15316374753590145, 0.21648917231273943, 0.10500054841401196, 0.10500054841401196]
[0.125, 0.125, 0.125, 0.125, 0.125, 0.125, 0.125, 0.125]
[0.125, 0.125, 0.125, 0.125, 0.125, 0.125, 0.125, 0.125]

