0.125 0.125 0.125 0.125 0.125 0.125 0.125 0.125
0.07575757575757576 0.12626262626262627 0.09090909090909091 0.15151515151515152 0.0946969696969697 0.15782828282828282 0.11363636363636365 0.1893939393939394
0.0804883042432308 0.12561635187934006 0.09044377335312487 0.1507396222552081 0.09421226390950505 0.1570204398491751 0.11305471669140607 0.1884245278190101
0.10117778144057545 0.15716281275650718 0.08486791888851389 0.14144653148085645 0.12793862198875683 0.19645351594563396 0.10608489861064235 0.08486791888851389
0.08769198837691987 0.1551473640514736 0.07644942576449425 0.13525667635256677 0.10523038605230386 0.18617683686176836 0.0917393109173931 0.1623080116230801
0.1052561690963437 0.07672324866720248 0.19485269502781583 0.15344649733440496 0.0991890053870435 0.06688693473550987 0.16987158028065996 0.13377386947101974
0.08008063093632471 0.121472599737259 0.10344833648397364 0.1457671196847108 0.10585632411673652 0.1518407496715737 0.10932533976353309 0.18220889960588846
0.07169941796493391 0.10574837730263174 0.06261661196497141 0.09517353957236856 0.14870997195825159 0.2114967546052635 0.11420824748684227 0.1903470791447371
0.07083944114179522 0.12533131894317617 0.08854930142724403 0.15666414867897022 0.08500732937015427 0.17935232031120318 0.10625916171269284 0.18799697841476423
0.08006732740479472 0.11951593375505497 0.09325617567250487 0.14341912050606595 0.10217360104393382 0.1747296006055139 0.10756434037954947 0.17927390063258244
0.098940256778254 0.1453481760215885 0.08555521521748889 0.13081335841942965 0.12772404576829266 0.23502091392871635 0.09811001881457224 0.07848801505165778
0.08188631336801121 0.1448757851895583 0.07138806806442002 0.12630196657551235 0.09826357604161345 0.24005624919296575 0.08566568167730403 0.1515623598906148
0.11704810911399463 0.08087055180725043 0.13186197222770688 0.09704466216870053 0.15531526396589804 0.14251446670604928 0.15403914629952462 0.12130582771087564
0.1070346652433346 0.08640147676269179 0.13379333155416823 0.10800184595336472 0.14700587526288622 0.12760859221451507 0.1605519978650019 0.12960221514403766
0.10822086458931109 0.07199072615406553 0.20697646909493966 0.14398145230813106 0.10739948070775218 0.07651532903341428 0.15939338635657976 0.12552229175580656
0.0823638053435059 0.11565829177054528 0.11303802021513895 0.1387899501246543 0.10889436795431767 0.1636756643425292 0.10409246259349074 0.1734874376558179
0.07804159858970142 0.11384043626402762 0.09800161373008516 0.13660852351683314 0.1075369557491164 0.19275382511657 0.10245639263762488 0.1707606543960414
0.0647374563825295 0.09495892218271842 0.06005043126116056 0.08546302996444659 0.14340342860084285 0.277905035722073 0.10255563595733591 0.17092605992889318
0.0788218529834601 0.13945404758612176 0.06871648721634985 0.12157532353661897 0.1174264475022829 0.24565566827160393 0.08245978465961981 0.14589038824394274
0.09211753642037186 0.07435993903813151 0.18423507284074372 0.14871987807626302 0.09931128926682971 0.10159682853235413 0.16581156555666932 0.13384789026863672
0.13999551484797934 0.0950615367318926 0.19113356061512357 0.11407384407827113 0.1301897169180406 0.10381239990248417 0.1262844346328439 0.09944899227336458
0.059138549346926424 0.10462974115225444 0.06099078394398808 0.09121567177376029 0.14392910337155343 0.2545514387719199 0.10311336809207686 0.18243134354752058
0.09022055469434774 0.0728286405364012 0.19133913136688013 0.1456572810728024 0.10133620629822224 0.10512963461599825 0.16239699844982594 0.13109155296552216
0.11960295589099758 0.07866447500402865 0.15995245186337304 0.09439737000483436 0.15531035899977264 0.12423858048518197 0.14983709524576885 0.11799671250604298
0.0794923941546887 0.1406403896582954 0.08822570200174389 0.12260957047133446 0.12068409141761802 0.21805509384581293 0.0831612738849051 0.14713148456560132
0.10095209642611919 0.08149145133192753 0.1453415557546542 0.10186431416490942 0.14629190604096348 0.15039335464435608 0.15142814463917878 0.12223717699789129
0.09649356172299897 0.07076321897171454 0.21957370688677869 0.1415264379434291 0.0989383704472878 0.08753949324625467 0.15779141663245003 0.12737379414908617
0.08415590006237186 0.1137381128495538 0.11345105887929459 0.13648573541946457 0.10569885067528634 0.1734988712750998 0.10236430156459843 0.1706071692743307
0.06849654065989128 0.09481309521601752 0.06142882117464283 0.08533178569441577 0.14414883377638904 0.27271920925651305 0.10239814283329893 0.17066357138883154
0.08002054450109526 0.13235492998133724 0.07409129557868602 0.11538634921449915 0.1126708768530444 0.26875033925975694 0.07826204555418201 0.13846361905739896
0.10608165514755927 0.07916983390879875 0.14277304186153583 0.09896229238599845 0.14714858273038162 0.15999574874961103 0.14711409435291709 0.11875475086319812
0.13353139956189453 0.0906036134208498 0.18512914168157854 0.11325451677606226 0.13428216093142042 0.11499976815403919 0.12627033437569923 0.10192906509845602
0.10910109260731438 0.06768924095627701 0.2377137225706895 0.13537848191255403 0.09831873755747178 0.07902118621368144 0.15093690446071323 0.12184063372129864
0.08090995312402818 0.11504665231519558 0.12887402316765323 0.14380831539399447 0.09520823267721408 0.16604329179928132 0.09753955304983973 0.17256997847279335
0.10688101915629325 0.07039085849144992 0.2192506513276267 0.14078171698289985 0.09661997066311431 0.08749185665054957 0.15585114781989723 0.1227327789081691
0.0735879149269339 0.09714396857980845 0.07813662219772473 0.08742957172182761 0.1453879870753483 0.23853930598850862 0.10491548606619311 0.17485914344365522
0.08649263900075116 0.13120521343899247 0.07721153369198858 0.11438403222886526 0.12115904112270354 0.2547044886781347 0.07758221316392598 0.13726083867463829
0.10272218842793253 0.06933359146941663 0.2048409810106754 0.13866718293883326 0.10064598695784677 0.1043860438707807 0.15460356067956482 0.12480046464494993
0.07952161238905366 0.11432310334474241 0.1233417821509881 0.142903879180928 0.09681897785847414 0.17467988070120116 0.096926109357499 0.17148465501711357
0.10561591149582555 0.06965300389413864 0.2253053088535509 0.1393060077882773 0.09608852307603195 0.08836750461272751 0.15421747707941155 0.12144626320003661
0.080049030073531 0.11443345054138356 0.12781071855249607 0.14304181317672945 0.09684260408788736 0.16915254316646328 0.0970196645894339 0.17165017581207534
0.10511234736870372 0.06921043647093007 0.23078076169379377 0.13842087294186015 0.09554231549264343 0.08702106243283242 0.15323759641915324 0.12067460718008322
0.07992673808955397 0.11433664868181649 0.12890151741284334 0.14292081085227065 0.09667477876272872 0.1687969397304352 0.09693759344762704 0.17150497302272474
0.1048152297244125 0.06901209071730581 0.23298939461676102 0.13802418143461162 0.09526914978442429 0.08676273755029044 0.15279844261381503 0.12032877355837936
0.07984137564543972 0.11425464597163427 0.12931760215314306 0.14281830746454285 0.09690452639132847 0.1686135040057269 0.0968680694107334 0.1713819689574514
0.104675011419768 0.06892229288325416 0.23393693042382685 0.13784458576650832 0.09520594377355267 0.08664340993058141 0.15259962282657819 0.12017220297593033
0.0954063309201124 0.13655558132410764 0.10797156436177123 0.11904845551332463 0.11581046358314522 0.20160354872468578 0.08074590895686365 0.14285814661598953
0.13570474371392557 0.09011512228610274 0.17855999823676538 0.11264390285762843 0.1313601358239511 0.12464703908491288 0.12558954542484843 0.10137951257186559
0.1105621459257883 0.06643339444266738 0.24206811030140926 0.13286678888533476 0.10035998907654561 0.07999290719631144 0.1481365541751419 0.11958010999680131
0.10414201640508294 0.06584677697029555 0.26789199704501043 0.1316935539405911 0.09310279082012363 0.0719701815057651 0.1468284847665993 0.11852419854653197
0.13636369251812128 0.08728072665490215 0.232111761923067 0.10910090831862768 0.12157280418296745 0.09373991799910944 0.12163937091644011 0.0981908174867649
0.10975610202928758 0.065037109847291 0.26299853290647723 0.130074219694582 0.09651992303695117 0.07352426683214883 0.14502304792813842 0.11706679772512381
0.10397897020271774 0.0651814566715154 0.27599254249953936 0.1303629133430308 0.09152179490491893 0.07029078056769335 0.1453449198018567 0.11732662200872772
0.11973244889974145 0.07595261202572148 0.20522493125084043 0.09494076503215183 0.1406733581194689 0.1084111427946532 0.14113582383884066 0.11392891803858221
0.12347967210897784 0.07534244297797024 0.18203234390692472 0.0941780537224628 0.1548193550423363 0.11713246552426368 0.1400020022501089 0.11301366446695535
0.10892479660673464 0.0659363408452264 0.24465231028391723 0.1318726816904528 0.10458291568431002 0.07831734252799886 0.1470281988399526 0.11868541352140752
0.10473963664237525 0.0655324094375097 0.2695237345872602 0.1310648188750194 0.09363758556340744 0.07141598581789661 0.14612749208901415 0.11795833698751745
0.10314146146627542 0.06508067747955013 0.27863215056017315 0.13016135495910025 0.09087224628273043 0.06984669254353573 0.1451201972454446 0.1171452194631902
0.10251085767911046 0.06488367913948967 0.2818888759311605 0.12976735827897934 0.09007738550384006 0.0694003006664914 0.14468092034984711 0.1167906224510814
0.10226912375026156 0.06480960098459351 0.28304509709472114 0.12961920196918703 0.08982794134034536 0.06925601596775327 0.1445157371208697 0.11665728177226832
0.11956495286953815 0.07580575648925983 0.20730320059303314 0.0947571956115748 0.14002091932885077 0.10797640480799006 0.14086293556586343 0.11370863473388974
0.1419926302981072 0.08665587841811312 0.21024677217633056 0.1083198480226414 0.133566988776107 0.10096147211382621 0.12076854697449718 0.09748786322037725
0.0875895728694466 0.11166464168052383 0.12444399962168838 0.1395808021006548 0.10349019011357559 0.17106163488592438 0.09467219620740065 0.16749696252078575
0.10619951727508978 0.06878247666546639 0.23189806611204852 0.13756495333093277 0.09637602575499205 0.08696048178332834 0.15229005822553404 0.11992842085260806
0.0824735760980818 0.11358518706372256 0.13024495184058327 0.14198148382965323 0.09696696119444478 0.16806957469347006 0.09630048468446044 0.17037778059558384
0.10508473626323347 0.0688039676485375 0.2346723848404007 0.137607935297075 0.09508118424831967 0.08644625836324821 0.1523376410289149 0.1199658923102705
0.09833374931736732 0.1357442977281827 0.10905695161839013 0.11834118263482596 0.11556389052875028 0.20068431557141914 0.08026619343927324 0.14200941916179113
0.12069150410960176 0.07709231928173796 0.15438022304130652 0.09636539910217246 0.15017440614249142 0.14240403133177887 0.14325363806830413 0.11563847892260694
0.14395588779516985 0.08743561956048351 0.19243704236385914 0.1092945244506044 0.13739595210627797 0.1092606632634323 0.12185523845462908 0.09836507200554395
0.11330148239990527 0.06558463150155507 0.2482799145469004 0.13116926300311013 0.10065669550149506 0.07671173684673756 0.14624393949749742 0.1180523367027991
0.08361295287555602 0.11327815009634311 0.13373712953470615 0.1415976876204289 0.09771249241124957 0.16410419158334535 0.09604017073385614 0.16991722514451468
0.10517872118402721 0.0686996748404385 0.23603514171907505 0.137399349680877 0.09509170776434332 0.08570462819405375 0.15210672817744622 0.11978404843973893
0.12156049168037933 0.07651062800596561 0.19362821031126248 0.09563828500745701 0.14277395602786078 0.11294975282763808 0.14217273413048834 0.11476594200894842
0.10858924959318625 0.06580861566484582 0.2493069510088811 0.13161723132969164 0.101981137592759 0.07749791586275008 0.14674339075116366 0.11845550819672249
0.08280548441165857 0.11328558538683045 0.13394176448285858 0.14160698173353806 0.09799557256246713 0.16438975877530615 0.09604647456709539 0.1699283780802457
0.14154084561418645 0.09260244101213215 0.1910020330417736 0.1111229292145586 0.12825218591452728 0.11558551479940972 0.12301765057533552 0.09687639982807672
0.10399964377026442 0.13263279427591645 0.09952599088490761 0.1156285898815682 0.12153641782115653 0.20949590758863249 0.07842634791967233 0.13875430785788181
0.1082944212908088 0.06826638437092818 0.21456726099489673 0.13653276874185635 0.1010744232410608 0.09616140135820107 0.15222384813457718 0.12287949186767073
0.12254510180934375 0.07664089177665924 0.18706921364837975 0.09580111472082405 0.14485678216372058 0.11571076678035142 0.14241479143573246 0.11496133766498884
0.10901156854914208 0.06593103465256928 0.2468249554063405 0.13186206930513855 0.10259279444489386 0.0780853484449947 0.14701636682229627 0.1186758623746247
0.10496509928714064 0.06546242120151953 0.2703031196577124 0.13092484240303906 0.0932057823537712 0.07133494816532047 0.14597142876876146 0.11783235816273516
0.13818496814406314 0.08689256298683343 0.23288535241669614 0.10861570373354178 0.12128958081315563 0.09327929453215562 0.12109840401336672 0.0977541333601876
0.11083904325036045 0.06486111567349173 0.26347498935820857 0.12972223134698346 0.09640016730690106 0.07332183766341638 0.1446306071883532 0.11675000821228511
0.10478508682680435 0.06506215980382118 0.27619126519214143 0.13012431960764237 0.09147099951291471 0.07017537581739647 0.14507890559240125 0.11711188764687812
0.10317665426712284 0.06488826044474703 0.28093080110120394 0.12977652088949407 0.09025253514932666 0.06948522337076678 0.14469113597679412 0.11679886880054464
0.10268858304436276 0.06479519219238779 0.28263746019333874 0.12959038438477558 0.0898921970234038 0.0692812295506164 0.14448360766481694 0.11663134594629801
0.08175518003266637 0.1131752641174221 0.14115968498141737 0.14146908014677764 0.09544648209560473 0.16127847113303376 0.09595294131694483 0.16976289617613313
0.10521075340246805 0.0684898172151255 0.23884193462116515 0.136979634430251 0.09438511495529284 0.08503251639731711 0.15164208614175118 0.11941814283662908
0.07244055690868346 0.09990442642478475 0.08084238862281933 0.08709616662673543 0.14159536549212562 0.24547222648463607 0.0984565361867444 0.17419233325347086
0.1325539203363532 0.08947556167422006 0.16884241715945503 0.11184445209277509 0.13795391837279916 0.13397150599835808 0.12469821748254177 0.10066000688349756
0.12741690009011564 0.07549212790482875 0.17087504056594646 0.09436515988103593 0.15455926389482857 0.12377316768434223 0.1402801481216594 0.11323819185724313
0.11044377151334892 0.0660981957589129 0.24037616820560598 0.1321963915178258 0.10487705362871984 0.07964255586951954 0.1473891111400237 0.11897675236604324
0.10546905964300153 0.06558497728458844 0.2679387394105129 0.13116995456917688 0.09382470974049459 0.071714889697914 0.14624471054205243 0.11805295911225919
0.10360196996853141 0.06507975766011566 0.27801457364993976 0.13015951532023132 0.09095947882771302 0.06992299459986859 0.1451181461853922 0.11714356378820819
0.10287801121129099 0.06486270777050986 0.28160902877315885 0.1297254155410197 0.09011743922295502 0.0694203661670707 0.14463415732707718 0.11675287398691774
0.10260378167799902 0.06478165494736328 0.2828815202035594 0.12956330989472656 0.0898493470882093 0.06925998565399202 0.14445342162889663 0.11660697890525391
0.10250245970468869 0.06475256985019412 0.28333094987657076 0.12950513970038824 0.08975999261162798 0.0692056963229122 0.14438856620326868 0.11655462573034941
0.10246567547442906 0.06474225987895335 0.28348958302233973 0.1294845197579067 0.08972944930530588 0.06918686827274584 0.1443655765062034 0.11653606778211602
0.08171066164222965 0.11316379314014569 0.14133807681414884 0.14145474142518213 0.0954066816480262 0.16123713969688203 0.095943215923167 0.16974568971021853
0.11824757732181351 0.07698336303922575 0.16114416665007375 0.09238003564707091 0.15210273223553286 0.13703210332987162 0.14663497721757288 0.11547504455883863
0.08333845246669491 0.111462435935585 0.11339671096392473 0.13932804491948123 0.10699423389088152 0.18378570701814617 0.09450076090190902 0.16719365390337748
0.10407590472569071 0.06878434452189157 0.22176220471500072 0.13756868904378314 0.0984882298081735 0.09212998508231525 0.1533788219637403 0.12381182013940482
0.13955671540988493 0.0880679728723321 0.21749942564211616 0.11008496609041514 0.12412984605527677 0.09884808255376526 0.12273652189483597 0.09907646948137362
0.11168147068176662 0.06520934558573675 0.2578794688941787 0.1304186911714735 0.09743917786587221 0.07458791582860029 0.14540710791804584 0.11737682205432616
0.10515920166609917 0.06519146053980694 0.2742012989231239 0.13038292107961388 0.09184285256224514 0.07051040932242607 0.14536722693503218 0.1173446289716525
0.09460404972487038 0.13030525927336598 0.16035865600730162 0.16288157409170748 0.08275565853014115 0.13964423713038204 0.08285714855969467 0.14659341668253673
0.10777646270254737 0.06806820635051394 0.24614978150384764 0.1361364127010279 0.09134821106397281 0.0811292941956331 0.15070860502515093 0.11868302645730637
0.09900980763827985 0.1357836523068286 0.11123474474137077 0.11837549175467109 0.11473943857435476 0.19851681090615628 0.08028946397273343 0.1420505901056053
0.10702516188437775 0.0682296621984919 0.21960733068611188 0.1364593243969838 0.09953982225358006 0.09418334345220378 0.15214196317096548 0.1228133919572854
0.1221917429595607 0.07661287853055052 0.18861493997171505 0.09576609816318815 0.1443400116533853 0.11519227395482616 0.14236273697094834 0.11491931779582577
0.10889087129308538 0.06590136458565127 0.24741008946451365 0.13180272917130254 0.10244710768123184 0.0779751745486059 0.1469502070014373 0.11862245625417228
0.10492322057096996 0.06544873884963286 0.2705126261242245 0.1308974776992657 0.09316071046775716 0.07130857719261444 0.14594091916619623 0.11780772992933913
0.10340257958070138 0.06502332118941 0.27893313230964645 0.13004664237882 0.09075651788668189 0.0698035272347297 0.14499230127907245 0.11704197814093799
0.1375046815247375 0.08672662937516869 0.23568168975181744 0.10840828671896086 0.12044445463339822 0.09279965042786201 0.12086714952099069 0.09756745804706475
0.11060064927877447 0.06480282716120034 0.26450138553257496 0.12960565432240068 0.09615435914116467 0.0731894031680029 0.14450063250572134 0.11664508889016059
0.10470090454979303 0.06503871107184926 0.27655726064726877 0.13007742214369852 0.09139389485425911 0.07013550838388799 0.1450266184199146 0.11706967992932867
0.0821276043852736 0.11322036057096899 0.1398650188847872 0.14152545071371125 0.09578725225711432 0.1616525970649999 0.09599117526669113 0.1698305408564535
0.10562201320948676 0.06848925166802414 0.23829335257221632 0.13697850333604827 0.09445811330994536 0.08510077517580274 0.15164083397397282 0.11941715675450362
0.09849114889108368 0.13571158338110728 0.10971949384055706 0.1183126624348115 0.11542598011280636 0.20011708711424883 0.08024684930361127 0.1419751949217738
0.10695106718635936 0.06825628639241842 0.2190083273346256 0.13651257278483683 0.09972118680742219 0.09448791283832314 0.1522013311496614 0.12286131550635317
0.10559637659272965 0.0662188351493535 0.2605710289963048 0.132437670298707 0.09360282679776283 0.07472123992147887 0.14765811897482703 0.11919390326883629
0.10390845664126004 0.06527536158489985 0.2754591176723107 0.1305507231697997 0.0911616712274849 0.07059470510837984 0.14555431374304534 0.11749565085281974
0.10303641448093302 0.0649259377308252 0.2807161985839827 0.1298518754616504 0.09023671349470369 0.06959102163114671 0.1447751507012729 0.11686668791548535
0.12008466738690099 0.07579433807511865 0.20656003367143336 0.0947429225938983 0.140197045426991 0.10808776796652783 0.1408417177664518 0.11369150711267796
0.1425344345518221 0.08660286630767268 0.20989862356442426 0.10825358288459085 0.13359428512142335 0.10099331668320478 0.12069466629073039 0.09742822459613175
0.112425109236923 0.06521401887097104 0.2547551629878339 0.1304280377419421 0.09939648282592604 0.07497842572204311 0.14541752864661303 0.11738523396774787
0.09611134364568734 0.13038716563905406 0.15560970970952526 0.16298395704881755 0.08416233181432221 0.14115070047382455 0.08290923032483329 0.1466855613439358
0.10825763219122506 0.06815876491698233 0.2443062264599811 0.13631752983396467 0.09173995348663758 0.08146986052971333 0.15090910913650135 0.11884092344499483
0.07302073981294123 0.10004599402660018 0.08170684204733726 0.08721958453601042 0.14101449074906416 0.24395712767184027 0.09859605208418569 0.17443916907202084
0.08736870114394124 0.12909071187430496 0.11135270063247074 0.16136338984288118 0.09070314537644122 0.19280944543824988 0.08208485483311782 0.14522705085859305
0.10768225425913076 0.06903552449301222 0.22702061551678776 0.13807104898602443 0.09423042400893693 0.09074017336693792 0.1528503269198154 0.12036963244935463
0.09882338513708191 0.1356232195263512 0.10757043934876157 0.11823562727938311 0.11526499009707383 0.20240498650398547 0.08019459937210331 0.14188275273525972
0.10708709722640901 0.06829334464505907 0.21815456161839383 0.13658668929011814 0.0997450471700829 0.09492127416686318 0.15228396552196752 0.12292802036110632
0.09533919527679471 0.13100169236513245 0.14678183953775237 0.16375211545641555 0.08449116625953364 0.14795709802663817 0.08329998916695922 0.147376903910774
0.100299872656851 0.13388541883678595 0.13377084602853792 0.1606625026041431 0.08519404148666776 0.16208372501097867 0.08403884751601333 0.1400647458600222
0.08398350060461184 0.1107285934044991 0.10796255831065321 0.1328743120853989 0.10121929309598952 0.1974831183280496 0.09965573406404919 0.16609289010674863
0.07778173752362347 0.1124890567057834 0.10229551588681973 0.14061132088222925 0.0968352874658475 0.20588233970472705 0.09537115677229463 0.16873358505867508
0.10329729520021266 0.06912303064482715 0.21773066518535697 0.1382460612896543 0.0968625391393311 0.09618491191221011 0.15413404146771903 0.12442145516068888
0.10495227329331275 0.06634992039565019 0.26032655333936555 0.13269984079130037 0.09318110931656215 0.07511002664253223 0.14795041950910653 0.11942985671217034
0.09470860543095692 0.13058497119221318 0.1570613992131086 0.16323121399026647 0.08312805177041561 0.14134265695588116 0.08303500885591816 0.14690809259123982
0.12210606410446871 0.07698750488653129 0.16602903831129828 0.09238500586383755 0.14825674417759846 0.13211151887593303 0.14664286645053579 0.11548125732979693
0.08407568240600236 0.11155907210447703 0.11454627635694883 0.1394488401305963 0.10629294496515365 0.18215588431326693 0.09458269156683924 0.16733860815671553
0.10421340552951976 0.06876630722551696 0.22221705303284595 0.13753261445103393 0.0983167522289332 0.09183591304126083 0.15333860148495873 0.12377935300593056
0.08217114473465595 0.1136165404622237 0.12812490491554285 0.14202067557777964 0.09738632310833803 0.16992853359449972 0.09632706691362447 0.17042481069333557
0.1061144348497407 0.06870795892885613 0.23365718566701166 0.13741591785771226 0.09541119264103916 0.08676974773402955 0.1521250698302716 0.1197984924913389
0.08248591427029263 0.11355362745349787 0.13060682922232 0.14194203431687233 0.09676763277675647 0.1680397931563961 0.09627372762361776 0.1703304411802468
0.10610271422969061 0.06865239607061094 0.23461951658023755 0.13730479214122188 0.09521312278832098 0.08640379543427275 0.15200204909406734 0.11970161366157804
0.08248246799729043 0.11354839344957356 0.13081485837810614 0.14193549181196696 0.09672473692981516 0.1679021711603358 0.09626929009855152 0.17032259017436036
0.10609507176664396 0.06864786078366153 0.23470059233627946 0.13729572156732306 0.09519847675984229 0.08637656320858411 0.15199200759589687 0.11969370598176882
0.09769356338805905 0.14393566369337085 0.10823747857424551 0.11701311689566181 0.11454178346366907 0.19879723529401144 0.07936541841618801 0.14041574027479417
0.07848606499387856 0.1263455808301918 0.10034114449249561 0.13696098550239727 0.09760948692798976 0.20300827752680517 0.09289527712336512 0.1643531826028767
0.10271494660278088 0.07750015225495624 0.21541232230067514 0.13689064377901444 0.09637402738224113 0.09528347618530307 0.15262285209391607 0.12320157940111301
0.10446370477858306 0.07137359046611402 0.2587520382753481 0.13199493375190358 0.09275576140765679 0.07470003017849895 0.14716450076518203 0.11879544037671322
0.12035072042902516 0.08136021013617983 0.19961354227126246 0.09456160604060553 0.14083846992710453 0.10922934541509129 0.14057217853200463 0.11347392724872662
0.10765813164144418 0.0709242736239695 0.25068841280941 0.1304546998035463 0.10100657003912039 0.07641142740372253 0.14544725485559562 0.11740922982319166
0.1041327719614983 0.06987398055780568 0.2710326582568212 0.12998086451065655 0.09240591140524884 0.07067207138351211 0.14491896386486633 0.1169827780595909
0.1028004112912512 0.0694168126182263 0.27848687697466445 0.1292579303185526 0.09021579078708702 0.06937709453253775 0.14411294619098328 0.11633213728669735
0.1195151101660106 0.08088585747045975 0.20533742513333075 0.09417078490691805 0.1395710527176067 0.10752363104977496 0.13999119666759757 0.11300494188830165
0.10728325251580684 0.07075965129312146 0.2528159515943531 0.13020666326662164 0.10057720981448194 0.07600056194854164 0.14517071262711395 0.11718599693995946
0.10398044890245245 0.06981244126822367 0.2717974380248416 0.12988483990529084 0.09225865786059877 0.0705579145279321 0.14481190359589888 0.11689635591476175
0.11991654468766609 0.08099453415368002 0.2033480383747259 0.0942651802905492 0.1403155471680015 0.10791041723136471 0.14013152174535376 0.11311821634865904
0.10743353542330142 0.07080905180579258 0.2520680369966319 0.13028506604203163 0.10078314461048006 0.0761064798131913 0.14525812587074272 0.11725655943782845
0.09436500163217308 0.13882559797031813 0.1539271919615735 0.1614198025386124 0.08373759720219755 0.14033343468421042 0.0821135517261637 0.14527782228475117
0.12209250607644 0.0770471439035738 0.1651461625645844 0.09245657268428856 0.14900196194600468 0.1319284723915122 0.1467564645782358 0.11557071585536068
0.09865803864411307 0.14136543927121423 0.09364986970123373 0.11383770085038179 0.12496267857578762 0.2137093739687263 0.07721165796808505 0.13660524102045815
0.11944571362831134 0.087314264212344 0.14769127910051152 0.09482968061036541 0.15148234414377226 0.14447041218729578 0.14097068938496113 0.11379561673243849
0.10908808326142097 0.07244336526719414 0.23095722126130896 0.1324882622291114 0.10470262023768548 0.08336648653536799 0.14771452520171074 0.11923943600620025
0.10510337572143393 0.0704453512040932 0.26392430116912313 0.13087024633947425 0.0937231214149034 0.07223982421322564 0.1459105582322198 0.11778322170552682
0.10324926814192115 0.06962672511938266 0.2759602077942049 0.12958501344117093 0.09068453022678627 0.06979012371596588 0.14447761946351442 0.11662651209705382
0.10245954652676105 0.06929500537529916 0.2802610593164795 0.12905854946391015 0.08974703409755422 0.06913545928525153 0.1438906514172252 0.11615269451751917
0.08115621009410114 0.1204502337221371 0.13992569074063232 0.14024799798388066 0.09474616794151768 0.16005137286974652 0.09512472906732775 0.16829759758065677
0.11858496841861794 0.07695582453945388 0.16067170495045568 0.09234698944734465 0.15259826979193872 0.13682598311071512 0.14658252293229307 0.1154337368091808
0.09780127303355242 0.14114264532481388 0.09272139147639044 0.11366714819710996 0.12565871702515177 0.21551226832927942 0.07709597877717023 0.13640057783653195
0.1062379414624408 0.07778605806177753 0.21013873224672197 0.13519429265921842 0.10138156965272851 0.09685499533510532 0.1507315471887107 0.12167486339329658
0.13953287414020987 0.09463167597025626 0.212529538302857 0.10933537951756377 0.12429687925557512 0.09937102244232732 0.12190078880540318 0.09840184156580738
0.14687861765009244 0.09421599821593606 0.2103857237201446 0.10687238593848829 0.12816505950686677 0.09814233285360735 0.119154734770225 0.09618514734463944
0.11283935577273012 0.07126752544041141 0.25396426194439387 0.12936663962855155 0.09780466243560254 0.07409343015361705 0.14423414895899703 0.1164299756656964
0.1051088197239673 0.06977878403850211 0.27210350724243537 0.12975034814071446 0.09163104166595754 0.07019023054668524 0.14466195531509504 0.116775313326643
0.10296890553234933 0.06937747675828841 0.27884822162644646 0.12919453945658801 0.0900239693384568 0.06926953166638763 0.1440422701105541 0.11627508551092922
0.08125146765160032 0.12047338899502917 0.13962739720248468 0.1402650340726129 0.09481228284788128 0.16011610436357085 0.09513628397968528 0.16831804088713548
0.10561932158742199 0.06848851887875976 0.23818881293357366 0.13697703775751952 0.09473182681533153 0.08493939143843966 0.15163921151829593 0.11941587907065805
0.08180288774401044 0.12061865557960443 0.1308401288962712 0.14061575350192046 0.09590963544896519 0.16609987138214277 0.09537416324478085 0.16873890420230453
0.08073538341091778 0.11067419209951115 0.10725653924279703 0.13280903051941337 0.10394182131077485 0.19896497237775912 0.09960677288956002 0.1660112881492667
0.08984183892478713 0.14567004227766112 0.08292604486141622 0.11378473827267452 0.11335346984144137 0.24070644437073543 0.07717573552407489 0.13654168592720942
0.10485568770339478 0.078453901899949 0.20651861412035064 0.13580398452798814 0.09925460258871327 0.1014783149614191 0.15141130812299572 0.12222358607518932
0.10513493440201586 0.07156511797355351 0.2553328281570596 0.13221738893948173 0.09350420351881703 0.07583735526534041 0.1474125216981983 0.11899565004553357
0.12056731959618185 0.08140953769605817 0.19858865780034293 0.09460290094107399 0.14112147400436617 0.109553062657599 0.14063356617508907 0.11352348112928878
0.12347165346022645 0.08131041406680369 0.17928496083548984 0.09346996212272135 0.1544747906829834 0.11687488775580744 0.1389493765287022 0.11216395454726562
0.12417045972228888 0.0812529140434459 0.17307114639921106 0.09340202228418802 0.15852753965704824 0.11864511175719335 0.1388483793955989 0.11208242674102561
0.09698407404604746 0.13888376512763526 0.13343404898445338 0.15965776983403826 0.09345920650623098 0.15267192930060158 0.0812172133503586 0.14369199285063441
0.10933430739446934 0.06853069807728424 0.23550139077682844 0.13706139615456847 0.09452541768312178 0.08382476789357642 0.15173259973155317 0.11948942228859816
0.09841042339601451 0.14398672239519592 0.10844118580911861 0.11706605108257329 0.11443349835348933 0.1977815360606881 0.07940132160383231 0.14047926129908794
0.07862429345444029 0.12637907425630204 0.1004055743036301 0.13699198070400137 0.09760815108132886 0.20268424939973817 0.09291629995575745 0.16439037684480162
0.10274536475248637 0.07750185029778091 0.21543903687802216 0.13688999242631966 0.09637260738241255 0.09522802919502071 0.1526221258842698 0.12320099318368768
0.10446943703847468 0.07137302653533369 0.258761408071687 0.13199366899403545 0.0927546475673526 0.07469041904394044 0.14716309065454397 0.1187943020946319
0.10332420037332168 0.06984893785297856 0.2741982576482148 0.12989210720788288 0.09068382055206045 0.07032977378249385 0.14482000609595302 0.11690289648709462
0.10254108134973533 0.06935809621158137 0.27964918428065316 0.12915093003484304 0.08980473521802257 0.06926648701406282 0.14399364885974292 0.11623583703135874
0.11943233482996268 0.08086836077572307 0.20568414769306714 0.0941550882815005 0.13942558503961477 0.10748051486266762 0.13996786257966343 0.11298610593780058
0.10725441357533876 0.07075128837945291 0.252946656645346 0.13019327791299395 0.100538437206555 0.07598618720189275 0.14515578895672607 0.11717395012169454
0.10396999783355339 0.06980892498846003 0.27184475304188715 0.12987922751630768 0.09224737918172643 0.07055276647237085 0.14480564620101763 0.11689130476467688
0.10273823458000107 0.06939311875963151 0.2787759976442334 0.12922105734132927 0.09016109754560221 0.06933970694891223 0.14407183557309397 0.11629895160719635
0.10225511583714215 0.06921168237500229 0.28125906823679914 0.1289293744769508 0.08956208595160552 0.06899960514655443 0.14374663094668994 0.11603643702925572
0.10207020071887016 0.0691418465088416 0.2821422266370253 0.1288194045869406 0.08937420827524088 0.06889062641879828 0.14362402272603678 0.11593746412824657
0.10200128869173 0.06911635534200576 0.2824556447642222 0.12877967999443632 0.08931205628955857 0.06885353015313808 0.1435797327699163 0.11590171199499269
0.08106453188025342 0.12040479793750333 0.14038919541800962 0.1402167514622529 0.09464077158605042 0.15992031418682914 0.09510353577439762 0.16826010175470346
0.10557393801516587 0.06846925911980935 0.2384791189869434 0.1369385182396187 0.09467297788914143 0.08488732096827685 0.1515965688285563 0.1193822979524881
0.12101255899365249 0.08141772479604713 0.19366683281651115 0.0949173115115116 0.1418764153136414 0.11210742414964996 0.14110095860517247 0.11390077381381392
0.10799890129962696 0.07106095496978701 0.24846755978015608 0.13070356252204027 0.10139490945134026 0.07701618749234172 0.14572471821487173 0.11763320626983623
0.12116441562651697 0.081258596239339 0.19624172677145527 0.09446336471381596 0.14337594345109841 0.10971377933976131 0.14042613620143388 0.11335603765657914
0.10792110395409818 0.07096892195205347 0.2493754908039007 0.13054838493125306 0.10159334411737765 0.07654750102162805 0.14555170678156124 0.11749354643812776
0.12112087092286306 0.08123305204728348 0.1964989767902201 0.09444105249409578 0.14340835090361587 0.10957546626076885 0.1403929675882379 0.11332926299291492
0.1079022470324268 0.070960717326412 0.24947013005587979 0.1305362313463851 0.10159137301004184 0.07651853657569048 0.14553815644141738 0.11748260821174657
0.10422184951494458 0.06990131191750398 0.270585853119197 0.13002786662006974 0.09255307456495493 0.07071359659602514 0.1449713677092419 0.11702507995806276
0.11999957189590639 0.08101820809562789 0.2029916989478222 0.09428553704117067 0.14043128465259164 0.10796927149507947 0.140161783422397 0.1131426444494048
0.14173301988753714 0.09340229499295012 0.20767242662691335 0.10740743245480897 0.13296710913814594 0.10039975598323843 0.11975127170707806 0.09666668920932805
0.11180988491930684 0.07129016516112763 0.2530110918394482 0.129515672210912 0.09887063413283692 0.07453813758005311 0.1444003091664944 0.11656410498982081
0.10491993969620081 0.06980665347694345 0.27177346442414135 0.12980071254223535 0.09187401293177958 0.0702864677764343 0.1447181078642534 0.11682064128801181
0.09379325894590199 0.1385675486256194 0.1587295592096294 0.16127125995945202 0.08207835489904894 0.1383778956348592 0.08203798876198212 0.1451441339635068
0.10790251716592614 0.06810591184857988 0.24553638752171544 0.13621182369715976 0.09166273016309727 0.08103977212871874 0.1507920880977918 0.11874876937701105
0.07219009777281601 0.11105012684686746 0.08122001540191355 0.08598425279742007 0.1394306303406433 0.24095678112667668 0.09719959011882269 0.17196850559484014
0.13032344740544058 0.10591195281773776 0.16629828653153922 0.10959827677694775 0.13548764112485884 0.13154804661380515 0.12219389963041787 0.09863844909925297
0.09699700539298305 0.15098561433309443 0.13017975498072296 0.1572554564936101 0.08822063642161089 0.15483645453480613 0.07999516699892341 0.1415299108442491
0.10956029090083298 0.06869959385946932 0.23445446733245537 0.13739918771893864 0.09367325160400675 0.08432275246322267 0.1521065488789227 0.11978390724215164
0.08208194722924679 0.12596800658240206 0.12953242122411285 0.13973168181316567 0.09520975851293723 0.16502363444992865 0.09477453201240803 0.16767801817579878
0.10214726824304131 0.08302983821710973 0.22584640581107274 0.13481784498514304 0.09461571781548028 0.08789502831629754 0.15031183612522664 0.12133606048662876
0.10360081977908378 0.07542433856018083 0.26189128881474383 0.1308037493231577 0.09174231154204798 0.0729776985684533 0.14583641902149072 0.11772337439084192
0.09296334113369559 0.14600632516658596 0.1554833044883196 0.16010841314540886 0.08154830620910017 0.13834628438248786 0.08144645364353408 0.144097571830868
0.08320663908722874 0.11137911112151387 0.11309968277466638 0.13365493334581663 0.10141309419296661 0.18993667278617452 0.10024120000936249 0.16706866668227077
0.07613162425295333 0.13234136553775433 0.10148375763710454 0.1372482504061654 0.09505274511587744 0.19995423889595604 0.09309011766679044 0.16469790048739846
0.10157149324534637 0.08446864896547188 0.21476309335657798 0.1358148015990659 0.09531695238310803 0.09440832066126721 0.1514233683500033 0.1222333214391593
0.11999121361614937 0.08767438400229267 0.18622586553642168 0.09482695473479526 0.1420672372021334 0.11445536203860861 0.14096663718784488 0.1137923456817543
0.10763710800533963 0.07589334893213895 0.24500577375632446 0.13029667056708513 0.10133268770583913 0.07729634347272808 0.14527106405016801 0.1172670035103766
0.13810058435698566 0.09818617588069564 0.2228495351898349 0.10758115512658327 0.12263094056600847 0.0938836097442392 0.11994495952172791 0.09682303961392492
0.11018531013287772 0.07606328901741985 0.25810345278334956 0.12825576225230415 0.09606737711828538 0.07289901908291176 0.1429956035857779 0.11543018602707371
0.10406063064377029 0.07359106862164479 0.27307657290817167 0.1289431733127463 0.09086474323202483 0.06965293968133271 0.14376201561883803 0.11604885598147166
0.08098104921326156 0.12665588996609414 0.1377857177207358 0.13926893236748666 0.09443706512178404 0.15928795959866285 0.09446066717099097 0.16712271884098398
0.10164668900870964 0.0829110246446197 0.22903840835291595 0.13447716960510658 0.09422636304167001 0.08673888420236056 0.14993200850002178 0.12102945264459591
0.1033863013687587 0.07533200514552031 0.2630542985565271 0.1306621635149194 0.0915724353062348 0.07271828753320204 0.14567856141141014 0.11759594716342746
0.10259005268128751 0.07353675781384637 0.27517887861957596 0.12903985398978518 0.09000039712968173 0.0696483838162562 0.14386980735876048 0.11613586859080667
0.10200215936740757 0.07301229108139592 0.2794727117348525 0.12846602829429069 0.08932464234066262 0.06887270718543205 0.14323003453109723 0.11561942546486162
0.08060426641831157 0.12649670987783232 0.13915048653824555 0.139216365576896 0.09409209128226365 0.15895542844028093 0.09442501317389469 0.1670596386922752
0.10152214234586372 0.0828594146235644 0.22956988988660856 0.13442364533597884 0.0941198532310313 0.08665144084027936 0.1498723329342928 0.12098128080238098
0.10334196582233199 0.07531313374998855 0.26324894394492093 0.130639174116181 0.09153628875503697 0.07269230695953405 0.1456529299474436 0.1175752567045629
0.11951221653845501 0.08567186594476671 0.2004380582871073 0.0939614244188058 0.1397966341656116 0.10818612310219317 0.1396799682404934 0.11275370930256695
0.10705402801777081 0.07530222673070981 0.25030982525728385 0.12967718072750992 0.10043198477827663 0.07593491272406336 0.14458037910962673 0.11670946265475894
0.10366148421802829 0.07371554483450159 0.27033881490466527 0.129343644594192 0.09198451868298475 0.07033820141912185 0.14420851121173348 0.11640928013477281
0.0809212658657232 0.1267017023715208 0.13719724486945228 0.13929814733271173 0.09468126732403366 0.15956211289859548 0.09448048253870883 0.16715777679925406
0.11565043484940922 0.09435257757258105 0.16270200436412577 0.0956407851940567 0.1430382610069905 0.13167054395417702 0.14217645082579175 0.11476894223286803
0.12226257383100783 0.08794568785679427 0.1679386781261856 0.09338625528753537 0.15515878071173406 0.12241957714560288 0.13882494069609735 0.11206350634504243
0.10856840846430621 0.07620703902559996 0.2377478505031717 0.13074416828043303 0.10439145363187707 0.07890133803702294 0.1457699906051992 0.11766975145238971
0.08175399098709846 0.12721553123738522 0.1300862170795921 0.1393256893764016 0.09723893615561269 0.16268964468301647 0.09449916322921154 0.1671908272516819
0.07619193169165162 0.13609127033682797 0.10548351439538974 0.1378458276564017 0.09458094297524826 0.19089608882463052 0.09349543093216811 0.16541499318768205
0.10150931319274514 0.084871943050597 0.21642324069482383 0.13573647352455454 0.09514526913462702 0.09281489583825173 0.15133603839230184 0.12216282617209907
