0.125 0.125 0.125 0.125 0.125 0.125 0.125 0.125
0.07575757575757576 0.12626262626262627 0.09090909090909091 0.15151515151515152 0.0946969696969697 0.15782828282828282 0.11363636363636365 0.1893939393939394
0.06379183862841928 0.10631973104736547 0.057412654765577345 0.09568775794262893 0.12758367725683856 0.24300351494275768 0.11482530953115469 0.19137551588525786
0.07295173961840629 0.12906846240179573 0.09118967452300787 0.16133557800224468 0.08754208754208756 0.1548821548821549 0.10942760942760944 0.19360269360269358
0.09795787368174314 0.07714182552437271 0.19591574736348627 0.15428365104874542 0.08539917192767349 0.08399969081254634 0.17079834385534698 0.1345036957860858
0.0729875459640785 0.12164590994013084 0.10344258732073969 0.145975091928157 0.0912344324550981 0.17276424853548186 0.10948131894611775 0.1824688649101962
0.0606135524345969 0.10102258739099482 0.059856870647130564 0.09092032865189535 0.1212271048691938 0.2754145043201235 0.1091043943822744 0.1818406573037907
0.06081281432805246 0.1075919022727082 0.05301629967060984 0.09379806864800201 0.12162562865610492 0.26952654978729884 0.10603259934121968 0.18759613729600402
0.06826189393022511 0.12077104310732133 0.08532736741278138 0.15096380388415168 0.08191427271627012 0.2092122133929309 0.10239284089533766 0.18115656466098198
0.09484751615645366 0.07469241897320726 0.20512766198738944 0.14938483794641452 0.08268757818767755 0.09765189472791028 0.1653751563753551 0.13023293564559216
0.06140418220828085 0.10234030368046808 0.07421329019088635 0.09210627331242127 0.1228083644165617 0.2523875115916337 0.11052752797490552 0.18421254662484254
0.08022917772816394 0.15568892684142835 0.06994338571173266 0.12374599010537318 0.09627501327379673 0.2416902553589781 0.08393206285407918 0.14849518812644782
0.1215657753871179 0.11281462160214097 0.15195721923389735 0.12266426130929065 0.11953251276028069 0.12430627721840316 0.13676149731050763 0.11039783517836158
0.0914838313311561 0.08178508842172859 0.2094544261229785 0.14769678793222793 0.09171120035569426 0.0802706603011284 0.16467089639608098 0.13292710913900513
0.09196133754140247 0.07241955331385445 0.24812923058413827 0.1448391066277089 0.08017142247199188 0.07586651412353296 0.16034284494398376 0.12626999039338724
0.06122438920892651 0.1020406486815442 0.08476604929722269 0.09183658381338979 0.12244877841785302 0.24380648237821642 0.11020390057606773 0.18367316762677957
0.06624902871534816 0.12887954068676516 0.09482638982207116 0.1465122750435584 0.08899697231076181 0.19934752029620292 0.09937354307302222 0.17581473005227008
0.10294338280272614 0.08106791395714684 0.14917353166857 0.09728149674857621 0.1398904409371613 0.15362628874600995 0.1544150742040892 0.12160187093572025
0.06646155146283407 0.12691551319186212 0.10435482109471406 0.14698227727357538 0.09067337001212405 0.18854140704234898 0.09969232719425111 0.1763787327282904
0.09705469442583056 0.07172861272309819 0.22409217302430404 0.14345722544619638 0.08650805208587888 0.09328092315777425 0.15881304567100288 0.12506527346591478
0.07517923362491932 0.11422442600102749 0.12835654322578186 0.13706931120123297 0.09307148409285465 0.17796037945171775 0.10280198340092475 0.17133663900154122
0.06156688903480225 0.09541107608740468 0.06815051083887803 0.08586996847866421 0.13325834298797526 0.2809593134405501 0.10304396217439704 0.17173993695732842
0.07513609337607849 0.14573955800028404 0.07341045473355266 0.11589038465501654 0.11144541867386046 0.2607057159048289 0.07860391307035904 0.13906846158601982
0.08816151856469738 0.08170033442455779 0.19938476989488285 0.14233305406830662 0.09510001654285012 0.10652982442677397 0.15869073341645526 0.12809974866147594
0.10848273544188294 0.07847393077979059 0.17962754236790213 0.0941687169357487 0.14545607012539113 0.12660595431333088 0.14947415386626778 0.11771089616968587
0.05654266665486011 0.1079390945781299 0.06922250652714597 0.08721176592524775 0.1421312829896273 0.26394193781986564 0.0985872136546279 0.1744235318504955
0.06276905255898389 0.12336297523404798 0.09093281206721658 0.13881617392852208 0.09460964654476875 0.22877635211375832 0.09415357883847586 0.1665794087142265
0.0872752283500381 0.0793004996517278 0.210687168444929 0.14090217589042295 0.09546675433235868 0.10246080399907416 0.15709541103006858 0.12681195830138067
0.0936506390578066 0.13507247250039753 0.14939993921544734 0.16208696700047703 0.08267573239902826 0.15102371124156244 0.08478395196948031 0.1413065866158005
0.08128744353547991 0.11168107759495753 0.11103215302436299 0.13401729311394903 0.09612303163967129 0.19782441486368116 0.10051296983546179 0.1675216163924363
0.063887708492598 0.12586060175041225 0.10243078396434961 0.1412901245509379 0.09341027267787927 0.20774079636380033 0.09583156273889702 0.16954814946112548
0.08667412960539966 0.07894586557807434 0.2187041204651119 0.1399317273147416 0.09462140592107975 0.09917076324260594 0.15601343328971937 0.12593855458326747
0.08378270681008229 0.07306475229288033 0.2661675571013403 0.135263647139169 0.09163766722529083 0.07753751474783697 0.1508088722581481 0.12173728242525209
0.09619494594402299 0.0834783916650442 0.2094477589626068 0.09706417738327622 0.13972600547614192 0.1133192887929419 0.1442924189160345 0.11647701285993145
0.09028247757719422 0.07199615526046092 0.2617529000111286 0.13240626664256844 0.09798392692722148 0.07878952736132558 0.14762310624178898 0.11916563997831159
0.08879641219810304 0.07043185861404513 0.28388132297138796 0.1310430815000457 0.08971128699411549 0.07209400783415071 0.14610325653811065 0.11793877335004115
0.08791374917619357 0.06972087663069637 0.29279586828097437 0.12988715049869254 0.08757674929343853 0.07039269093607195 0.14481447973510944 0.11689843544882329
0.11781830495420953 0.09344801542047705 0.249453090351486 0.10886597270196044 0.11700266448546216 0.09405514141827555 0.12137743523636484 0.09797937543176438
0.09058945588280641 0.07145343642210569 0.2789446620023274 0.13007667932211506 0.09253638804588955 0.07430457670556874 0.1450257902292835 0.11706901138990355
0.08811031814658414 0.06982571960336444 0.29137733929334503 0.1299470076818546 0.08810597184364195 0.07080012049015945 0.14488121602738116 0.11695230691366913
0.10305141030441603 0.0817284541619844 0.21790873780194253 0.09520255007405834 0.1365661304194903 0.1097746722630263 0.1415249848862121 0.11424306008887
0.06986673269504146 0.12109835154625757 0.12916664753923698 0.13933757437621105 0.10293949983578289 0.1758788803964997 0.09450722435951706 0.16720508925145322
0.07090137018510544 0.12527069494660448 0.10802312400475408 0.13901205550369777 0.09573594417721613 0.19995590693219847 0.09428643764598632 0.16681446660443733
0.10823117446154183 0.0874393810073268 0.15729427041595942 0.09664562124036677 0.1453454236846756 0.14539917660406973 0.14367020709761985 0.11597474548844013
0.09859955737617741 0.07235830861665903 0.24047607419150854 0.13236531372077626 0.10484850194511014 0.08464601501089096 0.1475774467901789 0.11912878234869863
0.09534377161895687 0.07004716873020801 0.27509174568588696 0.13014491285725238 0.0943613041996588 0.07277880980760301 0.14510186552890678 0.11713042157152717
0.12560569688130005 0.09251533400509869 0.24149979817564737 0.10764829643005845 0.12208821627632406 0.09373937437996102 0.1200198170645577 0.0968834667870526
0.102996807736873 0.07011541752151347 0.27291761283965726 0.12743278246248946 0.09658927345715222 0.0731805592295372 0.14207804253653675 0.11468950421624051
0.13183227774387846 0.09179067457827007 0.23951969958784483 0.10673448293962579 0.12188940729033076 0.09317143999662512 0.1190009832177619 0.09606103464566319
0.10693996963154821 0.06980986614979405 0.27148648664470376 0.12690374764264786 0.09628926674843315 0.07286908211186607 0.1414882081926238 0.1142133728783831
0.10157262655237 0.06844747307639462 0.2856467924764023 0.1273466359023395 0.09091510496689405 0.06947739916267653 0.1419819955508173 0.11461197231210554
0.10005756504529915 0.06809731874173512 0.29123139625362415 0.1268669574717611 0.08946678623044238 0.06865252463493274 0.14144718989762023 0.114180261724585
0.09955529161079602 0.0679424276317214 0.2933690554387857 0.12661670723408708 0.08900521097357571 0.06838809104235102 0.14116817955800456 0.11395503651067837
0.1330959978190005 0.09091087177208992 0.246250654863061 0.10590171626267861 0.11899103463287053 0.0914656694941559 0.11807251051973272 0.09531154463641074
0.12553610034866963 0.08042014932432867 0.19820361625732694 0.09141900194722714 0.14718708349561294 0.1116307598133886 0.1359004864767735 0.10970280233667257
0.08462529170649181 0.11870654696223107 0.12349414464165513 0.13640352244803539 0.1062995396016395 0.1742695559549416 0.09251717174736314 0.16368422693764245
0.07760238023671032 0.12400071615513714 0.10614538104319936 0.13767066757182753 0.09755324781170785 0.19844617939433312 0.09337662670089172 0.165204801086193
0.10275014695980388 0.07655017260649395 0.22002780660805488 0.13533616970500958 0.0965872444514768 0.09605617742772361 0.1508897295069286 0.12180255273450863
0.1046818264024162 0.07025055388603896 0.26587484294484404 0.12989905303816351 0.09265128447917215 0.07490554133664774 0.14482775017837035 0.11690914773434716
0.10337430555194833 0.06855611176380128 0.2833702661941467 0.12748919131449785 0.0902706296179967 0.0700582891776509 0.1421409341969103 0.11474027218304805
0.08182337539131973 0.11901940108408271 0.1447973890372722 0.13853711874135452 0.09502054631703638 0.16059332031473805 0.09396430662457092 0.16624454248962545
0.10260917815013759 0.07524294148585967 0.23614308223575997 0.13363900297360717 0.09484623237976804 0.08824694484297273 0.14899751525564858 0.12027510267624646
0.1041837686786583 0.06972337221990133 0.27208785022628146 0.129066734028675 0.09174433565824482 0.07313410196628191 0.1438997765961496 0.11616006062580751
0.09434621815242134 0.1369909539345649 0.16330770745265988 0.15928983889426457 0.08218807153410534 0.13948630654615055 0.08103004848099546 0.14336085500483808
0.10499170091662204 0.07598312347235134 0.24353995730866101 0.1326835623651702 0.09146765120524451 0.08398652832451836 0.1479322702787793 0.11941520612865318
0.08242275012608632 0.12023119896418934 0.1354732254190004 0.13898915984719723 0.09544690683172444 0.1663788585770667 0.094270908418099 0.16678699181663667
0.10315981831773299 0.07556636257324596 0.23230160764260727 0.13407066932092532 0.09523059175860529 0.0895285569790487 0.1494787910190018 0.12066360238883278
0.10454950700550815 0.06983711005644194 0.2705803454666073 0.12923984113561446 0.09193964383669097 0.07344491737513792 0.1440927781019463 0.11631585702205303
0.13799406393384558 0.09126142232429067 0.2378208372995309 0.10610497331819035 0.12004226938579583 0.09298283078378412 0.11829912696819132 0.0954944759863713
0.14706467429742598 0.09192673869043581 0.22334509001809302 0.10443899724671876 0.12648686417755317 0.09630085007265338 0.116441687975073 0.09399509752204688
0.1136907847473801 0.06971377560220515 0.2640293961240705 0.12662009643715633 0.09724582763355757 0.07357007439568843 0.14117195826650117 0.11395808679344069
0.10556443045177215 0.06833375333424156 0.2821766840191528 0.1271064111529436 0.0910338356215455 0.06967495250023414 0.141714162882461 0.11439577003764925
0.1031700624434163 0.06792720224833547 0.28940348028562635 0.12652666430677983 0.08933291725703568 0.06869788716902606 0.1410677884136784 0.11387399787610186
0.10237632603623206 0.06773762534270622 0.2921927773255141 0.12621843803833163 0.08877913946257245 0.06837496043382621 0.14072413912631898 0.11359659423449846
0.11973500677300872 0.07934692610043036 0.21495297278586015 0.09242169250500927 0.13851533529755147 0.1067309821963241 0.1373910533358048 0.11090603100601112
0.14229437089013486 0.09153352386975032 0.215650873373007 0.10528256410033753 0.13298899693873295 0.10011316107362588 0.11738220206410767 0.09475430769030377
0.12972625415640576 0.08032060830923339 0.18752300569101707 0.09121661984935556 0.1520869187945011 0.11406701748480057 0.1355996318954599 0.10945994381922666
0.11094456562612218 0.0698509178418046 0.2499050983605044 0.12840524371629738 0.10454660599161286 0.07762058485619378 0.1431622642627972 0.11556471934466764
0.10541016277108482 0.06867655531314658 0.2767098838419717 0.12773901978808336 0.093386239488681 0.07069354668671526 0.14241947430104215 0.11496511780927501
0.13792035595467314 0.09086548087241218 0.23971040930079898 0.1057481574322328 0.12058789097182905 0.09209305989564437 0.11790130388339987 0.09517334168900951
0.11105444931853187 0.06935701243998482 0.27075049746550817 0.1261093525328042 0.09608128376827704 0.07254647026700484 0.14060251692836528 0.1134984172795238
0.10470171303415977 0.06812778241402885 0.28473965340834895 0.12675667852229355 0.09094212632598601 0.06932679852638247 0.14132423709873623 0.1140810106700642
0.12043364407342633 0.079409168152858 0.212466637912075 0.0924584166053544 0.1398137688494641 0.10702261830288515 0.1374456461775119 0.11095009992642527
0.0842009028598104 0.11851167267777185 0.1268130684907962 0.13630156233202084 0.10522472312442893 0.17293817952633267 0.09244801619041415 0.16356187479842502
0.10366495426284414 0.07545137994588329 0.2282325627207009 0.1340249282266984 0.09780902186571766 0.09076692446167375 0.1494277931124533 0.12062243540402857
0.10477490239046829 0.0698698700149872 0.26886939395618015 0.12930779981789964 0.0929255265020828 0.07370694052112142 0.14416854696115078 0.11637701983610967
0.10349406997329672 0.06838452566460401 0.2843757683478235 0.1272020622667479 0.09051994221874259 0.06972096875250224 0.14182080673620998 0.11448185604007312
0.10261681318922793 0.06787073053175882 0.2902411331754225 0.1264104373012318 0.08950453378255539 0.06864875447254558 0.14093820397614948 0.11376939357110862
0.10219817907591618 0.06768329947759477 0.2924586423290821 0.12611764701007064 0.08910346666344664 0.06832111848329961 0.1406117646515265 0.11350588230906357
0.11962612304497273 0.07928164751022962 0.21494438898703244 0.0923459297662285 0.13906539515046237 0.10664297288553491 0.13727842693606507 0.11081511571947421
0.12383319840887251 0.07965017058148968 0.1876998672120688 0.09161574584868781 0.1549185088072471 0.11615065462277138 0.13619295950043742 0.10993889501842535
0.10955756784833622 0.06982668638063497 0.25005678782557533 0.12844972965535384 0.1052872011992266 0.07800540763605564 0.14321186276499895 0.11560475668981844
0.13977975957311034 0.0913437229461015 0.23009678540012599 0.10618959171155687 0.1245093289333735 0.09411670873334098 0.1183934701619895 0.09557063254040118
0.11181578737665528 0.06959188858715609 0.2668883856025273 0.1264816763888342 0.09727036928423638 0.07310075376816355 0.14101763024247632 0.11383350874995078
0.1399596215971155 0.09093804425908761 0.23593852527543596 0.10572579824603034 0.1217702016075309 0.09263821553399229 0.11787637505938009 0.0951532184214273
0.11164663261330116 0.06942228940973015 0.26919489074291825 0.1262172111340451 0.09649628512036498 0.07270442973940032 0.14072277121959953 0.1135954900206406
0.10488820492164803 0.06816057221644448 0.28412090238467574 0.12680961547066966 0.09112662648108986 0.0693821667562125 0.14138325784565706 0.11412865392360269
0.08226709393904716 0.1188360955180146 0.14492302422082312 0.13835943061985073 0.09556239052734579 0.16017686070632947 0.09384378772476833 0.16603131674382088
0.10275447774111603 0.0751677126976646 0.2360616290014982 0.13351059894029735 0.0953689315668716 0.08812275666538591 0.1488543543408987 0.12015953904626762
0.10429168343152621 0.06966270249486917 0.27194040710874007 0.12895277538047276 0.09225623212558676 0.07306598040859873 0.1437727212077808 0.11605749784242547
0.10326460438042401 0.06828650025984905 0.28553891594524333 0.12704071870282102 0.09036008002088382 0.06953161315524374 0.141640920702996 0.11433664683253894
0.10251358086009978 0.06782688122007748 0.2906689934860237 0.12633814200454732 0.08950875628496714 0.06858171822467415 0.1408576001155177 0.11370432780409259
0.08179326332020867 0.1187427193907817 0.14643358106709906 0.13829084790506865 0.09519322138225583 0.1598000786955006 0.09379727075300308 0.16594901748608235
0.102591472861381 0.0751257056505198 0.23669103206483813 0.13344628009890425 0.09524414103300628 0.08801707256967785 0.1487826436326589 0.1201016520890138
0.10423129706131873 0.06964438606741595 0.27218691536445755 0.12892344018812157 0.09221027938852133 0.07303257110335291 0.1437400146575027 0.1160310961693094
0.10324180092678764 0.06827911059000781 0.2856335087429023 0.1270289675241427 0.09034272708459574 0.06951999534411202 0.14162781901572327 0.11432607077172845
0.10250495577994405 0.06782400922172195 0.29070502595274084 0.12633359936759891 0.0895021639770592 0.06857747085577308 0.14085253541432294 0.11370023943083901
0.13661128033456763 0.09048882625247091 0.24459287460870416 0.10538589389497102 0.11924436850118045 0.09133204482868672 0.11749740707394528 0.09484730450547389
0.11056740148691899 0.06920852961147064 0.2726674938377327 0.12587857757421558 0.09574737842154543 0.07229467917977178 0.14034522007155079 0.113290719816794
0.0956554678787021 0.13652997578050688 0.16329083659400812 0.1587835665185406 0.08318748440716342 0.13887494902974334 0.0807725099246489 0.14290520986668653
0.13874457626914502 0.09999335726356126 0.20044293600215884 0.10915985269817263 0.12125347461649676 0.11045684622131169 0.12170508950079843 0.09824386742835536
0.11281794100734889 0.0710574653354923 0.255400790740897 0.12810876405460014 0.09770437770368762 0.07678106194348129 0.14283171156535268 0.11529788764914012
0.1056910104453294 0.0686454448466533 0.2788750361857003 0.1275248476712124 0.09187518665974925 0.07043542291353931 0.14218068837372486 0.11477236290409115
0.10329369611204037 0.06799704876353306 0.28808423599159305 0.12661497875437225 0.09001310757156858 0.06887719949584432 0.1411662524321135 0.113953480878935
0.13693241150719268 0.0905587447173958 0.24367564070050796 0.10545155945663572 0.1194536966935556 0.09145092413895373 0.11757061927478639 0.09490640351097214
0.12803212520120671 0.08009201011470915 0.19687978694850694 0.09104051328846265 0.14779550245361384 0.11157360838270551 0.13533783766464 0.10924861594615519
0.11023151644013043 0.06962941973986199 0.25373241443254035 0.128021536365696 0.10346375037915884 0.07696752071173242 0.1427344592017536 0.1152193827291264
0.08326911760234963 0.11904547454794547 0.13774046216483202 0.13841528066733708 0.09836862192168667 0.1631810376685031 0.09388166862654167 0.16609833680080446
0.1355678349909538 0.09895661405255694 0.19130836210288943 0.10983187588632402 0.12635364308167568 0.11667863638330542 0.12245434520460305 0.09884868829769161
0.11238728951867606 0.0712045866442205 0.2517359727676045 0.1285117766976034 0.09912550518802381 0.07809322956929757 0.14328104058673094 0.11566059902784306
0.10572182650702855 0.06874771698383242 0.27746536730843385 0.12770032460505626 0.09230874617936197 0.07074939421206909 0.14237633205966718 0.11493029214455064
0.10335068789464881 0.06803912646897585 0.28754692303751117 0.12668207204023008 0.09016190016321324 0.06896436912033016 0.1412410564388834 0.11401386483620708
0.13696501090113888 0.09057327197494396 0.2434874399889347 0.1054644681386459 0.11952599316753935 0.0914807830121225 0.11758501149189328 0.0949180213247813
0.08727392171432143 0.11965123147422199 0.13415088371978431 0.1360053123444674 0.10077327527198027 0.16669191924561638 0.09224708141624746 0.16320637481336087
0.10416381415159648 0.07534583683635104 0.23126935662697595 0.13368962531006176 0.09670631462306697 0.08945043428988315 0.14905395538300914 0.12032066277905559
0.10477236968546659 0.06977455069321632 0.27002788075677703 0.12913920235563653 0.0926850850633098 0.07339505595289321 0.14398057337262757 0.11622528212007288
0.1034410396940808 0.0683383015276104 0.28479847837028377 0.12712475564486994 0.09051987503031708 0.06963065403048814 0.1417346156219669 0.11441228008038294
0.1201148993810904 0.07944566114593622 0.21251514385176482 0.09248317823672739 0.1398528638121414 0.10712598368262444 0.13748245600564252 0.11097981388407285
0.08413112091337754 0.11849461239692476 0.12681040666229418 0.13627449346494264 0.1053763953526996 0.1729539226147386 0.09242965643709153 0.16352939215793114
0.10363603684381768 0.07543955480776875 0.22820750673755413 0.13400267046759334 0.09794729749984649 0.09076155285050759 0.14940297737207794 0.120602403420834
0.10475821920402115 0.06985958457859141 0.2688396620870975 0.1292882476031178 0.09304997546789882 0.07369814051567779 0.14414674770078956 0.11635942284280604
0.08231878605053747 0.11921281646385234 0.14137269111102288 0.138591852408366 0.09613367460202253 0.162058526145007 0.0940014303291526 0.1663102228900392
0.10289074874165745 0.0752867362107951 0.2346050696142896 0.13367919828002242 0.09562949581609229 0.08855514286247111 0.14904233002265183 0.12031127845202017
0.10437540696641734 0.06970718069892089 0.2713725966583022 0.12902166336249649 0.09237806667493503 0.07317606244583812 0.14384952616684307 0.11611949702624683
0.10330280901097294 0.0683023159933605 0.28531884856409045 0.12706495870322393 0.0904218161399002 0.06956284226106062 0.14166794649448994 0.11435846283290153
0.10252837289605163 0.06783171211654301 0.29058200456589733 0.1263451052028009 0.08954604579418284 0.0685908011800746 0.14086536356192875 0.11371059468252082
0.08179505360426712 0.11874125699714716 0.14641208692773444 0.13828823654664313 0.09522066581483156 0.15980131668263825 0.09379549957076665 0.16594588385597175
0.11691383740558402 0.08561290447766993 0.16857650056087978 0.09504644627748818 0.14476161405871782 0.13374003557864717 0.1412929261080272 0.1140557355329858
0.14284420225564073 0.09311273723124656 0.19917315134806424 0.10647063428293443 0.13654886660903717 0.10732002576268669 0.1187068116557493 0.095823570854641
0.14936880632283672 0.09253469153463394 0.20907729796408273 0.10493369173013228 0.1326201853300104 0.10003176915460461 0.11699323540658033 0.09444032255711905
0.11468719238753128 0.07000642163823592 0.258139673498389 0.12706925684093623 0.09957866394504135 0.07448372193574102 0.14167273859728263 0.1143623311568426
0.14106384116905893 0.09111695372876823 0.2327999948142815 0.10589478262520316 0.12266660334461169 0.09308773992401043 0.11806478003138322 0.09530530436268284
0.12929753915496578 0.0802244170200585 0.19329933632113236 0.09114515904190243 0.14904592326022323 0.11212003374586046 0.13549340060557438 0.10937419085028291
0.11064830995813857 0.069710428067396 0.2522526157459007 0.12815467862700858 0.10387181978962458 0.07714003416049632 0.1428829028871275 0.11533921076430774
0.08335247202106792 0.11906531753733267 0.13739863500102312 0.13842837903655364 0.0984901797241412 0.16326040909818085 0.09389055273783638 0.16611405484386435
0.07688936795093163 0.13336168250199842 0.10852282770093051 0.13617895685314896 0.09559773870762046 0.19366982036989014 0.09236485769170102 0.16341474822377872
0.1019867960853273 0.08377779066998797 0.21964158923639238 0.13391154647648254 0.09595137581712278 0.09490912896356551 0.14930138092228723 0.12052039182883428
0.10431626734801128 0.07472003999046173 0.26492792933554127 0.12902258926770854 0.09257877734558574 0.07446350788969656 0.14385055848205713 0.11612033034093769
0.10316804663336432 0.07236245527091818 0.2823300450243918 0.12671758282121573 0.09034605574857764 0.06974934165281392 0.1412806483096241 0.11404582453909416
0.10225463851603252 0.07160414814943791 0.28894206859466764 0.12583873839754015 0.08930414247456844 0.06850059694733661 0.14030080236263057 0.11325486455778615
0.10180170754951533 0.07133735766118318 0.2914522023780069 0.1255126679700904 0.08887340210590149 0.06812400299258334 0.13993725816963806 0.11296140117308136
0.10160645739623628 0.07123982502159691 0.292406151580382 0.12539110121946037 0.08870393693312076 0.0679988164368582 0.13980172031483118 0.11285199109751434
0.1015271845762517 0.07120349214496177 0.2927690742985749 0.12534541304107344 0.08863863896265763 0.06795454383401917 0.1397507814054953 0.11281087173696609
0.11895105247210858 0.08343294238730165 0.21455063425810203 0.09180118465152189 0.1384711262306014 0.10616301168284299 0.1364686267356952 0.11016142158182628
0.1072196790792956 0.07364940528337717 0.26052533601502104 0.12681264895493882 0.10072303483085941 0.07555187182282519 0.14138663995423778 0.11413138405944495
0.12088907496495786 0.08405391974252842 0.20398906275770787 0.09212859976434731 0.14290548083322396 0.10852419092854028 0.1369553512914775 0.11055431971721677
0.1421237304012885 0.09730915535483364 0.21068586390135013 0.10461910738381716 0.13420618695234887 0.10025626202404346 0.1166424973368827 0.09415719664543544
0.11249988420318036 0.07507363174303434 0.25812105535339874 0.1262038093516936 0.09952438994094041 0.07428597175881764 0.1407078292324106 0.11358342841652423
0.08317735889284275 0.12553527201717138 0.13813166723263456 0.13725932318860973 0.09688745314190622 0.16120010979866406 0.09309762790183965 0.16471118782633165
0.10254752160117911 0.08199382365710164 0.23205167370291033 0.132623040493973 0.09531593077829449 0.0882424804130137 0.147864792908952 0.11936073644457572
0.10398508924638376 0.07415787446998827 0.26974047262684675 0.1283958405750959 0.09203136474305393 0.07298132135896063 0.14315178046208452 0.1155562565175863
0.1029119040135239 0.07216339672395927 0.2841639137356543 0.12647491156785384 0.09007547821552102 0.06937288736049857 0.14101008797192063 0.11382742041106847
0.08140924898785934 0.12497193489200936 0.14429966206039738 0.13730845834810693 0.09479600640025584 0.15931358493579648 0.09313095435784642 0.1647701500177283
0.0764980629050934 0.1345121931766723 0.11006713222639919 0.13609746318089577 0.09474623489585492 0.19245237407531482 0.09230958372269453 0.16331695581707495
0.10184798656847384 0.08388831470327827 0.2203149887411509 0.1338580332875198 0.09572540630913866 0.0946513227215552 0.14924171771011538 0.12047222995876784
0.09351003374622302 0.14687417282018228 0.14865644435375883 0.15847938786122445 0.08297414094062446 0.14625659563869686 0.08061777556418809 0.14263144907510197
0.11932955263406163 0.0961380460384485 0.1683922270148315 0.09408555671700077 0.13966429733414276 0.12962315296210974 0.13986449923900413 0.11290266806040093
0.10903386521596808 0.07645964361256408 0.24201039804413604 0.12902319806951645 0.10259145458107807 0.08090932496353252 0.14385123725063997 0.11612087826256481
0.10494171076058434 0.07303190569988388 0.27318649582152804 0.12752455604505272 0.09306417922454079 0.07129868877554295 0.14218036323231997 0.11477210044054745
0.1029733725175581 0.07190311834560194 0.28540595486850995 0.12623810882141834 0.09014879928172043 0.06897027764442289 0.1407460705814918 0.11361429793927652
0.09335993664486396 0.143229518012213 0.16580479460710834 0.1574312188473532 0.08153594392543756 0.13686591445631768 0.08008457654408836 0.14168809696261786
0.10396534040397482 0.08333721783879985 0.24319920866403005 0.13115856078234428 0.09097581877948208 0.08308914150724223 0.14623200732001665 0.11804270470410984
0.13806092719543842 0.09834139820358549 0.22756835406162626 0.10616167725197705 0.12055712512227365 0.09540266101559326 0.11836234762272664 0.09554550952677933
0.09984077053269322 0.1475998112452533 0.14896308154652013 0.15486439720023448 0.086451166751927 0.14412396971086766 0.07877884553229321 0.13937795748021103
0.13891094109603075 0.11039569179614496 0.19333628141077944 0.10784854796386875 0.12115038492138269 0.11105137706369964 0.12024308258061187 0.09706369316748187
0.11261054605832653 0.0773458099744974 0.2516174575773798 0.12742035235788635 0.09746931689156665 0.07679401612072158 0.14206418389752404 0.11467831712209772
0.10541170149468229 0.07286012095994339 0.27684278620800085 0.12700988464688787 0.09163143987144268 0.0703286276051646 0.14160654303167944 0.11430889618219907
0.1372761610177677 0.09571797123253858 0.23901325036251553 0.1050530482189806 0.11964279243658883 0.0916227243500807 0.11712630898444554 0.09454774339708254
0.1276105037821623 0.08583164664097767 0.19471626910394751 0.09041991919350631 0.14726925913710168 0.11123321624930249 0.13441528286079446 0.10850390303220758
0.08485345506212363 0.125780893908036 0.12178048394219121 0.1347892047180735 0.10623844817596387 0.1733882253318388 0.09142224320008466 0.1617470456616882
0.10331883456826779 0.08230922743663788 0.2248525237024639 0.1330170609914924 0.09773208326434969 0.09075081878527384 0.14830409635917138 0.11971535489234317
0.13838807363573763 0.09857421312799955 0.22109890112028277 0.10662068191380578 0.122954823052054 0.09753058986110857 0.11887410356658644 0.09595861372242519
0.11141664893078643 0.07513324729767598 0.2626550602573212 0.12609343347621724 0.09692936922111946 0.07370338232002417 0.14058476836826012 0.11348409012859552
0.10471571251951364 0.07229095280078021 0.2810761126466958 0.12645330560328255 0.09115434781090363 0.06951559464206093 0.14098599893380903 0.11380797504295428
0.10263087550166691 0.07160089971294115 0.28840378790639865 0.1258432370797923 0.08948943093245847 0.06846703743731028 0.14030581805761919 0.11325891337181308
0.10190320322211341 0.07134602375763091 0.29123620619662677 0.12552854991209045 0.08892839956664182 0.06812695707426672 0.1399549653497486 0.11297569492088141
0.10163639218134886 0.07124521075594745 0.2923212426579464 0.1253989255811657 0.0887253227294537 0.06800342917686379 0.13981044389422503 0.11285903302304913
0.10153650220331407 0.0712057506595079 0.2927356001363468 0.12534828044118618 0.08864957468385949 0.067956861136082 0.13975397834263592 0.11281345239706755
0.10149875882350383 0.07119050340967363 0.29289365121754185 0.1253288050205206 0.08862096603151093 0.06793912627679727 0.1397322647019834 0.11279592451846855
0.13559202177771626 0.09510888190238921 0.24463241846323272 0.10465013606543287 0.11839079610170519 0.09076353122932308 0.11667709200131096 0.09418512245888958
0.1452226062613853 0.09793008981405081 0.2246403063586869 0.10325935981394943 0.1258012343481819 0.0950864993010118 0.11512648027017944 0.09293342383255447
0.11272193730167447 0.0747837773239584 0.2636708185511651 0.1255583017182004 0.09724106010975736 0.07303349705558687 0.13998813639327712 0.11300247154638034
0.13963863232272183 0.0960521016049642 0.2339992694384001 0.10506321098343686 0.12128286705709529 0.09226938899988951 0.11713763970839901 0.09455688988509317
0.1467295730079468 0.09824276906380144 0.2207616403506371 0.103438660088759 0.12682294305771366 0.09558323365528429 0.11532638669597457 0.0930947940798831
0.14904469833282483 0.09861878986230427 0.21565458512592472 0.10343630488555618 0.1284556578645527 0.09637352871167178 0.11532376082016488 0.09309267439700056
0.11392499322357172 0.07505832826038769 0.25998514727305905 0.12588340603333242 0.09806067140974127 0.07344178492677537 0.14035060344313333 0.11329506542999918
0.10536243657168484 0.07231564450551214 0.27996396545067326 0.12650834624149696 0.09144051227473694 0.06950421820064087 0.14104736513790775 0.11385751161734725
0.12022030735941765 0.08375198626518746 0.21044552851545853 0.09199665513239523 0.1396564173002851 0.10677391253425397 0.13675920673412784 0.11039598615887426
0.10765896317370353 0.07378293463376932 0.258857136992595 0.12698053461673098 0.10111149587524738 0.07575263361454053 0.14157381993835527 0.11428248115505787
0.1039884745402795 0.07224844681843022 0.2796701568912619 0.12667730755429868 0.09219101355064771 0.06997927945358456 0.1412357443926285 0.11400957679886879
0.13674265033552957 0.09555475831286649 0.2399992467790177 0.10497547849244482 0.11972694998871969 0.0914831609200777 0.11703982452814368 0.09447793064320033
0.08659260019571788 0.12776411420498834 0.13251540159235753 0.1346275695327851 0.10006896230113148 0.16556565635491896 0.09131261237875858 0.1615530834393421
0.13533503698693466 0.10769414136409745 0.18763827150444656 0.10844517164976196 0.12570185260456723 0.11667659793917909 0.12090827346622712 0.09760065448478575
0.111956527479589 0.0771607608521754 0.24932523211282323 0.1276703918560422 0.09865272388972787 0.07798805186090042 0.1423429592783038 0.11490335267043798
0.10533612964105088 0.07289448619684753 0.27595458005159895 0.12711165479953387 0.09195591388942505 0.0706267369448708 0.14172000915709226 0.11440048931958051
0.10295900184986735 0.07180671076894535 0.2864490636281535 0.12608905528435618 0.08981977397954086 0.06881635772215056 0.14057988701106577 0.11348014975592056
0.1362351618336633 0.09534638653102845 0.24238220776613506 0.10481396073658329 0.1188931520770327 0.09113682210871024 0.11685974428392196 0.09433256466292496
0.11011297653057553 0.07418047791532456 0.2710650454086144 0.12510124373287185 0.09536216493351322 0.072108421271075 0.13947855084844066 0.11259111935958466
0.12147442541032677 0.08396045270881179 0.20734301306905317 0.09192201479100763 0.14088408514651668 0.10746134227157697 0.1366482488534979 0.11030641774920914
0.10804181885141555 0.0738615175781864 0.2575572348201922 0.12706816940906027 0.10145517150086449 0.07598320918023425 0.14167152619189258 0.11436135246815425
0.08233696770497051 0.12528684808433826 0.1379737509858528 0.13727776324562005 0.09732115765887575 0.1619600613546562 0.09311013507094229 0.16473331589474402
0.10234202505171709 0.08196318644097497 0.23197984741220556 0.13261879457034298 0.09541557012088345 0.0884636022696027 0.14786005902096447 0.11935691511330869
0.08135874250649688 0.12722028358745543 0.13195237233836213 0.13767195122057874 0.09607834488539986 0.16713446664740259 0.09337749734960993 0.16520634146469448
0.07640131413752897 0.13481917600332394 0.10710365303513622 0.13595591948671637 0.09492185148613091 0.19543740229350504 0.09221358017359893 0.1631471033840596
0.10190427417235048 0.08399360477744837 0.21902427892041595 0.13395554145397806 0.09584411969135104 0.0953677616368883 0.14935043203898746 0.12055998730858024
0.0812526210623225 0.12762736530481203 0.12885261431680073 0.13768848753434929 0.09614763165750538 0.16981638179882347 0.09338871328416735 0.16522618504121914
0.11614671790233902 0.09359424744297357 0.16178176975797365 0.09432483892095063 0.14436214688287835 0.13638026408137563 0.14022020830636842 0.11318980670514076
0.10847507579791033 0.07629472094223451 0.23926888006475688 0.12927471797172305 0.10383713629718873 0.08237055958017724 0.14413166317145837 0.11634724617455074
0.10489973523601613 0.07307643122508932 0.2721115959405245 0.1276392954341574 0.0934153620667109 0.07167392511822937 0.1423082890885307 0.11487536589074164
0.10299611151986392 0.07193141308309708 0.2849876834784406 0.1262786265506402 0.09025493328114602 0.06910922336537291 0.14079124482586305 0.1136507638955762
0.09335864815196929 0.14322570937642673 0.16568373670478279 0.15741828323686924 0.08155350685218124 0.13700566450931148 0.08007799625527696 0.14167645491318231
0.136687701618138 0.10956658887586947 0.19979782389248896 0.10776960720261683 0.11961799986148856 0.10941256254412562 0.12015506952291756 0.09699264648235513
0.11185724574149608 0.07709207357460027 0.2542731082290143 0.12716180234134586 0.09695201739605688 0.07644221068641661 0.1417759199238587 0.11444562210721128
0.1051369300123468 0.07275890744700152 0.27787387827745325 0.12687942483737852 0.09143940144832001 0.07025888554397601 0.1414610900798832 0.11419148235364068
0.10284271187626033 0.07173931737144486 0.28718151763799626 0.12599434720750222 0.08965028533703488 0.06872261350986891 0.1404742945731405 0.11339491248675199
0.10199144007646646 0.07139013481526611 0.29076525673790377 0.12557813945572682 0.08899741395255918 0.06824703546173255 0.14001025399019093 0.11302032551015415
0.10166840678083543 0.07125797222289028 0.2921355368042722 0.12541132614118689 0.0887509319455983 0.068081362984915 0.1398242695932337 0.11287019352706817
0.13565836841024964 0.09512873278199362 0.2443588448048103 0.10465998373763023 0.11844061060442494 0.09087140287611402 0.11668807142091014 0.09419398536386721
0.09921036358227985 0.14661207340612697 0.1533722420872892 0.15458214471875098 0.08594094656244972 0.14252303447408007 0.07863526492214724 0.13912393024687586
0.07967681097136124 0.13878080905586926 0.11207753404490665 0.13575863290596563 0.09267649913211648 0.18603958599683654 0.0920797684057854 0.16291035948715876
0.1025471213851304 0.08435446713565953 0.2211223506705518 0.13374122438835925 0.09518620024088131 0.09357004972526108 0.14911148450463335 0.12036710194952333
0.10439008558187306 0.07474516267298283 0.2654952811997154 0.1289397912969325 0.09236669435701758 0.07425892780064447 0.14375824492359487 0.11604581216723925
0.10315877109825652 0.07234488353726423 0.2825381360518301 0.1266780094949388 0.09028307904563918 0.06975038522256745 0.14123652700405864 0.11401020854544493
0.1022390688357627 0.07159123732510028 0.28901335028421593 0.12581713791987015 0.0892845875883464 0.06854247447681686 0.14027671944200445 0.11323542412788312
0.1359351951340506 0.09525605789329576 0.24327901769751067 0.10474778188323382 0.11867813880142877 0.09104484509441223 0.1167859598011577 0.09427300369491043
0.11000868676264126 0.07414611242005323 0.2714196619163571 0.12505906812088236 0.09528912562135548 0.07209265566141038 0.13943152818850613 0.11255316130879411
0.09484134443170159 0.14369715156878984 0.1620202759871498 0.15733047162953903 0.08250307039733859 0.13797693464647828 0.08003332687241768 0.1415974244665851
0.09114192616129743 0.15968123123369568 0.131788320443141 0.15695176747721487 0.07966582572215185 0.15967365651633567 0.07984068171667016 0.14125659072949337
0.10409073952026911 0.09144838959270325 0.22823434988422758 0.13175321719672667 0.09113385535365878 0.08786654813065192 0.1468950048447087 0.11857789547705401
0.0933590664481359 0.15359282902324797 0.14995428285002685 0.1571344494606869 0.08152409630219384 0.1430806601536975 0.07993361124739289 0.14142100451461817
0.07804220058155334 0.14789608192838735 0.11057106689864327 0.1345992358553403 0.09103716097368884 0.1850417759819214 0.09129339475405693 0.16151908302640838
0.10171568416757779 0.09030371233619744 0.2195807144982632 0.13293960878287012 0.09444725420680894 0.09314963517712642 0.1482177429265731 0.11964564790458312
0.10395697170267582 0.07828826643703904 0.2644198649894897 0.12847065448258424 0.09199317811377646 0.07401228285430232 0.1432351923858066 0.11562358903432582
0.10284544314680368 0.07517701194935884 0.2817506244674208 0.1262627673619425 0.0900089736682711 0.0695451257664681 0.14077356301398664 0.11363649062574825
0.10195243825545759 0.07422290476310074 0.2883632103434681 0.12540555781714866 0.0890302050668842 0.06834284337610391 0.13981783834240305 0.11286500203543379
0.11883215420429896 0.08651248890972574 0.21283193025599562 0.09152161936838778 0.13832001534940272 0.10610281450458037 0.13605303416554362 0.10982594324206532
0.08292523613587513 0.13039348309540638 0.12566197733986934 0.13417462394612736 0.10388986550177769 0.1709398681343049 0.09100539711128638 0.16100954873535284
0.10206309390565321 0.0892898830179678 0.2252752666621743 0.1316502192881703 0.09652537407950482 0.08993079582409695 0.1467801698630794 0.11848519735935326
0.1036291864533536 0.07947087351813835 0.2663108245539677 0.12781835018692816 0.09207188898498146 0.07315443935882016 0.1425079217755751 0.11503651516823533
0.10254349378942748 0.07664511638767335 0.28223970266717946 0.12587947236261912 0.08982260527096905 0.06923186670192888 0.1403462176938455 0.1132915251263572
0.11893177880212084 0.08853822396813986 0.21070666360149962 0.09142718403540433 0.13850174313413668 0.10626913591582131 0.1359126497003921 0.10971262084248519
0.10691010822019588 0.07865127669810629 0.2582348595726862 0.12613996275333442 0.10048095639153533 0.07542022484622925 0.14063664503991163 0.11352596647800096
0.10343583458441598 0.07657823664667575 0.27882380167471466 0.12595828991975436 0.09171658607145278 0.06969069678706358 0.14043409338814403 0.11336246092777892
