0.125 0.125 0.125 0.125 0.125 0.125 0.125 0.125
0.099626400996264 0.07845579078455792 0.199252801992528 0.15691158156911583 0.08685378548392246 0.06839735606858895 0.17370757096784492 0.1367947121371779
0.0745303753200788 0.12421729220013136 0.1056354961590544 0.1490607506401576 0.0931629691500985 0.15527161525016417 0.11179556298011822 0.186325938300197
0.09252272085186682 0.15420453475311138 0.09132283157848368 0.13878408127780023 0.11565340106483352 0.22015392074887402 0.10408806095835017 0.08327044876668013
0.08885540664742943 0.1480923444123824 0.08682397786189472 0.13328310997114418 0.11106925830928681 0.251943704336818 0.09996233247835813 0.0799698659826865
0.06940385294664166 0.11567308824440278 0.09020662215434025 0.1388077058932833 0.08675481618330208 0.22153850279146314 0.1041057794199625 0.17350963236660416
0.07295173961840629 0.12906846240179573 0.09118967452300787 0.16133557800224468 0.08754208754208756 0.1548821548821549 0.10942760942760944 0.19360269360269358
0.12890852268602493 0.10151546161524462 0.16799868880276003 0.12181855393829356 0.12166358785354019 0.11703624768127002 0.1348581468099953 0.10620079061287131
0.07925427719255168 0.11752833101829725 0.09828451904287064 0.14103399722195667 0.09845402929868222 0.18337685178172822 0.10577549791646752 0.17629249652744586
0.07469236455973767 0.11562777089629912 0.09116250135657042 0.13875332507555896 0.09497515054370705 0.20728223741700896 0.10406499380666921 0.17344165634444866
0.0734053773159839 0.11399529222856258 0.0894116608726821 0.13679435067427512 0.09940468356221786 0.2133999339977283 0.10259576300570634 0.17099293834284388
0.07238556985087212 0.12806677742846606 0.09048196231359014 0.16008347178558255 0.09462356478832262 0.15368013291415925 0.10857835477630817 0.19210016614269906
0.09992243839671047 0.07352901987263126 0.20312100400915314 0.14705803974526252 0.09787641497448843 0.0874893429767373 0.16279929511889052 0.1282044449061263
0.10950829971344951 0.0883982660337484 0.13688537464181186 0.1104978325421855 0.15177245920750979 0.10607791924049807 0.16426244957017425 0.13259739905062257
0.09209088075556952 0.13843196558698426 0.12334146856587266 0.16611835870438113 0.09649017705413811 0.15181333616591766 0.08689267993767628 0.14482113322946047
0.0717344539375326 0.12691480312024997 0.08966806742191574 0.15864350390031245 0.10276752228901542 0.15229776374429999 0.10760168090629889 0.19037220468037494
0.10291460702502607 0.07213581468467363 0.2114860003024549 0.14427162936934726 0.09770229184826927 0.08599976584887495 0.15971462429166647 0.12577526662968735
0.11799050730863322 0.08699509853823983 0.1347125593036176 0.10874387317279978 0.1550161244591209 0.10439411824588779 0.16165507116434116 0.13049264780735972
0.08362641456151303 0.12379729937567051 0.08746548325454982 0.15474662421958812 0.11115289036890848 0.1485567592508046 0.10495857990545979 0.18569594906350576
0.09595428016304773 0.14481988378854227 0.10231839615494832 0.18102485473567784 0.09053576394653237 0.13033789540968804 0.0920865565394535 0.16292236926211
0.11042777435357602 0.074308473861425 0.2018659394969202 0.14861694772285 0.09845117924539792 0.06687762647528249 0.16569680589398347 0.13375525295056498
0.11920783491692061 0.07866216372412518 0.17338822371979754 0.09439459646895024 0.1520512242017149 0.11447001857444633 0.1498326928078575 0.11799324558618778
0.10520346497978705 0.13785289438395418 0.10388343261302575 0.12406760494555875 0.1392503047840902 0.22225103161707963 0.09305070370916907 0.07444056296733526
0.11986356240328117 0.07597512192373237 0.143484135719501 0.09117014630847886 0.1592904155581583 0.15153941725128334 0.14471451794996643 0.11396268288559856
0.10331861171031236 0.13485020571176626 0.09696102926760264 0.12136518514058962 0.14244818690589817 0.23721378132403495 0.09102388885544221 0.07281911108435378
0.09771174361406354 0.13129268788351983 0.08689187908809719 0.11816341909516782 0.13468675845842643 0.2717328960822487 0.08862256432137589 0.0708980514571007
0.08358816047601726 0.12253096071542702 0.0991850282527591 0.1531637008942838 0.10681361077547612 0.14703715285851243 0.10388494495438379 0.18379644107314053
0.10659683981997709 0.07316603067378215 0.2112648403905764 0.1463320613475643 0.10194261684943963 0.06584942760640394 0.16314932809944854 0.13169885521280789
0.10711778277266464 0.06808563252721836 0.2548075713162557 0.13617126505443672 0.0944892145274533 0.06986793522864147 0.1507471880130516 0.11871341056027816
0.07389201489837842 0.10566306810577507 0.08145026234626442 0.09211652091272697 0.14718723640720324 0.21132613621155014 0.10413171929264789 0.18423304182545394
0.11660028235710468 0.08104803172555367 0.14782135968706434 0.10131003965694207 0.16345059165435022 0.11759346897496153 0.15060417835569298 0.12157204758833048
0.1102052840874671 0.06894949745597459 0.22746869323900876 0.13789899491194918 0.10814946089597698 0.06947188563181528 0.15374708835705378 0.12410909542075428
0.10595359310674379 0.06669810247833714 0.266778559123728 0.13339620495667429 0.09402055579037015 0.06918377473570132 0.14767508241031907 0.11629412739812629
0.10357205426966606 0.1387717318884934 0.1284675524023347 0.12489455869964404 0.12907889968592642 0.20660754880941595 0.09367091902473304 0.07493673521978643
0.08016421980028768 0.1076330452328415 0.10447686791933028 0.1291596542794098 0.10766793072784063 0.21257897348147065 0.09686974070955737 0.16144956784926226
0.09495689545182237 0.14063746907403799 0.08687222797763243 0.12260702432095621 0.12031585214534178 0.2043225549143262 0.0831595469307355 0.14712842918514743
0.10703874486418709 0.06926926840855825 0.21652412697368012 0.1385385368171165 0.1000708998348896 0.09441338199256535 0.1533678551658758 0.12077718594312721
0.08284062882083214 0.11550309175910496 0.12599774223651836 0.1443788646988812 0.09803733282192051 0.16206116770658327 0.09792653431750205 0.17325463763865742
0.10500332489001035 0.06983143967643309 0.22669602574842057 0.13966287935286617 0.09665262402825443 0.08074342701092688 0.155713687875509 0.12569659141757955
0.10556148724584995 0.0667051955278952 0.2642643615819115 0.1334103910557904 0.09249276772269172 0.06875381488777622 0.14874263002787375 0.12006935195021133
0.10398418903593497 0.06548173894223447 0.27917941118297684 0.13096347788446894 0.09021067486808694 0.06629887354296488 0.1460145044473109 0.11786713009602204
0.09484866380065649 0.13122109721856684 0.16429160248858363 0.16402637152320854 0.08215748926567457 0.1323915392967032 0.08343950203571913 0.14762373437088766
0.1050347012339682 0.06810664557996567 0.24932283879933523 0.13621329115993133 0.09094260375020605 0.08083615813366045 0.15079371263940303 0.1187500487035299
0.08263869419120978 0.11091849687564688 0.1348351184344037 0.13310219625077624 0.10251173695750278 0.1697893647889082 0.09982664718808218 0.1663777453134703
0.07847099012216184 0.11005638651623374 0.10845359336049058 0.1320676638194805 0.1049738037953799 0.20184223474729251 0.09905074786461039 0.16508457977435062
0.0787204490789826 0.11525525652365656 0.10511170498897189 0.14406907065457072 0.09852932196514808 0.18771489886356332 0.09771641313962189 0.17288288478548483
0.11848344374108984 0.07903986725834891 0.15705618608273358 0.09879983407293613 0.1463533617505072 0.13483491704769016 0.14687258915917073 0.11855980088752334
0.10814874212044541 0.06676366511041915 0.24388277875106382 0.1335273302208383 0.10318167375549006 0.08026712484283575 0.14782024346792028 0.11640844173098722
0.07374854584454794 0.10038038187274399 0.08290727713621182 0.08751110214546912 0.14350263788238682 0.2380022570980414 0.09892559372966074 0.17502220429093823
0.11502921165681661 0.07711406040665028 0.14681358978366935 0.09639257550831286 0.15675642320001087 0.1489290112132518 0.14329403762131285 0.11567109060997542
0.08252963496688608 0.10841575991990098 0.11031733497172229 0.13009891190388115 0.1159464344295908 0.19249410000025638 0.09757418392791088 0.16262363987985146
0.09220328373641952 0.13301727905540955 0.08537816604764074 0.11596378174061346 0.11804068526560008 0.23758657062412084 0.07865369544145956 0.13915653808873615
0.1067286044448977 0.06861507065456864 0.2102405099801367 0.13723014130913727 0.10129545194681229 0.09938172798185746 0.15300136650436647 0.12350712717822354
0.10617971027340116 0.06616254731333197 0.2597518232021104 0.13232509462666395 0.0942538630486625 0.07470177087016382 0.1475326055016686 0.11909258516399755
0.12167150081249957 0.07578547332372439 0.202869608420356 0.09473184165465548 0.14197667320914753 0.10846144738800548 0.14082524520602516 0.11367820998558657
0.14359908402813412 0.08626520007899338 0.21062943087605654 0.10783150009874172 0.13475638609661827 0.09964597324936449 0.12022407548322397 0.09704835008886756
0.11322710092068185 0.0648400875847373 0.2573630668080762 0.1296801751694746 0.09995970147761012 0.07363399269794121 0.14458371768895154 0.11671215765252715
0.1057927260877022 0.06478301509091532 0.2769423000750575 0.12956603018183063 0.09243167150172105 0.06941837535311472 0.14445645454601114 0.11660942716364757
0.10359195269131306 0.06445217061619248 0.2844326544337354 0.12890434123238495 0.0904519815352053 0.06843427163487074 0.14371872074715156 0.11601390710914647
0.10285958415993432 0.06429047116602554 0.2872201578976665 0.12858094233205108 0.08984373109125887 0.06812411014669213 0.14335815510752561 0.11572284809884599
0.10260175272221284 0.06422573603152013 0.28824872177558775 0.12845147206304025 0.08963883676237075 0.06801335036899325 0.14321380541953888 0.11560632485673622
0.10250868454970793 0.0642011871711885 0.28862757111612974 0.128402374342377 0.08956650157285795 0.0679724792145912 0.1431590651250084 0.11556213690813931
0.10247469806455307 0.06419202892086955 0.2887672392541985 0.1283840578417391 0.08954036654521733 0.06795731372215733 0.14313864359370013 0.11554565205756517
0.1372476165082851 0.08598034344651331 0.24179462862846152 0.10747542930814166 0.11992607120322211 0.09102094140389674 0.11982708312415197 0.09672788637732749
0.11087755154083657 0.06426709915467219 0.26956470516176734 0.12853419830934437 0.09608305346477149 0.07168657487963066 0.14330603901056752 0.11568077847840992
0.12252960167909334 0.07534481627372923 0.20553223108406582 0.09418102034216154 0.14216914131265793 0.10721955256815664 0.1400064123295416 0.11301722441059385
0.08499665374677379 0.1114828340893683 0.12493740384601429 0.13935354261171035 0.10616388942691692 0.17132337015635166 0.09451805498881226 0.16722425113405243
0.10444563976454231 0.06828519716421107 0.227646075799182 0.13657039432842213 0.09840668764283045 0.08946685254951361 0.15226579785571842 0.12291335489557992
0.12191498360705226 0.07617122807705268 0.1931440069230263 0.09521403509631583 0.1443245209374888 0.11343232510030493 0.14154205814317997 0.11425684211557902
0.10914457912469634 0.06538604975969281 0.2512420349988514 0.13077209951938562 0.1027997049371751 0.07715951024054116 0.14580113185221052 0.11769488956744706
0.10513027487115163 0.06489745286939105 0.27475141445624635 0.1297949057387821 0.0932627747170726 0.07063612847070576 0.14471163371174658 0.1168154151649039
0.08261079149755096 0.11271156861528739 0.14143570572924544 0.14088946076910924 0.09651424215452312 0.16121107013752212 0.09555980817383061 0.16906735292293104
0.1390103555480348 0.09215055397171701 0.19486456809459868 0.11058066476606045 0.1286301856546826 0.11594267396222599 0.12241734153996106 0.09640365646271934
0.07636100791074424 0.09670736773736477 0.07419228840281795 0.08430898725821545 0.14944508650536045 0.2550614759858662 0.09530581168320006 0.1686179745164309
0.1336318369696762 0.08869033254493316 0.16621780690198562 0.11086291568116648 0.14069882926553137 0.1365177768910734 0.1236038776325841 0.09977662411304981
0.11259206047232594 0.06577045483920423 0.24038519659562174 0.13154090967840845 0.10277525788886181 0.08189100400938196 0.14665829780562853 0.11838681871056761
0.10624537085728997 0.06510080794876812 0.2706360381585073 0.13020161589753623 0.09358465308811317 0.07188497455474957 0.14516508518725307 0.1171814543077826
0.1038964287817862 0.06451229267563947 0.2820360356541197 0.12902458535127895 0.09091031017330185 0.06964543658144604 0.14385278396627665 0.11612212681615104
0.13780521804746898 0.08597723973785124 0.23936747403657538 0.10747154967231405 0.12047191839333238 0.09235944778764622 0.11982275761972924 0.09672439470508265
0.08761633209412205 0.11105412580980117 0.13241861875333183 0.13881765726225145 0.10135041614859895 0.16800707629149178 0.094154584925701 0.1665811887147017
0.10476231272759334 0.06804587059146462 0.2304652765510139 0.13609174118292924 0.09716081937076108 0.08925927719272372 0.15173213531887783 0.12248256706463632
0.08262382673558416 0.11299135413462916 0.13142380696375439 0.14123919266828647 0.09750281718294714 0.1689349534769737 0.09579701763588126 0.16948703120194372
0.10333667395010329 0.06850439371494225 0.23676343168346242 0.1370087874298845 0.09581890750131197 0.08744988773734963 0.15167435971073903 0.11944355827220701
0.08235937164360863 0.11296094292613858 0.13283074947005846 0.14120117865767323 0.09720119673748187 0.16823391195584428 0.09577123421998707 0.16944141438920787
0.1157571442545835 0.07677581502162205 0.1597054770623274 0.09213097802594646 0.15388002742224058 0.14034718802061444 0.14623964766023248 0.11516372253243308
0.08325698945756471 0.11073625667635656 0.11388173130780577 0.1384203208454457 0.10805366243568199 0.185661567080482 0.09388508718212839 0.1661043850145348
0.10427516073080952 0.06837999939775083 0.2229478504792272 0.13675999879550166 0.09908604207635666 0.09298975691747767 0.15247719268692497 0.1230839989159515
0.10522361020461983 0.06573048416403843 0.26461814711124404 0.13146096832807685 0.09362999379022385 0.07445275574074646 0.1465691691657812 0.11831487149526917
0.10391209351651584 0.06468043210341311 0.2798941863163184 0.12936086420682621 0.09115710975903 0.07034282651697794 0.1442277097947749 0.1164247777861436
0.10306811109485586 0.0643004333175808 0.2854458068368781 0.1286008666351616 0.09016988637202451 0.06929374655324803 0.14338036921860556 0.11574077997164543
0.13743978763601214 0.08588376556340284 0.24047765018671213 0.10735470695425353 0.12019250754446775 0.09233985914762588 0.1196924867086976 0.09661923625882818
0.12828765242305448 0.07423217646449803 0.19440608122614186 0.09279022058062254 0.14846284994882966 0.11253385958801684 0.13793889507208962 0.11134826469674705
0.11031431438310407 0.06510216583434436 0.2512085040543206 0.13020433166868872 0.10347164365964806 0.07734702882865566 0.14516811306941863 0.11718389850181986
0.10533153234428747 0.06482110444279714 0.2746036215934256 0.12964220888559427 0.09339414741960742 0.07098800920152366 0.1445413881157297 0.11667798799703484
0.08258246240351713 0.11257682837163954 0.14129993116814352 0.14072103546454942 0.0965149610520873 0.16199396710230074 0.09544557188030309 0.16886524255745927
0.14105095759963657 0.09186580130749802 0.19452680667470748 0.11023896156899764 0.12831095092017936 0.11586169850673171 0.1220390620544052 0.0961057613678441
0.1045122883757627 0.1317129027822768 0.1010511264304014 0.11482663319480543 0.12215143272926401 0.21007124457376813 0.07788241207995499 0.1377919598337665
0.080795931441442 0.11039799053781814 0.1002336585866902 0.13799748817227267 0.100677491085502 0.2107021580440063 0.09359829632554147 0.1655969858067272
0.10413510273483965 0.06865819962613197 0.21745141332686388 0.13731639925226394 0.0979441758305985 0.09781241222847177 0.15309753767379275 0.12358475932703754
0.12194485124041976 0.0762071769806092 0.18989022461318536 0.0952589712257615 0.1443645793324305 0.11641457241898082 0.14160885871769918 0.11431076547091379
0.14399020210350347 0.0862051371970617 0.20589603000163062 0.10775642149632714 0.13574033499268293 0.10329072641768731 0.1201403684444125 0.09698077934669441
0.14968064536757242 0.08546716307109063 0.21064145980689067 0.1068339538388633 0.13244817663909003 0.09966615697430566 0.11911188584721025 0.09615055845497694
0.114501949100808 0.0646080477092679 0.2570773453943972 0.1292160954185358 0.09947642697731357 0.0747593461235234 0.144066303399472 0.11629448587668222
0.10603421213159495 0.06464846340350998 0.2766865738807588 0.12929692680701996 0.09236323595959775 0.07044692932576185 0.14415642436543866 0.11636723412631796
0.10361637671222361 0.06434004783474538 0.28419970516091564 0.12868009566949076 0.09047724308041452 0.06940574176040036 0.14346870367926803 0.11581208610254168
0.10283920541917467 0.0641840833551789 0.2869894194557338 0.1283681667103578 0.08989021248871963 0.06907663636339786 0.14312092616811534 0.11553135003932201
0.13731220469175712 0.08583792935977326 0.240973989158325 0.10729741169971657 0.12006697711638935 0.09231521066863957 0.11962860677565416 0.09656767052974492
0.11083451196884692 0.06414519187457979 0.26903528267517085 0.12829038374915958 0.09620132410598956 0.07299775628093179 0.1430342039710779 0.11546134537424362
0.10482980932506798 0.06440129381109018 0.28116783483020336 0.12880258762218036 0.09136737023423618 0.06990350225193319 0.14360527306532647 0.11592232885996234
0.10319733765665119 0.06423920543894379 0.28585017016233616 0.12847841087788758 0.0901450615328879 0.06921540435346013 0.14324384018773434 0.11563056979009882
0.10268949702920044 0.06414584592556165 0.28759347427078574 0.1282916918511233 0.08977398987155148 0.06900731597861842 0.1430356624071479 0.11546252266601097
0.08203687018577735 0.11243466635849708 0.14415564944343467 0.14054333294812135 0.09565110100530347 0.1612013373041339 0.09532504321698665 0.1686519995377456
0.08041191172447817 0.11002679334113334 0.11075534913544091 0.13203215200936 0.10395197070519381 0.19875751906567377 0.09902411400702 0.1650401900117
0.07728183288315789 0.11176260509317207 0.10325859427811525 0.13970325636646508 0.09769399198308484 0.20790055961203568 0.0947552521442111 0.1676439076397581
0.13551996753808296 0.09010073704712068 0.17944296933960266 0.11262592130890085 0.1276480594329238 0.12772951881543462 0.12556949733992379 0.10136332917801075
0.12885552935542893 0.07500285835725087 0.17563056082585168 0.09375357294656357 0.1521185300496814 0.12276367786251542 0.13937098306683182 0.11250428753587628
0.14609489424212993 0.086145119147023 0.20048648244904596 0.10768139893377875 0.13788066646635874 0.10474145583539309 0.12005672388586971 0.09691325904040086
0.10278597007203898 0.12807910290512065 0.1426269275085349 0.1600988786314008 0.09096757758791875 0.14991094904901262 0.08144160347771258 0.1440889907682607
0.0831206744097334 0.12302664963824915 0.10932757902002473 0.13007166880440224 0.10173145072619716 0.19257863979258885 0.09755375160330168 0.16258958600550277
0.06723832812087374 0.10294629385825758 0.06433261448192158 0.08201310342703756 0.14010235175680041 0.2809253773885889 0.09841572411244506 0.16402620685407512
0.07308474046284284 0.10859478964230153 0.0907236301070868 0.13574348705287692 0.1029209435141818 0.23397072919095857 0.09206949556629913 0.1628921844634523
0.10177593621365282 0.07592583329145662 0.21195913793550658 0.1361935013632341 0.09799620434610093 0.10172964529726375 0.15184559032587444 0.12257415122691069
0.13867784542058334 0.09393136068888344 0.21526426964761214 0.10867619430092366 0.12377288097294104 0.10070302761644921 0.12116584648177608 0.09780857487083129
0.11155283363538114 0.07078091826136676 0.2584382587438133 0.12845244022267013 0.09730142060379575 0.0746520474872943 0.1432148848452755 0.11560719620040312
0.0830856405102622 0.11995069097694651 0.1368685923181083 0.13939110860622897 0.09662650569578692 0.16226459703227178 0.09454353453292054 0.16726933032747476
0.1413592536197313 0.10200150346187825 0.1909748537853781 0.10869729325751826 0.12697805890651515 0.11489492226891643 0.12033237186017487 0.09476174283988771
0.07598971160329239 0.10593874139248613 0.07300459777837995 0.08314623960612404 0.14748344353342224 0.2541533855801677 0.09399140129387935 0.16629247921224807
0.10202189644914454 0.07530420963298787 0.2026067575516014 0.1351804141305617 0.10730639809674465 0.10520187775648486 0.15071607366496953 0.12166237271750552
0.12080027123504951 0.08171337794815815 0.18434631229409315 0.09458943666702474 0.14664108743687157 0.11778863979097508 0.14061355062739797 0.11350732400042968
0.10864665174583533 0.07078198144024178 0.24683551487599148 0.13007195146678427 0.10318751006532505 0.07839111506230156 0.1450205190234147 0.11706475632010585
0.10471962994004731 0.06943572579379031 0.27238191924137817 0.12911834111426473 0.0931284170011667 0.07105214526120741 0.14395731464530712 0.11620650700283827
0.08189697999883451 0.11985668170210324 0.14005865169927673 0.13947228480448481 0.09577481304005651 0.16097525381812494 0.09459859317173752 0.16736674176538177
0.10486910014992615 0.07586680066887187 0.2383160996303023 0.13475727414116256 0.09427684732189096 0.08525133560745053 0.14918184194707454 0.1174807005333212
0.12116260684893355 0.08146838169627534 0.19562089042877961 0.09423929348692688 0.14202915605181285 0.11229948002985615 0.14009303927310326 0.11308715218431226
0.10836534764518087 0.07052026976766526 0.2512429925490433 0.12961706229635972 0.10188097114099588 0.07720464898868704 0.14451335154534434 0.11665535606672375
0.10450614689650463 0.06931229136601186 0.2740248954475241 0.12891734620800369 0.09272765296948379 0.07075283520082273 0.1437332203244459 0.11602561158720331
0.1374325167129899 0.09179718531686075 0.23577675371150394 0.10683192492250039 0.1204880669264103 0.09241519622260695 0.11910962375687731 0.09614873243025035
0.1105239329865333 0.0701269780253116 0.2661967709548728 0.12750495798077616 0.09597081087066173 0.07276357414595216 0.14215851285319372 0.11475446218269854
0.12179459733969963 0.08033715587416397 0.20368973831840906 0.09341050195620222 0.14153620672884226 0.10827821243766214 0.1388609849975782 0.11209260234744266
0.1081966623844486 0.07021914860233924 0.2542805732304361 0.12919484267603917 0.10148669171647168 0.07630411480421606 0.1440426081776138 0.11627535840843527
0.13891240817804756 0.09213010208480313 0.22890515126029404 0.10712646140564229 0.12319331545473927 0.09388073639614977 0.11943800995524595 0.09641381526507806
0.11108002499801252 0.07029252784955416 0.26354373736277015 0.12776849108842114 0.09671902352959759 0.07315222059049736 0.14245233260156803 0.11499164197957902
0.10466827236295134 0.06897233451039918 0.27851752836428856 0.1282957694045039 0.0912689547483579 0.0697707395705732 0.14304020857487226 0.11546619246405353
0.1028441494411721 0.06863816581152168 0.284274310414767 0.12784450690511634 0.08983397874546824 0.06896774790298893 0.14253708456436107 0.1150600562146047
0.11965543237183308 0.0801456235447916 0.20947213567054215 0.09332632606209088 0.13946258406883877 0.10721045513001763 0.1387358518773769 0.11199159127450906
0.08357194423067014 0.11939490924668644 0.12461886254700681 0.1373197275348941 0.1045528744530633 0.17261941113953022 0.093138597806276 0.1647836730418729
0.07725846762070365 0.12459660831841306 0.10560423650965278 0.13832831085069372 0.09714159655270302 0.19725412672392215 0.09382268040307923 0.16599397302083246
0.10493279655639418 0.07705164870428073 0.2242705305465424 0.13625671352071136 0.09561279071373607 0.09224583288560494 0.15084178297775128 0.11878790409497915
0.081976227675082 0.12096579694627531 0.12915258383427697 0.13978468332008834 0.09637086523745696 0.16919774214213285 0.09481048086058166 0.16774161998410597
0.10526848483162952 0.0762239929515169 0.23393597134504257 0.13526008872254566 0.09474066226159393 0.0869132698229515 0.14973847835788529 0.11791905170683468
0.09785223914009163 0.14414214997440783 0.10926234385349214 0.11625302922569601 0.11472455511822836 0.1994121669250376 0.07884988069221119 0.13950363507083519
0.10629645061379786 0.07740165955100771 0.21801285924235 0.13409019191504304 0.09927320815769812 0.09474390054203158 0.14950055725453307 0.12068117272353875
0.12179321449780244 0.0817775429673864 0.18925658757640823 0.09446374142600501 0.1439177162310552 0.11500801138073243 0.14042669620940446 0.11335648971120602
0.14306823460287832 0.09301196199012025 0.20459716943829936 0.10681799678026989 0.1348442603897087 0.10243008477877674 0.11909409491770387 0.0961361971022429
0.14847120379048578 0.09323045912536224 0.209027251392647 0.10581960103482765 0.13136838476397286 0.09886450079267849 0.117980958168681 0.09523764093134489
0.1306841747601211 0.08116106193886483 0.18345128717899847 0.09209167345789332 0.15137219032311355 0.11382914633472822 0.13690045785680857 0.11051000814947197
0.11074099870764739 0.07056562634949402 0.2460307926704568 0.12970870553568284 0.10399790476383301 0.0776026100726295 0.1446155269181419 0.11673783498211454
0.13986266861893304 0.09228995815880782 0.22605260152002582 0.10727982527375424 0.12403807681953677 0.09431602763943767 0.11960899922312598 0.0965518427463788
0.11138708030330409 0.07036172002798258 0.2624363215034419 0.12787582065154496 0.09697138348515931 0.07330743838739437 0.14257199705478218 0.11508823858639046
0.13958269998344824 0.0919261859619942 0.23156260217625632 0.10686354078872025 0.12170182677920593 0.09304108451220751 0.11914487308831943 0.0961771867098482
0.11113447150609196 0.07021002531033275 0.2645401227090497 0.12763980941481534 0.09632307099858009 0.07296780944918886 0.14230886213860755 0.1148758284733338
0.10464357852943976 0.06893995436836793 0.27888126697761406 0.1282443114655699 0.09115545493510624 0.06973271659178379 0.1429828368131055 0.11541988031901289
0.08185079330092372 0.11972898786753684 0.14149623039797427 0.13938202250204898 0.0953090002900264 0.16043716685503256 0.09453737178399844 0.16725842700245877
0.1048057588670345 0.07581905952189558 0.23891040985272233 0.13468646108545812 0.09413430134416681 0.08512159427072626 0.14910344898349454 0.11741896607450195
0.07219211367929161 0.1063968981434434 0.08138553061638291 0.08584052133257367 0.14101620124544387 0.24445058124611235 0.09703711107160502 0.17168104266514733
0.13133627488870636 0.09788807308190803 0.16775166279010276 0.1098216537497174 0.13750616214404598 0.1344137366856412 0.12244294828513268 0.09883948837474564
0.0852623413656105 0.12091430874606664 0.11471470590387589 0.13664069804063916 0.10363819810009071 0.18218287152390794 0.09267803867104221 0.163968837648767
0.1033812525206678 0.0822873977395684 0.22072170019442747 0.1342839051238737 0.09696228783749926 0.0917914089463073 0.14971653302616963 0.12085551461148632
0.10426800474157422 0.07499396397678336 0.2624170216281053 0.13001620822561713 0.09251477235723636 0.07381707219817152 0.14495836946945673 0.11701458740305544
0.08136718034775461 0.12643132372891094 0.13720870427493817 0.1385377114633894 0.09510783778123562 0.16113728000297045 0.09396470864473368 0.16624525375606727
0.09583777158197768 0.1478180661786947 0.13008648765218223 0.15658356475767563 0.08613403247610031 0.16512607933240647 0.08190524925786109 0.13650874876310182
0.08213759396753958 0.1248360312391946 0.106226854875216 0.12959833708034962 0.10029078501048956 0.1977137236665112 0.09719875281026223 0.16199792135043703
0.11604192351275372 0.09358644097961141 0.1531272130912134 0.09486520420117615 0.1450918281319386 0.1424256474532812 0.14102349758861413 0.1138382450414114
0.10825007460122267 0.07698873295979157 0.2339392309430918 0.1307164327601678 0.10357225157558499 0.0831494201060719 0.14573906756991842 0.11764478948415102
0.10473685233764116 0.07385643775074896 0.26703016386675077 0.1290783834154647 0.09329919270013533 0.07191566006227795 0.1439127647930629 0.11617054507391825
0.13708591689187896 0.09689312081479089 0.23272500490030182 0.10635522136232727 0.12026336532175362 0.09237953662067598 0.11857813486217679 0.09571969922609452
0.14536023944587362 0.09925965602744616 0.21805879186536217 0.104604948167175 0.126219540460648 0.09572565981605281 0.11662671086698466 0.0941444533504575
0.10060116821975577 0.1485341602322627 0.14457484173003973 0.15589442937400208 0.08697271306855094 0.14381488251809896 0.07930281842068802 0.14030498643660186
0.08331225310810118 0.12539210684457655 0.10980724104428646 0.13009664424761405 0.10085828976751152 0.190340176492682 0.09757248318571055 0.16262080530951756
0.07616536895858494 0.1343792526322891 0.10101739038291228 0.13611630295885407 0.09509255490811178 0.2015672046017479 0.09232236200687494 0.16333956355062487
0.11474082814316801 0.09518362687482836 0.1517630635363641 0.09515217446265842 0.14378444005314922 0.14374315941821242 0.1414500981564295 0.11418260935519009
0.08179115439952264 0.12819317415720294 0.11047997369563514 0.13569646713204797 0.10435578065190676 0.18461008561131623 0.0920376037939108 0.16283576055845755
0.10269733811089801 0.08331166167179939 0.21901117598683678 0.13446363444121776 0.09724699615232912 0.09233500483745043 0.14991691780237262 0.12101727099709599
0.10417875996395949 0.07516936746713675 0.26178871165614404 0.13011024789863504 0.09263419387912163 0.073956279339246 0.14506321668698563 0.11709922310877155
0.10300372116348784 0.0730612537769923 0.2776729445767331 0.12805652699206602 0.09034113759949063 0.06984007045945544 0.14277347113891536 0.1152508742928594
0.08109085709016134 0.1259207791185057 0.140619190681825 0.13837904876376292 0.09457702725330536 0.1595011446318066 0.09385709394411747 0.16605485851651547
0.10482195059672683 0.0762635159533197 0.23852034403476566 0.134693171890243 0.09418185995283126 0.08498346293216182 0.1491108781202527 0.11742481651969902
0.07181950307507079 0.11173324572090808 0.0810151404440571 0.08524752236497968 0.14027906186452965 0.24304371738790945 0.09636676441258574 0.17049504472995936
0.1302389172506011 0.10547063206492224 0.16638643435325828 0.1087962219901739 0.13644642812377597 0.13344509802811225 0.12129966839799985 0.09791659979115651
0.11080949321840852 0.07786440842035541 0.23857717339722997 0.12957550900603745 0.10103900796527461 0.08104942715963341 0.14446702272762682 0.11661795810543371
0.12190495316752863 0.08559616160469223 0.194742248808558 0.09335003358661882 0.1431761192160155 0.11043934860776015 0.1387710947048841 0.1120200403039426
0.14217844571862379 0.09852327098106055 0.20554830430795362 0.10587051136071722 0.13381129301752767 0.10074699500670167 0.11803771938276982 0.0952834602246455
0.11207142510116368 0.0759180022868782 0.2535546045897846 0.12766631099310177 0.09911672038191764 0.07443484733269537 0.1423384094206672 0.11489967989379159
0.10486191908294652 0.07317361481801196 0.2742200316347967 0.1280549355888526 0.09171823903576126 0.06995012096656973 0.14277169684309382 0.11524944202996731
0.1026857358628076 0.07246753618742854 0.2821713081060655 0.1273961490414959 0.08973499639515882 0.06885054126373097 0.14203719900596634 0.11465653413734633
0.11919541649867903 0.08441893465370315 0.20836520174842885 0.09285351290287837 0.13892194257184948 0.10678779278090735 0.13803298336009978 0.11142421548345403
0.10707635753468195 0.07448250370669175 0.2554652842870061 0.12829224655210786 0.10048140955262408 0.07570289561264122 0.14303628085735012 0.11546302189689707
0.08178189080988857 0.12615934906572246 0.1355489146138528 0.1383233754961406 0.09671656110801245 0.16166252536580605 0.09381933294520842 0.1659880505953687
0.141182502229185 0.10257955039377165 0.1904899704309066 0.10867878976945711 0.12724989079671775 0.11476179704780871 0.12031188773826752 0.09474561159388568
0.10233405616787805 0.15328958623819802 0.09832786180318576 0.111672749331979 0.11925619793253012 0.20536899325920757 0.07574325606864662 0.1340072991983748
0.10678896689698181 0.08582357373043321 0.21165831270436117 0.13282404136708795 0.0997588777290234 0.09551569645932335 0.14808889388240998 0.11954163723037917
0.1052423113755118 0.07555270534831468 0.25876906703072056 0.1302192120981256 0.09326150540646294 0.07457320421479034 0.14518470363776093 0.11719729088831303
0.10333297378156511 0.07317053521273718 0.27652513795728995 0.12816986970681218 0.09054644537067338 0.07000231542734535 0.1428998398074458 0.11535288273613095
0.1364099486913263 0.09659434369024149 0.23593470461352273 0.10613368626340339 0.1192913276707953 0.09178453167430095 0.11833113975934678 0.09552031763706305
0.1098551558671078 0.07508204400611078 0.26553496093775886 0.12665618697391437 0.09532273410915602 0.07234615330776653 0.14121219652166273 0.11399056827652294
0.10397555058809953 0.07279583008857117 0.27872411192931384 0.12755045235696635 0.09060505475228457 0.06934435747595177 0.1422092356875431 0.11479540712126975
0.1195772730045771 0.08449542274050034 0.20728594235757436 0.09288944622176175 0.13924612948656223 0.1069520500708582 0.1380864006520518 0.1114673354661141
0.10719724032035813 0.07451492402953128 0.25504066253110186 0.12833298400575818 0.10057925954014418 0.07575354388986233 0.1430817000780617 0.11549968560518235
0.1037566951184997 0.07301312205606673 0.2748844552009584 0.12807854423693585 0.09202393060289774 0.07017454424753206 0.14279801872386727 0.11527068981324226
0.1024217155420566 0.07243885227477859 0.28243525254922414 0.12737961920312935 0.0897856287021226 0.06887850497611475 0.14201876946975764 0.1146416572828164
0.08096344024472675 0.12574479963803345 0.14167500131322097 0.13831460007798185 0.09442891073070221 0.1590823469792993 0.09381338092245725 0.1659775200935782
0.09586979419957294 0.1476373410040945 0.13120774494131124 0.15647388563748477 0.08613543409767903 0.16441479041013507 0.0818478786411459 0.13641313106857647
0.10110354044071687 0.15347628467708346 0.09819871213085525 0.1195087736506246 0.12355441065651954 0.24282143401585704 0.08963158023796847 0.07170526419037476
0.07705100065380822 0.13613180782174802 0.09567708341506602 0.13119611285199947 0.09718505251053211 0.2163384177378733 0.08898518958657355 0.15743533542239935
0.132738361300727 0.11018492745766982 0.1731651927535841 0.10975389835221362 0.12510109468645714 0.12791061085906716 0.1223674060732889 0.09877850851699224
0.11126376221347714 0.07836953015891457 0.24144834058077594 0.12948153136796633 0.0985288842967104 0.0800123284765517 0.14436224467443412 0.1165333782311697
0.12201627333346811 0.08566015926903657 0.19568075101340204 0.09334213688398317 0.14236638005831087 0.11016437945497862 0.13875935572604065 0.11201056426077981
0.10813172893797629 0.07492033832568694 0.2504991900918067 0.12879831335612085 0.10157454545154294 0.07655689423871233 0.1436005075776452 0.11591848202050878
0.10411955458622302 0.07317190957365777 0.2731809351925082 0.12828008157088544 0.09236160244330778 0.07041112540849945 0.14302271781112152 0.11545207341379689
0.10256068484246514 0.0724998485925442 0.28180462730762457 0.1274570688731865 0.08990467549908081 0.06895661282718575 0.14210512007204523 0.11471136198586786
0.1019320759006802 0.07221680866826491 0.285008300349899 0.12708583559927597 0.08916063510990005 0.06852786965702092 0.14169122267561066 0.1143772520393484
0.10168444342372464 0.07210486566962697 0.2861901598276678 0.12694171796018952 0.08891606381359428 0.06838466087794937 0.14153054226307696 0.11424754616417056
0.10158923566350198 0.07206236977210698 0.2866252212890401 0.12688787365765186 0.08883166040556441 0.06833404303626894 0.14147050988397902 0.11419908629188667
0.1015532455225538 0.07204654237308333 0.2867852746150851 0.1268679816404448 0.08880170996880998 0.06831573063435063 0.14144833176927202 0.1141811834764003
0.11881210920325536 0.08429510426117255 0.20977342711861988 0.09277510147479166 0.1385261378915337 0.10657157877506718 0.1379164195058097 0.11133012176975
0.14089684529004118 0.09806806099382638 0.21081137052504406 0.10559294054104373 0.13222042456494187 0.09964846296508933 0.11772824863307411 0.09503364648693935
0.08664466615976245 0.12888215402150346 0.12403112324198094 0.13554975947042597 0.10210014347015803 0.16819434454389082 0.09193809772776718 0.16265971136451116
0.1428127564620222 0.10278642399107499 0.185995356906994 0.10859338044188144 0.12871700864822708 0.11620658526798201 0.1202173361017165 0.09467115218010176
0.10261996099195339 0.1532498459856318 0.09744078381479447 0.11160556037170387 0.11955970148066496 0.2058997904831818 0.07569768442602522 0.13392667244604464
0.1387019069044312 0.11139316993559939 0.17136399464502677 0.10775230088515969 0.1295731096518388 0.12410267291083127 0.12013577427046909 0.09697707079664371
0.11257332164314941 0.07844090424532223 0.24044401363900383 0.1293061727983584 0.09939201517426131 0.07930128402560069 0.14416673295578164 0.11637555551852255
0.12235088329166428 0.08565946297102965 0.19533329155084628 0.09332830326536204 0.14262568964496558 0.10996961423486118 0.1387387911228367 0.11199396391843444
0.10821637303775913 0.07492484207151538 0.2503541361348057 0.1288058471997722 0.1016353083547286 0.07652932347053462 0.1436089072510893 0.11592526247979498
0.13838846886385048 0.09723779268245808 0.2268358304010575 0.10654354790336913 0.12275444512166407 0.0935626170133495 0.11878810490121902 0.09588919311303222
0.1105968236223443 0.07536061328799784 0.26200803293182906 0.12700434398087532 0.09629066779310527 0.07283524319850226 0.141600365602558 0.1143039095827878
0.09460530688265813 0.14500917960071003 0.1573244012736153 0.15873532844764277 0.0824870136118555 0.13822900315292572 0.08074797142771394 0.14286179560287848
0.1447159355218825 0.10381317515914291 0.19790770307236055 0.10807100324438731 0.12262670673695761 0.1090106867763757 0.11963904307070958 0.09421574641818381
0.08684810981793428 0.1349577887107691 0.12049571696395413 0.13461662529947482 0.09945944055760393 0.17077717895733718 0.09130518933355684 0.16153995035936977
0.10313491255266788 0.08799306717738369 0.22223215970348292 0.1332487239193458 0.09551367175222146 0.08939123013203738 0.1485623832354497 0.11992385152741121
0.10388708584307675 0.0782242101227985 0.2625375799872973 0.12943962409811322 0.09192139337622725 0.07317892368822904 0.14431552119595606 0.11649566168830189
0.10266954318050701 0.0756735413593268 0.27757796547377916 0.1275710833458831 0.0899508166949957 0.06951083723365431 0.1422322377005592 0.11481397501129478
0.08070825852267208 0.13004092197156997 0.1401864205618478 0.13767439274206753 0.09410638478843544 0.15869519678482807 0.09337915333809799 0.16520927129048105
0.1048807324607709 0.07656248874818508 0.23833664496124363 0.13470553423592876 0.09409321742067898 0.08486122447881508 0.1491245637451063 0.11743559394927122
0.096632490319863 0.15528727488588703 0.10904594219245994 0.11456133083820019 0.11319941768448273 0.19609747920040055 0.07770246787286621 0.13747359700584025
0.10480770932705658 0.09074504199280929 0.2155587173191044 0.1318607001230884 0.09789629052837359 0.09344207031230002 0.14701484028648812 0.11867463011077956
0.1043937133607481 0.07873294348746016 0.25982482644358407 0.12955126296806355 0.09252109603526619 0.07394003082892893 0.14443999020469175 0.1165961366712572
0.0810530146521068 0.13092425056680548 0.1361930501338237 0.1378082780544313 0.0947061140741742 0.16047539634685717 0.09346996250648383 0.16536993366531752
0.11501547811298933 0.10131356777005553 0.16226617048024947 0.09410672270192187 0.14241533113795407 0.13205869865733802 0.13989596389718534 0.11292806724230624
0.10726144446886093 0.08240012654930656 0.236750399445954 0.12949380413807787 0.10233550535180955 0.0808383684244907 0.1443759278972301 0.1165444237242701
0.13783835770131486 0.10350398899856013 0.22149304811003953 0.10618891599108839 0.12270707778249891 0.09430587024042454 0.11839271678409406 0.09557002439197955
0.14500959765632607 0.10650759606275323 0.21314970325586405 0.10390684807037222 0.12635583625582839 0.09570587407944955 0.11584838135607169 0.09351616326333498
0.11197097595380424 0.08152027117437906 0.25560921768694556 0.12637212803309306 0.09687278152463026 0.07302421839628868 0.1408954920010754 0.11373491522978377
0.12136699618780115 0.09000558560849939 0.1993878496546616 0.09246099673223783 0.14082918570140437 0.10754670832729411 0.13744948170941623 0.11095319607868538
