Action: 0
[0.09818960462500531, 0.09818450559337936, 0.21415868921214484, 0.0981845055922209, 0.19672843311965163, 0.09818525067315619, 0.0981845055922209, 0.0981845055922209]
[0.181152666833211, 0.09402904609989728, 0.2546730565674054, 0.09402904609989728, 0.09402904609989728, 0.09402904609989728, 0.09402904609989728, 0.09402904609989728]
[0.16761347697112283, 0.09157605421252839, 0.25696652449392704, 0.09157605421252839, 0.11753967690221817, 0.09157610478261836, 0.09157605421252839, 0.09157605421252839]
[0.125, 0.125, 0.125, 0.125, 0.125, 0.125, 0.125, 0.125]
[0.09550974734519738, 0.18869320309347984, 0.1719148779819636, 0.09434660154673992, 0.16648913494323, 0.09435323199590932, 0.09434660154673992, 0.09434660154673992]
[0.1233276873167859, 0.0950723746740537, 0.20960789045912528, 0.0950113187944497, 0.1903744229363657, 0.09658366823032025, 0.0950113187944497, 0.0950113187944497]
[0.125, 0.125, 0.125, 0.125, 0.125, 0.125, 0.125, 0.125]
[0.125, 0.125, 0.125, 0.125, 0.125, 0.125, 0.125, 0.125]

Action: 1
[0.09511703961248318, 0.09511703961248318, 0.09511703961248318, 0.09511703961248318, 0.12602280257854542, 0.3032749597465555, 0.09511703961248318, 0.09511703961248318]
[0.1111111111111111, 0.1111111111111111, 0.1111111111111111, 0.1111111111111111, 0.1111111111111111, 0.2222222222222222, 0.1111111111111111, 0.1111111111111111]
[0.09635805907340206, 0.09635805907340206, 0.09635805907340206, 0.09635805907340206, 0.20849996784471397, 0.2133516777148737, 0.09635805907340206, 0.09635805907340206]
[0.125, 0.125, 0.125, 0.125, 0.125, 0.125, 0.125, 0.125]
[0.09509806891160993, 0.09509806891160993, 0.09509806891160993, 0.09509806891160993, 0.2564157677193841, 0.17299581881095613, 0.09509806891160993, 0.09509806891160993]
[0.09435537688482824, 0.09435537688482824, 0.09435537688482824, 0.09435537688482824, 0.23626582389035433, 0.19760191480067626, 0.09435537688482824, 0.09435537688482824]
[0.125, 0.125, 0.125, 0.125, 0.125, 0.125, 0.125, 0.125]
[0.125, 0.125, 0.125, 0.125, 0.125, 0.125, 0.125, 0.125]

