0.125 0.125 0.125 0.125 0.125 0.125 0.125 0.125
0.11301829483647666 0.08900190718372537 0.135621953803772 0.10680228862047045 0.14127286854559584 0.11125238397965673 0.169527442254715 0.13350286077558807
0.07295173961840627 0.1290684624017957 0.09118967452300783 0.16133557800224463 0.08754208754208752 0.15488215488215484 0.10942760942760942 0.19360269360269358
0.12826062253056003 0.10353568324756052 0.16032577816320007 0.12941960405945063 0.12450535307603855 0.09318211492280447 0.14429320034688004 0.11647764365350556
0.11125444511667296 0.08761287552937996 0.13350533414000756 0.10513545063525595 0.1546748191978793 0.10951609441172495 0.16688166767500945 0.13141931329406994
0.0712688141822304 0.12609097893779223 0.10000769312814227 0.1576137236722403 0.09766992567421029 0.1513091747253507 0.1069032212733456 0.18913646840668832
0.07959246377378658 0.12460910011015273 0.08971855207930997 0.14953092013218328 0.10172574850251007 0.1557613751376909 0.11214819009913747 0.1869136501652291
0.07960974979732943 0.12367547609262705 0.08904634278669148 0.14841057131115246 0.10784237227411096 0.15459434511578382 0.11130792848336435 0.18551321413894056
0.07787633665246112 0.12082269519173289 0.08699234053804768 0.14498723423007945 0.1065420669831913 0.17280485794432868 0.10874042567255959 0.1812340427875993
0.10810526586346281 0.08726569654038564 0.145907891781034 0.10908212067548205 0.15186374568539995 0.10471883584846277 0.1621578987951942 0.13089854481057847
0.10106434282107364 0.0740323651261449 0.20866958997037938 0.1480647302522898 0.10320046136495327 0.06662912861353043 0.1650811246245679 0.13325825722706086
0.11323139880684945 0.08333808482148804 0.17410594986549854 0.10417260602686004 0.14527955593478972 0.10000570178578565 0.15485957552649643 0.12500712723223203
0.09444336342786926 0.14018018907565505 0.12827627869338237 0.17522523634456882 0.08887373370069458 0.12616217016808953 0.08913631587962849 0.1577027127101119
0.10472144090651309 0.07575774953793565 0.19240063374713814 0.1515154990758713 0.09608097125093466 0.0796993845589835 0.16773388583083837 0.13209043509178525
0.08055787023595064 0.12992423232721204 0.1134187069295943 0.1512750866602202 0.09546594483923282 0.14522408319381136 0.10260397182171456 0.18153010399226419
0.10174613281353294 0.08137113721740741 0.21349401758124467 0.14447227278203736 0.09361340573121146 0.07420218573165521 0.16107580263907745 0.13002504550383362
0.13845984491582192 0.09939586322500209 0.18228744987519144 0.11927503587000252 0.12719318667073878 0.09736288708673047 0.13204236775189535 0.10398336460461757
0.11595349219459844 0.08038857821085499 0.1607901753760041 0.09646629385302599 0.15543382522452398 0.11726366647070062 0.1531211013540095 0.12058286731628247
0.07690924570061797 0.11494519672470425 0.1058513709878044 0.13793423606964508 0.11557377680155567 0.1729177015763824 0.10345067705223382 0.17241779508705635
0.07584691696158959 0.1319275218501689 0.10297099538001504 0.14817497782787395 0.09635290703934243 0.16641541823822076 0.1005012893093406 0.17780997339344873
0.09970185568448525 0.08044029556705351 0.2159862831397096 0.14223114344799895 0.09255507305126541 0.08250020932620594 0.1585771106800824 0.12800802910319906
0.09912170226908898 0.0735633876222333 0.25870543244276933 0.13605848936839837 0.08825172322066238 0.07015156261813449 0.15169506202715463 0.12245264043155855
0.07682920026901878 0.12415065794815823 0.13703256907253528 0.1443170673034195 0.09067211303063755 0.15593329204980794 0.09788461956231932 0.17318048076410342
0.09788719542421856 0.07167395128309137 0.22486397854297738 0.14334790256618274 0.09494892965609913 0.08361605543879413 0.15869202074888766 0.12496996633974905
0.07551057265344438 0.1146453331055124 0.12344075766043129 0.1375743997266149 0.10397192338631317 0.1697082140144541 0.10318079979496117 0.17196799965826862
0.10813490980140099 0.07918243360900448 0.1534951083839451 0.09501892033080538 0.1544960971918968 0.14007519720467027 0.15082368306477043 0.11877365041350671
0.07433444309028098 0.11156733981489313 0.10811993763115772 0.13388080777787173 0.11601243219404095 0.18832342393601206 0.1004106058334038 0.16735100972233968
0.07285956438228319 0.12678415453927938 0.10315697695483679 0.14232438007367154 0.09315325513564503 0.19439935503677933 0.09653305778909896 0.17078925608840584
0.12865339434444092 0.10648606086519032 0.17700096357528466 0.11319254449980455 0.1286425384368861 0.1220350186861875 0.12530879977186338 0.09868067982034243
0.08138649309200606 0.1220778438254197 0.11135214594397054 0.13183943344833934 0.10949425090363939 0.18017096588994644 0.0988795750862545 0.16479929181042416
0.0732741552777762 0.12730852971372839 0.1033424100338963 0.14146283022827033 0.09178668228003736 0.19712129395058356 0.09594870224178337 0.16975539627392439
0.07201742360640195 0.12733274141563392 0.10120352359372549 0.14081075624025044 0.08895136625683324 0.20520485542720657 0.09550642597164812 0.1689729074883005
0.09722492299082146 0.07859000084163453 0.21812210400020013 0.1390107903875995 0.08985593837236443 0.09709987471594819 0.1549866573425923 0.12510971134883955
0.09746261539111031 0.07237986367689536 0.2636062970925824 0.1339207165260637 0.08672645332404388 0.0760638042726088 0.1493116048432382 0.12052864487345732
0.09583384276230694 0.07067988494140677 0.280837847658197 0.13148325982719275 0.08482354922278451 0.07141265921988776 0.14659402252375073 0.1183349338444735
0.07536106804593917 0.12188775837001739 0.1425986284666065 0.14191120376123226 0.08889019873283127 0.16280488164575466 0.09625281646414012 0.17029344451347866
0.09951925785238144 0.07767824345808481 0.23196260598348745 0.13808568009373726 0.09350570085003138 0.0859995998307552 0.15286652415749505 0.12038238777402735
0.0787079322558814 0.12011192323716909 0.12709886561003747 0.13341024106423285 0.10313897481112513 0.17071158089308838 0.10005768079817465 0.1667628013302911
0.06261706766713933 0.10904520537500326 0.06445313880479576 0.08460529920089437 0.13005421481321452 0.28437370272745743 0.09564077300970666 0.16921059840178873
0.09561792052252724 0.07715939567878682 0.2023845114088711 0.13847953156253967 0.09559702192911404 0.11173569709304385 0.1543943433988315 0.1246315784062857
0.07527875181937452 0.12264611241499149 0.12491593536491323 0.14200115606164743 0.09033159890724736 0.17811123056820993 0.09631382758963912 0.1704013872739769
0.07464668007993634 0.12340703996582118 0.10376881804796094 0.1314503061685562 0.10091183343650907 0.20291470996410377 0.09858772962641718 0.16431288271069525
0.07377253234170797 0.12574808861922138 0.10133589391789581 0.13936221388653613 0.08943612343607292 0.20858655475950644 0.09452393637521582 0.16723465666384335
0.09989630811550158 0.07799377323915951 0.21875870868107958 0.1380240569365536 0.08938737123062522 0.09783160737268157 0.15388652318150076 0.12422165124289822
0.13646069108204514 0.09837198761250655 0.2155726164790385 0.1092337070204295 0.12358902045569034 0.10061638779663581 0.12092620394610022 0.09522938560755392
0.083230815473999 0.12325258511225322 0.12693091218214672 0.1395081404853772 0.09303758577518975 0.1720072797115431 0.09462291267703846 0.16740976858245263
0.1034936190656768 0.07720565913295387 0.22995624992631347 0.1368810334575612 0.0937030816962728 0.08789524289514845 0.15153293081178934 0.11933218301428414
0.07930239502314103 0.12246341127729542 0.13121426354463214 0.1416890058279388 0.08998770601871979 0.16921430301405746 0.09610210830068892 0.17002680699352654
0.09982251933413835 0.07686004216798083 0.23032930952117397 0.13637503454101738 0.09170189071331816 0.09012568636360499 0.1520479862718507 0.12273753108691562
0.100401157033644 0.07116349014525165 0.2681008554452029 0.13173295241799796 0.0889841946363654 0.07418528201661684 0.1468724111287231 0.11855965717619817
0.07852596858277405 0.12109329424507867 0.13953506506629573 0.1408153077384658 0.09220438464905403 0.16333809735738744 0.09550951307478552 0.16897836928615895
0.137224105815745 0.10309339800094307 0.1915015376096093 0.10987002649088719 0.1251694351064667 0.11572673556051895 0.1216306357571075 0.09578412565872217
0.10079601657841133 0.1456009374936052 0.09998181923456848 0.11430574371702981 0.11525240561305351 0.20936707177308445 0.07752911312981152 0.13716689246043579
0.1058114085076898 0.07813487511375011 0.21517144012405973 0.1353301774709909 0.09583020327740106 0.09704168716903719 0.15088304861317942 0.12179715972389182
0.10659282518990645 0.07140217128751757 0.2647707610647267 0.13197662021433354 0.09105223787883471 0.07304529991938626 0.1461035437456195 0.11505654069967539
0.0810507425889995 0.12086356140432314 0.13871190406226735 0.14047311163533874 0.0924158204007744 0.16263971109757364 0.09527741484831673 0.16856773396240649
0.10391025362913732 0.07633524911817603 0.23751737891972693 0.13555941752883247 0.0927693657306553 0.08565848239736966 0.15006984765096631 0.118180005025136
0.08015159282918256 0.12746949919031186 0.13191978471429436 0.13959620238839207 0.09218612142043404 0.1664787149713618 0.09468264161995289 0.16751544286607045
0.13963035700537113 0.10340182450653101 0.18976433087727382 0.10950520712984861 0.12483808364159679 0.11616735310094813 0.12122676572779333 0.09546607801063725
0.07372790376736334 0.11376492806792397 0.07265297676483223 0.08289183819173875 0.1432212197259826 0.25425364001236833 0.09370381708631338 0.1657836763834775
0.07209038094799965 0.1296517089973482 0.09119993946778762 0.13333817973823614 0.10117609458245393 0.22209981084479183 0.0904380697354993 0.16000581568588335
0.09971264267328121 0.08410469461771224 0.21138943081002284 0.13546008949766933 0.09689164872905742 0.09949952229635611 0.15102789082799847 0.12191408054790237
0.10212105975905095 0.07567046020772071 0.25938112860767 0.1308932255618672 0.09267278906820536 0.07552125543948465 0.14593617835032058 0.11780390300568049
0.0796140529504997 0.12684843283170608 0.1366338573165912 0.13891986517680086 0.09496363162543807 0.16209241333210314 0.09422390855469973 0.16670383821216103
0.1402651827205471 0.10308030058967593 0.1911494469427498 0.10920198221966212 0.1252563167816197 0.11495395936927115 0.12089108328753803 0.0952017280889362
0.08555621252488267 0.13000001178212958 0.119537557759927 0.13575905813656683 0.10012047341955367 0.17403575978999733 0.09208005682306272 0.1629108697638802
0.13425602173631965 0.10908189457488544 0.18222203793391792 0.1097811298179208 0.1253068647662666 0.1181512672092074 0.12239776712535351 0.09880301683612873
0.14475233040426103 0.10258388879963233 0.20125935771222697 0.1061617439684804 0.12861860593357635 0.10271608160354154 0.11836242200664902 0.09554556957163234
0.11235340437061866 0.07662719907296478 0.25212343607837273 0.12807359932163445 0.09780534688805878 0.07495826936655002 0.14279250551232975 0.11526623938947102
0.13907714347956138 0.09753988556838136 0.2275248515694316 0.10658558185702469 0.12127174861794668 0.09323879561364938 0.11883496962268275 0.0959270236713222
0.14585972729102273 0.09954094084921332 0.2163873615199541 0.10481677807643197 0.1261206035533856 0.09607660303359941 0.116862885407604 0.09433510026878879
0.11246257530681389 0.07581299455904318 0.2578051912233177 0.12727984606732645 0.0967569804768889 0.07342302103692223 0.1419075298690938 0.11455186146059379
0.1393283458956246 0.09721501837993955 0.2293233780638152 0.10635255701311755 0.12076582570865756 0.09272240931539971 0.11857516431164002 0.0957173013118058
0.11071876687322402 0.07533573883750785 0.2630368280392156 0.12698006325076963 0.09540511635881908 0.07266813531428629 0.14157329440048494 0.11428205692569267
0.10425178524081646 0.07292014823476109 0.2778565793365473 0.12773147508303975 0.09038869176141817 0.06948193025072504 0.14241106251795627 0.11495832757473579
0.1196927575945544 0.0845826708978019 0.20711348571769617 0.09297569275818458 0.13878051075921516 0.107069439041604 0.13821461192112214 0.1115708313098215
0.10721601592926491 0.07455719656014442 0.2550320718493153 0.12839819217891316 0.10028507342278034 0.07579867477371209 0.14315440232484794 0.11555837296102182
0.1037446699855175 0.07303856240009425 0.2749217462773426 0.12812100083860795 0.09182140714769584 0.07019835792966604 0.14284535466632856 0.11530890075474716
0.13653110394713006 0.09661018052765592 0.23539953013734935 0.10617756479744653 0.11948207671150914 0.09185967451091961 0.11838006105028742 0.09555980831770187
0.08596149694617847 0.12877332844357817 0.12973021592228307 0.135773530564448 0.09928585943450874 0.16545745910708393 0.0920898729045821 0.16292823667733755
0.1030805792624453 0.08290900509772157 0.22684176507099799 0.13370488985157256 0.09553869932040414 0.08851968632279429 0.14907097420764878 0.1203344008664153
0.12042305262813678 0.08676948455864962 0.19162243567158832 0.09392014457383405 0.14201937816506421 0.1129227279357102 0.139618602978416 0.11270417348860086
0.14189743852252978 0.09885424233582812 0.20459976699127744 0.10603904914803526 0.13352026807325024 0.10142846425766491 0.1182256264381826 0.09543514423323173
0.08682507523000142 0.1290731917933079 0.12263885349263819 0.1355954414693881 0.10228803907985919 0.16889578713143272 0.0919690820401067 0.1627145297632657
0.07705418522006341 0.1356114789532924 0.1041994657007591 0.13661952995620671 0.09565524225936856 0.19425298077517378 0.09266368118768803 0.16394343594744804
0.10149057799650085 0.0886797587847527 0.2159276795796241 0.13420427916631877 0.09526012885044706 0.09402596834693804 0.14962775602573153 0.1207838512496869
0.10376099964186758 0.0785278964123224 0.2602303109499791 0.12979456100144243 0.092025426219179 0.07413445151857175 0.14471124935533952 0.11681510490129819
0.10273003211616717 0.07579111472288241 0.27674818035523624 0.12770215880874694 0.08998613573268466 0.06973205827650887 0.14237837705990145 0.11493194292787225
0.08072492840377189 0.13008848852397795 0.1400065992688213 0.13769785894744022 0.09405433340394462 0.15879529116815627 0.09339506954695945 0.16523743073692823
0.07566042281113806 0.14222630730096655 0.10762371848890809 0.13589550694368344 0.09353793358382023 0.18980889782943458 0.09217260470962878 0.1630746083324201
0.10104641838623724 0.08963388833230736 0.21732034956148255 0.13404538461838167 0.09470225141758347 0.09316026106488047 0.14945060046258374 0.12064084615654351
0.1371440559609494 0.10408654288700551 0.21571384673657035 0.10732175438185061 0.12159791224216762 0.09789056179817537 0.11965574704961554 0.09658957894366554
0.12698846377240336 0.09152274587065787 0.184910990320815 0.09125740469946318 0.14727489490440773 0.11287635347847118 0.13566026131442585 0.1095088856393558
0.10923187342730407 0.07850277745002342 0.24552085004470456 0.12846797383428374 0.10246109504522607 0.07696205008460277 0.1432322036629999 0.11562117645085537
0.12102840715353097 0.08820335928300878 0.1965026881950495 0.09286855553677215 0.14295984100095027 0.10893953694085268 0.13805534524570903 0.11144226664412657
0.10760938976685178 0.07783097457585225 0.25035091713788576 0.12825575602375275 0.10139335362329725 0.07613383180957488 0.1429955966414079 0.11543018042137745
0.1377752154410719 0.10062789516641663 0.2263367209415552 0.10608765585113468 0.12225575652312684 0.09315804652590098 0.11827981928477255 0.0954788902660212
0.11018610266364509 0.07876203668916326 0.2613253444178834 0.12646244611845742 0.09589636362998263 0.07255531504815564 0.14099618992610102 0.11381620150661168
0.10395035627939797 0.07562411294266504 0.27678277383754035 0.12728684794996872 0.09059244510982795 0.0692899642799167 0.1419153364457114 0.11455816315497185
0.08093537534995222 0.1300205106662564 0.14001023085384265 0.13766113934036087 0.09420855986494034 0.15860065264188292 0.09337016407433171 0.165193367208433
0.11522386862771936 0.09876361741776288 0.1638219565760963 0.09437644569022652 0.14248799200310316 0.13177745962179646 0.1402969252350233 0.11325173482827183
0.08159789354614311 0.1337775606347233 0.11283252338160873 0.13500638698909947 0.10370281012375558 0.1795056115016654 0.09156954943608488 0.16200766438691938
0.1332399269910581 0.11482119475940022 0.17865701776923226 0.10891247489123565 0.1260634741047583 0.11885540237510948 0.12142928170709408 0.09802122740211208
0.11084159958213977 0.0822373268432077 0.24295182718759867 0.12858175483257567 0.09822531155484611 0.07807953966533769 0.14335906098497614 0.1157235793493181
0.12154267236167682 0.08893013262226776 0.19578169647895363 0.09294037749245085 0.14180746388708423 0.10930709075993762 0.1381621134066881 0.11152845299094101
0.08299086021929562 0.13160398559412803 0.12037553916846219 0.13534776135221202 0.10392592721975721 0.17153752251503385 0.09180109030845686 0.1624173136226544
0.10226113764508263 0.08749502166235386 0.22225658774529689 0.1333168118759157 0.09649647288755547 0.0895505412696368 0.14863829622583435 0.11998513068832413
0.13730381732236083 0.10348553903467889 0.21729408245093684 0.10713082350239068 0.12198498627627717 0.09694013689361315 0.11944287336759081 0.09641774115215161
0.12697739167770053 0.09137322211465236 0.185365016116148 0.0912075151491695 0.14746132801088854 0.11258041160531412 0.1355860971471236 0.10944901817900339
0.12460187021171332 0.08952200163461879 0.1752008338988153 0.09158585365387599 0.15605637809187323 0.11698151537928739 0.1361485227451649 0.10990302438465119
0.14268677812089745 0.10266344377569965 0.19775179821132088 0.10542546267142104 0.13708361698141572 0.10196446052817316 0.11754152330679331 0.09488291640427893
0.11213408239684457 0.07964802848072774 0.2499291932078481 0.12735995054297186 0.0997359083845946 0.07457204111684608 0.1419968403814925 0.11462395548867467
0.10475151483620239 0.07602439268978906 0.2724710643773627 0.12775308961187537 0.09171989879561611 0.0698670979338831 0.14243516110458343 0.11497778065068784
0.1024865588117709 0.07504953176614526 0.2811740158151918 0.12704235268631184 0.08956721844625015 0.06869946258400046 0.14164274247264916 0.11433811741768063
0.10170472832505313 0.07470059507622283 0.28443281911755136 0.12668517370405585 0.08889191399910368 0.06832359888178119 0.1412445145625817 0.11401665633365027
0.10142263158059477 0.07456838363786668 0.28564152389453046 0.12654254158474434 0.0886616845352817 0.06818945694697491 0.14108549039373736 0.1138882874262699
0.13514477945049702 0.09939649118220698 0.23849948606556728 0.10544806305627823 0.11815240972190898 0.09088879272357792 0.1175667210493132 0.09490325675065041
0.10919058487748365 0.07828810694044196 0.26603456065946446 0.12598458813066787 0.09473763760937134 0.07191497853421014 0.14046341393075956 0.11338612931760109
0.12066350824590057 0.08788663999367984 0.2028253797404586 0.09253359595308247 0.14018628287027907 0.1073068727256318 0.13755740532726887 0.11104031514369897
0.10731561009480466 0.07762678300138222 0.252816347285913 0.12798798436077335 0.10065708947291452 0.07570994863937029 0.1426970512201458 0.11518918592469603
0.12040854341617799 0.08796164017154598 0.19876457563762553 0.09276715895971102 0.14235947712519426 0.10851340151440217 0.13790461242368982 0.11132059075165321
0.10739027366868675 0.07773740663273923 0.2512339829643315 0.12815816977982653 0.10124214454761649 0.07600887434296993 0.14288679526198567 0.11534235280184385
0.13767964907633992 0.1005859887512975 0.2266298304007239 0.10606065329189386 0.12222931321982969 0.0931102638508753 0.11824971344633539 0.09545458796270448
0.11015072227047291 0.07874518914310737 0.261431839030491 0.12644324452668698 0.09591684251670676 0.07253846085428511 0.14097478158423157 0.11379892007401826
0.10393567265942842 0.07561614389829105 0.27681715920760946 0.12727623740843994 0.090619910083329 0.06928275659156771 0.14190350648373826 0.11454861366759596
0.10215949956594192 0.0748805250289577 0.28278955352670887 0.12685022291131684 0.08922090153768124 0.06850556469763569 0.14142853211157264 0.11416520062018516
0.10157719823782631 0.07463451120368815 0.285029852540726 0.1266121159389173 0.08877753079726217 0.0682548263300304 0.1411630606065242 0.11395090434502558
0.08048126836793443 0.12970747840260502 0.1418420151943787 0.1375875607039485 0.09381228392514697 0.1581440619968307 0.09332025856441727 0.16510507284473822
0.10116995064955336 0.08676034513048131 0.23125445159826946 0.1327208170114092 0.09387840800079378 0.08679348587008637 0.14797380642913832 0.11944873531026827
0.10315655910012984 0.0778219981100678 0.2659972754174163 0.12907208536663156 0.09133410273780251 0.07254735949936611 0.14390574293861755 0.1161648768299684
0.10239022405541653 0.07552674640937912 0.2788695885407662 0.12741814824136746 0.08972935853281304 0.0693278743309352 0.14206172647209175 0.1146763334172307
0.13563893401082913 0.09974573244903719 0.236242000615208 0.10562943272082286 0.11862837417535751 0.09128010188977397 0.11776893469023085 0.09506648944874055
0.10937922138063923 0.07839690285582016 0.2651678060654935 0.12607836818340015 0.09490835382408996 0.07203084463445218 0.14056797169104462 0.11347053136506015
0.08183021411801578 0.1306071881379109 0.13729537581644513 0.13748500477294048 0.09507311693964007 0.15947639559804633 0.09325069888947268 0.16498200572752858
0.10139528476935052 0.08910081706812822 0.2289943873731353 0.13249122446083483 0.0940697435283019 0.08698861291647753 0.14771782786902035 0.11924210201475136
0.10312597059239406 0.0796062491861802 0.26488554367921113 0.12888166049122854 0.09129722947809159 0.072516418717434 0.1436934334133548 0.11599349444210569
0.0806353194205664 0.13311071668787708 0.13709714973557596 0.13738083374627352 0.09421252356815467 0.159526412587682 0.09318004375834205 0.16485700049552823
0.10112444268226013 0.08954924565676073 0.22892733085378272 0.13250531298322607 0.09389747694764126 0.08700787367132135 0.1477335355201043 0.11925478168490344
0.10306864152818716 0.07968643774592742 0.2648660451831862 0.12888860031891486 0.0912659807429141 0.0725233833905195 0.14370117080332748 0.1159997402870234
0.10227326903614824 0.07705378964051611 0.27824410537572664 0.1272188806469666 0.08962542320824705 0.06924798153507461 0.14183955797505082 0.11449699258226995
0.13538643757310218 0.10158228850421863 0.23576367036155427 0.10539650776493022 0.1184031462261268 0.09110185183476055 0.11750924074686997 0.0948568569884372
0.12594401601178837 0.09259854964247666 0.19085610051072716 0.09068871046055664 0.14570088116042829 0.11057043052894533 0.13481485913240956 0.10882645255266797
0.08344367134423918 0.13463342137014347 0.11885594376163139 0.13458838667713974 0.10438315566018101 0.17130332099308096 0.09128603618101652 0.16150606401256767
0.133227056798729 0.11758008938370898 0.1802531860236618 0.108335133972239 0.12574431302890493 0.11657301055018521 0.12078558966755604 0.0975016205750151
0.11058273577595883 0.08447525581218437 0.2432066915124489 0.1281247825023335 0.09794539306465028 0.0775032661411551 0.14284957093916886 0.11531230425210016
0.08187880558072937 0.13436825508676617 0.13209347766438992 0.13719845575267314 0.09553296049638411 0.16123355461403652 0.0930563439018131 0.16463814690320777
0.10154832633318886 0.08988548143759521 0.22685667889541944 0.13267141520147016 0.09430052624296595 0.08741457111027873 0.14791872709775852 0.11940427368132314
0.11948442417295455 0.09235779749504645 0.19103109524933087 0.09330127195714441 0.1410667929856766 0.11209848452363819 0.13869860726763555 0.11196152634857329
0.10732325561925538 0.0800946832968527 0.24802939052936807 0.128265777913053 0.10112204541482156 0.07671887680482609 0.14300677030007553 0.1154392001217477
0.10365168077208399 0.07742533533412028 0.2716809974876367 0.12770319451333736 0.09200944807497752 0.0702169369626122 0.14237953179322838 0.11493287506200364
0.10214329190419388 0.07646931003795263 0.2807063426863308 0.1268526208083197 0.08954599155978281 0.06868387868814925 0.14143120558778327 0.11416735872748772
0.08042344499698524 0.1321199297704908 0.14065721596697514 0.13724801935876133 0.09379014255651015 0.15797366316338646 0.09308996095637725 0.1646976232305136
0.07531147489640011 0.14595975821578133 0.10739511975234511 0.13524067655278202 0.09319745709747784 0.188878242742597 0.09172845887927823 0.1622888118633384
0.11362749470039904 0.10446632075156773 0.15283101048808262 0.0941962637419594 0.14213071309575975 0.13968360806472851 0.1400290726671516 0.11303551649035129
0.08095458543782995 0.13763406658710037 0.1099176937403029 0.13429566590901174 0.10323452514945237 0.18172116894720233 0.09108749513828622 0.16115479909081407
0.08677411560305351 0.16981889783902332 0.11581991365476976 0.15554611172155533 0.08216872108356832 0.1707551088033169 0.07912563074531294 0.1399915005493998
0.1197377339480248 0.08969539912903442 0.153292617679429 0.0913896012621323 0.14634642876820256 0.1402383584892699 0.14506285914624173 0.11423700157766538
0.09676601798978736 0.15730664650708845 0.09049911748030433 0.11049487387774058 0.12281986860105548 0.21457527765191992 0.07494434923881535 0.13259384865328872
0.1173355052858049 0.10508637416907726 0.14455511004663324 0.09204291822973432 0.14924071379942733 0.14445989665809642 0.13682797993554532 0.11045150187568116
0.12239532444061074 0.09428766523555827 0.16209804436821185 0.09182231915783787 0.15711852251043373 0.12559129669912655 0.13650004459881568 0.11018678298940543
0.1420898982059938 0.10580012448277687 0.1928664557781278 0.10541373996369525 0.13748630748799803 0.10394265475157448 0.11752845336250799 0.09487236596732572
0.08615195791499992 0.13811978665571545 0.11909354955640736 0.13407023837851798 0.1023897725161423 0.16835581245856568 0.09093459646542958 0.16088428605422156
0.07604851632770887 0.1471810318645101 0.10230245757303817 0.13467592519554802 0.09468509095455996 0.1921504577173445 0.09134541013263257 0.1616111102346576
0.10087519769845285 0.09407751755514569 0.21430763337111391 0.13349665574818428 0.09479888656896998 0.09345831016253779 0.14883880872222935 0.12014699017336586
0.10342344986306509 0.0815518677069289 0.2591922302665131 0.1293958251083643 0.09181927058467165 0.07389442528196151 0.14426668859096736 0.11645624259752788
0.08060242566690617 0.13467291614818935 0.1356925941956723 0.13721222794161814 0.09422413479853667 0.15987534268047285 0.09306568503866275 0.16465467352994176
0.11473665268980424 0.10322727594151226 0.16191520943179027 0.09393050357390509 0.14207398591672993 0.13176576582979682 0.13963400232777534 0.11271660428868609
0.09364441999584543 0.16005526649542925 0.12918977613519717 0.1548880809361989 0.08934234856917762 0.15468994167976713 0.07879089334580554 0.139399272842579
0.14519414476852815 0.10597563938717654 0.1878877136501744 0.10887935036303503 0.12351094939365061 0.11309782658677336 0.12053391655981086 0.09492045929085105
0.08657576464582116 0.1394487895167834 0.11778859043854209 0.13389083244795136 0.09922543357759288 0.1715886779928091 0.09081291244295832 0.1606689989375416
0.10279146211244482 0.09210971420125823 0.2204361393706384 0.1326956832299165 0.09522110049458068 0.08937400154580734 0.1479457841384293 0.11942611490692485
0.09233895980773055 0.15821356894690425 0.14560977538144504 0.15754781257920766 0.08170647244526102 0.14264649224961104 0.08014388726855347 0.1417930313212869
0.10745584067067997 0.07853389136906362 0.24050070398242354 0.13472606112271365 0.09021298747148691 0.0819697383471513 0.14914728785257678 0.11745348918390423
0.08143225893548539 0.1339570170867499 0.13158066463775292 0.13752172711916605 0.0940122382020057 0.16319441525588457 0.0932756062199561 0.16502607254299925
0.11501752578089816 0.10312741019576226 0.16061154416794046 0.09398346351367319 0.14207632528986266 0.132690844000204 0.1397127308352515 0.11278015621640781
0.08118556783537133 0.13864521532103216 0.11164169489293484 0.1342006726720789 0.10321098367797307 0.1790519934513137 0.09102306494280135 0.16104080720649466
0.13248360070816395 0.12001921401369307 0.17742376185777273 0.10824811657903335 0.1253894322822834 0.11832399786995634 0.12068857176796705 0.09742330492113001
0.08411511997045609 0.14342790407863276 0.11518777196246056 0.13363807485604046 0.09941604124597408 0.17320792120030776 0.09064147685887962 0.16036568982724853
0.08718562541553297 0.17358895614726344 0.11686676565625771 0.15505129581205834 0.08126254726982199 0.1676247234246877 0.07887392004352534 0.1395461662308525
0.08081428940694643 0.12819415956611807 0.10356293156703275 0.1301759551007889 0.09830975302255153 0.19859100113498473 0.09763196632559167 0.1627199438759861
0.07473693777992363 0.14538920546890446 0.09840003932502164 0.13399057659981498 0.09336028089425862 0.20245370301416335 0.09088056499813539 0.16078869191977796
0.10066524246176584 0.09384912226956936 0.21266707877687174 0.13361678855368422 0.0946136645880833 0.09536024581648264 0.14897274783522704 0.1202551096983158
0.13669775635673512 0.1077861136864212 0.21358409630223074 0.10694451585355205 0.12136637098753184 0.09813592830264059 0.11923515424269163 0.09625006426819685
0.1447790281303179 0.10872958745077238 0.21032172036498908 0.10396745679407383 0.12608761209565236 0.09662792848956812 0.11591595555995993 0.09357071111466644
0.12844255931950951 0.09501928628353687 0.18242695928817906 0.09059986844003677 0.1481426216224775 0.1119660734163109 0.13468278950190543 0.10871984212804413
0.10937834575606005 0.08129262243363408 0.2440310890674809 0.12804466776427742 0.10259091784773641 0.07666190715801334 0.14276024898494807 0.11524020098784968
0.1041513300710863 0.07830657780189364 0.2699986012384141 0.1276931872892486 0.09233672851943418 0.07022133203442205 0.1423683744851772 0.11492386856032376
0.10224168022977355 0.07723569611082318 0.2799711765003448 0.1267973839135855 0.0895975855820989 0.06866921156883621 0.14136962057231098 0.11411764552222695
0.11855688400393184 0.08971795121343698 0.20711976289754835 0.09226573765449406 0.13824395439253404 0.1062176086767274 0.13715921597593445 0.11071888518539287
0.14000675388844808 0.10505841519565468 0.2088417597406699 0.10471102012791901 0.13142116753861818 0.09897599220616692 0.11674497318739625 0.0942399181151271
0.12718585492605558 0.0942758073718849 0.1819453154168013 0.09063307968593533 0.1498734719476431 0.11259461477901775 0.13473216024953968 0.10875969562312238
0.14285048584902335 0.10627951335229169 0.19954577837254883 0.10480105166296719 0.1348246857811508 0.10053218685514398 0.11684535163020371 0.09432094649667046
0.12801964727289272 0.09458487456323258 0.1789473095501194 0.0906893065035113 0.15105200374376684 0.11306394537196929 0.1348157451902944 0.10882716780421356
0.12459152378602982 0.09259396038674453 0.17272811042415906 0.09124428661413202 0.15688573445693654 0.11682247999552411 0.13564076039951567 0.10949314393695841
0.12373920475970743 0.09223211020478679 0.1707312380910206 0.09130825108337987 0.15882872430763584 0.11785472237423988 0.13573584787917364 0.10956990130005584
0.14209720904612638 0.10602501782624518 0.195654630509817 0.10505017604891931 0.13758268032240104 0.10192202107329565 0.11712310672916824 0.09454515844402737
0.11181590306755673 0.08269835385172634 0.24864692944527916 0.12694668202438217 0.09968543847243283 0.07441860249247954 0.14153607682419925 0.11425201382194396
0.08201531286813253 0.1348493821674974 0.13323769552150067 0.13696761814949363 0.09580401742006094 0.15986505630557044 0.09289977578835219 0.16436114177939232
0.11510544521098984 0.10325661029153921 0.16107964629182678 0.09391727875515604 0.14257088830764855 0.13175505389018158 0.13961434274647078 0.11270073450618726
0.10722879058755413 0.08355791345375956 0.23610399451740224 0.12936774300742626 0.1023252115850058 0.08074999899806781 0.14423537914410062 0.11643096870668365
0.10397248519950258 0.07895324321562681 0.26710576285787446 0.1281242370822116 0.09256228011020896 0.07112121532414921 0.14284896283643594 0.11531181337399045
0.10230618161459608 0.07743148543182374 0.2789139121131227 0.12694199641681583 0.08973693370026159 0.06889084122681083 0.14153085272143495 0.11424779677513425
0.09209020389204527 0.15278820128592474 0.16058119477154556 0.15706094347366667 0.08055125652895277 0.13567713185017796 0.07989621907138697 0.1413548491263
0.10674974882880872 0.07766476311587829 0.24637557465116072 0.13383282691200937 0.09017992727123483 0.08036394617809578 0.1481584408631117 0.11667477217970049
0.12051321867837703 0.09040796357720499 0.19701596996596613 0.09298173697244416 0.13933259996569955 0.1099468294218016 0.13822359705157372 0.11157808436693298
0.10728792048877328 0.0802939918443144 0.2502313451255463 0.127871885271109 0.10050613000996214 0.07615642111701568 0.1425676093992812 0.11508469674399809
0.09319947782999899 0.15393776290663086 0.1533040121281381 0.15724066742798412 0.08262229720873507 0.13819153794778738 0.07998764386553976 0.1415166006851857
0.10724896906112191 0.0779197717297395 0.2435066184420962 0.13413986163113908 0.09079528857595902 0.08094870616816652 0.1484983409184771 0.11694244347330074
0.08138466932290485 0.13374751788084707 0.1322514699599808 0.13748323914653338 0.0941235284457439 0.16278018693397944 0.09324950133417048 0.16497988697584004
0.07529669766711078 0.14792429550077785 0.10530456622123402 0.1348639459889753 0.09304480032335874 0.19025602183229415 0.09147293727947892 0.1618367351867704
0.10062313032934063 0.09414572846609005 0.21558627612559117 0.13340574875363256 0.09437743701729394 0.09305905122237411 0.14873745420740822 0.12006517387826932
0.10332552448400745 0.08153256745594509 0.25968636586844734 0.12934320348543565 0.09169639067209383 0.07379904548878984 0.14420801940838868 0.11640888313689209
0.10244025289889176 0.07810693061241597 0.2762186074905997 0.12733168191438332 0.08980867213129895 0.06953001825924991 0.1419653229702154 0.11459851372294498
0.09213405189771795 0.1530552495383639 0.15990044371043144 0.1571042777860434 0.08057953895125128 0.13591432506107012 0.07991826304768296 0.14139385000743906
0.1206516126773115 0.08779176745345202 0.1669076511237373 0.09074861314956921 0.14613597656997496 0.13028319489126458 0.1440454176977289 0.1134357664369615
0.12313475517845389 0.09159423387368357 0.16935560696099464 0.09174401089723301 0.15592647810333687 0.12176846779970177 0.13638363410991655 0.11009281307667962
0.14201857265312492 0.1059564604320988 0.1952661692216182 0.10514565434206918 0.13687998059819964 0.10287251594424243 0.11722955790078461 0.09463108890786227
0.11181848816022866 0.0827019801282895 0.24851019728577126 0.12697445869180407 0.09955647774213786 0.07459433943365588 0.14156704573548903 0.11427701282262367
0.10451954269990349 0.07840894521846438 0.27160941927001186 0.12742464790417657 0.09154177939747175 0.06974450928513856 0.14206897311107447 0.11468218311375893
0.10226601728560497 0.07720769510089079 0.2805582770405115 0.1267151017570332 0.08938220623575047 0.06854922889066443 0.1412778821082146 0.11404359158132987
0.10148143238570273 0.0767866248480813 0.28391887437485785 0.12635360305774393 0.0887007582284095 0.06816562631721326 0.14087483803602197 0.11371824275196953
0.10119625116627104 0.07662976487600899 0.2851687918114656 0.12620855924773558 0.08846712020943405 0.06802868435409518 0.14071312501202757 0.11358770332296203
0.10109118111962592 0.07657092868501665 0.28563221222944607 0.1261535691846782 0.08838379564098385 0.06797828567858422 0.14065181519545467 0.11353821226621039
0.10105231738199927 0.07654894266100275 0.2858038452758643 0.12613305916501122 0.0883535205466402 0.06795961366684762 0.14062894805412446 0.1135197532485101
0.10103792800630652 0.07654075908783277 0.2858673872368201 0.12612544813501414 0.0883424204986821 0.06795269139016645 0.140620462323665 0.11351290332151273
0.10103259956237949 0.07653772080229032 0.28589090841922415 0.1261226284496194 0.08833833228218001 0.06795012629477498 0.1406173185848742 0.11351036560465746
0.13467249485663016 0.10202227254688567 0.23818776359043656 0.10507400705369133 0.11775182191616407 0.09057535716681424 0.11714967652105583 0.09456660634832217
0.08485581668884923 0.13849079041645204 0.12936366853154507 0.13404507164787005 0.0981716496997974 0.163301390181226 0.09091752685681621 0.16085408597744405
0.10204853637884598 0.09163200486929564 0.22520545059048785 0.13226703527429387 0.09468551907417203 0.0876532484094767 0.14746787365656347 0.11904033174686449
0.10330194388198234 0.08080420140967062 0.2632816874138603 0.12886629280984632 0.09144691556202168 0.0726429957983015 0.14367629959545553 0.11597966352886167
0.10230789782735134 0.07787934221052896 0.27754426459604314 0.1271583353389778 0.08964519956345651 0.06925040418361227 0.14177205447494987 0.11444250180508002
0.10159797812997488 0.07698804129163322 0.28281799121143003 0.12650115230544728 0.08884908629954363 0.06835536925099518 0.14103934443607327 0.11385103707490256
0.10126021384072717 0.07669430233953961 0.28476439354359595 0.12626006297314177 0.08853054095838737 0.06808588184648671 0.14077054782229387 0.11363405667582759
0.1011191721994265 0.07659272976922618 0.28548316546545627 0.1261720342356321 0.08840864538880484 0.06799701978010572 0.14067240234927936 0.11355483081206891
0.11816278637503455 0.08950938890711116 0.20880961942979054 0.0921760583240837 0.13775104219597792 0.10595393315106083 0.13702590162804085 0.11061126998890042
0.13984797997671636 0.10497942005840735 0.20943313003366945 0.10467895973077877 0.13125012339409775 0.09889009481147741 0.11670922823715185 0.0942110637577009
0.11086579939811936 0.08219158040107911 0.2541185909725212 0.1264461149812487 0.09797845548273337 0.0736199733543197 0.14097798192685487 0.11380150348312383
0.10412040387307646 0.07817966855013667 0.2737295744046764 0.12718531278969053 0.09105718072291095 0.0694589458295357 0.14180213231925196 0.11446678151072147
0.10210614699939154 0.07711395504289047 0.28134833449600694 0.12662167840748986 0.08922208955501199 0.0684545628871028 0.14117372204536555 0.11395951056674088
0.10141937469271312 0.07675019652466177 0.28421191137625457 0.12631852961651077 0.08864531447310567 0.06813226289542655 0.140835733766468 0.1136866766548597
0.10117262427552763 0.0766159657301555 0.2852773166121706 0.12619553393010471 0.0884473742325541 0.0680166019274854 0.14069860275490778 0.11357598053709425
0.1010822890569669 0.07656576608901126 0.285672385025008 0.12614874596240605 0.08837664675975782 0.06797385807812134 0.14064643766256316 0.11353387136616545
0.10104899354379156 0.07654702254440378 0.28581871419258165 0.12613127430111584 0.08835090770004664 0.06795798278297632 0.1406269580640799 0.11351814687100427
0.10103669052995325 0.07654004687437954 0.28587289043591185 0.12612478765088594 0.08834146031756958 0.06795208937235053 0.14061972593315195 0.11351230888579736
0.11813368202553123 0.08949282483747899 0.20892848002352757 0.0921693187122966 0.1377210677683184 0.10593556143563251 0.13701588274245882 0.11060318245475591
0.0820789609912368 0.13504506816953335 0.12295417737866901 0.1346633428778553 0.1027104367145048 0.16961512637588114 0.09133687603889316 0.16159601145342634
0.07521137520109945 0.14793971645104864 0.10299754714102509 0.13441794570257073 0.09460655056873365 0.19235489735504172 0.0911704327373958 0.16130153484308485
0.11341546190197013 0.10614486848327111 0.15112879440410715 0.09398986120067543 0.14237028410531255 0.14044065503717731 0.13972224142667572 0.11278783344081052
0.08077745089993639 0.13934935607719035 0.1093624443295926 0.13399912339343079 0.10311725932186074 0.181709055952067 0.09088636195380524 0.16079894807211695
0.0747836770954669 0.1488402445402329 0.09974839690583943 0.13404539126377776 0.09444365131530513 0.19636642572306476 0.09091774363977971 0.1608544695165333
0.10062849965666458 0.09444484536761451 0.21321045289767085 0.1335556519902483 0.09480171024915596 0.09425416791799635 0.1489045851294261 0.12020008679122347
0.091885681662368 0.15901585121447875 0.14371961857895557 0.1575660643557788 0.08162157183602044 0.1442285825642579 0.08015317186793966 0.14180945792020092
0.08187697463648066 0.12684909016871518 0.10976895723008312 0.13043871867057633 0.09984293549355291 0.19034588645943906 0.09782903900293224 0.16304839833822038
