Action: 0
[0.10526808889864321, 0.10525610787962467, 0.2237002837637666, 0.10525610787962467, 0.14474711139836116, 0.1052600844207304, 0.10525610787962467, 0.10525610787962467]
[0.21433523000679183, 0.10668040409670998, 0.1454623639214268, 0.10668040409670998, 0.10680038558823149, 0.10668040409670998, 0.10668040409670998, 0.10668040409670998]
[0.10457181601853793, 0.10429887023491938, 0.2235669370472647, 0.10429887023491938, 0.14480184338193772, 0.10986392261258196, 0.10429887023491938, 0.10429887023491938]
[0.125, 0.125, 0.125, 0.125, 0.125, 0.125, 0.125, 0.125]
[0.11842787081312148, 0.10526022857925343, 0.25000892892999715, 0.10526013971374183, 0.10526241282266074, 0.10526013971374183, 0.10526013971374183, 0.10526013971374183]
[0.14455263056013204, 0.10515743988535249, 0.22450327606653322, 0.10515732677325015, 0.10515732921995473, 0.10515734394827715, 0.10515732677325015, 0.10515732677325015]
[0.125, 0.125, 0.125, 0.125, 0.125, 0.125, 0.125, 0.125]
[0.125, 0.125, 0.125, 0.125, 0.125, 0.125, 0.125, 0.125]

Action: 1
[0.1446795159722043, 0.10434602561870616, 0.10434602561869917, 0.10434602561869917, 0.11945622851784286, 0.2141341274164501, 0.10434602561869917, 0.10434602561869917]
[0.10684033153906668, 0.10684033153906668, 0.10684033153906668, 0.10684033153906668, 0.10684033153906668, 0.2521176792265331, 0.10684033153906668, 0.10684033153906668]
[0.10677870158915727, 0.10706784931866814, 0.1067787015887327, 0.1067787015887327, 0.10688510955925572, 0.25215353317798817, 0.1067787015887327, 0.1067787015887327]
[0.125, 0.125, 0.125, 0.125, 0.125, 0.125, 0.125, 0.125]
[0.1067962773569434, 0.1067962773569434, 0.1067962773569434, 0.1067962773569434, 0.10706867641783453, 0.2521536594405051, 0.1067962773569434, 0.1067962773569434]
[0.14460264500033554, 0.10490886904128693, 0.10490886904128693, 0.10490886904128693, 0.10634909588966981, 0.22450391390356, 0.10490886904128693, 0.10490886904128693]
[0.125, 0.125, 0.125, 0.125, 0.125, 0.125, 0.125, 0.125]
[0.125, 0.125, 0.125, 0.125, 0.125, 0.125, 0.125, 0.125]

