Action: 0
[0.23163535750389877, 0.10007290107218986, 0.11334640748577156, 0.10007290107218986, 0.15465359387156422, 0.1000730368500061, 0.10007290107218986, 0.10007290107218986]
[0.12563716088936422, 0.10190219097392336, 0.26294969326709555, 0.10190219097392336, 0.10190219097392336, 0.10190219097392336, 0.10190219097392336, 0.10190219097392336]
[0.10582609450119226, 0.10406081368244818, 0.26974954907585824, 0.1040608136773289, 0.10412028803118578, 0.1040608136773289, 0.1040608136773289, 0.1040608136773289]
[0.125, 0.125, 0.125, 0.125, 0.125, 0.125, 0.125, 0.125]
[0.13087751716448162, 0.09997754004530959, 0.2559847181794498, 0.09997754004530959, 0.11324996750758182, 0.09997763696724839, 0.09997754004530959, 0.09997754004530959]
[0.10170456488083318, 0.1017045490452884, 0.2346979797888125, 0.1017045490452884, 0.10170454927743658, 0.15507470987176408, 0.1017045490452884, 0.1017045490452884]
[0.125, 0.125, 0.125, 0.125, 0.125, 0.125, 0.125, 0.125]
[0.125, 0.125, 0.125, 0.125, 0.125, 0.125, 0.125, 0.125]

Action: 1
[0.10408088527357143, 0.10408088527357143, 0.10408088527357143, 0.10408088527357143, 0.10576186783427831, 0.26975282052429306, 0.10408088527357143, 0.10408088527357143]
[0.1111111111111111, 0.1111111111111111, 0.1111111111111111, 0.1111111111111111, 0.1111111111111111, 0.2222222222222222, 0.1111111111111111, 0.1111111111111111]
[0.10482965958849862, 0.10240994360420319, 0.10240994360413518, 0.10240994360413518, 0.21782006714168659, 0.16530055524907095, 0.10240994360413518, 0.10240994360413518]
[0.125, 0.125, 0.125, 0.125, 0.125, 0.125, 0.125, 0.125]
[0.10521202535924938, 0.10262492619644645, 0.10262492619644645, 0.10262492619644645, 0.16577046257676675, 0.21589288108175167, 0.10262492619644645, 0.10262492619644645]
[0.1016610093360905, 0.10166020210657294, 0.10166020210657294, 0.10166020210657294, 0.25728537240999505, 0.13275260772104988, 0.10166020210657294, 0.10166020210657294]
[0.125, 0.125, 0.125, 0.125, 0.125, 0.125, 0.125, 0.125]
[0.125, 0.125, 0.125, 0.125, 0.125, 0.125, 0.125, 0.125]

