0.125 0.125 0.125 0.125 0.125 0.125 0.125 0.125
0.13585418317672365 0.10698516925166987 0.16302501981206838 0.12838220310200385 0.11843698020534883 0.0932691219117122 0.14212437624641858 0.11192294629405464
0.08426352317527296 0.12510061158807748 0.09007244034341579 0.15012073390569297 0.0938254586910581 0.15637576448509685 0.11259055042926974 0.1876509173821162
0.07933689586971905 0.12277924064012698 0.08840105326089143 0.14733508876815235 0.09208443048009524 0.17539311344471017 0.1105013165761143 0.18416886096019047
0.0782461461613823 0.12149854956061629 0.08747895568364372 0.14579825947273953 0.09888160417598159 0.17649996600015766 0.10934869460455465 0.18224782434092437
0.07763229631385567 0.12057866649767 0.0868166398783224 0.144694399797204 0.10532919595922387 0.1755600019593162 0.108520799847903 0.18086799974650497
0.06459553143093477 0.10026477079554305 0.05414297622959324 0.09023829371598875 0.1417972219630881 0.26019866597368807 0.10828595245918649 0.1804765874319775
0.08769198837691987 0.1551473640514736 0.07644942576449425 0.13525667635256675 0.10523038605230385 0.18617683686176836 0.0917393109173931 0.1623080116230801
0.10258919157347879 0.0744806324865041 0.18915716187048662 0.1489612649730082 0.0974048684903235 0.09263697002469037 0.1649062436819627 0.12986366689954562
0.09691230525884532 0.14700965285723294 0.09383322046601573 0.13230868757150965 0.12869312930512458 0.22262627631973378 0.09923151567863224 0.07938521254290579
0.07072893981455784 0.12513581659498696 0.08841117476819729 0.1564197707437337 0.08487472777746942 0.18063243568673762 0.10609340972183677 0.1877037248924804
0.09955915672304781 0.07334822115291749 0.20232759266290998 0.14669644230583498 0.09713248014554766 0.09064790900771953 0.16239899188924345 0.12788920611277924
0.07599193876743528 0.11530657362288417 0.11264210045149657 0.138367888347461 0.10618039869813051 0.17477532341767038 0.10377591626059575 0.1729598604343262
0.07244897026824902 0.1122028716070497 0.09705763824956411 0.13464344592845962 0.10540099121882907 0.20895919087092935 0.10098258444634473 0.16830430741057453
0.07076035761900328 0.10983276169065671 0.09302105204406441 0.13179931402878806 0.10334877260455322 0.2276391139553584 0.09884948552159105 0.16474914253598505
0.06920281609070666 0.11969736453619051 0.09069111969751117 0.12893188814355505 0.10110260405405781 0.23251043119086862 0.0966989161076663 0.16116486017944381
0.08380900123323633 0.1465620255529539 0.0822418748412119 0.11722692112463567 0.12658436063268283 0.28531947309702127 0.08792019084347676 0.0703361526747814
0.06790729039740305 0.12014366762617462 0.0848841129967538 0.1501795845327183 0.08148874847688364 0.2133201589347002 0.10186093559610457 0.18021550143926193
0.0953507177986161 0.07888189089969119 0.20610775143220733 0.14031505888628976 0.09598748919499071 0.10569660489152578 0.15533453812401632 0.12232594877266287
0.07256008798714082 0.11905513972264793 0.11940280471396798 0.13206998658766228 0.10550649830387383 0.1872655095093827 0.09905248994074671 0.16508748323457784
0.08431665875219235 0.14693221560265943 0.09156184193168909 0.11747969162523167 0.13161667672192517 0.2694953316722396 0.08810976871892376 0.070487814975139
0.0674218718362765 0.11928485017187379 0.08427733979534562 0.14910606271484225 0.09106281740299921 0.20878697506643706 0.10113280775441474 0.1789272752578107
0.06832551223868467 0.1196706800338405 0.09265422374678724 0.1276110954451583 0.10336268130955803 0.2331536163356544 0.09570832158386876 0.1595138693064479
0.06775249434622438 0.11986979768947391 0.08469061793278047 0.1498372471118424 0.09558312318322036 0.20083328168291115 0.10162874151933658 0.17980469653421086
0.07181350720296228 0.1195758562147858 0.09264087508713041 0.12736198075962388 0.10446647409078216 0.22941734512546758 0.09552148556971791 0.15920247594952985
0.05882484354135327 0.09724538537347603 0.057552249572077684 0.07750142735697454 0.14182310510772736 0.3190484215060726 0.09300171282836944 0.1550028547139491
0.06401637495007036 0.11325974029627832 0.08002046868758794 0.1415746753703479 0.09628209646722775 0.23893247135896453 0.09602456242510554 0.16988961044441744
0.09691282890029755 0.07624890452653035 0.20790083339428378 0.13590506507598277 0.10097350981645688 0.11312502580804905 0.15045249369420965 0.1184813387841901
0.07594623862128069 0.11548010175343758 0.12490380721578459 0.12807146850745074 0.10871579220597667 0.19073965468116805 0.09605360138058806 0.16008933563431343
0.07146987847424466 0.11685600726921819 0.10314641046160093 0.12457995371854469 0.10822324113563983 0.2265646015036624 0.09343496528890852 0.15572494214818083
0.07723771913509939 0.13665134923902197 0.06733544745111228 0.11913194549042944 0.11020206525029547 0.26568060190419135 0.08080253694133474 0.14295833458851534
0.0902769122252205 0.07287413396493703 0.180553824450441 0.14574826792987405 0.09726113759813274 0.11961384068911123 0.1624984420053969 0.13117344113688664
0.0978656841032369 0.07087981763780014 0.2570223040003973 0.1315310045996224 0.09877670616645169 0.08364619925831812 0.14561022894219489 0.1146680552919785
0.07579486408485529 0.11429797788401123 0.14275075475837187 0.1272956422866902 0.10908242465004554 0.17618705176264554 0.09547173171501766 0.15911955285836274
0.07126008966969402 0.1163913497912867 0.11054479885514468 0.12410373677136734 0.11035401685397149 0.21913853451580123 0.09307780257852552 0.15512967096420918
0.06444129190826851 0.11401151645309042 0.08943985600360897 0.14251439556636306 0.09252689250880333 0.22938683501782725 0.09666193786240276 0.17101727467963562
0.09537177097142922 0.07503528553690786 0.22064185225234542 0.13346931805650666 0.1002142910564046 0.11115359348548819 0.14775602161729673 0.11635786702362119
0.09214502355893024 0.14003328372345172 0.12578473704135087 0.11641600315758145 0.134800595022837 0.23365875323311375 0.08731200236818608 0.06984960189454886
0.06318855113929256 0.11179512893874836 0.08909375853480708 0.13974391117343546 0.09438011262219824 0.23932301747445683 0.09478282670893884 0.16769269340812257
0.10343912246429292 0.08138315855566967 0.14612509004779922 0.086963727875889 0.15797579149795582 0.1773707864184701 0.1380376632950619 0.10870465984486125
0.06395044208041856 0.1224608336442798 0.09175829942282376 0.14142886229323337 0.09862793563786172 0.21613332904887492 0.09592566312062785 0.16971463475188
0.097978563205174 0.07503072503684872 0.22379057521336654 0.13226730024262964 0.10173339539004018 0.1074641483683247 0.14642533848593917 0.11530995405767712
0.09676275536834725 0.13876586933302987 0.12850991499542394 0.11523736853090556 0.13524173612190693 0.22991190813366386 0.08642802639817918 0.06914242111854332
0.0618308986827452 0.12516208742056392 0.0876063146172228 0.13674141054837882 0.0927947516505576 0.2390284963983592 0.09274634802411783 0.16408969265805456
0.07054274041422856 0.11515533392129879 0.09711250092139855 0.12134957057728732 0.10389380133386575 0.24924691167734636 0.09101217793296551 0.15168696322160916
0.07140326150883035 0.15345193240104424 0.06856626435138542 0.11013284122269297 0.10228136602631886 0.2873061283671048 0.07469879665539174 0.13215940946723156
0.08582379010230624 0.08961832611120485 0.18426782325836566 0.1385588900446872 0.09235602347753735 0.13018932378152917 0.15448282218415124 0.12470300104021846
0.11492703602197404 0.07860081787028465 0.1853500175369756 0.08580898198337474 0.15522209444711238 0.1366250913541161 0.13620473330694402 0.10726122747921842
0.07489077661850542 0.1516310361244726 0.08752019437655738 0.1155120065397855 0.11549505593155301 0.2379892485604855 0.07834727400089798 0.13861440784774257
0.08528080832123368 0.08867579697716725 0.1989263217242995 0.13768226885596763 0.09359675360742478 0.1184185535653157 0.1535054549782206 0.12391404197037084
0.09666967809958099 0.13685305633432493 0.1578899174902523 0.14948112053871204 0.0895454930934879 0.16105373553836133 0.07819012458948014 0.13031687431580022
0.08293744945861557 0.11735760742036849 0.11801748722323109 0.12198928663850196 0.10394417121574026 0.2117754247665388 0.09149196497887647 0.15248660829812744
0.07143495481748215 0.15437422516237911 0.08072212501843148 0.11018172518199418 0.10253620631504475 0.27380074055414033 0.07473195273213518 0.132218070218393
0.08384847479252158 0.08796507932772545 0.20263960494259392 0.1353698267734686 0.09048189212235398 0.12693502331867582 0.15092725462653886 0.12183284409612173
0.0972274248451356 0.1359224823551585 0.15856883304903607 0.14848139834009186 0.08858274817398969 0.16410459862887047 0.07766719297789422 0.12944532162982367
0.12290738600905941 0.08101945383220878 0.17304459285668175 0.08424871332046849 0.152136339164255 0.14760450678504508 0.13372811638169602 0.10531089165058559
0.09430467333410687 0.08776524987845759 0.17822468572640432 0.09515682399676448 0.14565737697768352 0.1432459912893055 0.14145701000116032 0.11418818879611736
0.0897950582097448 0.07687666646489216 0.2501899221719237 0.13167139261013558 0.09383163235271184 0.09232729830449789 0.14680377653697205 0.11850425334912203
0.10444106227986673 0.06578683181473945 0.30333614809496456 0.12103876449876382 0.09289400463748178 0.07298732665017477 0.13399488784559932 0.10552097417840949
0.08274990605685487 0.14824096752436994 0.13051756005689505 0.11469841385174728 0.10520632206125702 0.20315328790994197 0.07779544591683728 0.13763809662209672
0.08876762948085888 0.08471359032974032 0.23467764575653538 0.13142023595091173 0.08829857173654077 0.10732035878462058 0.14652375560497174 0.11827821235582056
0.10448900705061392 0.06654239704061278 0.29903235024716196 0.12142575886319124 0.09168651145169122 0.0765423149507841 0.13442330651521373 0.10585835388073082
0.06851823805404132 0.12291146092935618 0.15947491040657247 0.13605015122941422 0.08697240303007585 0.17053516099790103 0.09227749387734183 0.16326018147529706
0.10175804289448277 0.07170573091320988 0.2630996327662585 0.1260088975436589 0.0945489506813253 0.09352780508821583 0.13949702943376158 0.10985391067908726
0.05990347013175901 0.10870637485698241 0.09148637241545642 0.08316585408881341 0.13422475172467416 0.26216789441733357 0.09401357418735429 0.16633170817762682
0.06167345678618845 0.12443292634415197 0.09661387889122808 0.1278361692835491 0.09405129657035004 0.2552825976441272 0.08670627134014636 0.1534034031402589
0.08717190380782684 0.08205414492874893 0.22074246116684035 0.13174478007284454 0.09157849430368804 0.1212523155732749 0.1468855980812162 0.11857030206556007
0.10413320990079451 0.06639880800184104 0.29521256229475956 0.12145504221168317 0.0927232467895089 0.07973752346189164 0.13445572438574607 0.10588388295377504
0.06783201438977035 0.12171329661936037 0.16122128107612935 0.1345478614250118 0.09073677134209948 0.17123279194934576 0.09125854948826889 0.16145743371001417
0.10112574172435175 0.0713004003479201 0.2654470156746274 0.12538000192382012 0.0952560644808704 0.09338431701503074 0.13880081613056197 0.10930564270281756
0.08086039112545766 0.14674817252790642 0.12700198426398338 0.1122566485267419 0.10900817537696997 0.2132773579026256 0.07613929204422493 0.13470797823209027
0.06358122294559902 0.13332341660274058 0.10840503178131629 0.12897570175834874 0.09018098710704768 0.23328362606752726 0.08747917162740176 0.1547708421100185
0.09093742104714228 0.08242537056363419 0.2284091607504394 0.13037181779132623 0.08996807576038833 0.1151986704776809 0.14535484759719505 0.11733463601219359
0.07114559206520196 0.12408236331050015 0.14261112003929938 0.13342905374353892 0.08947177518054682 0.1886455251513093 0.09049970601735684 0.16011486449224668
0.09436524159612528 0.07992377132848728 0.24790050357029006 0.1282661480854884 0.08838685600817262 0.10271076311978074 0.14300718301471615 0.11543953327693955
0.07499361697524215 0.12302874487065178 0.14971270152332636 0.13262803380700064 0.08885024984903647 0.18167660686768047 0.08995640553866131 0.15915364056840076
0.07040386581932834 0.12939573396999615 0.11762587159912045 0.1298203922075922 0.09005113362798778 0.21886644002084524 0.08805209210601907 0.15578447064911063
0.10907679805251909 0.0908129392372605 0.1648155265058143 0.09004224874263216 0.1375364422327512 0.1658114963682199 0.13385385036964423 0.10805069849115859
0.0779739240463888 0.12105248227775427 0.12147328287043543 0.1273824840486838 0.10321911020072967 0.2096411812993497 0.08639855439823771 0.15285898085842056
0.08386702825823308 0.14809746171262045 0.12573468549905256 0.14860059232045536 0.08244658541224509 0.20192063848509972 0.07559247522388382 0.13374053308840983
0.09948705755158575 0.082448106733986 0.2387847162833843 0.12680853628693542 0.09118504117306173 0.10577680467647534 0.1413820546363295 0.1141276826582419
0.11486926220311755 0.08220897169908951 0.2177952912322696 0.08801419832754992 0.13830093520650932 0.12235528612312097 0.13083901721528315 0.10561703799305991
0.10440825068992066 0.06971571965909756 0.28551055832479577 0.11895431598404095 0.09960861276403048 0.08211847305803206 0.13262518513444566 0.10705888438563685
0.11714267998503428 0.07869733232891603 0.2366948494572623 0.085951849093692 0.13880814769778088 0.11178972596172387 0.12777319656316002 0.10314221891243039
0.10580333060140079 0.06834358935227508 0.2952410454765031 0.11719972174640861 0.09855661114988473 0.07870700860240586 0.1306689434993541 0.10547974957176776
0.10094091100353773 0.06611916705111938 0.3265836188058252 0.11573120922180229 0.08752372620830891 0.06991161778487942 0.12903166162490493 0.10415808829962206
0.09824908476544533 0.06491121646507882 0.34232337569157983 0.11401532260900837 0.08378335008430993 0.06698528393359061 0.12711857610287947 0.10261379034810754
0.09677322057788987 0.06423612775003192 0.35013166692828124 0.11302728624271134 0.08227675478451663 0.06581339680961353 0.12601698928851546 0.10172455761844021
0.11479152397156457 0.07639180580840893 0.2645994656078963 0.08409243126663196 0.13010796359210197 0.10409684515647456 0.12500904707696334 0.10091091751995836
0.1049165054217214 0.06693136668637581 0.3102873891331507 0.11511608384064861 0.09503308629463297 0.07576525043708912 0.12834584272979777 0.10360447545658376
0.10095495976123539 0.06524018297101926 0.3345240147961935 0.11438537518543913 0.0858534238337472 0.06856404867573428 0.12753115710973587 0.10294683766689522
0.0818950456876313 0.11689294830209482 0.17946422853379365 0.1284494920358278 0.09156969286404275 0.16046693797018521 0.08712226416343104 0.15413939044299338
0.10067718013280542 0.0761235948084153 0.26898267122348013 0.1228120878554447 0.09074989229047244 0.09319738174184437 0.13692631287763757 0.11053087906990021
0.10200047697498954 0.06799892976719232 0.3148488856005769 0.11746967107965858 0.08683394519615828 0.07415547054927647 0.13096991686045517 0.10572270397169273
0.1345263817443941 0.08787957352250582 0.28323049126163624 0.09614745206963421 0.11281663808669028 0.09166952257781663 0.10719723387465187 0.08653270686267078
0.11039993169068668 0.06734734284973604 0.3191164151305212 0.11324623953293675 0.08974384055108484 0.07196350879807246 0.12626110586731903 0.10192161557964308
0.07266613423062283 0.10046943061997785 0.23943809588358833 0.17590799445073846 0.05945104061261223 0.10426647723707223 0.08948363195972349 0.15831719500566463
0.09552308403270428 0.13762119827264127 0.1769499062460547 0.14848068426178573 0.08036217710777083 0.15395143151901375 0.077666819460011 0.12944469910001832
0.09447046169980326 0.1543994745936127 0.10438471766758661 0.10489784039939981 0.10501056808021533 0.23981142863529215 0.0711481004448103 0.12587740847927978
0.10731744498419227 0.0823664129216905 0.22469461523643738 0.12434125395036572 0.09586749847112408 0.11487442692425909 0.13863121895660174 0.11190712855532914
0.10669106006709793 0.0700471980675631 0.29207593051618896 0.11973088384718807 0.08965372352552387 0.08055240816493975 0.13349100034902905 0.10775779546246925
0.10325676906272971 0.06629949359073048 0.3259435777390427 0.11567239107485826 0.08542246315930754 0.07033406962548258 0.1289660837804763 0.10410515196737244
0.10061003926319638 0.06470198949623018 0.34241240871877626 0.11354671976052338 0.08304534854950812 0.06689532753011412 0.12659611889718053 0.10219204778447104
0.09905663543752365 0.06396034973616364 0.35032492230037804 0.11251949062199779 0.08183142604543313 0.0655887992320905 0.12545083506661542 0.101267541559798
0.11745912117091468 0.07605861812978926 0.2646282928645196 0.0837214801632704 0.1295128488969644 0.10369625923142707 0.12445760334719004 0.10046577619592448
0.08588823734826358 0.11727837809405187 0.15557627889930412 0.12607477813952395 0.10128669713089218 0.17709430796938022 0.08551158865115537 0.1512897337674287
0.1354698364064976 0.10006855163408218 0.20849163718184577 0.10068906794585428 0.12454451781529728 0.12785543121507464 0.11226079665007933 0.09062016115126885
0.1154186755945988 0.07108031801314536 0.28031379856206123 0.1170711618167562 0.09743737373795137 0.08278901786859014 0.13052560877181624 0.10536404563508057
0.1069105069946001 0.06633930738563037 0.31925072790193937 0.11540644413250238 0.08873071246014923 0.07082692861939005 0.12866957278653623 0.10386579971925215
0.10263629822307976 0.06465520824885372 0.33869711973219396 0.11339501756075172 0.08514733491027172 0.06698652325467791 0.12642698226549481 0.10205551580467655
0.10046434282790781 0.06384633572515071 0.3481585858219965 0.11227141839030345 0.08351289371140885 0.06552789393083013 0.12517425304112936 0.10104427655127311
0.09938018821922981 0.06344910051873048 0.35271655733910073 0.11171166208929532 0.08274285403205031 0.06490897538286386 0.12455016653836357 0.10054049588036579
0.09884764744850413 0.06325657989572109 0.3549034269002187 0.11144084377468212 0.08237663821149628 0.06462988004427203 0.12424822432789186 0.1002967593972139
0.09858883727696266 0.06316405474490769 0.3559508945396955 0.11131091618106727 0.0822019727845518 0.06450013515275427 0.12410336475710036 0.10017982456296055
0.08232662935811276 0.11566884181839233 0.18627082232185177 0.12741667719502045 0.09154688089602785 0.15744838950516515 0.08642174627140517 0.1529000126340245
0.11642995119995904 0.08645885368523437 0.1949177657226529 0.08723523974650663 0.13999774843534066 0.1405971105480497 0.12968104296644867 0.10468228769580795
0.11023304316136236 0.06995903646708218 0.273468056456257 0.11812997105658002 0.10374067817704426 0.0864461386721473 0.13170610205860486 0.106316973950922
0.0853796303600918 0.1176202840138308 0.15958995175768648 0.12814237546515894 0.0988005229916917 0.1697824258421984 0.08691395901115129 0.15377085055819073
0.1355801108903141 0.10005291388866568 0.21047626034609207 0.10062754475167883 0.12502654433674384 0.12547963263013773 0.11219220287985683 0.09056479027651093
0.11554094850474353 0.0708750940450687 0.2810874034976715 0.11666803771397553 0.0986972696549461 0.08205385715991283 0.13007615548110404 0.10500123394257796
0.1070423390075442 0.06615450174299507 0.319400956908288 0.11508043492014107 0.08991786871709419 0.07052541043201153 0.12830609684379907 0.10357239142812696
0.10278855233776317 0.06450494783770619 0.3385686579031072 0.11313055740010367 0.08624457015675113 0.06681308378227027 0.12613212892220513 0.10181750166009329
0.13546298469157902 0.08577051021569129 0.2927114873253825 0.09426132618963286 0.11383018157377178 0.08803397215915991 0.10509434427411303 0.08483519357066957
0.13056515742404057 0.07766330014922444 0.23653810444276327 0.08176689579128396 0.1437983741823821 0.10999591066058752 0.12155198240017735 0.09812027494954075
0.08959899907459958 0.11673665713763322 0.14614493751308932 0.12491705876412959 0.10843221157146928 0.1795433125212356 0.08472635290088791 0.14990047051695551
0.07924533859957227 0.12568943651983827 0.11679200791204349 0.1264584793246193 0.09837973059393706 0.2159129937098352 0.08577183815061135 0.15175017518954315
0.0761791614603003 0.12673769802796347 0.10692624745392415 0.12574893687676825 0.09496472854596306 0.23325392011002027 0.08529058327293847 0.1508987242521219
0.10341974189888861 0.0793670026730472 0.22779900859136534 0.12575249177411046 0.09664187041519826 0.11363799823686903 0.14020464381382167 0.11317724259669942
0.09679408860530103 0.13789307229573833 0.16632713800383023 0.14796771087221203 0.08350749386535773 0.15906902538974904 0.0752705311828209 0.1331709397849908
0.1407098078482092 0.10302261903031457 0.21338007680017024 0.10018040627473047 0.11911289537151573 0.12173815218119977 0.11169367684660246 0.09016236564725741
0.11754162042083542 0.07109801905903643 0.28247727403349976 0.11639957469859037 0.09691811417925297 0.08102894112655064 0.12977683925350297 0.10475961722873132
0.10800336227131817 0.06608402016725969 0.3199779009763035 0.11489145027533404 0.08933904087869583 0.07020652711511728 0.12809539306817094 0.10340230524780064
0.10342710523308608 0.06442991581725356 0.3387549686682705 0.11299805109614362 0.08602056715657999 0.06668675176031724 0.12598439428181982 0.10169824598652925
0.10117177368713673 0.06365643811406946 0.34791794950367244 0.1119351890547411 0.08444784305822169 0.06532975400917307 0.12479938242371878 0.10074167014926699
0.11938636674260805 0.0754962905002367 0.26273670263338894 0.08307146850461437 0.13313361099553161 0.10299848105898461 0.12349131735909838 0.09968576220553724
0.10833076405235187 0.06613326897704201 0.3082766929685659 0.1136745858267194 0.09954635282942668 0.07499252808310163 0.12673868001874533 0.10230712724404745
0.12254256570072576 0.07622445416361913 0.24541512970659005 0.08351377725763386 0.14101250978409216 0.10692619165041219 0.12414883902776615 0.10021653270916062
0.1100157593637354 0.0666364713691416 0.2990916605937374 0.1143846242389032 0.10301957602601107 0.07637542673306938 0.1275303198603891 0.10294616181501287
0.10470726237238491 0.06487024523045314 0.32803896200234656 0.11361775950891628 0.09133896686804291 0.06849549754466668 0.12667532291516484 0.10225598355802465
0.09629559126291835 0.1323678448250579 0.20228532392817636 0.14534106942331249 0.0823788956516212 0.13658994232998656 0.07393437009794591 0.1308069624809812
0.08155152370313093 0.12978623018433713 0.13518112725312967 0.12714655263412403 0.09286745828638782 0.19465271342610094 0.08623853135184066 0.15257586316094884
0.1040107794932227 0.0787795514402369 0.24375801386664517 0.12421857356014167 0.09604750008511337 0.10289442587375781 0.13849443947675494 0.1117967162041275
0.1060359554924607 0.0685960718852353 0.3011503324261563 0.11781092156120285 0.09222036998350251 0.07680613356543657 0.13135038568092317 0.10602982940508256
0.1037548310688064 0.06532676326223488 0.3295620948312658 0.11408726295324079 0.08861920660088382 0.06877252040763546 0.1271987842180162 0.10267853665791671
0.12070112957383759 0.0759527709539319 0.25478944071737275 0.08333327729251454 0.13684190066818694 0.10450103433665446 0.1238805137064843 0.09999993275101743
0.10905363238502375 0.06631119047975095 0.3039551481970162 0.11385861780241677 0.10190487897247508 0.07549991420322373 0.12694386193791837 0.1024727560221751
0.08544701039325195 0.11617846249706365 0.169324890025867 0.12722570148371737 0.09963906798145328 0.163221810918795 0.08629221491939092 0.15267084178046084
0.10354768855244154 0.07572051034925298 0.26220100381437095 0.1219944178865405 0.09694756956300714 0.09377916185404413 0.13601467188245633 0.10979497609788645
0.08423764045434211 0.1188320688458916 0.15576495971401422 0.12816192305479282 0.09864372949299706 0.1736381533959165 0.08692721737629426 0.15379430766575136
0.10382777866737923 0.07656556814737271 0.25489981829855174 0.1228571815282745 0.09744033449328385 0.09686126653204759 0.13697658895764336 0.11057146337544706
0.08430462563392042 0.11903702464033726 0.15339124619679678 0.1282114029076786 0.09894502966395279 0.17529620984376135 0.08696077762433853 0.1538536834892143
0.10394654613611287 0.0766627288808621 0.2535723969728715 0.12296988064859865 0.09772363143037995 0.09734968328101345 0.13710224006642266 0.11067289258373877
0.0843274583516318 0.1190481841986573 0.15295574231566234 0.12820138653342375 0.09912719427905102 0.17554438657183877 0.08695398390962655 0.15384166384010847
0.11778243325765676 0.08686146811162637 0.17936446635292982 0.08707662951503725 0.14781854581816462 0.14715924332209704 0.12944525820444344 0.1044919554180447
0.14571643225865424 0.09134626437436108 0.21520119011561073 0.09621883600111322 0.14260020406760762 0.11504329915055937 0.1072768216310919 0.08659695240100189
0.10735655702911932 0.136893452103796 0.15981829996136557 0.14265122263943916 0.09570960444557852 0.15661870671123046 0.07256605673397558 0.12838610037549525
0.08389331659029219 0.12998110423883524 0.12126134918670492 0.1262977387386869 0.09710992028644724 0.20423647037158696 0.08566281410102242 0.15155728648642425
0.10524323399270331 0.07911701273594049 0.23552526190615583 0.12463271016061707 0.0986503342922042 0.10570583688725521 0.13895617088056858 0.11216943914455538
0.10672632106900277 0.06880053259017008 0.29671973280614694 0.11807377742608689 0.09411614951500435 0.07765363655595116 0.13164345035415956 0.10626639968347822
0.10409919155021062 0.06539966917942315 0.3272128176887122 0.11415340856353816 0.0900975346872277 0.06902677898644587 0.12727253163725818 0.10273806770718433
0.12073286250451876 0.07586104391690698 0.2535533880757507 0.0832054594159073 0.1386408457550892 0.10446934518461343 0.12369050384812491 0.09984655129908877
0.10905503882057602 0.06624151562519955 0.3031416385688212 0.11372555582709458 0.10323387339017581 0.07545386975831546 0.1267955077654323 0.10235300024438512
0.1226954794023189 0.0760551228143001 0.24277239586981778 0.08328210211019145 0.14458186010154103 0.10687007880877904 0.1238044383608219 0.09993852253222973
0.10092028357973622 0.13363268958745536 0.17034481152345726 0.14334302187727888 0.09655137529294552 0.1532811264511339 0.07291797199844187 0.129008719689551
0.12319541606199891 0.08830336327745676 0.1864382303303636 0.08625662711878233 0.14578844527848883 0.13828369582274794 0.1282262695676227 0.1035079525425388
0.1476805575369782 0.09129915215693857 0.21840222501119239 0.09589554513226618 0.14152946798698013 0.11197068511809333 0.1069163764385117 0.08630599061903957
0.11888718912993684 0.06875455674198903 0.28365714533927505 0.11462899410800771 0.10514759155706681 0.07795565439863449 0.12780277402788323 0.10316609469720693
0.10809704474266116 0.06541565455319259 0.3199405253814227 0.11410604558282718 0.09335502808660492 0.06917053518043075 0.12721972544831625 0.10269544102454446
0.1032945144446 0.06411214056428205 0.3383448726221893 0.11250526143543894 0.08880466056657495 0.06624884448953769 0.12543497058548192 0.10125473529189505
0.10101561176057253 0.06342374170548343 0.3473968376087465 0.11152834731560025 0.08684892449349059 0.0650652402861659 0.12434578424590058 0.10037551258404023
0.08333509997455338 0.11529246294955214 0.18338609993898716 0.12684739582693624 0.09559402368694149 0.157292417635045 0.08603562499566111 0.15221687499232348
0.10225723268379742 0.07513178753426367 0.2698295737308056 0.12118569219086676 0.09559393032817624 0.09182165747586636 0.135113003084444 0.10906712297178008
0.10411868875372497 0.06714860864438625 0.31410058121214357 0.11595932528129733 0.09177623239555825 0.0732471769520665 0.1292859940076554 0.1043633927531676
0.10247187678700075 0.06462610314498436 0.3357487286545757 0.11309116711071682 0.08873079116541564 0.06746107104854904 0.12608821168911263 0.10178205039964514
0.10091411620944374 0.0635953344782252 0.3462035491071247 0.11173732355048677 0.08696309947515679 0.06544420883156704 0.12457877715255763 0.1005635911954381
0.09994570824145398 0.06313342765307076 0.35123486669892484 0.11110665444926979 0.08604576425221831 0.06466196153116047 0.123875628169559 0.09999598900434281
0.09941827635293987 0.06291919665743072 0.353654076768162 0.11081038376890998 0.08559130546844616 0.06433210712138226 0.12354530847071007 0.09972934539201897
0.0991473171951571 0.06281822037052658 0.35481723976833607 0.11066996108931565 0.08537055837817265 0.0641849905558411 0.12338874766226685 0.09960296498038408
0.11816579342474307 0.07491294655919875 0.2650770624408791 0.08249929610816668 0.1356777815175376 0.10202721995738526 0.12264074466228958 0.09899915532980003
0.12488305376040296 0.0762573195907612 0.22398414374271908 0.08194901256330347 0.15757349410716404 0.11519144994617711 0.12182271121350785 0.09833881507596416
0.10148934696315433 0.13349103540961743 0.16336545976176708 0.14307910759961653 0.09997047468582176 0.15704965878751953 0.07278371995284841 0.12877119683965488
0.08240659360427877 0.1291950235356592 0.12231895982041137 0.12621688398576478 0.09840479018720513 0.20438951459776586 0.08560797348599698 0.15146026078291772
0.07714060159663333 0.1275151613942971 0.10871989809553952 0.12569577868536222 0.09727096515484737 0.22756813249907473 0.0852545281518109 0.15083493442243465
0.10354783749070161 0.07921000633700684 0.22836576663132918 0.12523792221057328 0.09927496181385856 0.1120184383758231 0.1396309371511914 0.11271412998951595
0.1409315450621016 0.09132486396445626 0.24225123987995933 0.09795207802293293 0.12518571229719416 0.10498843341371462 0.10920925713900136 0.08815687022063963
0.11585543479092858 0.06831098766742273 0.2968139128090595 0.113949499472122 0.09969395158161384 0.07577647593651808 0.12704518821742555 0.1025545495249098
0.10659504276575034 0.065006641501309 0.3266331438871409 0.11346696889904813 0.0913583456589525 0.06831238264046326 0.12650720263819243 0.1021202720091433
0.10253661572648537 0.06386351359801577 0.3416414200341754 0.11213785659405821 0.0880111122623379 0.06586006924466081 0.12502534160561415 0.10092407093465239
0.10063654089368228 0.06329165443788971 0.3489967354136444 0.11133825902604627 0.08651888509249421 0.0648796420240603 0.12413384998874114 0.10020443312344164
0.09972791165182478 0.063001804197941 0.3525643012881401 0.11092788056296451 0.08582332885305693 0.06444337231174126 0.12367630862766342 0.09983509250666807
0.08296544754379137 0.11511722656996824 0.1850221251986372 0.1267376800837503 0.09524858435570915 0.1568625110473605 0.08596120910028282 0.15208521610050035
0.10206371103440562 0.07505238951805215 0.2707099762069318 0.12108668177911433 0.09545139251707518 0.09165522147904115 0.13500261386417672 0.1089780136012029
0.12170979125683443 0.07852225497165503 0.23002721160970116 0.08475970719294296 0.1431021207652685 0.11416626801360176 0.12600099755846444 0.10171164863153155
0.11053801934650087 0.06732723953275717 0.2909520746938283 0.11508278170679309 0.10568247707170535 0.07853419077651869 0.12830871333578273 0.10357450353611378
0.10524870042640816 0.06510686005944893 0.3238229312910157 0.11387341180796565 0.09334314124824064 0.06915852838967666 0.12696035615007514 0.10248607062716908
0.1022589614993927 0.06397196792609304 0.34029950638336415 0.11231669460721619 0.08869782358949711 0.06614528820377726 0.12522473264416492 0.10108502514649459
0.0954579128480542 0.1317273830899962 0.20656431735003716 0.1448044027593098 0.08232727330352685 0.1351333780663959 0.0736613700993011 0.13032396248337885
0.1049782405305713 0.0762785770007191 0.2818539862595158 0.11962199127127791 0.09065037737932344 0.08558744216124148 0.13336959325320089 0.10765979214415013
0.10438923832482482 0.06688111849182404 0.3200586459927037 0.11521990475655196 0.08988697024361543 0.07140461260638269 0.12846159530320048 0.10369791428089678
0.10227329251825999 0.0643963678612471 0.33863873619134177 0.11272584037493273 0.08798162974635541 0.06684997732852099 0.1256808996419026 0.10145325633743947
0.11976312595565831 0.07547372507314466 0.2583234379139815 0.0829081200824221 0.13740036940271202 0.10339298851482794 0.12324848895834686 0.09948974409890651
0.09995398868622539 0.13330423167505123 0.17590450116228187 0.14312293650846933 0.09461860041238808 0.15147908316974024 0.07280601552822136 0.1288106428576224
0.08211043052422458 0.12929031485264705 0.1263645988244187 0.12634755584656146 0.09692419394110348 0.20164923589924225 0.08569660309592865 0.15161706701587374
0.10444482258540014 0.07886011988562565 0.23844187362755867 0.12436137149647848 0.09844324522423635 0.10486968431466201 0.13865364851920808 0.11192523434683063
0.10634898477669515 0.06866757116816564 0.2982168598018159 0.11788873021203883 0.09398223156808129 0.07735862876237867 0.13143713651998953 0.10609985719083494
0.10392515865859543 0.06532833409787173 0.3279444543664303 0.11404980097997779 0.09004170219457633 0.06890871190707056 0.12715701691349762 0.10264482088198
0.10172528038253167 0.06392563518589976 0.34241153790090384 0.11219364117712902 0.08767007165896099 0.06601201938244905 0.12508753725270952 0.10097427705941611
0.10036788818212272 0.06328849636487566 0.34939878921347234 0.11132087942008481 0.08641742765187442 0.06490325466441421 0.12411447302507962 0.10018879147807633
0.09963052034524246 0.06299128419345863 0.35276427469213173 0.11090933603568014 0.08579094000419873 0.06443960943351497 0.12365563286366127 0.09981840243211211
0.09925218836368117 0.06285086464341165 0.35438378990837643 0.1107139757433799 0.08548501382527128 0.06423376862996487 0.12343782071687281 0.09964257816904191
0.08282824944220382 0.11505391891964538 0.18559748820950883 0.1266977357058251 0.09513522545328186 0.15671598303076786 0.08593411639177703 0.1520372828469901
0.09014823139146155 0.14533746004386122 0.14971608764243552 0.146563976603601 0.08432147535495027 0.17744873235687864 0.07455645766357093 0.13190757894324087
0.10600359958584117 0.08007564463996818 0.2514028393243895 0.12301274136582806 0.09366436234079474 0.09797931894636061 0.1371500265675725 0.11071146722924527
0.10622702099834097 0.06839620719665658 0.30483076798200137 0.11713545274819528 0.09207146746404943 0.07531988777484054 0.13059728836254011 0.10542190747337575
0.1385999783632693 0.08709086890518333 0.27699929287012126 0.0950582675099495 0.11940918877188426 0.0913070884476045 0.10598287437303323 0.08555244075895453
0.11334416710016339 0.06665176836486485 0.3145895327125905 0.11193133301150796 0.09651826841318621 0.07143164746405171 0.12479508322327827 0.10073819971035716
0.10496126884567047 0.06423354687369057 0.33539694398527536 0.11241031591064683 0.0897390344399804 0.06676049221432846 0.12532911341082564 0.10116928431958215
0.10162518153937139 0.06349197501657032 0.3458999990077114 0.11162007667853159 0.08721735365818457 0.06523928944885815 0.12444805564009417 0.10045806901067846
0.11929097585477248 0.07516631924262528 0.26131142835895094 0.08269002103441772 0.1367887453641157 0.10260021482877177 0.12292427007504485 0.09922802524130125
0.10823826722716193 0.06590794751809916 0.30713682426328687 0.113276057577077 0.10243572691274581 0.0747623739209517 0.12629435076130824 0.10194845181936929
0.10376563964915737 0.06441643725231402 0.33184605742899403 0.11291641583949516 0.09175336304966286 0.06778393546199085 0.12589337706284012 0.10162477425554566
0.1014301674494783 0.06363491461477462 0.34420880490150285 0.11184509540957514 0.087933911289011 0.06558758573427546 0.12469893473276512 0.10066058586861763
0.0834580673163019 0.1153678963092533 0.18236171896402312 0.1268876635850397 0.09598149346143636 0.15761502702161032 0.08606293704028779 0.15226519630204763
0.10234031979098444 0.07517022269087531 0.26926435336393634 0.1212323958020248 0.09578250724706955 0.09193597075774627 0.13516507412554107 0.10910915622182231
0.10417040485401988 0.06716704764138647 0.31380692908821606 0.11598317043392087 0.09188526737282307 0.07328974764576307 0.12931257957334163 0.10438485339052879
0.09635561966774968 0.1331661238566142 0.1971730665284508 0.14563901540219196 0.08347943843653689 0.13902568832449907 0.0740859339219846 0.13107511386197274
0.10571941874978678 0.07679424492436811 0.2768870355999848 0.12018639484722408 0.09138273047923236 0.08686355891619121 0.13399886112071102 0.10816775536250167
0.10486072023211732 0.067108614146038 0.31757438419737655 0.11552084537911872 0.0903060940219511 0.07186345954308439 0.128797121639107 0.10396876084120686
0.10253573219311136 0.06450303623888706 0.3374225308880852 0.11287255520819629 0.08820362270927865 0.06703274734294146 0.12584447573212332 0.10158529968737667
0.08379556256452704 0.11567458033874076 0.18019172293032773 0.1270474859288404 0.0961316221635738 0.1585307046772118 0.08617133828217001 0.15245698311460848
0.1345388760469357 0.09876734083955122 0.21982436036889605 0.09951096630970535 0.12584076812288109 0.1210105173894902 0.11094730124380582 0.08955986967873482
0.09047709436111305 0.12075970718857179 0.14024401469080966 0.12432547029491904 0.10591107371568696 0.1847669738036603 0.0843251015913364 0.14919056435390282
0.07933608283935606 0.12602700313333598 0.11459817268163977 0.12583091661415918 0.09979462857174821 0.21806990930186185 0.08534618692090797 0.150997099936991
0.07609861112440887 0.1263691830202712 0.10595599813009059 0.12517472421209092 0.09735011465116984 0.23394058251578045 0.08490111729167905 0.15020966905450908
0.13355632035963239 0.10231379488523132 0.1832247788262916 0.10127004831927351 0.12854183549563566 0.14704163221689184 0.11290854640969748 0.09114304348734614
0.08983588131483022 0.12109320536448977 0.12799698622755412 0.12397490116266822 0.10627963454899561 0.19796218571940705 0.08408732426685323 0.14876988139520186
0.11965301187858463 0.08694112401591868 0.16745008492820257 0.08674952245524876 0.15097959890510837 0.15516823928044784 0.1289589915901907 0.1040994269462985
0.08633568366966324 0.11790519792551178 0.12299718618342877 0.12415617852548218 0.11308760461455536 0.20232045724219194 0.08421027760858792 0.1489874142305786
0.11766424660266948 0.091561285906208 0.16429784389947263 0.08599747451066235 0.15325606741345874 0.15618509044485387 0.12784102180988013 0.10319696941279481
0.14543882124404955 0.09679454644510999 0.2068610113092892 0.09570668561673722 0.14466562195792165 0.11769148419913827 0.10670581217269058 0.08613601705506349
0.1184252776202472 0.07350521515856805 0.2769579919421788 0.11453143676807365 0.10635438582915431 0.07945339471625658 0.12769400487425525 0.10307829309126629
0.08751680319893679 0.12238216279631285 0.16014381069158437 0.12647702866213006 0.10130982634150218 0.1646135144745763 0.08578441944040126 0.15177243439455604
0.10412931384263574 0.08149502267589435 0.2562143146462785 0.12146475345387236 0.09781393950569169 0.09414024219991424 0.13542413556722785 0.10931827810848513
0.09265501162051086 0.06296654249527915 0.27060261323083107 0.10244710279510201 0.10906002367840421 0.08703768374527025 0.15229449908048 0.12293652335412242
0.09330908128124343 0.13792542447871303 0.18158883569602913 0.14652143253531752 0.08828871922584296 0.1459624018200588 0.07453481568100935 0.13186928928178576
0.10497170456466903 0.08328003444102935 0.2677693624084599 0.12013433986203492 0.0929939881503678 0.08878884100068204 0.1339408236969255 0.10812090587583145
0.07311979125875137 0.10904998480415475 0.21819850910191477 0.17664105040981615 0.063424851624819 0.11073233309280282 0.08985653433890649 0.15897694536883453
0.11669453084601356 0.07972198650641839 0.20534958805530024 0.08531039067252862 0.1418330184235097 0.1290391786277456 0.13541331852782318 0.10663798834066075
0.10079341312932977 0.14354047557140995 0.11091541731790576 0.10179911216153044 0.12994492153992493 0.22180137135041583 0.06904635433564674 0.12215893459383653
0.10908773476301147 0.08547330437353316 0.22506033421675642 0.12077539558925895 0.1071006430253154 0.10914917900899113 0.13465555299280063 0.10869785603033305
0.10784550582907687 0.07286018069564507 0.2902924698259551 0.1174666727360532 0.09648488630635854 0.07836370521337119 0.13096657393109215 0.10572000546244788
0.10443954845571546 0.06871018535990833 0.32358244266838104 0.11388167037571285 0.09078077412359742 0.06914231184174109 0.12696956383680225 0.10249350333814157
0.10181755794312236 0.06694732709677097 0.3399796752472033 0.11192696633838448 0.08781094750560563 0.06599304145575059 0.12479021470861672 0.10073426970454605
