Action: 0
[0.12542713808517272, 0.07951168451623152, 0.3542970701966813, 0.07804798565685753, 0.12839931710900043, 0.07822083312234143, 0.07804798565685753, 0.07804798565685753]
[0.1043980000917234, 0.15352534201016552, 0.2520385325547398, 0.08167302089056187, 0.16334604178112375, 0.08167302089056187, 0.08167302089056187, 0.08167302089056187]
[0.2296425364718759, 0.07217407207701336, 0.10958358507437042, 0.07217407166243983, 0.14233488465754127, 0.22974270673187966, 0.07217407166243983, 0.07217407166243983]
[0.125, 0.125, 0.125, 0.125, 0.125, 0.125, 0.125, 0.125]
[0.1547206233853074, 0.1322807344828157, 0.3201020423258137, 0.07831481386290148, 0.07963212216802933, 0.07832003604932956, 0.07831481386290148, 0.07831481386290148]
[0.14423642689246188, 0.09386537913276963, 0.3597641873891434, 0.07822504619384932, 0.08763989675287119, 0.07981897125120604, 0.07822504619384932, 0.07822504619384932]
[0.125, 0.125, 0.125, 0.125, 0.125, 0.125, 0.125, 0.125]
[0.125, 0.125, 0.125, 0.125, 0.125, 0.125, 0.125, 0.125]

Action: 1
[0.16783418842477432, 0.08391709421238716, 0.08391709421238716, 0.08391709421238716, 0.1359816218080744, 0.27659871870521546, 0.08391709421238716, 0.08391709421238716]
[0.1006044179378062, 0.1006044179378062, 0.1006044179378062, 0.1006044179378062, 0.19516465649755033, 0.2012088358756124, 0.1006044179378062, 0.1006044179378062]
[0.09350426582067475, 0.07907468296767307, 0.07907468296767307, 0.07907468296767307, 0.2554468367402971, 0.2556754826006628, 0.07907468296767307, 0.07907468296767307]
[0.125, 0.125, 0.125, 0.125, 0.125, 0.125, 0.125, 0.125]
[0.14146712336556275, 0.08062265109637316, 0.08062265109637316, 0.08062265109637316, 0.1773780832853301, 0.2780415378672414, 0.08062265109637316, 0.08062265109637316]
[0.0885306091816824, 0.0885306091816824, 0.0885306091816824, 0.0885306091816824, 0.1653754630428113, 0.3034408818670943, 0.0885306091816824, 0.0885306091816824]
[0.125, 0.125, 0.125, 0.125, 0.125, 0.125, 0.125, 0.125]
[0.125, 0.125, 0.125, 0.125, 0.125, 0.125, 0.125, 0.125]

