0.125 0.125 0.125 0.125 0.125 0.125 0.125 0.125
0.07575757575757576 0.12626262626262627 0.09090909090909091 0.15151515151515152 0.0946969696969697 0.15782828282828282 0.11363636363636365 0.1893939393939394
0.07408784041121591 0.12347973401869318 0.08890540849345908 0.14817568082243182 0.09260980051401987 0.1763901740953166 0.11113176061682387 0.18521960102803975
0.061945745074919165 0.10324290845819861 0.05575117056742725 0.09291861761237875 0.12389149014983833 0.26491049177762604 0.1115023411348545 0.1858372352247575
0.07295173961840627 0.1290684624017957 0.09118967452300783 0.16133557800224463 0.08754208754208752 0.15488215488215484 0.10942760942760942 0.19360269360269358
0.07218898369270066 0.12031497282116776 0.0866267804312408 0.14437796738540132 0.09023622961587581 0.197499131282811 0.10828347553905099 0.18047245923175162
0.09416755190160903 0.1469559682746455 0.07935622286830857 0.13226037144718092 0.11021697620598411 0.25849140784857755 0.09919527858538571 0.07935622286830857
0.07037328829552189 0.1245065869843849 0.08796661036940237 0.1556332337304811 0.08444794595462626 0.18475252174572337 0.10555993244328284 0.1867598804765773
0.09145964509204431 0.14294603907475095 0.10292114813382065 0.1715352468897011 0.07477177428525432 0.17709646881161487 0.0897261291423052 0.14954354857050864
0.07626800307556132 0.11690331330048873 0.09244284068752902 0.14028397596058648 0.08767748497536654 0.20585643007929494 0.10521298197043986 0.17535496995073308
0.07442940490081913 0.11556569786535767 0.09061066055892826 0.13867883743842918 0.08667427339901825 0.21668345096058922 0.10400912807882189 0.1733485467980365
0.07393188031793399 0.11495113600788737 0.09001255814071352 0.13794136320946482 0.08621335200591551 0.22106698389915513 0.10345602240709863 0.17242670401183102
0.11196616908118502 0.08228351242046134 0.1363115260056173 0.09874021490455359 0.13060874987374813 0.159934059235245 0.15673049984849774 0.12342526863069198
0.07017259649314696 0.12415151687249076 0.0877157456164337 0.15518939609061347 0.08420711579177637 0.18707745908708215 0.10525889473972044 0.18622727530873617
0.13477103766899884 0.09938790161026335 0.1642944987472075 0.11926548193231602 0.11898594088254433 0.12728831247779068 0.13203179115014227 0.10397503553073704
0.08518858461344364 0.11538217121202989 0.0964698252616226 0.13845860545443583 0.09664155477418519 0.1909420477754112 0.10384395409082689 0.1730732568180448
0.0785043256876889 0.11421713363185196 0.09001264322548162 0.13706056035822234 0.09377758970614306 0.2123066266741674 0.10279542026866675 0.1713257004477779
0.0939447581880099 0.1534644221832166 0.08107311972948641 0.12397979656544938 0.11298992002888099 0.2671752579416001 0.09298484742408704 0.07438787793926964
0.07946495108182279 0.14059183652937876 0.06927713684056344 0.12256724210253533 0.09535794129818734 0.2625276374157936 0.08313256420867614 0.1470806905230424
0.066713232136603 0.11803110301091299 0.08339154017075374 0.14753887876364125 0.08738752230886485 0.2198212208879501 0.1000698482049045 0.1770466545163695
0.07484041711450767 0.12492933005255956 0.08716908863733557 0.13412737704784475 0.091135197652774 0.21954383539928904 0.10059553278588357 0.16765922130980596
0.07518836117595655 0.12469755211969653 0.08674369017480357 0.13288206351496704 0.09636611386243102 0.21835809212221124 0.09966154763622528 0.1661025793937088
0.07493091900623843 0.12417373009993657 0.08634636351495724 0.13225940474542142 0.10037342970428821 0.21739734343831532 0.09919455355906608 0.16532425593177674
0.09189254746330046 0.15227094689314413 0.07941956602799519 0.12168794878881388 0.12405288332817314 0.2663973766336745 0.0912659615916104 0.07301276927328834
0.05560051619703775 0.09837014404091295 0.04847224488972522 0.08575858711259077 0.13465693880603707 0.3086799049490643 0.09694448977945044 0.17151717422518153
0.09045891289552307 0.07302105016867524 0.18091782579104615 0.1460421003373505 0.10532654924521856 0.10996962804662948 0.16282604321194152 0.13143789030361544
0.10507886719922137 0.07674511505181392 0.21434653152991007 0.14313049825611454 0.09733429286609546 0.08013291547892468 0.15845134524079427 0.12478043437712551
0.10051474677199235 0.1523695132450064 0.10511115359232036 0.12729486663172423 0.128842635893021 0.2140190139131078 0.09547114997379319 0.07637691997903455
0.06602217615296203 0.11680846550139434 0.09104866300184379 0.14601058187674296 0.1011790613522511 0.2046850896332711 0.09903326422944304 0.17521269825209151
0.10027149671023756 0.07908863928256298 0.2085186798453861 0.14135813875530248 0.0958996129279544 0.09513886160827546 0.15648927041694044 0.12323530045334061
0.07925994802295348 0.12114427677693053 0.11833954521492543 0.13450622842355303 0.10209664908239939 0.17564089563213203 0.10087967131766477 0.16813278552944128
0.09298034345008813 0.15260006813281388 0.09277421217309394 0.12216104988034006 0.12513997694275383 0.24942693208245104 0.09162078741025506 0.07329662992820403
0.06482661409798883 0.114693240327211 0.08852259067234176 0.14336655040901378 0.09902418141469323 0.22028704144095157 0.09723992114698325 0.17203986049081652
0.09925837020035896 0.07828847059178218 0.21328473567623246 0.140071933703108 0.09480165610604467 0.09711545168563576 0.1550653885520772 0.1221139934847608
0.0787505429113079 0.12038927800381556 0.12277815108793799 0.13369374724554403 0.10140963853105142 0.17559114772925513 0.10027031043415803 0.16711718405693002
0.05610000013404157 0.09207628661283325 0.07701034355967244 0.09829975527347393 0.12078368216266176 0.24117071538220042 0.11795970632816873 0.19659951054694785
0.06441052624933127 0.12447139046328665 0.08672624414198403 0.1424463561283288 0.09777363064008315 0.21662043564899472 0.09661578937399691 0.1709356273539945
0.09892330478837735 0.078779242598781 0.21561205899110927 0.13966902147764348 0.09433896593081857 0.09629532138449456 0.1546193481559586 0.12176273667281742
0.07856251335864493 0.12018952920678609 0.1249901543553009 0.13337680314022485 0.10114033476168632 0.17498705889690722 0.10003260235516863 0.16672100392528102
0.0750563357264471 0.12319957747648128 0.10460711676566242 0.13152088630408032 0.10099087317605282 0.20158343794311534 0.09864066472806025 0.1644011078801004
0.11062005068294833 0.08650687614485593 0.1488886135759648 0.09204472254783415 0.15258020521545335 0.14820089444523937 0.14610273420291134 0.11505590318479267
0.06565586789077733 0.12613849070441435 0.0942032939977166 0.14520047706614217 0.10492104151068452 0.19115645451472849 0.09848380183616601 0.17424057247937058
0.0733509226276068 0.12357107510918883 0.09802988603698005 0.13121763580927015 0.10440168419706823 0.20699352460134574 0.09841322685695263 0.16402204476158766
0.09052037424235938 0.15027530772255807 0.0904016011389688 0.11985528029156761 0.12722683616902938 0.25991597204190053 0.08989146021867571 0.07191316817494058
0.06292853531276686 0.12846778099181647 0.0859424789325726 0.13916887617246518 0.09705328929664796 0.22504358491762244 0.0943928029691503 0.1670026514069582
0.09816595089590921 0.07865811746344034 0.2159308206110192 0.13881847480466084 0.09635830505822465 0.09736933869614732 0.1536777580255097 0.12102123444508892
0.11370406369795809 0.08223821850629782 0.18269706339556924 0.09122823718560881 0.15116683785940097 0.12012355718171151 0.14480672569144257 0.11403529648201101
0.056616322920927734 0.10834277952303716 0.05830732014177838 0.08732537381492207 0.15429038309014592 0.26175143291465014 0.09871563996469451 0.17465074762984414
0.08800558546124287 0.07895324159006416 0.1865617175491673 0.14208130664827165 0.1095690165504689 0.10854590238710361 0.15841005383023718 0.1278731759834445
0.07691258652941384 0.11965851427017862 0.11921905027104182 0.13273437802302626 0.10717220302961657 0.17883451183067042 0.0995507835172697 0.16591797252878282
0.0744634015415968 0.12247527919201812 0.10342206762514135 0.1307101459994675 0.10529425062142829 0.20221456302141302 0.09803260949960063 0.16338768249933436
0.11006265133934254 0.08609279668162698 0.1485773705203128 0.09162245790937633 0.15578382334712051 0.14790035494347464 0.1454324728720259 0.1145280723867204
0.09824672999053574 0.0862262662811055 0.1550347341550394 0.09913450164707673 0.16287592177722712 0.1321503491867199 0.1473700949858036 0.11896140197649208
0.09451860349995024 0.07544449921693344 0.21929619650442034 0.138642032691927 0.10845635284707884 0.08428896578580754 0.15457552003114844 0.12477782942273428
0.09878896628536933 0.07162880167404741 0.2675973289534888 0.1328362543116291 0.09514060977541168 0.07114687967439606 0.1470551940283399 0.11580596529731768
0.07163606142113907 0.12354587284366407 0.13002480272186984 0.14390021768055689 0.09642730354768572 0.16418359379377762 0.0976018867746386 0.17268026121666827
0.0982245759121031 0.0772587892263458 0.23464753379511583 0.1370099576246839 0.09555128799764162 0.08618762183759245 0.1516756551644852 0.1194445784420321
0.07810061746709884 0.11934203349452932 0.13017786570275777 0.13252685283014626 0.10435293549996898 0.17044598934520622 0.09939513962260971 0.1656585660376828
0.07466841730233638 0.12254367813583136 0.10614847796919512 0.13080989731340534 0.10489146635019614 0.1993182683022249 0.09810742298505401 0.16351237164175667
0.07306299582747158 0.13119363913948107 0.09955120166862834 0.1284920584855385 0.10345872748480558 0.207257260422998 0.09636904386415386 0.16061507310692308
0.10888298211082575 0.0938333187388721 0.14668046423919065 0.0906957295843741 0.1541345086860312 0.1484418591294859 0.14396147553075253 0.11336966198046762
0.08372317377493023 0.14604910466422233 0.08742008345784459 0.11603785521248838 0.12514062851940044 0.22367979153722264 0.07870393657890515 0.13924542625498604
0.09335133746614191 0.07985524678977467 0.2059604183226792 0.13862374144272852 0.10269449032704461 0.10019827169986477 0.15455512665331075 0.12476136729845566
0.07696031295296066 0.12556551837313695 0.12321709222728568 0.1314959546817346 0.10525637795847917 0.1745128344429336 0.09862196601130095 0.16436994335216823
0.07367158365150082 0.13238479555375865 0.10362026099784494 0.1291049131807436 0.10402610514241913 0.19898251511224563 0.0968286848855577 0.1613811414759295
0.07287081006638603 0.13300252981353752 0.09892326370865887 0.12834873003153968 0.10319660791563437 0.20696059840116432 0.09626154752365476 0.1604359125394246
0.10886059723939884 0.09409502756198788 0.14649732647429917 0.09070532788937825 0.15410282216929272 0.14838052786839934 0.14397671093552103 0.11338165986172281
0.07048470493157818 0.12297858929385415 0.1083466055675566 0.1399813726072283 0.10677097950229808 0.1885162134612994 0.09494388750751136 0.16797764712867394
0.0977850098924268 0.08356502745020748 0.22453553213205496 0.13639666850553678 0.09761013020025348 0.09020099678740025 0.15099671889908833 0.11890991613303208
0.07746097698632848 0.12624853424077953 0.12733086043307154 0.1313784791783739 0.1041017313650645 0.17072245943963418 0.09853385938378041 0.16422309897296733
0.07377076410778968 0.1325918133815904 0.10459365224287746 0.1291737554737736 0.1038317984230744 0.19769070542334735 0.09688031660533021 0.161467194342217
0.07289889513643125 0.13307267697343775 0.09918591014185946 0.12837829004916396 0.10317853791918374 0.2065291096815957 0.09628371753687298 0.16047286256145496
0.07265152031026786 0.13291213406347369 0.09785388828731045 0.12811040097983314 0.10283908320166713 0.2094121711977814 0.09608280073487487 0.16013800122479144
0.06136591535404932 0.11228700885605397 0.06183819633152953 0.0811869002645389 0.13894192656926924 0.2845819717780345 0.09742428031744667 0.1623738005290778
0.06535774085878422 0.12147002034309344 0.08883145218830588 0.1357481751226524 0.10143737877752378 0.2321847472618757 0.09207267530058164 0.16289781014718285
0.09193895062579359 0.07825139002921914 0.21048842372756585 0.13903046536354297 0.09842067259784895 0.10173408535635345 0.1550085934724874 0.12512741882718867
0.09819924387530715 0.07567624559909378 0.26484727852149964 0.13242178202618934 0.09303010203328757 0.07378436128962354 0.1465963561706288 0.11544463048437019
0.10526401517836892 0.08317341444391033 0.20208725145681625 0.09641215271431285 0.1430600645140547 0.11098537798244283 0.14332314045291877 0.11569458325717541
0.0704968377935191 0.12212695588647735 0.1217508060952059 0.14043048969515448 0.10578974262285105 0.17564007421850183 0.09524850605410479 0.1685165876341854
0.09739056157350567 0.0831188144404299 0.2300728468628277 0.1358478982331069 0.09701020376961507 0.08773896644759438 0.15038920764918629 0.11843150102373419
0.11251884573439443 0.08664081728855018 0.18691546539548737 0.09021657739096821 0.15112108761585408 0.11661556834243504 0.14320091649360028 0.11277072173871025
0.07086632504606072 0.12233667904056791 0.1184138226966622 0.14018905306339735 0.10742394763627876 0.17745855980665184 0.0950847490343043 0.1682268636760768
0.07499271630796962 0.13157170896306475 0.1025430461162298 0.1288797144814596 0.10438354224238298 0.19986984292597398 0.09665978586109472 0.1610996431018245
0.11378518513258973 0.09344453238369456 0.14703970932466714 0.09016074458455804 0.1537830083734286 0.14597359647900235 0.143112292991362 0.11270093073069755
0.06072455845238894 0.10539128381008399 0.06568105523101275 0.0836914495192178 0.15398950289928315 0.2685315255061143 0.0946077255434636 0.1673828990384356
0.09076173670728592 0.07651663466076479 0.20046237204410877 0.1376911357069029 0.10927626412045954 0.10785449376895724 0.15351534085530816 0.1239220221362126
0.10383529509008665 0.07509855549078853 0.2597341740099744 0.1315957267267215 0.09485618456700244 0.07447370540752256 0.1456818789974288 0.11472447971047517
0.10564784829390227 0.08298696147764435 0.2018195598472916 0.09623659485261095 0.14375502262181997 0.11100793718329845 0.14306216190029927 0.11548391382313315
0.09758578306966102 0.07170944106332586 0.2531121116564107 0.13182719233637388 0.10261733243934762 0.0775261847272618 0.14697748160488253 0.1186444731027365
0.09562528848589574 0.07043622975739028 0.27396430103339764 0.13102453439432238 0.09348448031688339 0.07146050715787892 0.1460825778993415 0.11792208095489012
0.11072089495313375 0.08169196930335704 0.2059496007055717 0.09508387667014827 0.14195798171506596 0.10914645574784732 0.14134856890069802 0.11410065200417792
0.10192642424624895 0.07105409298770128 0.2546407744808713 0.13069784400209566 0.10162246946865708 0.07671199272065088 0.14571834249188875 0.1176280596018861
0.09961655805616239 0.06996286502569059 0.2742261884180619 0.1301615906095113 0.0928181191238004 0.0709487872401462 0.14512045997806705 0.11714543154856018
0.09863662680558594 0.06949262184328266 0.28149968415367577 0.12941667857122907 0.0905599627113312 0.06962947655495613 0.144289938645833 0.11647501071410617
0.09822221762894666 0.06928851240540292 0.28414699164507273 0.12908782489175963 0.08990016971480057 0.06925194997688976 0.14392329133454393 0.11617904240258366
0.09805727075113588 0.06920889598913674 0.28510608144676963 0.12896171555151859 0.08968928779368887 0.06912851564006356 0.14378268883131995 0.11606554399636672
0.09799424501866055 0.06917919975595933 0.2854537051613311 0.12891506376690093 0.0896180068584102 0.06908554647557925 0.14373067557294775 0.11602355739021084
0.08952543761049762 0.13853039200091552 0.16310156070312276 0.16134820081908297 0.08187000405762247 0.13833389582883326 0.0820771282427509 0.14521338073717463
0.08003677030851844 0.13517012632665448 0.11246972534221729 0.12909797399911674 0.09899433629453241 0.18603511973072706 0.09682348049933756 0.16137246749889592
0.07774160156394257 0.1333825101867594 0.10076002568611452 0.1279997984138151 0.10197024793462224 0.20214621938711608 0.09599984881036133 0.15999974801726885
0.07708868908012137 0.13258867333608454 0.09794276538379973 0.12754113283644136 0.10229399743089913 0.20746247625977118 0.09565584962733104 0.15942641604555172
0.11531761093740582 0.0934382812550617 0.14536040970286362 0.08996838908783943 0.1528604746083197 0.14778738124261606 0.1428069668060943 0.11246048635979927
0.0791325813669484 0.12127639103962991 0.10946970899398663 0.1378414557849281 0.10656497685115765 0.1868126733586148 0.09349246566282081 0.1654097469419137
0.07794536946877566 0.13080385276479228 0.1002434613921782 0.12819110163906533 0.10377789348663646 0.2026561179704213 0.09614332622929903 0.1602388770488317
0.07746300567920263 0.13203496357842542 0.09780129734373225 0.1274771988859769 0.10266156358998733 0.20760757315072162 0.09560789916448269 0.15934649860747113
0.06502923409279358 0.11683233743810688 0.0613370862863006 0.08022919070239344 0.13776548550300674 0.2820732557297396 0.09627502884287212 0.16045838140478688
0.10833739873801325 0.08538141412804 0.13764374115571656 0.09488020094653941 0.1561353062677614 0.16271990637024147 0.14104579125784067 0.11385624113584727
0.09052125951403558 0.13942648946285993 0.12491979780448637 0.15971140448773985 0.09327868908025026 0.1671575985461596 0.08124449706550245 0.14374026403896586
0.07963920958282433 0.14075899113861406 0.10304215692533995 0.12723105965091588 0.10029212108361103 0.19457434231686294 0.09542329473818693 0.15903882456364488
0.07733864304183724 0.14032963794774367 0.09783206248666203 0.12650987524182442 0.10130112825021703 0.20366890254806674 0.0948824064313683 0.1581373440522805
0.07678184152211726 0.13995757344866908 0.09653771651050753 0.12624564390490364 0.10133036189478886 0.2066555749092065 0.09468423292867774 0.15780705488112953
0.07663444980029352 0.13977893448245637 0.09620212273534867 0.1261581999135156 0.101273361905181 0.20763653133617366 0.0946186499351367 0.15769774989189447
0.06488635192667136 0.11835436003221071 0.06106640773224087 0.0801393294184266 0.1372271077632091 0.28188058898827617 0.0961671953021119 0.1602786588368532
0.0710207944199532 0.12122107407784513 0.08898200267315362 0.1344850557685775 0.10093522436116663 0.2307578309078889 0.09121595086912213 0.16138206692229298
0.11331936869509271 0.08677752420314158 0.14829369119914204 0.09620002541519136 0.1461005191817677 0.15086104183201615 0.14300779897541882 0.11544003049822964
0.10764145292327548 0.07236410895354368 0.23209344379875713 0.13240690471776337 0.10397306272079697 0.08473099499186255 0.14762381764801377 0.11916621424598701
0.08195028667426983 0.12071107792998377 0.13002928842339134 0.14014695937714908 0.09788712150819222 0.16604271630036857 0.09505619853406631 0.16817635125257885
0.10432986614740973 0.08580498282031133 0.23152576323206842 0.13385017843206937 0.09429075716816437 0.08533090334498229 0.14817764970908776 0.11668989914590662
0.08366119436974476 0.12975752914935326 0.12810959533988117 0.12962307034392972 0.102369180445103 0.16723328966412865 0.0972173027579473 0.16202883792991213
0.07854205829585509 0.1384575997427682 0.1038035483888159 0.12735328731087853 0.10239675460388276 0.19474017703604243 0.09551496548315891 0.15919160913859817
0.06550431880079133 0.11867085101273797 0.06240669159467308 0.08056559790177659 0.1382592688072886 0.2767833585970475 0.0966787174821319 0.16113119580355317
0.07107533699429253 0.1301745248609402 0.08838857745638273 0.13291340533178733 0.10031443128362344 0.22748767579761678 0.09014996187721228 0.15949608639814478
0.10045922169132045 0.08428556336606448 0.20950146701479214 0.13573956675617843 0.09677477979467017 0.09973430418168949 0.1513394871147243 0.12216561008056058
0.10601742299514547 0.07813152350651115 0.26251343663514076 0.13054837920124512 0.09174057968233441 0.07271482823747652 0.14452242223336864 0.11381140750877781
0.08117952567169855 0.12739273553673455 0.13613880039712137 0.13898965920862258 0.09472402258750678 0.1605164184325555 0.09427124711541358 0.16678759105034707
0.10392116135118633 0.0866640485155971 0.2339298639915257 0.13353933489128034 0.09343591452335327 0.08425723625436486 0.1478335331315761 0.1164189073411162
0.10351521394235828 0.16095974232150934 0.11948179532755362 0.12038711329493458 0.1265343971577781 0.2065991350077044 0.09029033497120095 0.07223226797696075
0.0775538382245753 0.13888665535501826 0.10070376974761705 0.13266503064211613 0.0981268903393476 0.20288427987656849 0.08998149904421791 0.15919803677053934
0.11517679669076432 0.09889127169021437 0.14565356840381577 0.08944705697760508 0.15086792549343675 0.14617510400214928 0.14197945552000807 0.11180882122200635
0.06998297569516147 0.1112317731612161 0.06521308340099159 0.08169871888802938 0.1511592650779937 0.2649616724749506 0.09235507352559842 0.16339743777605875
0.09989186469752802 0.08165414068542177 0.19800818171669268 0.13491645733881016 0.10740585036654936 0.10627691204963437 0.1504217815404346 0.12142481160492913
0.10369262069807544 0.07569778592981724 0.25237681211659985 0.1315027539951313 0.09514194911609573 0.07661984248244864 0.14661575706621352 0.11835247859561816
0.08083849274350338 0.12701302882354526 0.1339565907914426 0.13916675860107344 0.09552065168556986 0.16211300033024062 0.09439136670333677 0.16700011032128811
0.07829520693327595 0.13819873775688443 0.10536119809555611 0.12786104643008314 0.10118993427631287 0.1933717836477211 0.09589578482256236 0.15982630803760395
0.06552831635746031 0.11872294813684149 0.06267521010717433 0.08064823671120672 0.13802148148617854 0.27632944972527707 0.09677788405344805 0.16129647342241343
0.0710870903399597 0.13019883097177118 0.08845534452784648 0.13292964014634448 0.10028801011950504 0.2273645424023087 0.09016097331665104 0.15951556817561335
0.1128200490798849 0.09465723572869758 0.14706758428117775 0.09527323252273746 0.1449130805780441 0.14931087968867102 0.1416300590935023 0.11432787902728497
0.07186008231017824 0.11403526844408692 0.15480544270998964 0.19352247195545716 0.06936261021688941 0.1237998595217981 0.09844404008168908 0.17417022475991148
0.1023526407764743 0.08501833648609532 0.2435333695019785 0.13485304207024204 0.08876318802856385 0.07862737163256922 0.1492878609813017 0.11756419052277511
0.06342464277976124 0.09864644662030944 0.09950928289913288 0.09871211128942484 0.12318217375229028 0.20064658653292194 0.11845453354730978 0.19742422257884967
0.08545283351330042 0.15239175517481718 0.08098991266647865 0.11240380555861264 0.11719617739934216 0.24044184611648955 0.07623910290062422 0.13488456667033516
0.07466679436377417 0.13741347771017676 0.09264656306479341 0.1333264876369682 0.09635994466550123 0.21516480795369808 0.09043013944072625 0.15999178516436183
0.0762443303365197 0.13910261425328632 0.0953514879684163 0.12616556942289747 0.10014500265554745 0.21065985651753774 0.0946241770671731 0.15770696177862184
0.07648929913421994 0.13947699454771004 0.09588965117578643 0.1260723355573708 0.10094531963617627 0.20898172883399496 0.0945542516680281 0.15759041944671345
0.11480316446179485 0.09892428282636821 0.14401177003004084 0.08935596717258627 0.15168980521870679 0.14768518279685566 0.14183486852791471 0.11169495896573282
0.05949400318563393 0.09463899700596688 0.07929130337122046 0.09965981914810222 0.1288245048979827 0.2261128081013825 0.11265892599350685 0.19931963829620444
0.09833641025126523 0.08024590063597274 0.20634384162067376 0.13661094960198014 0.10328661762063764 0.09991541166846576 0.1523110139592226 0.12294985464178212
0.10565408290089703 0.07761041432264361 0.2613429487024772 0.13072266818193212 0.09316133874380537 0.07282982810040008 0.1447153672994934 0.11396335174835108
0.08112189185042022 0.12729407811263344 0.13588820472046 0.1390016657036782 0.09503977348438146 0.1605729966328224 0.09427939065119043 0.1668019988444138
0.139046536755195 0.11595102935813689 0.18772925132607413 0.10721952072527895 0.12512066945283348 0.11276314713774971 0.11869641692012974 0.09347342832460218
0.08547000038857759 0.1327603147083451 0.11793628357115657 0.13596014261991585 0.10006347291747279 0.1724411700910378 0.0922164445595951 0.16315217114389902
0.11735495093324415 0.09787336186610521 0.15122392975482984 0.08956195609080767 0.15160603320264862 0.1382654879740808 0.14216183506477406 0.11195244511350957
0.09652181917017917 0.15214802359849972 0.09034776267519143 0.11192744161987109 0.1244551774979871 0.21437084161312245 0.07591600388130386 0.13431292994384528
0.11795793365305614 0.0964327239524276 0.14562151006611876 0.09358265232494238 0.1505568768687537 0.14443222226172195 0.1391168980830487 0.11229918278993087
0.10840277285230306 0.07768780868195212 0.2298998577977054 0.13141905977583618 0.10447823284630892 0.083312669990105 0.14652244425753674 0.11827715379825257
0.12108005154005282 0.08604817146486159 0.19098001957581914 0.09397524842060916 0.14429018216803996 0.11115551017823452 0.1397005185476518 0.11277029810473096
0.1077645683303867 0.07537401947096015 0.24748287427428978 0.1296422632617313 0.1018091396431469 0.07670764934286237 0.14454144874106462 0.11667803693555817
0.120692057174584 0.08547411854201792 0.19623537681431835 0.09367457287790648 0.14307201766402558 0.10918882531486147 0.1392535441587983 0.11240948745348776
0.10754147351462105 0.07517433151044242 0.24947338128007118 0.1294101718316969 0.10139338434981354 0.07625541874799542 0.14428268411683218 0.1164691546485272
0.10385390735036429 0.0735310794559986 0.2711073745640449 0.12897406445842588 0.09226037694107364 0.07040008227654812 0.14379645694096135 0.11607665801258327
0.10243552115499785 0.07290383620802877 0.2791739458881264 0.12820852604183613 0.08990152408159403 0.06904603445156796 0.1429429387361964 0.11538767343765252
0.09269421546607384 0.1448734330688948 0.16043893634569711 0.1593811201468413 0.08117339877327544 0.13691940520975426 0.08107648285730623 0.14344300813215716
0.10557010868177473 0.08852088948844665 0.2430850394963683 0.13207946805950083 0.08972975476488113 0.07965113604737073 0.14621740053799032 0.1151462029236674
0.12149504498187164 0.08926130572186053 0.18924734598617862 0.08867262098555057 0.14676340047650996 0.11296931357553418 0.14075019204055644 0.1108407762319382
0.0829832167071472 0.1276627647531564 0.11857679114349792 0.13648491282146233 0.1049044637238125 0.17303357981235104 0.09257237565281792 0.16378189538575477
0.11664917323746823 0.09693955336071933 0.15136204974685266 0.08952852037145384 0.15314373726004135 0.13835755306477607 0.14210876249437115 0.11191065046431728
0.08185509156390244 0.12883645505551677 0.10989481325033851 0.13608975965649114 0.10587161580444131 0.1818401943579872 0.09230435872353311 0.16330771158778934
0.10474876690709362 0.0874589333108801 0.22297833485194052 0.13432627006863548 0.09635940379837857 0.08831863494841734 0.14870470272148492 0.11710495339316938
0.12154567050189748 0.08928355522612566 0.18324240707132067 0.0889127970102132 0.14927205795845538 0.11547109214348591 0.14113142382573524 0.11114099626276647
0.08297630239267868 0.12764779386806763 0.1172364884780309 0.13647049072557899 0.10541025775179964 0.17393148420362628 0.09256259370952313 0.16376458887069478
0.10478448985750374 0.08707865256831057 0.22597723835499844 0.1340389568905478 0.09605067111090838 0.08682888075707051 0.14838663522274723 0.11685447523791347
0.0837277320847535 0.13005792025929436 0.12687645852839408 0.12960668386788143 0.102749010041338 0.16776882748257577 0.09720501290091108 0.16200835483485176
0.07854543212430973 0.1385175576886078 0.10352999175866455 0.1273395357179309 0.10247034164533025 0.19491806962929484 0.09550465178844819 0.15917441964741363
0.07714780479101052 0.1397786682910983 0.09794150395421099 0.12651372885734005 0.10178748922579293 0.20380334716586698 0.09488529664300505 0.15814216107167503
0.09363602445226873 0.1705881474614779 0.08835847078216437 0.11551820054527873 0.12375893622030425 0.25219064980237976 0.08663865040895906 0.06931092032716725
0.11615630595895901 0.09809508612421901 0.143473284730042 0.09231737336024097 0.14893060608009812 0.15301051979355457 0.13723597592059703 0.11078084803228916
0.14126796581888712 0.10173411087363193 0.1868975659843376 0.107246622704873 0.13604621112479726 0.11071358222246032 0.11957198083662705 0.09652196043438568
0.14719288682346604 0.10111973966023662 0.2010678361698811 0.10588667136514446 0.13107653636280653 0.10030258880809943 0.11805573658173568 0.09529800422863002
0.08743235472072963 0.12992081539013442 0.12113155972864209 0.13614502039164353 0.10152247138031065 0.16813191400075717 0.09234183991781039 0.1633740244699722
0.10568240890998527 0.08730515914727753 0.22749044719242056 0.13383251853999525 0.09510192933416896 0.08575493405097671 0.14815809948261582 0.11667450334255998
0.08389730700916169 0.13012526410105194 0.12722068926368094 0.12961219436636187 0.10254291771974905 0.1673772388072706 0.09720914577477142 0.16201524295795236
0.07858109625387966 0.13854403602745843 0.103610815064295 0.1273487430843966 0.10243162640812846 0.19478619699304892 0.09551155731329745 0.15918592885549573
0.07715620011602362 0.13978891473485613 0.09796130680660572 0.12651740816956858 0.10178161196334128 0.20375974187046747 0.09488805612717643 0.15814676021196072
0.1150014048799955 0.09899430274589004 0.14469634906193893 0.08938056536062572 0.1519926893601748 0.1463350686197584 0.14187391327083446 0.11172570670078216
0.09596372632813302 0.15205623645945135 0.0889701993214465 0.11165356936243909 0.12425988384638356 0.21738185440139143 0.07573024704582824 0.1339842832349269
0.07692821202206439 0.13780529924393012 0.09466310623216422 0.13373537404554248 0.09813940895807433 0.2075386795518145 0.09070747109175924 0.16048244885465093
0.10404454655970898 0.08928399750684925 0.2167011269883515 0.13488760461257698 0.09518644699439514 0.09297583223174899 0.14932612313643034 0.1175943219699389
0.06334020083494632 0.0989746927522668 0.09459368627019939 0.09822666441083848 0.12433119416441335 0.20620823545265266 0.11787199729300615 0.19645332882167696
0.08544438098235048 0.15215708858280483 0.07996736345142037 0.1121561898844564 0.11724498051265402 0.24237141384681318 0.07607115487815302 0.13458742786134767
0.10327792118214933 0.08644964285268997 0.20397836223635074 0.13423015163484284 0.09969725630718505 0.10190292741806878 0.14965660189735464 0.12080713647135856
0.10674283878152468 0.0785115618459112 0.2602068353641482 0.13059925995875774 0.09239424583010064 0.0731107438038148 0.1445787493234925 0.11385576509225033
0.09732767535503331 0.15207838291367604 0.11287094562897829 0.11564200642925583 0.11318998314402787 0.19168515097494812 0.07843544783897352 0.13877040771510699
0.10513273731106612 0.08566692936609403 0.2175111652138378 0.13313539979018676 0.09794690520655856 0.09234896801262672 0.14843603528846197 0.1198218598111681
0.08375449844976594 0.12964955146408544 0.12497011303457527 0.12957014251071092 0.10313460388540924 0.16978080563403136 0.0971776068830332 0.16196267813838863
0.0785245642624751 0.13837104179946244 0.10308921594296946 0.12729651824336888 0.1025229797272219 0.19560264353776455 0.09547238868252665 0.1591206478042111
0.07713408854907423 0.13972466329682798 0.0978352136065696 0.1264960683073118 0.10178616412384388 0.20403166550174862 0.09487205123048388 0.15812008538413977
0.07674129871405833 0.13980021937980416 0.09653516846949431 0.12623720483217474 0.10143214698789842 0.2067795519522206 0.09467790362413106 0.15779650604021841
0.07662549015906475 0.13973690550272808 0.09620150956996092 0.12615475767353276 0.10129360463525078 0.20767821711239728 0.09461606825514957 0.15769344709191593
0.0765902650109757 0.13969517171789209 0.09611239052118387 0.12612840249817997 0.10124381799866626 0.20797314725674226 0.09459630187363499 0.15766050312272498
0.07657929891226699 0.13967648025048937 0.09608760602980972 0.1261199117763771 0.10122666180981105 0.2080702176684915 0.09458993383228283 0.15764988972047136
0.07657582517162877 0.13966914774788952 0.0960804461453703 0.12611715592990932 0.10122087800282606 0.2081022351425572 0.09458786694743201 0.15764644491238666
0.07657471052274324 0.139666451102891 0.09607830753028443 0.126116256115112 0.10121895041261868 0.20811281208612661 0.09458719208633402 0.15764532014389004
0.07657434946662754 0.13966549488693825 0.09607765090568833 0.12611596100423875 0.1012183117107076 0.20811631001732223 0.09458697075317905 0.1576449512552984
0.07657423171351595 0.13966516330118264 0.09607744490891049 0.12611586390480814 0.10121810063579496 0.20811746772617157 0.09458689792860611 0.15764482988101017
0.09339314934778171 0.17034144712617477 0.08788504972825506 0.11536218249834271 0.12344982421933727 0.25382940070734594 0.08652163687375702 0.06921730949900562
0.06371010562028018 0.1179362168691637 0.05484877454834504 0.07743263016622799 0.13611819648250456 0.3075562775322433 0.08753253844877946 0.15486526033245598
0.09877053736567282 0.08262758733402599 0.19332302186028755 0.1349648456296051 0.10441643595172782 0.11395347991843177 0.15047573087360447 0.12146836106664458
0.13722072161556068 0.10025734062454725 0.20685078133360074 0.10867960101708983 0.12501992964456418 0.10299034013318778 0.1211696447160688 0.09781164091538082
0.11074660166618784 0.0765414734407036 0.2530749724806722 0.12857036646528977 0.09718510093215814 0.07482179139089719 0.14334636380533053 0.1157133298187608
0.10445066832478661 0.07358683591846482 0.2723728473677762 0.12877142841823858 0.09128661611887019 0.07006678539720372 0.14357053287824506 0.11589428557641471
0.08117115994173722 0.12642899024341647 0.13833441380709324 0.13894421111835248 0.09463304231748158 0.1595147077757092 0.0942404214541869 0.16673305334202296
0.103846293847558 0.08645324198959489 0.2348064793592139 0.13344318971109229 0.09335186989098615 0.08403674027061045 0.14772709646486404 0.11633508846608044
0.08356881126681498 0.1299111241167553 0.128826089971293 0.12960390343304765 0.10214971399210143 0.16673255035389248 0.09720292757478573 0.16200487929130952
0.07853026655422497 0.13850410710938107 0.10396421670315875 0.12736045859517028 0.10235394584921989 0.19456608799850436 0.09552034394637773 0.1592005732439629
0.07715045681489087 0.1397848023726892 0.0980405997321223 0.1265229598633515 0.10176862912036508 0.20368663236987816 0.09489221989751363 0.15815369982918936
0.07674951702985904 0.13982450797101845 0.0965854064742716 0.12624667881120674 0.10143516266914593 0.20666536942208488 0.09468500910840506 0.1578083485140084
0.06492680938032437 0.11840554236163509 0.061141166860314344 0.08016934612190672 0.13732424563986853 0.28149098204584944 0.09620321534628806 0.16033869224381345
0.07104516990352476 0.12995456604970818 0.08800367120889914 0.13271878383158714 0.10002033634659041 0.22897697433253528 0.09001795772925042 0.15926254059790457
0.11303401671548455 0.09458657315347514 0.14686348134389582 0.0952257959692069 0.14477694253617504 0.14968269364807235 0.1415595414706419 0.11427095516304828
0.10752751010490504 0.07753238617075606 0.23063769266283635 0.1315775187620285 0.10335452646871031 0.08425148474309414 0.14669911420184373 0.11841976688582567
0.10453352667301472 0.07429918050070894 0.26424966484381307 0.12986154665757127 0.0932394665147616 0.0721552894553228 0.1447859333629936 0.11687539199181414
0.08121292086714989 0.12663382158218117 0.13656157012931514 0.13902754918778978 0.09507751810914894 0.160356614693436 0.09429694640563133 0.1668330590253477
0.103914775310894 0.08653368053883184 0.23409899224454178 0.13352088048255922 0.09349594260663734 0.08421980659178918 0.14781310334251568 0.1164028188822311
0.07276460690939282 0.11311708551614681 0.08401394944535054 0.08462512824701421 0.1423338422166698 0.23234497727498024 0.10155015389641704 0.16925025649402842
0.0732247835609358 0.13039606726537345 0.09393705987536229 0.13440832590698162 0.10215291950762218 0.2134269447888722 0.09116390800647449 0.16128999108837794
0.10106028552981275 0.08419147953887994 0.2117872341559149 0.13557310089940247 0.09702963147849904 0.09718858748078434 0.15115389010724423 0.12201579080946222
0.10606857511617375 0.07805219560183717 0.2633640230841027 0.13043587299197665 0.09171633869277197 0.07225179610573415 0.14439787323491104 0.11371332517249245
0.08144089972235173 0.12733892163451688 0.13631316345759634 0.1389367965688945 0.09470651151117228 0.16030415876737078 0.09423539245542407 0.16672415588267336
0.10397270017956527 0.08664747496444959 0.23399211042439902 0.13352500695351024 0.09342338888429577 0.08421523075984982 0.14781767151548547 0.11640641631844481
0.08359280280015943 0.1299628267753411 0.1286486396419788 0.1296084868431149 0.10216749147387158 0.16680277877930452 0.09720636513233617 0.16201060855389363
0.0785337866689878 0.1385156314102961 0.10392522682966232 0.1273594400141083 0.10235691086609025 0.19459012418263885 0.09551958001058121 0.15919930001763535
0.07717104207086627 0.139784424196616 0.0980299455187356 0.12651866797564526 0.10176682887773866 0.20369175540910767 0.09488900098173395 0.15814833496955655
0.07677288472262392 0.13982154592541624 0.09658101543319036 0.1262426132584864 0.10143256128352754 0.20666415285978268 0.0946819599438648 0.157803266573108
0.07665256578742675 0.13974264496849417 0.0962114486161211 0.12615406182207375 0.10129393579249207 0.2076372193692445 0.09461554636655532 0.15769257727759217
0.07661535448200629 0.13969502189525965 0.09611327744641067 0.12612564772025397 0.10124263944206083 0.20795676357350062 0.09459423579019048 0.15765705965031745
0.07660364483916852 0.13967420142901849 0.09608609966550885 0.1261164736702507 0.10122465607665818 0.2080619769788939 0.09458735525268804 0.15764559208781337
0.0765999104194211 0.13966612070394546 0.09607827634897347 0.12611349208721284 0.10121852667118068 0.20809668959484076 0.09458511906540965 0.15764186510901604
0.07659870710823714 0.13966316591751157 0.09607594568878532 0.1261125177531803 0.10121646900928317 0.2081081590166418 0.09458438831488523 0.15764064719147539
0.09342199747843148 0.17033682996169427 0.08788254548427966 0.11535815025391523 0.12344632565078636 0.25382064832810747 0.08651861269043642 0.06921489015234913
0.07530898030264745 0.1393948430749924 0.09295278803795888 0.13122645867254998 0.09653097207867466 0.21810843545690906 0.08900577196920781 0.15747175040705993
0.11413151665461362 0.0959046503349522 0.14845918858550022 0.09519899660932944 0.14364890856451154 0.14689824089767056 0.14151970242222706 0.11423879593119533
0.08141743761705565 0.12863695400684352 0.1092354903113997 0.13615590115460482 0.10386205940871275 0.1849558562022997 0.09234921991355806 0.1633870813855258
0.11631888330364622 0.09715245375379218 0.14845909255397274 0.08956099244151457 0.1528652484722943 0.14153178346016537 0.14216030546272154 0.11195124055189322
0.08176870791887705 0.12881833597872247 0.1092091433825442 0.1360253188595029 0.10576179188366842 0.18292566829274906 0.0922606510525324 0.16323038263140346
0.10477673246264635 0.0874713465487847 0.22269028349142495 0.1343462593482296 0.09635335206189542 0.0885128144667129 0.14872683167569575 0.11712237994461044
0.08374448143952196 0.13014113259669235 0.12613870845190212 0.12959678185693788 0.10280348266220847 0.16838184927886138 0.09719758639270341 0.16199597732117232
0.07856191648579514 0.13852092815157066 0.10335945154334479 0.12732203245635965 0.10246957465120704 0.19512203179900353 0.09549152434226973 0.15915254057044956
0.11541944452999599 0.09877848433778857 0.14642737927279242 0.08940255720132254 0.15223346122027107 0.1440766559816961 0.14190882095448024 0.11175319650165315
0.07029671226020937 0.11124602931515828 0.0653404003794367 0.0817150937843631 0.15164088227706243 0.26395711013706824 0.09237358427797569 0.1634301875687262
0.07217786313122973 0.12890837225569643 0.0891657808637905 0.1331103304689161 0.10326108976060469 0.2233606384651028 0.09028352849196049 0.1597323965626993
0.08564244313273549 0.15640995843575156 0.11126745564698759 0.15772225141188273 0.08263022111153444 0.18414502044610834 0.08023262354430556 0.14195002627069442
0.11751940609831117 0.102106086997539 0.1492272262682566 0.08957839677290974 0.1459337878271102 0.14147416868416515 0.142187931385571 0.11197299596613718
0.08197929319484042 0.12984723263807663 0.1093752139896013 0.1360483257877206 0.10431208174570868 0.1829036059471162 0.09227625575167137 0.16325799094526472
