Action: 0
[0.22812104068695807, 0.0989492098796371, 0.1694982909822278, 0.0989492098796371, 0.09908942803239328, 0.10749440077987245, 0.0989492098796371, 0.0989492098796371]
[0.11815588968556055, 0.10104850679872267, 0.2755530695221035, 0.10104850679872267, 0.10104850679872267, 0.10104850679872267, 0.10104850679872267, 0.10104850679872267]
[0.20142908057918757, 0.0996146345655687, 0.16754199921379642, 0.0996146345655687, 0.13295568124792193, 0.09961470069681926, 0.0996146345655687, 0.0996146345655687]
[0.125, 0.125, 0.125, 0.125, 0.125, 0.125, 0.125, 0.125]
[0.0995846445053906, 0.0995846445048446, 0.24152502256704567, 0.0995846445048446, 0.15777012330368245, 0.10278163160450289, 0.0995846445048446, 0.0995846445048446]
[0.11769083916778776, 0.1311899476802189, 0.26067738067343205, 0.09644222281524678, 0.10467294121757308, 0.09644222281524777, 0.09644222281524678, 0.09644222281524678]
[0.125, 0.125, 0.125, 0.125, 0.125, 0.125, 0.125, 0.125]
[0.125, 0.125, 0.125, 0.125, 0.125, 0.125, 0.125, 0.125]

Action: 1
[0.09991727104382805, 0.09991727104382805, 0.09991727104382805, 0.09991727104382805, 0.1406026601463559, 0.2598937135906758, 0.09991727104382805, 0.09991727104382805]
[0.1030198692041799, 0.1030198692041799, 0.1030198692041799, 0.1030198692041799, 0.1758410463665607, 0.2060397384083598, 0.1030198692041799, 0.1030198692041799]
[0.09985376231788719, 0.09985333399492506, 0.09985333399480265, 0.09985333399480265, 0.23920955821628645, 0.1616700094916908, 0.09985333399480265, 0.09985333399480265]
[0.125, 0.125, 0.125, 0.125, 0.125, 0.125, 0.125, 0.125]
[0.09984476202514296, 0.09984476202514296, 0.09984476202514296, 0.09984476202514296, 0.23819128419708632, 0.16274014365205589, 0.09984476202514296, 0.09984476202514296]
[0.11450377792405234, 0.10053348199152728, 0.10053348199152728, 0.10053348199152728, 0.20663138038987794, 0.1761974317284334, 0.10053348199152728, 0.10053348199152728]
[0.125, 0.125, 0.125, 0.125, 0.125, 0.125, 0.125, 0.125]
[0.125, 0.125, 0.125, 0.125, 0.125, 0.125, 0.125, 0.125]

