Action: 0
[0.09012053665598661, 0.12098388083239969, 0.26381391757605305, 0.09010045841599475, 0.1646693381491118, 0.09011095153846453, 0.09010045841599475, 0.09010045841599475]
[0.16601681598864731, 0.08782659803204328, 0.24403088661246128, 0.08782659803204328, 0.12602018790505992, 0.11262571736565838, 0.08782659803204328, 0.08782659803204328]
[0.09355466460598175, 0.09352505836579075, 0.1821375944057449, 0.09352504073696431, 0.2566744181773406, 0.09353314223424915, 0.09352504073696431, 0.09352504073696431]
[0.125, 0.125, 0.125, 0.125, 0.125, 0.125, 0.125, 0.125]
[0.19052990413774104, 0.08962404915579597, 0.21603167488028852, 0.08962404915388894, 0.11341821699246686, 0.12152400737204073, 0.08962404915388894, 0.08962404915388894]
[0.20195549094950366, 0.09269521091391718, 0.24159585932787764, 0.09269503222662102, 0.09269708318900535, 0.092971258939833, 0.09269503222662102, 0.09269503222662102]
[0.125, 0.125, 0.125, 0.125, 0.125, 0.125, 0.125, 0.125]
[0.125, 0.125, 0.125, 0.125, 0.125, 0.125, 0.125, 0.125]

Action: 1
[0.09928198589136596, 0.09509550676525508, 0.09509550676525508, 0.09509550676525508, 0.10477357171653916, 0.3204669085658196, 0.09509550676525508, 0.09509550676525508]
[0.10176044909013712, 0.10176044909013712, 0.10176044909013712, 0.10176044909013712, 0.20352089818027425, 0.18591640727890318, 0.10176044909013712, 0.10176044909013712]
[0.09330282458585805, 0.09336667212514818, 0.09330282458585805, 0.09330282458585805, 0.1651771671596924, 0.27494203778586923, 0.09330282458585805, 0.09330282458585805]
[0.125, 0.125, 0.125, 0.125, 0.125, 0.125, 0.125, 0.125]
[0.09229673332346264, 0.09229673332346264, 0.09229673332346264, 0.09229673332346264, 0.16566151974836044, 0.2805580803108637, 0.09229673332346264, 0.09229673332346264]
[0.09225286025688802, 0.09225286025688802, 0.09225286025688802, 0.09225286025688802, 0.19360248146676123, 0.2528803569919106, 0.09225286025688802, 0.09225286025688802]
[0.125, 0.125, 0.125, 0.125, 0.125, 0.125, 0.125, 0.125]
[0.125, 0.125, 0.125, 0.125, 0.125, 0.125, 0.125, 0.125]

