Action: 0
[0.10914475897337855, 0.10279960817779828, 0.27416944548451394, 0.1027766920665544, 0.10277941909809155, 0.1027766920665544, 0.1027766920665544, 0.1027766920665544]
[0.23069782234760014, 0.09878676931916007, 0.1603180610404067, 0.09878676931916007, 0.09878676931916007, 0.11505027001619288, 0.09878676931916007, 0.09878676931916007]
[0.10299441774720297, 0.10348592906784904, 0.1715186550685816, 0.10289393563090873, 0.20578844262552046, 0.10753074859811977, 0.10289393563090873, 0.10289393563090873]
[0.125, 0.125, 0.125, 0.125, 0.125, 0.125, 0.125, 0.125]
[0.10062597218842168, 0.09980349348041248, 0.16564229924295354, 0.09980349348041248, 0.12754615398551347, 0.20697160066146136, 0.09980349348041248, 0.09980349348041248]
[0.13038336394083946, 0.10082855990702656, 0.2646390317998722, 0.10082851784520458, 0.1008349727692983, 0.10082851804734978, 0.10082851784520458, 0.10082851784520458]
[0.125, 0.125, 0.125, 0.125, 0.125, 0.125, 0.125, 0.125]
[0.125, 0.125, 0.125, 0.125, 0.125, 0.125, 0.125, 0.125]

Action: 1
[0.10128340655366455, 0.1046069161088378, 0.10128339767600684, 0.10128339767600684, 0.11747276526124438, 0.2715033213722258, 0.10128339767600684, 0.10128339767600684]
[0.10102630089338539, 0.10102630089338539, 0.10102630089338539, 0.10102630089338539, 0.13470712771682924, 0.2591350669228584, 0.10102630089338539, 0.10102630089338539]
[0.10291864147766318, 0.1029104801820758, 0.102908852679086, 0.102908852679086, 0.10821115863761756, 0.2743243089862995, 0.102908852679086, 0.102908852679086]
[0.125, 0.125, 0.125, 0.125, 0.125, 0.125, 0.125, 0.125]
[0.1021892992417533, 0.1021892992417533, 0.1021892992417533, 0.1021892992417533, 0.11382676527422159, 0.2730374392752586, 0.1021892992417533, 0.1021892992417533]
[0.22755682155756968, 0.09977367437401978, 0.09977367437401978, 0.09977367437401978, 0.10834084549606565, 0.16523396107626576, 0.09977367437401978, 0.09977367437401978]
[0.125, 0.125, 0.125, 0.125, 0.125, 0.125, 0.125, 0.125]
[0.125, 0.125, 0.125, 0.125, 0.125, 0.125, 0.125, 0.125]

