Action: 0
[0.10472979523748402, 0.09419952659139076, 0.319359604360478, 0.09417472706864793, 0.10501205581743239, 0.094174836787271, 0.09417472706864793, 0.09417472706864793]
[0.10523547341515642, 0.1021971083439753, 0.31986555876991696, 0.09454037189419028, 0.09454037189419028, 0.09454037189419028, 0.09454037189419028, 0.09454037189419028]
[0.11085877555861827, 0.09335370988781158, 0.3179931438853153, 0.09335370979933362, 0.09646772870646556, 0.10126551256378845, 0.09335370979933362, 0.09335370979933362]
[0.125, 0.125, 0.125, 0.125, 0.125, 0.125, 0.125, 0.125]
[0.12606495653078947, 0.09360249370213226, 0.3119013767491224, 0.09360249361749177, 0.0940211963120179, 0.0936024958534627, 0.09360249361749177, 0.09360249361749177]
[0.19910244908251074, 0.09133469415597192, 0.20853587279224925, 0.09133469415597192, 0.13552762823310308, 0.09149527326824929, 0.09133469415597192, 0.09133469415597192]
[0.125, 0.125, 0.125, 0.125, 0.125, 0.125, 0.125, 0.125]
[0.125, 0.125, 0.125, 0.125, 0.125, 0.125, 0.125, 0.125]

Action: 1
[0.09719873970321934, 0.09719873970321934, 0.09719873970321934, 0.09719873970321934, 0.09719873970321934, 0.31960882207746477, 0.09719873970321934, 0.09719873970321934]
[0.1111111111111111, 0.1111111111111111, 0.1111111111111111, 0.1111111111111111, 0.1111111111111111, 0.2222222222222222, 0.1111111111111111, 0.1111111111111111]
[0.09233709903130081, 0.09264976731515094, 0.09233709903130081, 0.09233709903130081, 0.1992973582684965, 0.24636737925984864, 0.09233709903130081, 0.09233709903130081]
[0.125, 0.125, 0.125, 0.125, 0.125, 0.125, 0.125, 0.125]
[0.15935385923119677, 0.09252558695977885, 0.09252558695977885, 0.09252558695977885, 0.19521364924754425, 0.18280455672236465, 0.09252558695977885, 0.09252558695977885]
[0.10658334487257182, 0.09047758354913323, 0.09047758354913323, 0.09047758354913323, 0.19984138840678053, 0.24118734897498145, 0.09047758354913323, 0.09047758354913323]
[0.125, 0.125, 0.125, 0.125, 0.125, 0.125, 0.125, 0.125]
[0.125, 0.125, 0.125, 0.125, 0.125, 0.125, 0.125, 0.125]

