0.125 0.125 0.125 0.125 0.125 0.125 0.125 0.125
0.11301829483647666 0.08900190718372537 0.135621953803772 0.10680228862047045 0.14127286854559584 0.11125238397965673 0.169527442254715 0.13350286077558807
0.07485325150544486 0.12475541917574144 0.08982390180653384 0.14970650301088972 0.10550364450993392 0.15594427396967678 0.1122798772581673 0.18713312876361216
0.05473736862603957 0.09122894771006594 0.06568484235124748 0.10947473725207914 0.12004855648813932 0.20850638836577529 0.13136968470249497 0.21894947450415828
0.06035259651166769 0.10058766085277948 0.054317336860500914 0.09052889476750153 0.13431965503303622 0.2702013927185092 0.10863467372100183 0.18105778953500307
0.053497942386831275 0.09465020576131689 0.0668724279835391 0.11831275720164611 0.10699588477366255 0.18930041152263377 0.1337448559670782 0.23662551440329221
0.1067715155054759 0.08408256846056229 0.1281258186065711 0.10089908215267475 0.14694900819767415 0.1468908811279846 0.16015727325821386 0.12612385269084342
0.08557717238530275 0.15140576652784335 0.07460574002821266 0.1319947708191455 0.10269260686236333 0.20580333036030252 0.0895268880338552 0.15839372498297458
0.13818967493595666 0.10058160328154664 0.15326720500045204 0.12069792393785597 0.1222980660440463 0.1261241323411045 0.1336175633337274 0.10522383112531034
0.0871249083335783 0.11788803620230526 0.08487938606565978 0.1414656434427663 0.09876951673346437 0.18694122233669344 0.10609923258207474 0.1768320543034579
0.0797294977487931 0.11576968556714341 0.08335417360834327 0.1389236226805721 0.10137727122753357 0.20299850380647033 0.10419271701042909 0.17365452835071513
0.07820974237558559 0.11469239796938567 0.08257852653795769 0.1376308775632628 0.10498064954341144 0.2066460508838712 0.10322315817244711 0.1720385969540785
0.05709178216368115 0.0838341819947714 0.06036061103623541 0.1006010183937257 0.12375377407312371 0.2524353734785405 0.12072122207247082 0.2012020367874514
0.10699597180204465 0.08637024229803604 0.13374496475255582 0.10796280287254505 0.12839516616245358 0.14648153096224378 0.160493957703067 0.12955536344705407
0.08156027115674258 0.11477053826749127 0.08263478755259371 0.1377246459209895 0.11307117285076519 0.19478929240943868 0.10329348444074213 0.17215580740123687
0.07744834530550794 0.11306463873146956 0.08140653988665808 0.13567756647776347 0.10839877886503096 0.21264899777804303 0.1017581748583226 0.16959695809720432
0.07643427522165981 0.11221809189734472 0.08079702616608819 0.13466171027681367 0.10673491805461792 0.21983055782984842 0.10099628270761025 0.16832713784601708
0.07607586681215325 0.11183348336408175 0.08052010802213885 0.13420018003689807 0.10607910653040002 0.22289089516053198 0.10065013502767356 0.16775022504612258
0.07592563864904714 0.11165927620085761 0.08039467886461749 0.13399113144102914 0.10580309229560092 0.22424391966678928 0.10049334858077186 0.16748891430128643
0.07585859026079922 0.11157960840432682 0.08033731805111531 0.1338955300851922 0.10568196288780936 0.22485593014037275 0.10042164756389414 0.16736941260649021
0.11408987565871134 0.07928263235686511 0.12081163025808016 0.09513915882823813 0.1606872315298538 0.16005098501035364 0.15101453782260021 0.11892394853529765
0.0769861215864586 0.12314527665742765 0.08700481502970432 0.15393159582178453 0.08352462242851615 0.18628387545432204 0.10440577803564519 0.18471791498614146
0.07731998162265429 0.113777062362449 0.08191948490096328 0.1365324748349388 0.1040917808684315 0.21329426574068563 0.1023993561262041 0.17066559354367347
0.06297201928032314 0.10292807789974741 0.04983267294304443 0.08305445490507407 0.14201255233224513 0.29342596694332884 0.09966534588608886 0.16610890981014814
0.07078258713063042 0.11804926075898842 0.08340436901450268 0.1475615759487355 0.09105292067991826 0.2119901525113388 0.10008524281740322 0.17707389113848263
0.10348472666942544 0.08106159633463546 0.1839758600703428 0.144880989805395 0.09989285409644046 0.10000825774747667 0.16038921134337578 0.12630650393290843
0.08067805115126547 0.12307489055918698 0.09703676369741136 0.13663262170448084 0.10818394396607646 0.18112848551261732 0.10247446627836063 0.17079077713060103
0.07580615452230517 0.12429277814825421 0.08738176483145717 0.13253663982281963 0.10726049219615155 0.207648890833373 0.09940247986711473 0.16567079977852453
0.07680089512440978 0.12302250234124397 0.08559031477283294 0.13086939461041835 0.10597894781925542 0.2159991561110028 0.09815204595781377 0.16358674326302294
0.07673734941018052 0.12252915220200766 0.08519511948065617 0.13046056116933763 0.10541727991583998 0.21873941548330275 0.09784542087700324 0.16307570146167205
0.07664456256961782 0.12233601617399968 0.08506457091309505 0.130298410192606 0.10545411116859826 0.21960550859687133 0.0977238076444545 0.16287301274075747
0.06418845611166765 0.10245365878895385 0.053432152304559825 0.08185360638753475 0.14134524506893645 0.29479534089823634 0.09822432766504167 0.1637072127750695
0.06945674908144531 0.11559187280640434 0.08166817100452481 0.14448984100800544 0.08929415241621609 0.22810959926836769 0.09800180520542978 0.17338780920960653
0.1384382205019735 0.10525892953061863 0.15539567546632424 0.11289704385729396 0.13002116707823852 0.13458423127651456 0.1249816684134471 0.09842306387558959
0.0735741132347067 0.10285832267931928 0.06433414693355753 0.08333309831615668 0.15229247556547976 0.25694192865907867 0.09999971797938802 0.16666619663231336
0.10936391826404399 0.08232615504475334 0.1274826654610919 0.10290769380594167 0.14070906437306951 0.16074207193065926 0.1529791985533103 0.12348923256713
0.11386972443066601 0.08310095801480422 0.12868245364232742 0.10387619751850526 0.15307464368861334 0.13832564131208458 0.1544189443707929 0.12465143702220631
0.08692648167935696 0.13841993701061883 0.09779669462706765 0.17302492126327354 0.09379597209791242 0.16629653902046357 0.0880170251643609 0.1557224291369462
0.09563036336326322 0.15188231410093866 0.1125875296548375 0.15957127707905724 0.08769194964333944 0.17005509248931502 0.0834680526259684 0.13911342104328067
0.08163194098677107 0.12637116311482913 0.0946820565655182 0.13100361175454597 0.10203521634991211 0.20226878771933163 0.0982527088159095 0.16375451469318247
0.09632890190645373 0.15001220949827737 0.08395086533002669 0.11929633295863423 0.12818075143458885 0.2611808893778629 0.08947224971897569 0.07157779977518054
0.07496476500786094 0.1132720011755971 0.08002913126536751 0.14159000146949638 0.0990148254916423 0.22518631630819902 0.09603495751844103 0.16990800176339563
0.10563616251182406 0.07790104739908803 0.20280485752621566 0.13934911422400234 0.09884520463839692 0.09971457285509246 0.15426519767573724 0.12148384316964307
0.0842439318940717 0.11920460088322572 0.11673629194793933 0.13229176170382886 0.10594229142136495 0.17699759874191176 0.09921882127787167 0.16536470212978607
0.0792188211908723 0.12183348770159988 0.0991899947276059 0.12997432477353366 0.10584505732891866 0.20398966473040245 0.09748074358015023 0.16246790596691701
0.06561608022168161 0.10223705336716209 0.06028778079013676 0.08157174028377696 0.14178992065947996 0.2874678557696763 0.09788608834053235 0.16314348056755393
0.07070037288019565 0.11192553446492746 0.07907782326326399 0.13990691808115935 0.10324912910773282 0.2323585325894126 0.09489338791591677 0.1678883016973912
0.10388614853483419 0.07719992552741427 0.2078449839265149 0.13816378602602272 0.0991145319072725 0.10038715331745204 0.15295299063523882 0.12045048012525059
0.08355317292635721 0.1184350424605346 0.12167502713611196 0.13144593062136303 0.10554643800811407 0.1764525276047929 0.09858444796602228 0.16430741327670378
0.0788821345108399 0.12136704148656352 0.10239622242060444 0.12949937383163876 0.10548662061097186 0.20336985947610423 0.09712453037372908 0.16187421728954846
0.07762406075919363 0.12095503082945289 0.09790181118523329 0.1286738455846007 0.10486872682029852 0.2126288336520195 0.09650538418845055 0.16084230698075086
0.11524690891866328 0.08504524339992306 0.14440429351329748 0.09049525166672909 0.15592115809750293 0.15212482320661702 0.14364325661385569 0.11311906458341134
0.07905990713011966 0.11641539472668043 0.0822500071438503 0.14551924340835057 0.11107064223058112 0.19236170469777697 0.09870000857262039 0.17462309209002067
0.14059134952612687 0.10305035352777275 0.16986828784710975 0.11024564049663088 0.13397368891676734 0.1241126397610425 0.12204645590184614 0.09611158402270384
0.0827741601986138 0.11776152292046671 0.0832010759764167 0.1472019036505834 0.1081988579047894 0.18437890379672983 0.09984129117170006 0.17664228438070007
0.10622959942834383 0.07734716950024502 0.21463350393417582 0.13775182407436462 0.09979635891521647 0.09165327851901754 0.1524969318202164 0.12009133380842045
0.08382622858231556 0.1181753258123598 0.12644211501420907 0.1310833105833074 0.10556736921695213 0.17273902962424142 0.09831248293748056 0.16385413822913425
0.07881349731914745 0.12113131797177239 0.10524457301873433 0.12922846641531818 0.10538098949502271 0.20174422294936867 0.09692134981148864 0.16153558301914772
0.06544335829547733 0.10195011723617152 0.06333857471546273 0.08133269156126746 0.14148719809386168 0.2861834471017034 0.09759922987352095 0.16266538312253492
0.11194314953587538 0.07858022154109458 0.12168205947594868 0.0982252769263682 0.16237724636497597 0.16330324247295697 0.1460184713711384 0.11787033231164185
0.14729512498185035 0.0927455325818274 0.1436171493337999 0.11593191572728426 0.14900513437577242 0.11781098444448986 0.1292554344004199 0.1043387241545558
0.12324121351922354 0.07164874564345299 0.17751778771362978 0.14329749128690597 0.11203954006176284 0.08352147067454259 0.1597660089422668 0.12896774215821538
0.1114040927642235 0.0713877226999199 0.25277210643275033 0.13277827389271282 0.09714780420846866 0.0717635744152867 0.14699100732119608 0.11575541826544195
0.12171569203191156 0.07966544349267962 0.1950577664702827 0.08883938090144056 0.15076914294308777 0.11188845771405011 0.14101489031974693 0.1110492261268007
0.12880908330740778 0.07842152838583921 0.1457127542585321 0.09802691048229902 0.16478206278755278 0.12089178187070013 0.1457235863289102 0.1176322925787588
0.13113430242329116 0.07812506633474627 0.139130272538237 0.09765633291843283 0.1688736607873207 0.1227200676051674 0.1451726978906852 0.11718759950211938
0.1173995151655979 0.06956492657110674 0.19711351640273447 0.1391298531422135 0.11415675229295495 0.08229916516869376 0.15511940342870667 0.12521686782799213
0.14930530407431633 0.09528751175905122 0.21164223001062654 0.10649832078780701 0.130718194681046 0.09580572982662479 0.11789801894295279 0.09284468991757533
0.0910146462112673 0.11352248015319275 0.11134538326106691 0.14190310019149094 0.10552635040188003 0.17015699942143214 0.09624732012988081 0.1702837202297891
0.09776571585221903 0.1458836154756986 0.12375979690506983 0.15635691210336375 0.08887054700207161 0.1692655660353467 0.08178669248483643 0.13631115414139403
0.08236772180337011 0.12409944600683875 0.10499896166115776 0.12898197908947753 0.10136280939453482 0.20022512386566596 0.09673648431710816 0.1612274738618469
0.07912017824763203 0.12095251591647488 0.10026885987453432 0.12826631870202007 0.10371564727754241 0.2111438425777562 0.09619973902651506 0.1603328983775251
0.07755227036969534 0.11267840889203752 0.09398525436751633 0.1408480111150469 0.0984819248856724 0.21190482253655218 0.09553169449542312 0.16901761333805626
0.10547915309881002 0.07624080474898595 0.2197618021942158 0.13626718170784707 0.09686856432692652 0.095732092025147 0.15085337169122667 0.11879703020684104
0.08480806194209702 0.1175120846816566 0.12818747340297465 0.13042959153422218 0.10449448349800453 0.17370912187260057 0.09782219365066665 0.16303698941777772
0.07993372358452477 0.1207642664459409 0.10597764375944753 0.12886205029685346 0.1049292562547298 0.20180895906479673 0.0966465377226401 0.1610775628710668
0.0786091328651244 0.12046137513669845 0.10046290056589446 0.12813121177149314 0.10445987162696042 0.21161308449084282 0.09609840882861985 0.1601640147143664
0.07730546840649746 0.11240942449415064 0.09381757742988309 0.1405117806176883 0.09844934229090715 0.2135886275137371 0.09530364250591034 0.16861413674122597
0.1053964730400925 0.07620252068532671 0.2197521909119045 0.13622613761272434 0.09684337500572905 0.09601012037830274 0.15080793419072455 0.11876124817519558
0.08478188700802228 0.11748994537695441 0.12823074165847131 0.13040848076100572 0.10447544285307285 0.17379654082046195 0.0978063605707543 0.16301060095125713
0.07992396993704574 0.12075340508277582 0.10601515974099851 0.12885196519061942 0.10491877237064048 0.2018327972966812 0.09663897389296457 0.16106495648827424
0.09629093244293771 0.14755833634694243 0.09233079815265231 0.1177155054757371 0.12795662754409234 0.25923186764539297 0.08828662910680282 0.07062930328544227
0.07859810710098031 0.10919990093850883 0.09039194083405146 0.13649987617313605 0.10142749666892872 0.22750030216789568 0.09258252470873575 0.16379985140776324
0.10526607591806401 0.06979981125337097 0.20123657284593777 0.13959962250674193 0.10001837340266562 0.10279672260441143 0.1556431612127406 0.1256396602560677
0.08485705126665494 0.11696143374390629 0.1240959590901456 0.13068159957654177 0.10535411458691392 0.17668664258275385 0.09801119968240633 0.1633519994706772
0.0799085259402567 0.1206509289314422 0.10504995055178132 0.12880927987993715 0.10508482969394745 0.2028779252427609 0.09660695990995287 0.16101159984992142
0.11772555006591623 0.07778929456329133 0.14963238963810235 0.09723661820411415 0.1499097858360156 0.14647365606956703 0.14454876377805626 0.11668394184493698
0.1252775343080049 0.07581149865672669 0.15881084214712624 0.09476437332090835 0.16154464805473653 0.12920024981453482 0.14087360571287272 0.11371724798509002
0.11240533723849878 0.06667942258046466 0.22730650927136006 0.13335884516092933 0.10920064864974924 0.0823411162523493 0.14868516020181224 0.1200229606448364
0.08437352965695241 0.11310972369256905 0.12730839362368743 0.1413871546157113 0.10073557375107947 0.16752366468614271 0.0958973744350042 0.16966458553885358
0.10593803340975487 0.07541522222647727 0.23388172391187562 0.13474534631712612 0.09625943710777093 0.087121297753952 0.1491686373555486 0.11747030191749457
0.07303246694265787 0.09936017866528521 0.07874525621992437 0.08662169422101787 0.14325858454895696 0.24781825488418865 0.09792017607593324 0.17324338844203574
0.10235192010962392 0.06830135401811549 0.2043117483526499 0.13660270803623098 0.10775156169014871 0.10543644533216849 0.15230182522845453 0.12294243723260788
0.10573185133488174 0.06609835194430184 0.2556798199530109 0.1321967038886037 0.09649485144282893 0.07743192852649979 0.1473894594101298 0.11897703349974333
0.10452039473836316 0.0647535819588133 0.2766564351612616 0.1295071639176266 0.09233755815861876 0.07127759548502427 0.14439082305442844 0.11655644752586392
0.13819099709293003 0.0857551513985712 0.23852676878961418 0.10719393924821399 0.12124871069972772 0.0930966447334968 0.1195132427140535 0.0964745453233926
0.11141641546204399 0.06393251207562693 0.26902684738087485 0.12786502415125386 0.09681366167517677 0.07330705775622849 0.1425599597626666 0.11507852173612848
0.1050727055368062 0.06409644641653997 0.2827703259366018 0.12819289283307994 0.09161140069020875 0.0699571161619007 0.14292550887509062 0.11537360354977196
0.12086977995200522 0.07477600433246255 0.2110170150521893 0.09347000541557819 0.14081146212467086 0.10794228573795853 0.1389494408864416 0.11216400649869383
0.08467434348409701 0.11051107370177667 0.12655024516543123 0.13813884212722083 0.1060432581629045 0.1746214556239637 0.0936941711819411 0.16576661055266498
0.1058315883035644 0.07507672276474729 0.23321725367512172 0.1344137797622739 0.0972529684808568 0.08822486356851288 0.14880157954960724 0.11718124389531573
0.06127936896433357 0.08307427223737911 0.09815133372227909 0.10384284029672387 0.12028211108793178 0.2082968345016082 0.11738755859629654 0.20768568059344775
0.09975627406498125 0.06857182384420611 0.21733388761491348 0.13714364768841222 0.10266583420262262 0.09819431709328748 0.15290493257200585 0.12342928291957099
0.08181217538538087 0.11247536649044244 0.129195631574856 0.14059420811305307 0.0988579007616581 0.17299211808835324 0.09535954985059251 0.16871304973566367
0.10523559660596171 0.07530399607223949 0.23469806671780724 0.1346124834029414 0.09578270488887644 0.08799112695397233 0.1490215526479449 0.11735447271025662
0.08287233393874228 0.11249996988804732 0.13331021004097146 0.14062496236005914 0.09741260702104546 0.16914955266615356 0.09538040925290969 0.16874995483207098
0.10535095981000768 0.07520549322097735 0.23642003120991337 0.1344338500700963 0.09534417949614361 0.08722294690071357 0.1488237982053976 0.11719874108675062
0.0828936049656667 0.11249411133463309 0.13371065655738343 0.1406176391682914 0.09731695570145757 0.16885042305212483 0.09537544221849328 0.16874116700194963
0.1053419541265198 0.07519491239875876 0.2365897267952543 0.13441551464384272 0.0953108664098589 0.08716076913477525 0.14880350013481977 0.11718275635617056
0.08288534200815573 0.1124824659248644 0.13374126977727813 0.1406030824060805 0.09730168116019906 0.16889689089982768 0.09536556893629806 0.16872369888729657
0.10533808996504793 0.07519262970951485 0.23660281660940027 0.1344126384971457 0.09530594602531953 0.08716731412514586 0.14880031612219624 0.11718024894622957
0.12209961522318714 0.07560198358219698 0.1970237292911228 0.09450247947774622 0.14333606349312947 0.11354887063419475 0.14048428292512724 0.11340297537329547
0.1092087564054751 0.0648825976794051 0.25391125259082387 0.1297651953588102 0.10286815897278281 0.07789685431450324 0.14467850885527048 0.11678867582292918
0.10512161664676267 0.06442708842918576 0.2775162773646359 0.12885417685837153 0.09333423927149863 0.07111505104327463 0.14366279121373662 0.1159687591725344
0.1210158537065374 0.0748218365117866 0.20952314744775968 0.09352729563973326 0.1414740306557252 0.10837047461827887 0.13903460665249898 0.11223275476767991
0.10848595152247617 0.06457619425087106 0.2588399740432966 0.12915238850174213 0.10203826332705698 0.07667480376149464 0.14399527494149456 0.11623714965156791
0.10477197874984953 0.06430264010531182 0.2794088152364214 0.12860528021062365 0.09299856520219989 0.07078267828015794 0.14338529002587438 0.11574475218956126
0.10331546922258472 0.06392274743722083 0.2873439727612894 0.12784549487444166 0.09058649780293376 0.06938668643810236 0.14253818607642973 0.11506094538699749
0.10271789485882553 0.06374560859002569 0.290333240203883 0.12749121718005138 0.08985418831172498 0.06897256250762471 0.14214319288581848 0.11474209546204626
0.10247794328429692 0.06367517199386809 0.29145093766842156 0.12735034398773618 0.08961172227240664 0.06883244141499613 0.14198612978931183 0.11461530958896256
0.1023840119922702 0.06364838866985328 0.29186796295441747 0.12729677733970657 0.08952717943474378 0.06878217302900294 0.14192640697426986 0.11456709960573593
0.10234790658283517 0.06363834225128252 0.292023512871905 0.12727668450256505 0.08949681865592797 0.06876371412285308 0.14190400496032254 0.11454901605230855
0.1023341875651403 0.0636345879554178 0.2920815530381043 0.1272691759108356 0.08948573136571404 0.06875687240414893 0.14189563344088688 0.11454225831975207
0.10232901031784324 0.06363318564999 0.292103223141405 0.12726637129998 0.08948164290381641 0.06875432600790121 0.14189250650908217 0.114539734169982
0.1199979775727711 0.07462141873801613 0.21409760979075282 0.09327677342252017 0.13990999423782277 0.10750190958060026 0.13866218855049264 0.1119321281070242
0.10809231830763834 0.06447701254331226 0.26066438628496114 0.1289540250866245 0.10156299980274909 0.07641652085987431 0.14377411453687838 0.11605862257796207
0.10461700688220275 0.06425935069479886 0.28011184709041836 0.12851870138959773 0.0928425291997642 0.07069497239104354 0.14328876110153657 0.11566683125063797
0.1032547098118458 0.0639054933525282 0.2876125533520888 0.1278109867050564 0.0905320069458248 0.06935464975530356 0.14249971204280168 0.11502988803455075
0.1026942366791862 0.06373890053166556 0.29043587958985834 0.12747780106333112 0.0898344323833392 0.06896049387874342 0.14212823491687812 0.11473002095699801
0.10246876179489889 0.0636725706309334 0.29149031473065923 0.1273451412618668 0.08960442766031665 0.06882782764741428 0.1419803291382306 0.11461062713568013
0.12004812430606218 0.07463092926525526 0.21390819256531787 0.09328866158156908 0.13996484291392206 0.10753299437261338 0.13867986109737732 0.11194639389788288
0.10811046582483402 0.06448113241944144 0.26058980823234884 0.12896226483888287 0.10158062806627718 0.0764263610174816 0.14378330124573951 0.11606603835499457
0.08318994025701128 0.11198923581121535 0.1391900208639405 0.1399865447640192 0.09843608490522913 0.1642769241026876 0.09494739557907389 0.167983853716823
0.10518511245286942 0.07499137010302873 0.23879256337872332 0.13410465928541315 0.09534662121956108 0.08620854883688839 0.1484593704746942 0.11691175424882169
0.08284366784635508 0.1124508674858189 0.13429571317609026 0.14056358435727362 0.09729456914972896 0.16853651780063653 0.0953387789553682 0.16867630122872834
0.1053072432554554 0.07517523208433569 0.2368316409346263 0.13438484212192495 0.0952857437642591 0.0870897372383406 0.14876954439220014 0.11715601620885763
0.13994192892703627 0.08665262370571722 0.2260205524425531 0.1083157796321465 0.12321503503736922 0.09760586756353923 0.12076401102270662 0.09748420166893186
0.11227081992690481 0.06412483081344586 0.2650436782308061 0.12824966162689172 0.09753903503934284 0.07435847705469255 0.1429888018437136 0.11542469546420255
0.12298643530418706 0.07481127722529675 0.205381992683169 0.09351409653162092 0.14284424947616256 0.10923004764983599 0.13901498529178274 0.1122169158379451
0.14403510494581517 0.08534245473266912 0.21221226674209928 0.10667806841583641 0.1352410109774514 0.10154274737810003 0.11893808523377583 0.09601026157425276
0.08894254822667241 0.11030172421556801 0.12693971161874254 0.13787715526946004 0.10479709999811927 0.1721724951218434 0.09351667922624246 0.16545258632335202
0.0807535278515525 0.12004182858757755 0.10584370118099741 0.12897171180061198 0.10508248929261499 0.2013633176854217 0.09672878385045898 0.16121463975076494
0.09130334656774142 0.13125497187344004 0.08423843642094243 0.11442741137684517 0.11575806290302014 0.24809324166324065 0.07761163554255585 0.1373128936522142
0.10648100351377189 0.0679351177682381 0.2095170187646272 0.1358702355364762 0.10121981157229844 0.10520842780840484 0.15148517305335477 0.12228321198282857
0.10627390676150797 0.06561447678025387 0.260934270550306 0.13122895356050773 0.09454019190999322 0.07699165221849776 0.14631049001447652 0.11810605820445697
0.10439594448223975 0.06439488824778145 0.2804882026296889 0.1287897764955629 0.09151414293669019 0.0709152567468281 0.14359098961520222 0.11591079884600661
0.1032565217742991 0.0639121785156598 0.28778398564864166 0.1278243570313196 0.0902608985592465 0.06940551818384595 0.1425146189587996 0.11504192132818764
0.13753640125248662 0.08532305105390221 0.2430668681921388 0.10665381381737776 0.12018225875510641 0.09233813132680917 0.11891104316653908 0.09598843243563998
0.14733427202755084 0.08449833391455186 0.22510291156426973 0.10562291739318982 0.12776444656869887 0.09685482229172952 0.11776167058613851 0.09506062565387083
0.11384306518040024 0.06394035839341543 0.26425935051390137 0.12788071678683086 0.09832151485811824 0.07408489327894348 0.14257745588024273 0.11509264510814776
0.10580297953572551 0.0641141395676117 0.28132377467928094 0.1282282791352234 0.09198813943694556 0.07017227446230001 0.14296496196121175 0.11540545122170104
0.10351677306858897 0.06385974296912003 0.28802707812813344 0.12771948593824006 0.09029901516267344 0.06923267187261122 0.1423976955162169 0.11494753734441604
0.10278094931116095 0.06372085971654576 0.2905734919838378 0.12744171943309152 0.08976487680017822 0.06893254867358327 0.14208800659181994 0.11469754748978236
0.13730224267202717 0.08525653232500173 0.24400737272217982 0.10657066540625217 0.11996332703453541 0.0921679220811373 0.11881833889323934 0.09591359886562693
0.11101672937820704 0.06369655103154477 0.2719534061534214 0.12739310206308954 0.09626846882398293 0.07298414884054395 0.14203380185242967 0.1146537918567806
0.10491107156803839 0.06395981932576476 0.284282617757995 0.12791963865152953 0.09135211226703803 0.06982621478849271 0.14262085085476497 0.11512767478637657
0.08264673472081803 0.11195763463686313 0.1447050556655385 0.1399470432960789 0.09617474657922384 0.16171172986710328 0.09492060327907961 0.1679364519552947
0.11768051044624576 0.08400154236729997 0.1623210787808279 0.0901325445853332 0.15236220296802053 0.1377689090327757 0.14306753108783046 0.11266568073166648
0.08386789934756293 0.11025684047327643 0.11505677458799266 0.13782105059159552 0.10826592688127323 0.18586762178973734 0.0934786256186474 0.1653852607099146
0.10449876408797171 0.0680471865906461 0.22402871242600442 0.1360943731812922 0.09934058798895123 0.09377037006133655 0.15173506980063473 0.12248493586316297
0.08271531113292915 0.1124260769732232 0.13080925068852592 0.14053259621652903 0.09812524664604316 0.17143464197083436 0.09531776091208055 0.1686391154598348
0.117841093309515 0.08414521520050015 0.15790529211610177 0.0902536034832906 0.15321563595199383 0.14056246751577015 0.14325968806871525 0.11281700435411324
0.06124588455143382 0.08049317836126182 0.08325359062653034 0.10061647295157727 0.13195202947278759 0.22746553740538464 0.11374036072786996 0.20123294590315455
0.0998938870124798 0.06858731630464407 0.2105201350537079 0.13717463260928814 0.10541760364850006 0.10200977757654575 0.15293947844647496 0.12345716934835932
0.10479641362834521 0.06567966447105046 0.26150272667426905 0.13135932894210092 0.09548533127791764 0.07649729012297923 0.14645584883544682 0.11822339604789081
0.13889843293765133 0.08595969744534011 0.23421605699364467 0.10744962180667514 0.12241976841305974 0.09455345309167162 0.11979830968594973 0.09670465962600762
0.08811694435358883 0.11047536541715625 0.13217242092475762 0.13809420677144532 0.10208657730168902 0.16967754033890925 0.09366389676671943 0.16571304812573437
0.10645743308340593 0.07492798464858591 0.2355699083235254 0.13415131272639255 0.0962132338542273 0.08721668313280032 0.14851101775164335 0.11695242647941913
0.08310783926078902 0.11243217894604102 0.1335380940827076 0.14054022368255126 0.09747134146173672 0.16893911982329543 0.09532293432381739 0.16864826841906153
0.07985994306265272 0.12057918750500544 0.10752645289528405 0.12933186474073544 0.10358699648047529 0.20045182583437615 0.09699889855555159 0.1616648309259193
0.0911726942558314 0.1313476373025458 0.08459843950012469 0.11450819662273225 0.11544489528120526 0.2478518720766027 0.07766642901367925 0.13740983594727868
0.07802590161681974 0.1091360982227376 0.09606001268708578 0.136420122778422 0.09885185873979166 0.2252734275191507 0.09252843110188624 0.1637041473341064
0.11676531368277435 0.07704538050492821 0.15211692677594313 0.09630672563116026 0.14694772215168128 0.15208344448323144 0.143166416012889 0.11556807075739232
0.08353811332353965 0.11006306182011744 0.11249477418565428 0.1375788272751468 0.10686190916796806 0.1910543864759935 0.09331433502140393 0.16509459273017615
0.1370600530645045 0.08931097867870005 0.18277343814364583 0.11163872334837509 0.12999347148993048 0.12427963897587935 0.12446884528542712 0.10047485101353756
0.11326205401648246 0.06514965828811113 0.24824010629571414 0.13029931657622226 0.10042539981526391 0.0800800659367136 0.14527401415289257 0.11726938491860003
0.0842229673858231 0.11208522321570175 0.13636900555434525 0.1401065290196272 0.09822923527141202 0.16583042852492125 0.09502877620461671 0.16812783482355262
0.10573724823759571 0.0750489628837396 0.23757340056426846 0.1341928620666785 0.09536884411678967 0.086533018570411 0.1485570145793103 0.11698864898120688
0.09914086752162357 0.13433844153744126 0.11165999159554062 0.1171155644172565 0.11623800714757648 0.20153354591858413 0.07943490456126961 0.1405386773007078
0.08023015367965065 0.11029539316185963 0.10311156407248234 0.13786924145232457 0.09997839177142716 0.2095608545257156 0.09351131159375058 0.16544308974278946
0.10406941180953905 0.06834004677923915 0.21921007745849014 0.1366800935584783 0.09796234906038805 0.09833783282051357 0.1523881043107213 0.12301208420263046
0.10548121118210288 0.06548558748106639 0.2648599428378345 0.13097117496213279 0.09364678818682044 0.07565815176962623 0.1460230861144973 0.1178740574659195
0.1040914187636383 0.06431158381565591 0.2819847503497447 0.12862316763131182 0.09121638280070406 0.070606612605705 0.14340523316505957 0.11576085086818064
0.10313974656316545 0.0638765931591467 0.2883436058005939 0.1277531863182934 0.09015317008734852 0.06932056145996544 0.14243526892502265 0.11497786768646408
0.082310823994063 0.1119370145400413 0.14563024511979597 0.13992126817505163 0.09589593547728131 0.16149606986062645 0.09490312102307849 0.16790552181006194
0.10497279614465957 0.07482438385788948 0.24145514780947042 0.13380673940980883 0.09459969814854534 0.08555964447476651 0.14812956092579566 0.1166520292290641
0.08283252044114718 0.11241749422913344 0.13489484124241147 0.14052186778641682 0.09711146035597046 0.16828509036347697 0.09531048423774358 0.16862624134370016
0.10548710495770276 0.07513906915194435 0.23703647711834408 0.13431896234581048 0.09520775135216407 0.08701543974422957 0.14869661277191876 0.11709858255788604
0.12217083452810995 0.07557619253297629 0.19721333445092545 0.09447024066622034 0.14326704782099295 0.11350170343480981 0.14043635776650068 0.1133642887994644
0.10926329630920764 0.06486223951406189 0.254044513812417 0.12972447902812378 0.10283028334419615 0.07789004368159483 0.14463311318508726 0.11675203112531139
0.1051715307599378 0.0644120976460989 0.27759732800484355 0.1288241952921978 0.09330977813512172 0.07111393039393912 0.1436293640048832 0.11594177576297802
0.12107696592408072 0.07480931409715173 0.20955359254886044 0.09351164262143967 0.14144844457627384 0.10837473169698246 0.13901133738948346 0.11221397114572759
0.1085512932687438 0.06456568736637258 0.25885352217654584 0.12913137473274516 0.10202213339689054 0.07668590564197665 0.14397184615725467 0.11621823725947064
0.1048331584457803 0.06429425737990835 0.27941038025256076 0.1285885147598167 0.09298660685690947 0.07079082122181168 0.14336659779937772 0.11572966328383504
0.09505764609007095 0.12881492921599066 0.16513658394943245 0.16101866151998834 0.08328915563408458 0.1398567351883624 0.08190949303408102 0.1449167953679895
0.10727452633992769 0.07544699136851699 0.24922407509683095 0.13277703395373805 0.09121886941695317 0.08131453187324995 0.1469896346577808 0.11575433729300239
0.09958798266343982 0.13444244837885783 0.11404373731130595 0.11720623704823503 0.11526723850979259 0.1993084673716839 0.07949640425880289 0.14064748445788203
0.08034571759218657 0.11034648230722778 0.10369385303688192 0.1379331028840347 0.09981111486640266 0.20879537954847074 0.09355462630395399 0.16551972346084165
0.10408247624897034 0.06833128087756873 0.21945947385844317 0.13666256175513747 0.09791155354129881 0.09818779048061785 0.15236855765833984 0.12299630557962372
0.14015234188878337 0.08700730338006601 0.22003990783156058 0.10875912922508253 0.12441003131452016 0.10048975732437333 0.12125831273303976 0.09788321630257427
0.129720080973633 0.07404789778451934 0.18921762699312014 0.09255987223064917 0.15054366673534142 0.11524254182726147 0.13759646677869639 0.111071846676779
0.11110311712699655 0.06483654124348585 0.25044438748731457 0.1296730824869717 0.10444020068820098 0.07822108685149019 0.14457580987726545 0.11670577423827454
0.1056895446254138 0.06446630043366568 0.27616486468826745 0.12893260086733135 0.0937265516677225 0.0712305688058123 0.14375022813118882 0.11603934078059822
0.10368160970043713 0.06398939629474666 0.2861127821268771 0.12797879258949332 0.09082666561768951 0.06954303725909051 0.14268680308112164 0.11518091333054398
0.10288969411884756 0.06376787921338037 0.2898627871419067 0.12753575842676074 0.08993452349281542 0.06903432197027883 0.14219285305192578 0.11478218258408467
0.082255162306276 0.1119167467424475 0.14597308186839034 0.1398959334280594 0.09583570081672059 0.1613623172688817 0.09488593745555333 0.16787512011367126
0.07992547386057557 0.12058584209812943 0.11039680584755884 0.1293865994068926 0.10327401224805105 0.1976580677250072 0.09703994955516947 0.16173324925861576
0.0773344257872186 0.11139532181914787 0.10351706753486357 0.13924415227393483 0.0978394365311593 0.2091327535217634 0.09444385980319059 0.16709298272872178
0.10346703014024278 0.06842720228879219 0.21959568717488906 0.13685440457758438 0.09758252326997181 0.09832174033995432 0.15258244808873958 0.12316896411982595
0.10534335713148651 0.0654907778785742 0.2650387814112256 0.1309815557571484 0.09356966243120592 0.07565780528267235 0.1460346599262535 0.11788340018143353
0.08282563395241167 0.11219171797878746 0.1403183732851033 0.14023964747348433 0.09678714496242977 0.16423084013671732 0.09511906524288503 0.1682875769681812
0.10528711132638038 0.07497959732447625 0.23926641834150758 0.13405757716900285 0.09496011905178335 0.0861712198492462 0.14840724863642152 0.11687070830118197
0.09904886579917363 0.13434214600260133 0.11199491314478299 0.11711879395098578 0.1161378299339563 0.20137780339969175 0.07943709502762512 0.14054255274118294
0.12132099857785816 0.07611280562773244 0.15606773449128644 0.09514100703466553 0.15118182641265637 0.14457292238953562 0.14143349702466698 0.11416920844159864
0.11044694417567344 0.06570483963346037 0.23753473016293994 0.13140967926692074 0.105837651545809 0.08428545818483384 0.14651198569013402 0.11826871134022866
0.08370299616289666 0.11212203348518401 0.13386963708471195 0.14015254185648002 0.09942549415917658 0.16748426211242326 0.09505998491135166 0.168183050227776
0.11826258019553781 0.08404313639903974 0.1587929571991335 0.09016243054710771 0.15353591358734042 0.1393849747655629 0.14311496912239316 0.11270303818388462
0.12460008569395327 0.07464174372095364 0.16951588428714234 0.09330217965119204 0.16102116203195765 0.1262563724175687 0.1386999566158019 0.11196261558143046
0.1258235516443787 0.07426336066852465 0.1725212703604117 0.09282920083565581 0.16285310607805756 0.1223176275709114 0.1379968418392734 0.11139504100278695
0.09899583625000159 0.12769689804063364 0.1361868379425871 0.15962112255079206 0.09619982829845959 0.156441895585106 0.08119857103670726 0.14365901029571285
0.10919739725793441 0.07594247224515319 0.23694585073673957 0.13376210360096108 0.0946974925739101 0.084761420374934 0.14808014725055518 0.11661311595981223
0.07359452571702627 0.09896081578743446 0.0821709225648982 0.08627353171212235 0.142499003883802 0.2464275358445946 0.09752660106587745 0.1725470634242447
0.10213728986696528 0.06789953255718836 0.20847521651462203 0.13579906511437673 0.10711049752370905 0.10495341647626 0.15140582334393943 0.12221915860293905
0.10529214069902444 0.06563286688479425 0.2605287306916711 0.1312657337695885 0.09581403684899739 0.0769758335104849 0.14635149720280985 0.11813916039262966
0.10418893873633482 0.06440450468036635 0.28033829549948164 0.1288090093607327 0.09179292275111595 0.07092578772273118 0.14361243282457808 0.11592810842465942
0.10321936114023585 0.06391541946057867 0.28772813658744023 0.12783083892115735 0.09032319398323949 0.0694134490960614 0.14252184578224558 0.11504775502904162
0.10273145904833514 0.06373299656971175 0.2904734865145225 0.1274659931394235 0.08978451256762277 0.06897708837199382 0.14211506996290946 0.11471939382548116
0.1025219144171484 0.06366579154574019 0.29149330797565304 0.12733158309148038 0.08958696993441981 0.06883679546317241 0.1419652127900535 0.11459842478233236
0.1371978740038908 0.08523618163526535 0.24432052919716335 0.10654522704408169 0.11988910996720954 0.09213039679491128 0.11878997701780451 0.09589070433967352
0.1284788566794183 0.07372837636027448 0.19685033739201707 0.09216047045034309 0.14855140753946405 0.11263525783129257 0.1370027292067787 0.1105925645404117
0.08597672701637969 0.11023919010926266 0.1232146492687522 0.13779898763657833 0.10760924938061299 0.1763387502449278 0.09346366117959225 0.16535878516389396
0.14259577375039942 0.1004926263781334 0.18607740308930557 0.10796755532705622 0.130678062050986 0.11853849637597634 0.11952452197378627 0.0941255610543567
0.07695696573500252 0.09586744549450141 0.07314403999512596 0.0835767473541807 0.15010766968144484 0.25871557480491797 0.09447806222646515 0.1671534947083614
0.0879413728353176 0.12698793593594535 0.10892553695442432 0.1587349199199317 0.09297667115811713 0.2008243716568818 0.08074776361144351 0.1428614279279385
0.10755097912913382 0.07660471139010133 0.22564316238087956 0.13500137920549085 0.094897187430422 0.09315699409966785 0.1494520762877229 0.11769351007658178
0.08329975229689342 0.11245984998851756 0.13121192657319466 0.14057481248564696 0.09717335414636198 0.17124413497112687 0.09534639455548227 0.16868977498277632
0.10586965458519439 0.07521869922172741 0.23546813727136318 0.13445354478692595 0.09531994855784563 0.0876085036705398 0.14884560106651953 0.11721591083988415
0.08301102249583198 0.11245796947751938 0.13352216692685653 0.1405724618468992 0.09728770162678516 0.16911692320062757 0.09534480020920122 0.16868695421627905
0.10572112320925475 0.07516346925352116 0.2364347110085764 0.13435501548969983 0.09527473423765015 0.08718440821321442 0.14873652508424234 0.11713001350384088
0.09912957873797923 0.13433454213838203 0.11142910444134493 0.11711216494115358 0.11620444061970243 0.20182297236240127 0.07943259882965199 0.14053459792938428
0.08022423590743338 0.11028978905457486 0.10305438902114922 0.13786223631821856 0.09996618362888583 0.20966192220247545 0.09350656028540041 0.16543468358186225
0.13634639187938558 0.08953659367716739 0.17947831480756715 0.11192074209645923 0.12834343106068963 0.12886258344855203 0.12478327514336574 0.1007286678868133
0.11323420000599607 0.0652385364061574 0.24697760218437337 0.1304770728123148 0.10019834875577376 0.08097267521355636 0.145472199090745 0.11742936553108331
0.10634081005252422 0.06457735855318232 0.27490783326805185 0.12915471710636464 0.0929774187544073 0.07180474570786928 0.1439978711618722 0.11623924539572816
0.08296182438634996 0.11206549063299989 0.14257920080218092 0.14008186329124986 0.09659544688039422 0.16260589165108624 0.09501204640623905 0.16809823594949982
0.10537746225510547 0.07489601592740454 0.2401583873482052 0.1339180870256515 0.09482904060467956 0.08581907801570686 0.14825282731370454 0.11674910150954233
0.08291165737521443 0.11242763451299628 0.13460105349562232 0.14053454314124536 0.09716776225903138 0.1683968160114642 0.09531908143493165 0.1686414517694944
0.08010118422782798 0.12055032346840068 0.10775010499809029 0.12929359186455563 0.10349849818460725 0.2002191135274069 0.09697019389841673 0.16161698983069453
0.07733065023069863 0.11134205764683201 0.10287567753229811 0.13917757205854003 0.09784357915912968 0.21001867585385245 0.09439870104840108 0.16701308647024804
0.10348260203814526 0.06843702056831565 0.21932133026020081 0.1368740411366313 0.09759928723896258 0.0984947403481142 0.15260434138666204 0.12318663702296814
0.12194577629950688 0.07581012085117056 0.19165574376740865 0.09476265106396319 0.14442249896457607 0.11681698231436903 0.14087104546224977 0.11371518127675583
0.12521364585922343 0.07437650939444565 0.18015151412810881 0.09297063674305707 0.1575720594987484 0.11994377446969615 0.138207095815052 0.11156476409166848
0.11036402799376534 0.06504311485971485 0.24686740828687917 0.1300862297194297 0.10625586249884568 0.07926931168430541 0.14503643820957313 0.11707760674748674
