0.125 0.125 0.125 0.125 0.125 0.125 0.125 0.125
0.06578947368421052 0.10964912280701754 0.05921052631578946 0.09868421052631579 0.13157894736842105 0.21929824561403508 0.11842105263157893 0.19736842105263158
0.07295173961840629 0.12906846240179573 0.09118967452300786 0.16133557800224466 0.08754208754208755 0.15488215488215487 0.10942760942760943 0.19360269360269358
0.07411886857043971 0.12353144761739955 0.08894264228452767 0.14823773714087943 0.09264858571304965 0.176045244391945 0.1111783028556596 0.1852971714260993
0.07330221260586402 0.12217035434310669 0.0879626551270368 0.14660442521172803 0.09940592196377104 0.1773455803250375 0.10995331890879602 0.18325553151466
0.062229834091034525 0.10371639015172422 0.05600685068193108 0.0933447511365518 0.14453646397000294 0.24146250633178964 0.11201370136386216 0.1866895022731036
0.07212727403511907 0.12760979252367216 0.09015909254389882 0.15951224065459024 0.0978542493761261 0.15313175102840662 0.1081909110526786 0.19141468878550827
0.0727304942197488 0.12121749036624802 0.08727659306369857 0.1454609884394976 0.10935680518929126 0.17303565184252062 0.10909574132962321 0.181826235549372
0.07216337167856164 0.12027228613093606 0.08659604601427397 0.14432674335712328 0.11331555209951762 0.17467251400534078 0.10824505751784246 0.1804084291964041
0.07197919954684856 0.11996533257808095 0.08637503945621829 0.14395839909369712 0.11527035465789234 0.1745348764798683 0.10796879932027285 0.1799479988671214
0.08774532021470369 0.14624220035783947 0.07897078819323332 0.13161798032205554 0.1415618896688859 0.2361775478085072 0.09871348524154167 0.07897078819323332
0.07153024535295797 0.1265535110090795 0.08941280669119747 0.15819188876134938 0.10532170043146423 0.15186421321089538 0.10729536802943697 0.18983026651361923
0.09531322874525233 0.07505916763688623 0.19062645749050466 0.15011833527377247 0.10517983081447951 0.08664341711640168 0.16618716806864509 0.13087239485405802
0.08841375935017136 0.14735626558361895 0.0941269162909621 0.13262063902525706 0.14000935735523828 0.21843519971065528 0.0994654792689428 0.07957238341515423
0.10615351469030108 0.085690186557231 0.13269189336287635 0.10711273319653875 0.15670688590910997 0.12387923441264465 0.15923027203545165 0.1285352798358465
0.10578737399758589 0.08539462720287054 0.13223421749698236 0.10674328400358817 0.16868238013396902 0.11438511536431935 0.15868106099637883 0.1280919408043058
0.09311659917547017 0.07516641138260846 0.18623319835094035 0.15033282276521692 0.11727707282734001 0.07496447649388269 0.1676098785158463 0.1352995404886952
0.0927651380410048 0.07305254620729128 0.21876967583099446 0.14610509241458255 0.10499815317673203 0.07519138076826307 0.16174434325098272 0.12737367031014893
0.08703350735522637 0.14505584559204396 0.10783737690170632 0.13055026103283957 0.13843944834454117 0.21484070837930927 0.09791269577462969 0.07833015661970374
0.058697014658562724 0.10384856439591866 0.05647102465263847 0.09053464588362141 0.1564875827478527 0.25054836315615636 0.10234351273800682 0.18106929176724282
0.10101873070560867 0.0815452404491058 0.1333057288341497 0.10193155056138224 0.1680829642440502 0.1402698284736317 0.151528096058413 0.12231786067365868
0.11059031531290422 0.0811716578550815 0.14224680462802639 0.10146457231885188 0.17085243370369513 0.12108282786213731 0.15083390153668128 0.12175748678262224
0.07408211405288875 0.11813761583148924 0.09521778023183716 0.14767201978936156 0.11595555540384915 0.17156833839055594 0.10016015255278438 0.17720642374723383
0.0679576053901189 0.11326267565019817 0.09504812223342966 0.1359152107802378 0.11075786308648432 0.2052281012990555 0.10193640808517836 0.16989401347529723
0.07023291794856037 0.12948619177295906 0.08999980115178963 0.14552038869899228 0.10188237080172931 0.18955307780873173 0.09870078537844695 0.17462446643879073
0.09148117442602507 0.07204142486049477 0.21161818409947647 0.14408284972098953 0.10162728865425379 0.09403275127764887 0.15950563746076168 0.12561068950034984
0.05880380589386469 0.09800634315644116 0.07795776344233546 0.08820570884079705 0.1500334541350278 0.24473465624098337 0.10584685060895645 0.1764114176815941
0.06743880611432676 0.12382768739703086 0.0858563493613435 0.14068186993573914 0.10731051434559738 0.21064752148840013 0.09541900743467524 0.16881824392288694
0.06854861729464681 0.1277521143163498 0.08717967479615604 0.1419199149531123 0.0991020687237133 0.20893498704756727 0.09625872492471965 0.17030389794373477
0.07184932261732321 0.1279807230084825 0.08712407092625976 0.14160829867030644 0.09728093031921865 0.2081793282602687 0.09604736779377307 0.16992995840436773
0.11459599990453578 0.08985717437339164 0.13401678193718203 0.09935555616616296 0.14915115336531176 0.14609795947864945 0.1476987073753706 0.11922666739939554
0.10931362169272059 0.07625531299022968 0.19681306793399347 0.1395638879486808 0.11031229790862107 0.08653099252468101 0.15560331984726053 0.12560749915381272
0.14018701135438458 0.09758575373837254 0.1896979312243643 0.11315276901750672 0.1318425191794165 0.09953963015217318 0.12615689321802612 0.10183749211575603
0.11426633497668985 0.07428349661765442 0.22530971987140633 0.13474627014601573 0.10336423931317608 0.07652626042263802 0.15023203552100559 0.12127164313141416
0.12357906950308754 0.08276348832996082 0.1814863847890811 0.09600930976733285 0.14761399075829107 0.11061229777583008 0.1427242873556172 0.11521117172079942
0.1243615809537369 0.08216699347900461 0.16742700895396848 0.09439657665650167 0.16071074513805444 0.1173343515624608 0.14032685126847114 0.113275891987802
0.12428416012419577 0.08189258181946725 0.16317792799647074 0.09411055681167503 0.1650072438881767 0.11869319762715635 0.13990166355884823 0.11293266817401001
0.12574149775096108 0.08166536714506861 0.16168733300402727 0.09385187227208328 0.16613363191460462 0.11878093957034483 0.13951711161641037 0.11262224672649994
0.11136321913736678 0.07208215371140166 0.2278370922023427 0.1325643294363727 0.11037417154148729 0.07867180301714377 0.14779933446114982 0.11930789649273542
0.14107957936339155 0.0934500404479385 0.21565314057353194 0.10853352402213857 0.12815643498659196 0.0944403292185163 0.12100677976796644 0.0976801716199247
0.1131621144439948 0.07111764428316007 0.25357030085618976 0.1291707448055735 0.09970072754529652 0.07300905689037603 0.14401574085039315 0.11625367032501614
0.14100425688757048 0.09222414611756476 0.22775852776676134 0.10714369307833307 0.12377496736147876 0.09220786303344121 0.11945722198435046 0.09642932377049977
0.08827175878358721 0.12085229531905703 0.1284916865902528 0.13727434692759186 0.10233259773772778 0.16494028041256723 0.09310781791610578 0.16472921631311022
0.09121031321738465 0.14486241933749927 0.12332690155788356 0.16058714021383105 0.08492981575831585 0.16886500370081922 0.0816899800218184 0.14452842619244793
0.12033737652003254 0.088465127430488 0.1596784135069607 0.09594171994862076 0.14240042898444064 0.13542305912062547 0.14262381055048698 0.11513006393834489
0.11046603704730358 0.07180527571696388 0.23647352615673062 0.13107907093806478 0.10425011552626524 0.08181142869469064 0.14614338207572297 0.11797116384425832
0.10612822712747771 0.06947820794173214 0.26964818808397467 0.12903964867919943 0.09418852370689972 0.07151194219665767 0.14386957845277903 0.11613568381127948
0.1038803746793323 0.06846694689855375 0.2835323240572436 0.1274210008362029 0.09096554148310515 0.06899000439052648 0.14206490690245308 0.11467890075258261
0.10279065381834906 0.0679955851764974 0.2893969958563073 0.12664845029024302 0.08978767207484259 0.06819346682580829 0.14120357069673362 0.11398360526121873
0.11989363814820472 0.07945176906318266 0.21384866848591239 0.09252721708225942 0.13959237312282222 0.10610575089154856 0.1375479227073588 0.1110326604987113
0.10793442019620608 0.0694451722421268 0.26081976988083855 0.127803616883497 0.1013532056005496 0.07512906475988491 0.14249149524174962 0.11502325519514729
0.13906654450092654 0.09121188963441546 0.23392090613966465 0.10607979446428012 0.12325721425031079 0.09272078156744987 0.11827105442510036 0.09547181501785208
0.12885262430400538 0.08034411201003977 0.19373579405860303 0.09128763085574337 0.14930195930902956 0.11122752790983541 0.13570519452585136 0.10954515702689205
0.08580730011614562 0.1186837058803799 0.12242492635866756 0.1363720399071757 0.1075439122995204 0.17302584917767655 0.09249581837182352 0.16364644788861082
0.0773211127800959 0.13326840722128055 0.10503270876695343 0.13617139368109074 0.09755634547637979 0.19488463176884663 0.09235972788804417 0.16340567241730888
0.08759907079526397 0.15753951787082196 0.11681750257655635 0.15750666123885015 0.0826968879739063 0.17596141066900375 0.08012295376063246 0.14175599511496512
0.11830193950453814 0.09816778780453657 0.15804738894034637 0.09465868534356846 0.14030855341467233 0.13620872914394527 0.14071649343611073 0.11359042241228215
0.10928064552620996 0.07709412290113511 0.2379040515228236 0.12973741322582197 0.1031794449441476 0.08139311612633995 0.1446475338502821 0.11676367190323977
0.12206778732687715 0.08501894412306331 0.19695231593093906 0.0927145111864402 0.14444249098813297 0.1097201890481407 0.13782634797267826 0.11125741342372823
0.10864608994787711 0.07434054536839514 0.25347205427610914 0.1277266379016144 0.10263554913042659 0.07581947984247399 0.14240566942165064 0.11495397411145296
0.10447191317070913 0.07250989698964656 0.27763290621905873 0.12705230965784722 0.09272901602096817 0.06960303549685415 0.14165384375285356 0.11434707869206252
0.1027535262893901 0.07177025770865415 0.28715229619902394 0.12612353572018603 0.08997523177928628 0.06809564003144297 0.1406183301238492 0.11351118214816744
0.10202915409126927 0.07144789941739456 0.29082082955330696 0.12569454923632 0.08910992559472226 0.06763250558604364 0.1401400422082553 0.113125094312688
0.10173221781942852 0.071316058282235 0.2922256730506198 0.12552225335325604 0.08881521133252913 0.06747061298746033 0.13994794515654066 0.11297002801793044
0.1357790394726227 0.09522532406138434 0.24449901789510542 0.10477329076024677 0.1185366303382582 0.09007633549278071 0.11681440029537961 0.0942959616842221
0.14540557496977513 0.09805639505709837 0.22472834105993086 0.10340014106271 0.1259381306311548 0.09412784940640766 0.11528344085648413 0.09306012695643899
0.11282922797681934 0.07486159345514534 0.26381365881278157 0.12569896526833227 0.09731560925375614 0.07220691073727202 0.1401449657543943 0.11312906874149903
0.08333573224437926 0.12564658906175022 0.1396132901015804 0.13743982982135813 0.09649321361652684 0.15932349088124556 0.09322005848752987 0.16492779578562974
0.13463446419364825 0.10762974425343153 0.19088645075142088 0.10884478153264725 0.12496605686325499 0.11372439036220339 0.12135380866401117 0.09796030337938252
0.11178014309850394 0.07717181727330714 0.250842483880637 0.12775644812409503 0.09848417570024512 0.07654522301645293 0.14243890559507313 0.11498080331168554
0.10530733841811339 0.07291825043958557 0.27663985789645795 0.12717422305066847 0.09192982643083358 0.0697839349309046 0.14178976808783483 0.1144568007456016
0.1029855839315826 0.07184427659877947 0.28678677909085154 0.12617000574101084 0.08984192481746923 0.06814828392423962 0.14067014072915685 0.11355300516690975
0.10209623546133582 0.07146493959780434 0.29068737756247665 0.125709574689687 0.08909779003245068 0.06764867096807013 0.140156794467457 0.11313861722071827
0.08132339111423842 0.12493142730998223 0.14594723306404206 0.13742724421958982 0.09465157912986623 0.157594909932443 0.09321152216633051 0.1649126930635078
0.08870365713047812 0.15599924876524032 0.12805757694401548 0.15792751265580932 0.0823816543967208 0.1644585496708568 0.08033703904665083 0.14213476139022838
0.1042774250204941 0.08610677046942203 0.22790780298159416 0.1331398570199463 0.0924481334536308 0.08785313496994632 0.14844100476701472 0.11982587131795165
0.08188314386248505 0.12837349884689214 0.13120463475292604 0.13803509817493434 0.09560681340988207 0.16563088742430798 0.09362380571865113 0.1656421178099212
0.10263618628035912 0.08267611039779135 0.2294861304343091 0.13325193489567314 0.0954013438152886 0.08805558953604314 0.1485659632344296 0.11992674140610582
0.12077684115268011 0.08623111330998595 0.19480907042698997 0.09323599102724517 0.14252738014944413 0.11193485192016014 0.1386015627808003 0.1118831892326942
0.08384574924374893 0.12636949954752902 0.1221247160720593 0.13544408177218656 0.10549453367846022 0.17232210087912656 0.09186642068026567 0.16253289812662386
0.07693202055705603 0.13477590166630896 0.10494827067299384 0.13610050690635928 0.09708368070360905 0.19452736304346768 0.09231164816257412 0.16332060828763112
0.10224978782702994 0.08415967962387677 0.2183736530431637 0.1343242744861395 0.09651233807863774 0.0937268780511697 0.14976154185245705 0.12089184703752556
0.10450085273875877 0.07486847330984076 0.26454308122395664 0.12923432981536265 0.0928128111956331 0.07364292149146368 0.14408663339115807 0.1163108968338264
0.13757448134370806 0.09649439853521789 0.23498327612190592 0.10560319533600687 0.120499660856599 0.09206243003998116 0.11773968196417482 0.09504287580240618
0.11077142119490939 0.07457622684098085 0.26824993593472257 0.12558585650784967 0.09600614366697804 0.07176428707008636 0.1400188579274085 0.11302727085706471
0.1044172463064472 0.07212787392421591 0.2833024928735343 0.12629357185041457 0.09083052330225007 0.0685561693579743 0.14080790771979054 0.11366421466537309
0.1025341774538615 0.07157075089925932 0.28932024692445046 0.12583862013813385 0.0893983078406019 0.06778246810715448 0.1403006705122179 0.11325475812432047
0.10190003469203661 0.07136529072724233 0.2916497037742985 0.1255854342165678 0.08892708862109999 0.06752717006970034 0.14001838710414347 0.113026890794911
0.13584800857126839 0.09524365550184238 0.2442966484679492 0.1047855359858147 0.1185928445016137 0.09009827177621328 0.11682805280806506 0.09430698238723323
0.12725664864030567 0.08580613879604419 0.19657882075608135 0.09047944389147919 0.14697299238517425 0.10982685253888175 0.1345037703222586 0.10857533266977501
0.1097362210963816 0.07429212502226476 0.2530412085349623 0.12742054209952547 0.10305422368125922 0.0757127962307419 0.14206439544529184 0.11467848788957292
0.10471715725428471 0.07248980463130372 0.2774458267272072 0.12702094171734032 0.09281512561130839 0.06957342567286995 0.14161887084007943 0.1143188475456063
0.0818715018160373 0.12525586254076074 0.14288262920769443 0.13757527585072543 0.09556077701977457 0.15845169631494938 0.09331192622918769 0.1650903310208705
0.08872101180332882 0.15590036391049025 0.12711686182614568 0.15771167142765427 0.08246580993658291 0.16591653525858074 0.08022724155232848 0.14194050428488883
0.13637638362419302 0.112594825059532 0.18592446792861417 0.10878302723614289 0.12092248362560029 0.11620913078145047 0.12128495723193843 0.0979047245125286
0.11235686185874244 0.07788763476492801 0.24878439687605167 0.1279146999995165 0.09773884831917418 0.07757898355569573 0.14261534462632658 0.11512322999956484
0.10549035247597495 0.07303243116849459 0.2758036257715133 0.12721512552692418 0.09181266088875246 0.07031681989767244 0.14183537129643634 0.11449361297423175
0.10302897114722595 0.07185272666522162 0.28642839212752386 0.1261515430214533 0.08981867026568155 0.06853375187892063 0.1406495561746651 0.11353638871930798
0.10208941023625129 0.07144817224743256 0.2905130733468338 0.12566819456831055 0.08907924357228293 0.06798987219721846 0.14011065872019102 0.1131013751114795
0.11919126316977248 0.08353546638852467 0.21388379825623183 0.09188574963527579 0.1387235678446427 0.10592291687943844 0.13659433826378312 0.11026289956233094
0.12324832320432175 0.08463771624982447 0.18681745668563834 0.09107842031381046 0.15437770504230103 0.11515208512371758 0.13539418900381373 0.10929410437657254
0.10907758723794045 0.07435742156102365 0.24903358820566696 0.12777454587368645 0.10496925234411052 0.07733143025596513 0.1424590832352892 0.1149970912863178
0.10467174297594764 0.07257198538014814 0.2758504601167938 0.12714655271336409 0.09332271445545962 0.07024572918956794 0.141758917726691 0.11443189744202767
0.10282801568713525 0.07179072463597355 0.2864375103640365 0.12613764295483143 0.09013218471612865 0.06851598434484614 0.14063405863770012 0.11352387865934829
0.08142469602918094 0.12494220721245856 0.14488761135190537 0.1373622320049058 0.09484519672624142 0.15853595134435433 0.09316742692506655 0.16483467840588698
0.10197327373526466 0.08180436518382526 0.23500528008769417 0.13246410552635904 0.09472844319417845 0.08711924501807429 0.14768759228088088 0.11921769497372314
0.1037781976168969 0.07408781351836562 0.27094779117477885 0.1283210393578569 0.09184385177181517 0.07246398845117186 0.14306838268704344 0.1154889354220712
0.10284491190469115 0.07214560770833264 0.2846601530537762 0.12646481490952205 0.09002054032612829 0.0690468077276172 0.14099883095136262 0.11381833341856984
0.10211718983175197 0.07153643603725733 0.2898562349838001 0.12576775812305824 0.08918493215520949 0.06812480190455168 0.14022166465361868 0.11319098231075245
0.13592058532635265 0.09526965942170526 0.24362310031432155 0.1047789667613295 0.11866840491323005 0.09061748456485977 0.11682072861300469 0.09430107008519654
0.11002660372696649 0.07417082092426425 0.2716069725324638 0.12511430732148304 0.0953040205779146 0.07168128255272563 0.1394931157748475 0.11260287658933475
0.1040913914631672 0.07196397551027274 0.2845536463568142 0.12607202364934925 0.09054786660437492 0.0687453771225568 0.14056089800905058 0.11346482128441433
0.10238374524090309 0.07149180168519262 0.2897605652002882 0.12572035465447376 0.08927213103693572 0.06805426966946095 0.14016881332371925 0.11314831918902639
0.10181970920781996 0.07131782892136025 0.29178080082262886 0.1255067191448313 0.08885949001781145 0.06782877898178356 0.13993062567341638 0.11295604723034819
0.10161975623865517 0.0712475807715429 0.2925558249568841 0.12541568873599757 0.08871284323897019 0.06774505263467125 0.13982913356088086 0.11287411986239783
0.1015463498391844 0.07121971310790132 0.29285194887863525 0.12537971886928437 0.08865853208151174 0.06771296039731291 0.13978902984381403 0.11284174698235591
0.13564795977730978 0.09514815197671662 0.24465939016396424 0.10469487944667683 0.11843676780613051 0.09046048179485332 0.11672697753233968 0.09422539150200912
0.12712391662682632 0.08572875077644973 0.19661081052529872 0.09039808224948016 0.14682782184870022 0.11045009849702929 0.13438282077683916 0.10847769869937618
0.09784444858377833 0.14518351382166347 0.14107831499893933 0.15562409209754421 0.09189070160528139 0.14915194698147013 0.07916529902353336 0.14006168288778978
0.10577381216934648 0.08414949198168366 0.2327440786764775 0.13204408773880685 0.09388144182304574 0.08534810485334235 0.14721930379237122 0.11883967896492617
0.08208045081509659 0.12780642331416542 0.13225383175714395 0.1378188675597124 0.09582872519245017 0.16535191533623256 0.09347714495354406 0.16538264107165487
0.1164739479956925 0.09369755843974664 0.1630807749963782 0.09443175860128868 0.14436801715815423 0.13425068089482986 0.14037915159236347 0.11331811032154641
0.1085629074946425 0.0763241094170085 0.23989924395012333 0.12932881823125103 0.10383951371415112 0.08145748986119818 0.1441919809234993 0.11639593640812594
0.10493166182511889 0.07309429574472827 0.2724047447350234 0.1276765287774485 0.09342596256587321 0.0712081289644115 0.14234980148769258 0.11490887589970364
0.08187316747443373 0.12532618355155872 0.1416271194967436 0.1375164695548578 0.0956564139078128 0.15970884232894744 0.09327204021981661 0.16501976346582936
0.11626627500112838 0.09322476028867027 0.1661457346450318 0.09429693977150559 0.14412780192115088 0.13260342629981164 0.14017873434689487 0.1131563277258067
0.10840087352418787 0.07618478378645764 0.241154160533963 0.12918698772471798 0.10368174608969412 0.0810893088956522 0.14403385049308107 0.11626828895224617
0.10484745042671322 0.07304400101982587 0.27289232610144193 0.12761520914863317 0.0933515790001119 0.07111431139184882 0.1422814346776552 0.11485368823376986
0.10298437978829535 0.07193282695713411 0.2853236319799633 0.12629681350277616 0.09024289807339989 0.06874079562567334 0.1408115219202594 0.11366713215249855
0.10211843273102085 0.0714868892163513 0.29009389732534974 0.125722032657404 0.0892066562941758 0.06805157821227224 0.1401706841717624 0.11314982939166361
0.1359105526243163 0.0952537145078876 0.24370137101649234 0.10476933814205694 0.11866880280670837 0.09059382315361776 0.11680999342106943 0.09429240432785123
0.11002080457140626 0.0741663789342773 0.2716367797937223 0.12510969892811832 0.09530469504565349 0.07167493593136001 0.13948797776015576 0.11259872903530649
0.10408861476314499 0.07196236914232622 0.2845645199520325 0.12606997429633532 0.09054960380306072 0.06874332804302158 0.1405586131333768 0.11346297686670179
0.10238240696100333 0.07149106846281418 0.28976422622977227 0.1257192920838594 0.08927457774318709 0.06805343700710974 0.14016762863678053 0.11314736287547346
0.08132329045898298 0.12484451844279053 0.14565464250795404 0.13731518867775713 0.09463295615344762 0.15831565806867168 0.09313551927708746 0.16477822641330855
0.08857882401319794 0.1557574026029619 0.1278213389403772 0.15765553581504624 0.08226780331942445 0.16583042746518786 0.08019868561026265 0.1418899822335416
0.10417703969756548 0.08602154305613528 0.22766654142289577 0.13300039659149415 0.09236163227222467 0.08878697323055454 0.14828551679678528 0.11970035693234475
0.10457647247999466 0.07480377465230052 0.2680975113814493 0.12869383417769456 0.0915808451246822 0.07293909033330015 0.14348402109065347 0.11582445075992512
0.09390477367882857 0.1442950233767516 0.1613652187066861 0.15790695232795166 0.08199740032479164 0.13808779439257157 0.08032658009726237 0.14211625709515646
0.10429991282441764 0.08363191885676718 0.24146651049824303 0.13145681006060664 0.09125928228797568 0.08300990340957339 0.14656453300787037 0.11831112905454598
0.10408599748785577 0.07412701353895426 0.27342521616364285 0.1279895281125102 0.09088564749102424 0.07159724951662642 0.14269877238812703 0.11519057530125917
0.08172079630062691 0.12555953665263786 0.14186229375919449 0.13754364400625047 0.09509311919400722 0.15987776569293444 0.09329047158684815 0.16505237280750057
0.08797945127374839 0.16289005302974469 0.12593475801030168 0.1562002934135293 0.081736547996351 0.1652202220763968 0.07945841012775187 0.1405802640721764
0.11747400766565341 0.10456239669800285 0.1601400879748454 0.09365393645601196 0.13886899871055264 0.13369298201609564 0.13922286673162376 0.11238472374721435
0.09520240451761369 0.15574988891903166 0.13045834055772465 0.1547415802718709 0.08981800979123596 0.1560459846030181 0.07871636909482128 0.1392674222446838
0.10502649435660819 0.09076641820230691 0.2274487190780714 0.13164200609161905 0.09332827909570258 0.0865392649313849 0.14677101276184987 0.11847780548245715
0.10445130135539704 0.07813306433068692 0.26745703173805946 0.12808182890572764 0.091488273157609 0.07231317361291945 0.1428016808844456 0.11527364601515487
0.10287420699905983 0.07508959315898875 0.2829376242775615 0.1261592887293392 0.08982443766908926 0.06891329724863622 0.14065819206091998 0.11354335985640529
0.10194319375640344 0.07420070962291539 0.28884799001940026 0.12539974085066766 0.08897799132363472 0.06795925480249888 0.1398113528588787 0.11285976676560089
0.08091438276395176 0.12911254232562452 0.14501777414823572 0.13660658311720225 0.09417545705896932 0.15759046099196689 0.09265489985340675 0.16392789974064267
0.11534083155246189 0.09827304022379052 0.1665490268140614 0.09358671321826718 0.14285210813750499 0.13197128931827087 0.13912293487372257 0.1123040558619206
0.1078252251621803 0.07986927986303148 0.24070802515263862 0.1285197366898519 0.10310055336709388 0.08101950136027834 0.14328991538405877 0.11566776302086672
0.1044537910357432 0.07592605730336877 0.2722905682748623 0.12711971453985166 0.09299425312111156 0.07107887747312262 0.1417289951660734 0.11440774308586647
0.11983047099943561 0.0870588089294451 0.2077187799316554 0.09180995906695134 0.13999933813281057 0.10692902156580279 0.13648167049355753 0.11017195088034161
0.12311512504388172 0.08823369358644587 0.18435202337310763 0.0907051481215118 0.15444809555080502 0.11546044175899232 0.13483929481944146 0.10884617774581416
0.14258507813975396 0.1016661016870935 0.20265450600110832 0.10423686408533069 0.13732400425190905 0.10150394357331734 0.1162163245846896 0.09381317767679763
0.14768858608303695 0.10359630948014618 0.2085028368499601 0.1032435531114275 0.13141301912804124 0.09752764057063121 0.11510885697647215 0.09291919780028474
0.11355861938865336 0.07908380768430624 0.2565721972917451 0.12559295416060562 0.09865537256059254 0.07347661888899634 0.14002677128055582 0.11303365874454507
0.08304357705869254 0.1303391426759967 0.137347732745765 0.13653110031042792 0.09629657362074621 0.16000085039661135 0.09260370281924676 0.16383732037251347
0.11568035330494625 0.10114305763021927 0.16358342291584993 0.09329232211529472 0.14326387031076915 0.13240088445794995 0.13868530272661722 0.11195078653835365
0.10781528636363602 0.08217202969895544 0.23911922732215582 0.12827529240974722 0.10312004846775583 0.08103297431512455 0.14301737825385252 0.11544776316877252
0.12096631730272922 0.09009786768187049 0.19664739812686868 0.09194092046416101 0.14359965966964316 0.10974237879130974 0.13667635340642445 0.11032910455699323
0.10787886163120836 0.07928285883388135 0.25251327177022936 0.12674202914825705 0.10203740230110703 0.07616984594196313 0.1413079041399224 0.11406782623343134
0.10387396797560011 0.07684652161903056 0.27660424492835767 0.1262424438561645 0.09223510160103301 0.06982861672754243 0.1407509038217237 0.11361819947054808
0.10221720016500825 0.07589890419845459 0.28614731620117395 0.12535869587648105 0.08951776184323713 0.06827170465109353 0.1397655907757184 0.11282282628883294
0.13534109676375317 0.10065741025694842 0.24151649758539717 0.10411163675064758 0.11821074262412715 0.09038543749170218 0.11607670545184141 0.09370047307558282
0.08565176514180353 0.13668554127066232 0.1320156987390044 0.13315202088576125 0.0989174950928305 0.16348324833668196 0.09031180547034243 0.15978242506291349
0.0761888014741583 0.1469743148690549 0.10587557356728713 0.13371966225646392 0.09434896504223932 0.1917322736830033 0.09069681440003642 0.1604635947077567
0.10110399273609016 0.09291999892004224 0.21699720184654206 0.1325894538463064 0.0950646993379344 0.09416679854813907 0.14782734630326996 0.11933050846167574
0.08046075576521765 0.13662330717448565 0.12756176596534513 0.13629057568605424 0.09520288367606959 0.1678714565311955 0.09244056437836724 0.1635486908232651
0.10155270153604262 0.09048155533368142 0.22638780847849346 0.13184712781282454 0.09467663026341434 0.08939205337059873 0.14699970817340288 0.1186624150315421
0.10349442045025645 0.07966991005918315 0.2667974453245472 0.12781247446883676 0.0916625106139941 0.0730306412728396 0.14250137078838962 0.11503122702195308
0.0810188079534467 0.13282531581216367 0.13952839727363459 0.13628244979044507 0.0945617106156888 0.1598093259047418 0.09243505290134535 0.16353893974853403
0.13247154163741925 0.11698221729514477 0.18914163331053746 0.1073424385408722 0.12314944507925474 0.11462572110665589 0.11967880834333064 0.09660819468678498
0.11067741380699456 0.08401425251418058 0.24898300090212747 0.12655043650596723 0.09756450155872078 0.07722070921491124 0.14109429264172765 0.11389539285537051
0.08225162193100743 0.13392709883054 0.13520099164620866 0.13604967365819914 0.09575415220999223 0.16127968337473939 0.09227716995947421 0.16325960838983894
0.13269718800047428 0.11885732968769266 0.18720500579329635 0.10714508033313296 0.12334440622268346 0.1148616489929749 0.11945876866992583 0.09643057229981965
0.08467684556763691 0.14331920146182728 0.11856902133965364 0.13246671138761118 0.099516429466573 0.17264475025735876 0.08984698685420585 0.1589600536651334
0.10251359219098032 0.09309973850348777 0.2218570888561 0.13156139083410118 0.09557823780741843 0.09030356729143955 0.14668113276578146 0.11840525175069108
0.08060345060174673 0.13799819500110683 0.12856771568111064 0.13598869696270555 0.0951724759918485 0.16624721755326965 0.0922358118529655 0.16318643635524666
0.07515028221991966 0.14937968046313677 0.10492643199117495 0.13352678172022314 0.09338457272229138 0.19283412173918285 0.09056599107980352 0.16023213806426775
0.13092527296009351 0.1232035992089643 0.1757259162032454 0.10751928163447119 0.12315425499609318 0.12282834633066068 0.11987597519544772 0.09676735347102407
0.09689066802227365 0.16620544026499026 0.1331216996377206 0.1521894506736447 0.08570187129417992 0.15150225263649134 0.07741811186441926 0.1369705056062802
0.11888856779739822 0.10983888201263957 0.16132818975953425 0.09250927962124038 0.13889597668621265 0.13000671111068735 0.13752125746679913 0.11101113554548844
0.10850452719737298 0.08472861908422846 0.2378532258518967 0.1280402864082499 0.10207604507057345 0.08080567452030928 0.14275536409994427 0.11523625776742491
0.10445400069987829 0.0789299084291935 0.27075395364616894 0.1267578221253766 0.09262544311937133 0.07107131993634225 0.1413255121308303 0.11408203991283891
0.0810797206373981 0.13369883651285883 0.14033259428734515 0.13599055991513936 0.09463379840835355 0.15883874292003464 0.09223707542070322 0.16318867189816721
0.0753524867192742 0.14828109349613328 0.10778721754650701 0.13372809872744187 0.09340879123319076 0.19026605727634466 0.09070253652817796 0.1604737184729302
0.10068546018809088 0.09448746959531942 0.21753682529785756 0.13223558343214378 0.09466668898402456 0.09394314021391598 0.14743280719971852 0.11901202508892941
0.10350115467003623 0.08145018067976355 0.2631571996294584 0.1280395966596868 0.09184944728458945 0.07401218900097714 0.1427545950817702 0.11523563699371814
0.1363073058404357 0.10339814828068393 0.23336828627201817 0.10457895012106153 0.11936702979260373 0.0922614995985207 0.11659772498572082 0.09412105510895537
0.098255435803418 0.1593621589649632 0.14896177696309273 0.15234169569240236 0.08514474042915997 0.14133110778027527 0.07749555824352643 0.1371075261231621
0.07821947215217442 0.1557570654233408 0.1094466297403691 0.132969262942687 0.09096608284927529 0.18289052345197607 0.09018784790895293 0.1595631155312244
0.10129208013629078 0.09582364113236484 0.21814034068550245 0.1320773411709744 0.09402031526827531 0.09252029566507669 0.1472563788876386 0.11886960705387696
0.10361726622910569 0.08167306283939044 0.26337857319503155 0.12799827743995495 0.09168324460156788 0.07374259876369689 0.14270852723529306 0.11519844969595947
0.10256680337617159 0.0778232854003458 0.2809953402667757 0.12587245326531002 0.08976006151833357 0.06935845631012512 0.14033839192415906 0.11328520793877903
0.09242570036105191 0.15266790589948584 0.16345808347063995 0.1556616143554809 0.0807064053016252 0.1358004512587777 0.07918438643300552 0.14009545291993283
0.11755932531757382 0.10682442782118208 0.17180920370137484 0.09250991595214281 0.13713370974182745 0.12562931490790338 0.13752220341542423 0.11101189914257137
0.08202935408541602 0.1398698978243194 0.11516484804362516 0.13299576135023056 0.10280944211361787 0.17732996222061903 0.09020582074189551 0.15959491362027667
0.11508724576039947 0.1044462086850844 0.15547458212782758 0.09291525316071492 0.14509770091979765 0.13735594115321031 0.13812476440010757 0.1114983037928579
0.12215527066583438 0.09506264409850511 0.1667675927463589 0.09088623228310116 0.15662556411600567 0.12433072876246018 0.13510848858801308 0.10906347873972141
0.10894036672379658 0.08165628387125387 0.23975979860607521 0.1275200111252935 0.10565364513120147 0.07952658854365376 0.14217529598596151 0.11476801001276413
0.10445768942619531 0.07828772162254906 0.2714351349134419 0.12661532481320234 0.09330508131114434 0.0707786173197013 0.14116663826188378 0.1139537923318821
0.08108208955198679 0.13349762812548846 0.1405003977837736 0.13598759616635064 0.09478837229429925 0.15872373545260796 0.0922350652258726 0.16318511539962074
0.10108150148118912 0.09139113329723171 0.23145693810926843 0.13092329950308187 0.09401416353179584 0.08733228597420825 0.14596970855045097 0.11783096955277367
0.10305551793389446 0.08089398848669899 0.26855390386419203 0.12729870648779243 0.09122677113865034 0.07247371841933939 0.1419285578304193 0.11456883583901319
0.1191985303494383 0.09084038747772154 0.20622233103624307 0.09151133369882929 0.13911182564686492 0.10726424752539138 0.13603774382691639 0.10981360043859514
0.10699875847244854 0.08039714186658477 0.2561986626616142 0.12608400890068777 0.10064440317040055 0.07562715624777396 0.14057426066987128 0.11347560801061901
0.08142005676482302 0.13459252438707855 0.13673072992740248 0.13571169297049743 0.09627487223341372 0.16036816126785045 0.0920479308843374 0.1628540315645969
0.07530025909619878 0.14944426649955972 0.10681395917000547 0.1334831941639651 0.0936317921421365 0.19061026858538263 0.09053642734599371 0.16017983299675806
0.10061761354787425 0.09543007627033505 0.2169550199743339 0.1321220978428682 0.09467074661035127 0.09398827845890598 0.14730627923675008 0.11890988805858138
0.09205407404744119 0.1600386245864529 0.14617471839615825 0.1559819964224367 0.08170378311675862 0.14431564325305876 0.07934736339750041 0.14038379678019303
0.10328098873513784 0.09613347271632378 0.23323370140297273 0.130121998940296 0.09065751701609732 0.08438620392141183 0.14507631822149417 0.1171097990462664
0.10347929454179934 0.08170631753386107 0.26917879819483326 0.1271454684731685 0.09041156190140603 0.07188992884929375 0.14175770887978634 0.11443092162585164
0.09259820013556973 0.15481527792174882 0.16021792681981933 0.15565008864412225 0.08081326944161711 0.13664163390366357 0.07917852335374914 0.14008507977971002
0.07727893916708467 0.1557932131124061 0.11216688148701791 0.13318703584045563 0.09012999226518847 0.1812839403753392 0.09033555474396121 0.15982444300854673
0.08545422070991461 0.1798180104768486 0.1160177787072011 0.15293089848808383 0.07934876469102774 0.17099723514371035 0.0777952831439383 0.13763780863927544
0.11586697146595079 0.11450979931536062 0.1555934351667745 0.09262956531764949 0.13697695116100625 0.1355677289586775 0.1377000702334013 0.11115547838117938
0.08142816816359624 0.1431824625597524 0.11100940297364532 0.13248309859709384 0.10241932022647687 0.1806397275057635 0.08985810165715931 0.1589797183165126
0.1324219186001059 0.12260244822060876 0.17750085256366047 0.10701281151095839 0.12529719759872887 0.11954194234206601 0.11931129880400884 0.09631153035986255
0.12633704215231192 0.09944958014052635 0.17365114484970398 0.0901787723127737 0.14921779411611286 0.1188943378270896 0.13405680182615315 0.10821452677532843
0.1096213392174668 0.08294677965274408 0.24241370908372728 0.12703516336089046 0.10370160789055625 0.07831502685849254 0.14163472691132115 0.1143316470248014
0.10445954733074823 0.07899313737124741 0.27236591314589637 0.12636616090199873 0.09274081850644347 0.07045603883665331 0.14088883909521352 0.11372954481179887
0.08099712691924016 0.13454761733231038 0.14061246993047502 0.13579838750704243 0.09455896660074646 0.15842063430565373 0.09210673239608096 0.16295806500845092
0.10101596319725062 0.09189054579236981 0.23142984683073267 0.1308437965469221 0.09392383443561567 0.08725552761748984 0.1458810686873893 0.1177594168922299
0.10301611462694447 0.08118707218504817 0.26850414324560334 0.1272537821327103 0.09118570503825137 0.07244630832493645 0.14187847052706654 0.11452840391943928
0.1021813743236289 0.07812318666661075 0.28287852277930003 0.12551341365018803 0.08943741543600382 0.06896592531180014 0.13993808954729917 0.11296207228516923
0.10147607712297287 0.07715025081471112 0.288388691542699 0.12482919025591911 0.0886169717643586 0.0680173157448754 0.1391752315241367 0.1123462712303272
0.10111799094862088 0.07681845547703428 0.2904977747796137 0.12457001560634448 0.0882737091718082 0.06772276883961567 0.13888627113125274 0.11211301404571004
0.11819338225161098 0.08979121123215587 0.21314137371421685 0.09107322208104039 0.137573890086562 0.10555259265549938 0.135386461481666 0.10928786649724848
0.08236716750139937 0.1359733085147273 0.1251797395874253 0.13321960117099219 0.10319481629848154 0.16984420298841496 0.09035764253336862 0.1598635214051906
0.07519947272360333 0.14992261368043164 0.10381148348885702 0.1329077044973622 0.09482188344231697 0.19370150154629653 0.09014609522429783 0.1594892453968346
0.11325272712000335 0.10798212843819278 0.1516197399894788 0.09294590579548977 0.14252249225468827 0.14197158784709982 0.1381703316004594 0.11153508695458772
0.10742543986384552 0.08541905859628741 0.23376223668706472 0.1283718820881597 0.10317516408508393 0.0831864562631176 0.14312506853709742 0.1155346938793437
0.104286185522299 0.07973807916145993 0.26906826669671224 0.1268415802647333 0.09294171414978393 0.07154785576114596 0.14141889620560563 0.11415742223825996
0.11944770566228799 0.09073401121507817 0.20628227683068845 0.09142122901249096 0.13957184003361056 0.10693366527198754 0.13590379715886716 0.10970547481498914
0.10702794550138986 0.080569140109251 0.25617062365325016 0.12602764661454277 0.10071723965393897 0.07555110158757834 0.14051142092696037 0.1134248819530885
0.10339316780388097 0.07819733943266093 0.2778011887551678 0.1257861006970065 0.09170166103491723 0.06967093639433859 0.14024211525472216 0.11320749062730585
0.08077991012016389 0.1342535828187266 0.14187746866799059 0.13574755290090088 0.09430364912618429 0.1580685196130375 0.09207225327191539 0.16289706348108104
0.1146362655161663 0.10427063687682456 0.16467718823675923 0.0928518207986286 0.1421070084775339 0.1320044272022493 0.1380304679334837 0.11142218495835432
0.10732010176586014 0.08433825037291957 0.23920629689155928 0.1278351603755472 0.10265676417410631 0.0810651182006213 0.14252666388139368 0.11505164433799249
0.1040673244126016 0.0793817399123241 0.2712000821638122 0.12658660922516088 0.0926571288456049 0.07104454461367948 0.14113462252417192 0.1139279483026448
0.11934498817935314 0.09062206290393529 0.20695913117082376 0.09138242843917567 0.1394272547243376 0.10675910295473856 0.13584611750062534 0.10965891412701079
0.10698001187665544 0.08052990992162672 0.2564454422100863 0.12599861800704892 0.10066419786189827 0.07550400772042158 0.14047905619591874 0.11339875620634406
0.08138829832117896 0.13491358592203467 0.13675383688427115 0.13564847437533953 0.09624540674892115 0.1602671763128342 0.0920050521850129 0.16277816925040742
0.10121706346143022 0.09205908858152367 0.22976822106368072 0.13097493889553402 0.09439610203440837 0.08767985833809334 0.1460272826193491 0.1178774450059806
0.11939447711164865 0.09408847044409392 0.19382343204156519 0.09213869721598654 0.1410025449068809 0.11201557978911457 0.13697036183152628 0.11056643665918385
0.10745753777051012 0.08155793837445013 0.2511348149029477 0.1265844209043693 0.10144364356207253 0.07676348296192088 0.1411321827097968 0.11392597881393238
0.12041146696588623 0.0911999021404295 0.20023660570540125 0.09148050506572644 0.14249578607842905 0.1084072129720266 0.13599191499322916 0.10977660607887173
0.1074447215194711 0.08079731854898578 0.25366822449708304 0.12624572762368058 0.1015280686363967 0.07594021933562337 0.14075456497744687 0.11362115486131254
0.13739286525680516 0.10387091762695312 0.2294998302259802 0.10437475926095446 0.12197086910376267 0.09258340777586026 0.11637006741482535 0.09393728333485903
0.08575835260555742 0.14018460850420067 0.12882592026538625 0.13257944904345972 0.09943357862216776 0.16419929971238206 0.08992345239469442 0.15909533885215163
0.13338168719818216 0.12164629205792399 0.18410490628028736 0.10665394721736521 0.12401645285152642 0.11529697000151616 0.11891119189756988 0.0959885524956287
