Action: 0
[0.12394990035399923, 0.09201235512587377, 0.2792386932880266, 0.09201224685093333, 0.0921205361636227, 0.1366417745156777, 0.09201224685093333, 0.09201224685093333]
[0.16537394125048213, 0.09046777375378624, 0.2365894170892442, 0.09046777375378624, 0.1369774918380136, 0.09918805480711505, 0.09046777375378624, 0.09046777375378624]
[0.21356453809944367, 0.10446480161703711, 0.20768934968945713, 0.09433266995927904, 0.09637177654530528, 0.09491152417091976, 0.09433266995927904, 0.09433266995927904]
[0.125, 0.125, 0.125, 0.125, 0.125, 0.125, 0.125, 0.125]
[0.16255452677746, 0.09522124572702675, 0.26517697769746523, 0.0952212457270226, 0.0961620433041429, 0.09522146931283729, 0.0952212457270226, 0.0952212457270226]
[0.11816383830392566, 0.09279870796964221, 0.2589785247021646, 0.09279870796964221, 0.1588640971456988, 0.09279870796964221, 0.09279870796964221, 0.09279870796964221]
[0.125, 0.125, 0.125, 0.125, 0.125, 0.125, 0.125, 0.125]
[0.125, 0.125, 0.125, 0.125, 0.125, 0.125, 0.125, 0.125]

Action: 1
[0.09446819451552668, 0.09446819451552668, 0.09446819451552668, 0.09446819451552668, 0.15938919352119565, 0.27380163938564434, 0.09446819451552668, 0.09446819451552668]
[0.1111111111111111, 0.1111111111111111, 0.1111111111111111, 0.1111111111111111, 0.1111111111111111, 0.2222222222222222, 0.1111111111111111, 0.1111111111111111]
[0.09852916354659887, 0.10467117244561935, 0.09171339253711974, 0.09171339253711974, 0.16318360529800305, 0.2667624885612998, 0.09171339253711974, 0.09171339253711974]
[0.125, 0.125, 0.125, 0.125, 0.125, 0.125, 0.125, 0.125]
[0.10220158325236321, 0.10220158325236321, 0.10220158325236321, 0.10220158325236321, 0.10220158325236321, 0.2845889172334575, 0.10220158325236321, 0.10220158325236321]
[0.09513261350661627, 0.09513261350661627, 0.09513261350661627, 0.09513261350661627, 0.1938392218018475, 0.235365097158455, 0.09513261350661627, 0.09513261350661627]
[0.125, 0.125, 0.125, 0.125, 0.125, 0.125, 0.125, 0.125]
[0.125, 0.125, 0.125, 0.125, 0.125, 0.125, 0.125, 0.125]

