0.125 0.125 0.125 0.125 0.125 0.125 0.125 0.125
0.099626400996264 0.07845579078455792 0.199252801992528 0.15691158156911583 0.08685378548392246 0.06839735606858895 0.17370757096784492 0.1367947121371779
0.06509140612911068 0.10848567688185116 0.06919289235371703 0.09763710919366604 0.13018281225822137 0.21697135376370233 0.11716453103239925 0.19527421838733208
0.06430745814307458 0.11377473363774734 0.05606291222729579 0.09918822932521563 0.12861491628614916 0.2275494672754947 0.11212582445459159 0.19837645865043127
0.09567579728864391 0.07723227010047158 0.19135159457728781 0.15446454020094316 0.0861082175597795 0.08393305897246617 0.172216435119559 0.13901808618084885
0.09577396514073883 0.07542199754833184 0.22515636374148973 0.15084399509666369 0.08349525166115691 0.070812902122983 0.16699050332231383 0.13150502136632217
0.07255918941670603 0.12093198236117672 0.11925608714792965 0.14511837883341205 0.09069898677088252 0.16119861780306893 0.10883878412505904 0.18139797354176504
0.07173142013157233 0.13314523150879728 0.10298150503784725 0.14346284026314465 0.0896642751644654 0.1720890473678837 0.10759713019735849 0.1793285503289308
0.07033676439330033 0.13211948085553993 0.09892881919598395 0.14067352878660067 0.08792095549162543 0.18867339370374814 0.10550514658995053 0.17584191098325086
0.07444094772641138 0.13099221152774945 0.09763486324601897 0.1394227584308107 0.08713922401925668 0.19152447818813145 0.10456706882310804 0.17427844803851336
0.07410776398241219 0.12986529439549688 0.09673904916919662 0.13818126343617085 0.09370449475158707 0.19103960739279485 0.10363594757712813 0.17272657929521354
0.07311926378132474 0.12811303611875813 0.09543369958266099 0.13627405312042565 0.09304593081558948 0.20146591034038974 0.10220553984031924 0.17034256640053205
0.07239605111858473 0.12682874418899107 0.0944693214463185 0.13494994481182335 0.09805371365123146 0.20340233515940426 0.10121245860886752 0.16868743101477918
0.08841757877326809 0.1548786495500765 0.0865149017458383 0.12362962354919005 0.1208097248629694 0.25884952972725106 0.09272221766189255 0.07417777412951403
0.08346369289200033 0.14766653357815443 0.07858216142617737 0.12873492670916026 0.10015643147040039 0.21959847853994538 0.08731586333316955 0.15448191205099232
0.0716560124092927 0.12660113106815712 0.0903456151245115 0.13211989261642137 0.09727690488438437 0.21776065866439018 0.09908991946231603 0.16514986577052668
0.07439331990792805 0.12411188327553753 0.09191224638267605 0.13191534468484925 0.0967618990930125 0.2170746172862981 0.09893650851363694 0.16489418085606156
0.0916020572246324 0.15181902664252356 0.08472165802423066 0.12126792898545549 0.11854550323199557 0.2683321217607974 0.09095094673909163 0.0727607573912733
0.05815454170832908 0.10288880456088992 0.054767638275424295 0.08969793218128864 0.11630908341665816 0.29738847302902793 0.10139766246580456 0.1793958643625773
0.09198722543938766 0.07425474824625268 0.1937051259842763 0.14850949649250536 0.08278850289544888 0.10951934830797652 0.16557700579089776 0.13365854684325482
0.1167266504756013 0.08503406123271272 0.1616010683995195 0.09497441945468214 0.14388023568117342 0.12831249368449454 0.1507530467534637 0.11871802431835267
0.08188284601409394 0.14486965064032004 0.09055559610759467 0.1262966185069457 0.09825941521691273 0.22091787701413057 0.0856620542916675 0.15155594220833482
0.1056105721835856 0.0804744911921117 0.20690203931030463 0.13999823108336318 0.09126816729245535 0.09871296229702706 0.15498379672232304 0.12204973991882942
0.10337759096716555 0.15029924736596792 0.11036917121318465 0.12495260530897591 0.12120461516081232 0.22111075281677625 0.09371445398173193 0.07497156318538555
0.06635428564523148 0.11739604383387107 0.09847569819771804 0.14674505479233885 0.07962514277427778 0.21577828053790896 0.09953142846784722 0.1760940657508066
0.10215587001655532 0.07828174689724195 0.21732998745090779 0.13971786185942162 0.08841363585842196 0.09762216598399269 0.15467341646627056 0.12180531546718808
0.10232383881310773 0.14926816646199204 0.11617287525317559 0.12427876942168592 0.12015342457352254 0.2200265867572402 0.09320907706626445 0.07456726165301156
0.07834767454930913 0.13861511651031613 0.08182614235874976 0.12084394772694229 0.09401720945917097 0.2593734510562115 0.08196372106696954 0.14501273727233074
0.09028271735182726 0.07287882003099308 0.2059277140928244 0.14575764006198616 0.08125444561664452 0.1102078955566479 0.16250889123328904 0.13118187605578754
0.10288951926393325 0.07214816756651952 0.26047236539186985 0.13418177912451645 0.08815593699550049 0.07662849942184492 0.14854474530674996 0.11697898692906564
0.10210179867293565 0.14758320018541798 0.12704442189151513 0.12346544695079839 0.12408461705629954 0.20904216185945548 0.0925990852130988 0.07407926817047904
0.07806574999395824 0.13811632691238765 0.08691588554471205 0.12040910551336359 0.09367889999274989 0.2566543208177282 0.081668784609064 0.14449092661603632
0.08874739701993334 0.07163946506428354 0.21169575429211984 0.14327893012856707 0.08733059644075822 0.10861150530274759 0.15974531463588001 0.12895103711571038
0.10180405510287456 0.07146699494843463 0.26612523047614595 0.1330172630465303 0.08851079989347246 0.07585631060977832 0.147255578138609 0.11596376778415464
0.10171215626806529 0.14715739769833924 0.1293892263419202 0.12315971164192649 0.12394013454192838 0.20837576279121955 0.09236978373144489 0.07389582698515591
0.07682481129257035 0.13592081997916294 0.0884930209268039 0.11849507382798821 0.10361964431122005 0.2540819692549028 0.0803705718137659 0.14219408859358584
0.08822442555473689 0.0712173073755105 0.2152595257534156 0.142434614751021 0.08764079533344028 0.10822821195743042 0.1588039659985264 0.1281911532759189
0.10130909662386771 0.07114197396084178 0.2692722022271409 0.13244100527697183 0.08822144260647448 0.0755352529894258 0.14661763709945597 0.1154613892158216
0.0814497016380839 0.11788815339615705 0.13972419810476341 0.13157649924110376 0.0992830887844311 0.16692536035325306 0.09868237443082783 0.1644706240513797
0.09547593640052172 0.15027060735124675 0.10081532501346703 0.12039334456823043 0.12350871600646926 0.2470050554929537 0.09029500842617284 0.07223600674093827
0.06403065238653528 0.11328500037617782 0.10126549979613508 0.14160625047022227 0.08639290271348106 0.2274462151133788 0.09604597857980295 0.1699275005642667
0.10013017273166731 0.07676320745907882 0.22423587304387568 0.13727727971277912 0.09124192170258216 0.09870232517763916 0.15197159170482671 0.11967762846755105
0.0812107165955827 0.11853825825843803 0.12958139365387875 0.13163424337206364 0.09980534246663678 0.17596155890927284 0.09872568252904775 0.16454280421507955
0.09492733587322315 0.1495425167844772 0.09839695915779925 0.11969199987526288 0.12568653476548472 0.2501704537121478 0.08976899990644717 0.07181519992515772
0.06393794356377458 0.1131209770743704 0.10063134273295735 0.141401221342963 0.08644589630582444 0.22887423802289286 0.09590691534566187 0.1696814656115556
0.09991746609639182 0.07659665015562785 0.22382314680353022 0.136951547097473 0.09285846759219257 0.0988480735010549 0.1516109923097788 0.11939365644395081
0.11752363827415771 0.08103912497673796 0.18778466246760428 0.08998232672678882 0.1479400413960162 0.12042320770768714 0.14282909004252195 0.11247790840848602
0.06583429575435384 0.11647606171924144 0.12249842750126111 0.1455950771490518 0.09064053510557878 0.1854900665601203 0.09875144363153078 0.17471409257886214
0.09970656424418747 0.07638827849694652 0.23331837539631836 0.13620592948181975 0.0940398934242503 0.09081176516705651 0.1507855629591167 0.1187436308303044
0.10059243124470814 0.14678857401519388 0.12272367454040711 0.12224250274982774 0.1283142526832465 0.21431118605434912 0.09168187706237083 0.07334550164989664
0.07472554209546159 0.1520604650996338 0.08651321636625132 0.11525714776854236 0.10144187574002697 0.2535187623387349 0.07817441326909828 0.1383085773222508
0.08698774396650627 0.08113087647676608 0.2141592944012589 0.14043804447604624 0.08640503074120104 0.10790683077006855 0.15657793913971127 0.12639424002844166
0.10059799470409052 0.0714496829061875 0.26993992930924493 0.13167549782105908 0.09059024653253661 0.07518243610743108 0.14577018887801413 0.11479402374143613
0.07068322195300038 0.10238707370330165 0.09170142023230496 0.08563842467571771 0.14363335706994806 0.23191354340343068 0.10276610961086123 0.17127684935143542
0.06351560900318197 0.12406154629482322 0.09918510655480663 0.1404672122185755 0.08733960279325503 0.22159685496829407 0.09527341350477296 0.1685606546622906
0.1107024544960835 0.08580713105617342 0.14859016878116257 0.09110845574731384 0.15006748079458707 0.1552221430162297 0.14461659642430766 0.11388556968414229
0.09889882024571946 0.08673397631323115 0.17313420481253208 0.0997924842840844 0.13661749785904406 0.13672380497590855 0.14834823036857916 0.11975098114090124
0.06427501056231447 0.12378544133161033 0.11833975741868642 0.1421466579743493 0.09596925767988616 0.18849536962046237 0.0964125158434717 0.17057598956921916
0.1007100509962673 0.07675945576564595 0.23108107146906656 0.1358651329480712 0.09547651209109004 0.09125296338288211 0.1504082871871199 0.11844652615985694
0.07177483586162733 0.10224218264624743 0.08527236293519204 0.08508548273537105 0.14421271427651455 0.23913887679186016 0.10210257928244525 0.1701709654707421
0.0788375455254005 0.14359467396015904 0.07913397437321072 0.11315265240798174 0.11115992058051652 0.261591033847305 0.07674701641584848 0.13578318288957808
0.10413906644351113 0.08931933135437461 0.14687712598729608 0.0970826566352343 0.13894365829462754 0.16281908375746118 0.14431988956521397 0.11649918796228116
0.0995905553269381 0.07381863056745902 0.2360391519974705 0.1350205032061051 0.0944316646439529 0.08904325645472831 0.1505377849178515 0.1215184528854946
0.10394544420486991 0.06992119997420415 0.2774516982578925 0.12967888823847218 0.09125576094697348 0.07113375863584907 0.1435598599953782 0.11305338974636037
0.06760668459899617 0.1078196148477485 0.08841303286041861 0.08758633891813236 0.1325712678944195 0.2418197390496095 0.0990106439944105 0.17517267783626472
0.09574823618805182 0.07652825299134527 0.2130538345716204 0.13753190493035275 0.09530647927127252 0.10471476718769136 0.15333781042234848 0.12377871443731746
0.11871373311483724 0.08074875262360191 0.18397494390080593 0.08963871916119012 0.1509342656019864 0.12165750543785243 0.14228368120823828 0.11204839895148765
0.06706241280116432 0.10563728593083206 0.07321648012715266 0.08489156975271687 0.14065179103195413 0.2627929376520229 0.09596438319872343 0.16978313950543375
0.10737876753202617 0.0857208922435995 0.1444856362911407 0.09644508162563076 0.14438920860988602 0.16247422425572375 0.14337209149123617 0.1157340979507569
0.10401574541795035 0.07313393403888889 0.23506695721340465 0.13414065396332941 0.09472305837489765 0.08863624375198483 0.14955681867254786 0.12072658856699649
0.10485198762851411 0.06982669615487971 0.27692066489608413 0.12958010844492793 0.09137299183753352 0.0710297703057691 0.14345050670337972 0.11296727402891155
0.1170145477902673 0.08139696275956895 0.2108921250418061 0.09476902383996848 0.13172186479592476 0.10960212814269847 0.14088051902180387 0.11372282860796216
0.10593400583781475 0.0709882724729695 0.26088443095777764 0.13066586830333668 0.09071262178141046 0.07753282719966918 0.14568269197401865 0.11759928147300301
0.10255789335647812 0.0696627274679646 0.2812527283797807 0.12961794281377065 0.08436890143096781 0.07136932476209729 0.14451433325654725 0.11665614853239355
0.1188667144163298 0.08116921960642735 0.21220296424697627 0.09449943038272679 0.12994676494394178 0.10943583970373512 0.14047975024059087 0.11339931645927213
0.10744705122554933 0.07079694003218504 0.26124464407401565 0.13031393041941794 0.09027703135241665 0.07734755802146867 0.14529030749747046 0.11728253737747615
0.12160904729780568 0.081363563896341 0.20571511982060162 0.09462043399978359 0.13134332852755579 0.11114435541371764 0.1406596302444544 0.11354452079974028
0.14409677864784393 0.09383485628467413 0.21390093216818093 0.10792360020584053 0.11989085445842448 0.10289497782028281 0.12032676022949683 0.09713124018525647
0.13146388502721484 0.08231458679868055 0.1885565386760251 0.09346349242978556 0.13624741090125836 0.11685813635567116 0.13893975889562152 0.11215619091574268
0.11207124511994924 0.07120912284703658 0.25145848510433394 0.13090410397625665 0.09158218042429425 0.07901286197895552 0.14594830697054284 0.11781369357863099
0.10616801019065429 0.06967845441791541 0.2772949578206583 0.12959197396684274 0.08450470922226243 0.07164373788131205 0.14448537993019628 0.11663277657015846
0.10395190744153236 0.06897688563394246 0.2871117349521674 0.12845665564403208 0.08285562013969897 0.06981662138348754 0.14321958472551038 0.11561099007962886
0.12121262094992157 0.0807485610912078 0.213668785240314 0.09404177443321057 0.12908841848637562 0.10859029654556902 0.13979941393354883 0.11285012931985267
0.10896375033197414 0.0705969645044961 0.26156303452697754 0.1299718179783062 0.08997081846442101 0.07705010035693942 0.14490887765641003 0.11697463618047557
0.12306669952761054 0.08120125655139206 0.20562929249584422 0.09443638676727599 0.13106374181999197 0.11089292704520355 0.14038603167195057 0.1133236641207312
0.14517068020548007 0.0937081373323678 0.21370778425808937 0.107784485934914 0.11971497872747952 0.10273623800117089 0.12017165819907577 0.0970060373414226
0.11424175873486737 0.07115198511826665 0.2607978898981219 0.12926979900732716 0.08832126876441733 0.07574830047716119 0.14412617889324386 0.11634281910659444
0.10637746604458745 0.06938118985020056 0.2807008674336397 0.12902464119998105 0.08372837081185762 0.07081244134633888 0.1438528462334117 0.11612217707998296
0.12209401484303364 0.08086027954862463 0.2116552841599314 0.0941385130964369 0.12939144134169656 0.10895102884074499 0.1399432224538077 0.11296621571572425
0.12543996168264118 0.08096927289794795 0.1872560694004329 0.09309685345008663 0.14506318466603418 0.11806370833546027 0.13839472542729295 0.11171622414010393
0.1100821308055297 0.07048049664296722 0.2495924784081973 0.12958928928146518 0.10043219390415294 0.07871066389801894 0.14448238670634997 0.11663036035331867
0.1053085737749543 0.06917028036170626 0.2756248849724969 0.1286458714381133 0.09083078196936444 0.0712077769737335 0.1434305462153293 0.11578128429430198
0.10339668925578543 0.06853029820932846 0.2856398750014397 0.12760719578182242 0.08831333878880034 0.06939362638751 0.14227250037167363 0.11484647620364016
0.08194056672875354 0.11943963939874969 0.144436479102179 0.13907762117278374 0.09320643449274986 0.1606752054237295 0.0943309082737142 0.16689314540734046
0.10349160907444926 0.07556089024175795 0.24137148721303664 0.13422331112998295 0.09415400133862455 0.0855927837396427 0.14859072294405926 0.11701519431844667
0.08198228735432515 0.12042222875108395 0.1341352864997663 0.13930312086633156 0.0954139905506999 0.1670954850462485 0.09448385589194665 0.16716374503959786
0.10385498912629769 0.07589137341363074 0.23711187628154912 0.1346934739851295 0.09494637989592922 0.08696561486128145 0.1491112125517103 0.11742507988447187
0.09782892170296116 0.14362448745170536 0.11073375783024002 0.11583471876304548 0.11454158709813339 0.19986870756419442 0.07856615707406561 0.13900166251565454
0.10651283671570584 0.07709386067541024 0.2193297605814249 0.1335457364868604 0.09900360398389105 0.09542950863542166 0.14889353008311154 0.1201911628381744
0.10555734241573593 0.07038165863418268 0.2640990234950983 0.1300760834184752 0.0929856259793455 0.0748066651393393 0.14502512584119548 0.11706847507662768
0.1037482149311427 0.06880256735102938 0.2811293598802765 0.12795529813508888 0.09034820523869004 0.07019597762441444 0.14266060851777818 0.11515976832158
0.1372383309706098 0.0911971319359839 0.24007529504255573 0.10614929151821319 0.11927297142445903 0.09218407828789808 0.11834853845388843 0.09553436236639187
0.14648135284079142 0.09219155949735246 0.22306528694389255 0.10477693078015675 0.12611380475400863 0.09625336883572126 0.11681845864593594 0.09429923770214108
0.14950599610445067 0.09234878179232887 0.21669636784118204 0.10483964895861814 0.12810728672745714 0.09725784977874752 0.11688838473445932 0.09435568406275631
0.114197810405265 0.07010920570334475 0.26015667172936785 0.1273286864529693 0.09765403766268149 0.07399578698441851 0.1419619832542807 0.11459581780767238
0.10568223248089888 0.06869189667592092 0.279237521587648 0.12775661607421607 0.0912227902571372 0.06998889561046014 0.1424390928469245 0.11498095446679446
0.09449186345586581 0.1369902749193231 0.16407219599604628 0.1594652696433553 0.08192045749961593 0.13842190646645827 0.08111928934031552 0.14351874267901976
0.10550294282476948 0.07622571371206432 0.24920197466135813 0.13319132168225054 0.09106880321776205 0.08124546448824148 0.14744826820338683 0.11611551121016712
0.07268338998722619 0.10631194428790597 0.08369306868472136 0.0857031279217149 0.14006042338751637 0.24325999310641636 0.09688179678106902 0.1714062558434298
0.11299436676492168 0.0837333090115339 0.14501709883687333 0.09390619064146366 0.15730350482514027 0.15476024162956778 0.139597859520743 0.11268742876975638
0.09525369236894475 0.13765801793957316 0.12754689668151886 0.1577219489224252 0.09387693343011254 0.165760286958009 0.0802324696692337 0.14194975403018267
0.10680093490914198 0.07708029088433191 0.23387116646844086 0.13457915690339742 0.09460206653582698 0.0867563066170057 0.1489846588429959 0.11732541883885927
0.08257493350669796 0.12055846606075038 0.1323851206912071 0.13924708097031266 0.09619404431791835 0.16749801106539594 0.09444584622334251 0.1670964971643752
0.10403788442711889 0.07593775618325571 0.23636575354170347 0.13475852252417922 0.09515916303157139 0.08707590746654684 0.14918322395839131 0.11748178886723318
0.09785347164259207 0.14358473564046162 0.11056752405533889 0.11579456656422121 0.11484197304936553 0.1998653257621791 0.07853892340877612 0.13895347987706544
0.1199625804430319 0.0868070255659189 0.1543101873860855 0.09397881854637222 0.1491669518025432 0.14329402822101847 0.1397058257793832 0.11277458225564667
0.10976095616813751 0.07149349400684132 0.23602861174410164 0.13066771809291283 0.10494861973545228 0.08381489961758068 0.14568475435135206 0.11760094628362155
0.08301962134714283 0.11966978946210491 0.13280994286185513 0.13894672022286275 0.09845217676240854 0.1661235617945966 0.09424212328159387 0.16673606426743529
0.10408764054592763 0.07583592531854777 0.23647371920739904 0.1346822336070009 0.09559826998389791 0.08680816176570122 0.14909876899106325 0.11741528058046231
0.08205485734315719 0.12037173415351796 0.13295537985145434 0.13919844830986935 0.09649606557911616 0.16747251619826087 0.09441286059278096 0.16703813797184322
0.1038999087643669 0.0759081817924606 0.23660033479628384 0.134727893828767 0.09520436173549453 0.08705491542146919 0.14914931673351495 0.11745508692764303
0.07218906585440434 0.10595066621187181 0.08163122934024908 0.08544491189158877 0.1414992242391859 0.24580517828033524 0.09658990039918731 0.17088982378317755
0.10116490144656778 0.07502595800561958 0.20697485690079323 0.13466046582290925 0.10632190161923878 0.10452112686020361 0.15013637010404957 0.12119441924061833
0.12072375274117242 0.08128800844534119 0.1868308620981777 0.0940874060860617 0.14647259688011116 0.11782523799553715 0.13986724845032455 0.11290488730327403
0.08397340609856638 0.11899721420767786 0.12014666473871345 0.13666538369936204 0.10637247036776534 0.17715161846128716 0.0926947819873934 0.16399846043923444
0.10367502352254941 0.07580330759555642 0.22482725516569055 0.13462835551381713 0.09812611756336952 0.09167385117087802 0.15010056950570355 0.12116551996243541
0.08198681404613949 0.12040978479180793 0.13025977925142304 0.13926380183765397 0.097114944527126 0.16939112600729955 0.0944571873333653 0.16711656220518475
0.11631426046461205 0.08499386277451924 0.15805194037733744 0.09050987712007444 0.15305085983353672 0.1402753814106612 0.1436664716191658 0.11313734640009306
0.09784702183777179 0.14055156107298064 0.09316089656683399 0.11217473240229746 0.12684900533529472 0.21872337235963676 0.07608373154242783 0.13460967888275693
0.10681210704118668 0.07703852682860671 0.21132788811260728 0.1337369623222527 0.10249727143094423 0.09911724555538573 0.1491067326189892 0.12036326609002745
0.10584410181195707 0.0705076977574382 0.2608664340466812 0.13031074770120987 0.09432339184198126 0.075581194905459 0.14528675900418472 0.11727967293108887
0.10389294039229002 0.06885029920322383 0.2798292990630308 0.1280242757754183 0.09107373780778301 0.0703700861212174 0.14273751343916039 0.11522184819787647
0.10276590844771838 0.06825611544903248 0.28694378830503253 0.12710390467461147 0.08980015608628657 0.06902524448399705 0.1417113683461713 0.11439351420715033
0.1022544004131523 0.06803574257517352 0.2896016254310847 0.12675888538112204 0.08931379679514714 0.06862585497967133 0.14132669758163904 0.11408299684300986
0.10204341718200798 0.06795407977445748 0.29059414706418035 0.12663096640054672 0.08913080495840395 0.06849463739542114 0.14118407746449013 0.11396786976049204
0.0935903034436109 0.13664997599345796 0.16692468873031188 0.15916397546312078 0.08175123144796734 0.13770622470391736 0.08096602230080492 0.1432475779168087
0.10617962479420222 0.07603787999568169 0.2501546064750751 0.13287159987170916 0.09084870234722404 0.0809764841244716 0.1470943230162999 0.1158367793753362
0.08243055803444706 0.1203433910421735 0.13613329967087173 0.1391164781438288 0.09551258858891287 0.16516664731048766 0.09435726343668388 0.16693977377259456
0.11734648061168716 0.08486111946940916 0.15979873676864487 0.09035813437647323 0.15229675282439764 0.13896549785741039 0.14342561012138608 0.11294766797059155
0.08308398171920296 0.11905174807956195 0.11356636338565329 0.13625004486332576 0.10734116857902268 0.1847935656299431 0.09241307390729922 0.16350005383599092
0.1036493518986686 0.07594276980427672 0.2220590300574508 0.13486176210841813 0.09855854404234306 0.09319215575098547 0.15036080044028108 0.12137558589757631
0.10484275423374073 0.07026974672882097 0.26522382165498837 0.13002069878832795 0.09327374105065442 0.07438723252220975 0.14496337611176266 0.11701862890949517
0.10352096632443428 0.06873697120471683 0.2814979560956636 0.12784032705717427 0.09074239573166727 0.07007266488905235 0.1425324243458346 0.11505629435145685
0.10262251033888473 0.06820745048001678 0.28757088837801426 0.1270255177436537 0.08969105058785096 0.0689356437343669 0.14162397276792432 0.11432296596928833
0.10219869809635647 0.06801607862173766 0.28983489276643376 0.12672742176926713 0.08928147315445348 0.06859513799695952 0.14129161800245155 0.11405467959234042
0.10202143789369499 0.06794600490040249 0.2906796319437333 0.1266179180431306 0.08912625751432698 0.06848309394616484 0.1411695295197292 0.11395612623881757
0.13634048249903427 0.09083040871680811 0.2432194928442035 0.10579593518249507 0.11911180521380486 0.09153096136997019 0.11795457250943851 0.09521634166424556
0.08687623492836996 0.11998167014651884 0.13329136549747367 0.13639305552813996 0.10041674040568875 0.16685919441486774 0.09251007244517319 0.16367166663376792
0.080103617707028 0.12131748450781307 0.1073947586077194 0.12917727039314228 0.1041386737687468 0.1995136542292659 0.09688295279485672 0.16147158799142786
0.07631636382581283 0.12366510231400381 0.10152518046467539 0.1369451909086537 0.09675100934603029 0.20757835978196157 0.09288456426847817 0.16433422909038442
0.07486007963117401 0.13337074262946452 0.09922245080236414 0.13530812879457949 0.09421653917315591 0.2088780953203127 0.09177420909545392 0.16236975455349537
0.11444314951786969 0.09473422565045218 0.15142976877195874 0.09470159810900139 0.1437050268909122 0.14656402718487666 0.14078028614412744 0.11364191773080168
0.1082374124381038 0.07691201532238967 0.23431086800183762 0.13019549977240805 0.10374820158129214 0.08426178692463912 0.1451582661641624 0.11717594979516724
0.1049026519585047 0.07351954346003903 0.26893703031074384 0.12838100120835838 0.09345407782852701 0.0721275584707169 0.1431352356755876 0.11554290108752253
0.10301918597554545 0.07231425126131402 0.2823046419172565 0.1269487400139481 0.09031230728094765 0.06930863620945116 0.1415383713289839 0.1142538660125533
0.11944498733770728 0.08401676148598378 0.21005079294215567 0.09234845438098686 0.13918641852519426 0.10685226012532091 0.13728217994546704 0.11081814525718424
0.12312067289565534 0.08497029626050331 0.1847282066384011 0.09142783721320687 0.15418231198259702 0.1159436496607225 0.13591362069306573 0.10971340465584824
0.10887897997879849 0.07464256508851785 0.2472018651018188 0.12828099971497822 0.10466370764455277 0.07785524125458672 0.14302374147326674 0.1154528997434804
0.1045423009692259 0.07286686238122118 0.27376554946996173 0.12768091136927034 0.09319595501369295 0.07068091281376972 0.14235468775051482 0.1149128202323433
0.10275556202179416 0.07210230514912709 0.28410501433465674 0.1267007099210788 0.09010411684847924 0.06893981651075003 0.14126183628514305 0.11403063892897092
0.08122048723574725 0.12523976316616064 0.14334142681970807 0.13770291902309262 0.09465944500817618 0.1591939543211325 0.09339850159827151 0.1652435028277111
0.1046245898957873 0.07587211391986246 0.2406199020199106 0.13401250623108368 0.09441177206075234 0.08527034692855445 0.14835735325541213 0.11683141568863707
0.0816404025841758 0.12623969662871745 0.13327353502077832 0.13805280389989216 0.09571268219657467 0.16578170017093394 0.09363581481905729 0.16566336467987058
0.11764464379256831 0.08531483860330005 0.1588382848905906 0.0903367469305837 0.1524291691530729 0.13912372117207764 0.1433916617945773 0.11292093366322961
0.08258122011010537 0.12571879687068394 0.11264741982940561 0.13503026906248164 0.10673073478333904 0.18366948875706257 0.09158574771194408 0.16203632287497793
0.10293652164661826 0.08269518198308375 0.2204935188758413 0.13377055987858869 0.09792616332082603 0.09264035901728875 0.1491441913870235 0.12039350389072981
0.13824906006071655 0.09903290432232448 0.21860525668189432 0.10712957039604488 0.12301746314215507 0.09810765579289354 0.11944147624753063 0.09641661335644038
0.0996301270821077 0.14819533558140102 0.14584680762322427 0.15547340270411836 0.08675769932696141 0.1450819212642118 0.0790886439842689 0.1399260624337065
0.10896786517009606 0.07722484160796107 0.24111414740526685 0.13348902250365716 0.09241434219178064 0.08263690061135572 0.14777783525028385 0.11637504525959853
0.07275972906100311 0.11166229776652274 0.08211277739661259 0.08497088172547003 0.14014936849220705 0.2423491418958435 0.0960540402114009 0.16994176345094006
0.11223971521528771 0.09033376779471929 0.14351429065691976 0.09306711360974125 0.15692064301392053 0.15389341822055425 0.1383505151571676 0.11168053633168952
0.14070179251476347 0.0997272888457023 0.18821732185815024 0.10622370435885665 0.13932402534119712 0.11177302994035042 0.11843150321800883 0.09560133392297097
0.14780002528314995 0.09988536119458487 0.20335760053930488 0.1046570402578782 0.13263059279507672 0.10079325403726581 0.11668478966064927 0.09419133623209036
0.1137916842603564 0.07576194924080615 0.2540194455040357 0.12694108534537588 0.09916367876860799 0.07454534312520991 0.14152983694476984 0.11424697681083831
0.10540948047158347 0.0727953976929272 0.2762822842076194 0.12729753147153364 0.09179503191794304 0.0699252481390342 0.14192724777497856 0.1145677783243803
0.09377567993882056 0.14391211013814753 0.1624117905942986 0.1580649414501978 0.08180516144232522 0.1373649206541926 0.08040694847683975 0.142258447305178
0.12096886493843409 0.08653195274131426 0.1681920019230673 0.09011455269920385 0.14734351884333713 0.13116694544221957 0.14303897253841882 0.11264319087400482
0.08329113143880289 0.1261227562370632 0.11492822007077987 0.13518959992167118 0.10574688480961979 0.1808000720170111 0.09169381559904656 0.16222751990600542
0.10304504470488218 0.08269464074244513 0.22146216658558746 0.13369320473883672 0.09764991778200885 0.09207319500231481 0.14905794617897167 0.12032388426495305
0.08132531036939122 0.12764991961641936 0.1287872844524743 0.13808474799949172 0.09640321116280648 0.16839034754819762 0.09365748125182917 0.16570169759939005
0.105470813647868 0.07640308549396126 0.23455682856509938 0.13465509291423056 0.09522924998300092 0.08722458680365887 0.14906872312849287 0.11739161946368816
0.07204792424181544 0.11130209087230206 0.08100680270760596 0.08482397561550487 0.14078362219266652 0.24449966070417692 0.09588797243491853 0.16964795123100973
0.10058033534471104 0.08104534593355057 0.20558428236737972 0.13366554718754223 0.10579472726362306 0.10400365936113075 0.14902711007327468 0.12029899246878799
0.10422377364249649 0.07485403690178423 0.2580627543701604 0.12990132121749198 0.09490986735901757 0.07630677838425187 0.1448302790290545 0.1169111890957428
0.12024954231236265 0.0847436500753008 0.20249863961454284 0.09279593256097347 0.14126592734326945 0.10914380270586077 0.13794738631452177 0.11135511907316817
0.09617504961853561 0.14540375480485856 0.14202832526344114 0.15628135984517508 0.09056964591632652 0.1493889924219383 0.07949964826906732 0.14065322386065754
0.1083887166634586 0.07712349979556007 0.23954273918854393 0.1336532229379256 0.09334548616238207 0.08346852901517643 0.147959611880813 0.11651819435614026
0.12146297437595177 0.08802747011674353 0.19642570731451783 0.09280931608909274 0.14084460067583748 0.11109147029298076 0.1379672818279647 0.11137117930691126
0.14184636780947488 0.10190097260622506 0.2066594244784721 0.1047375041948726 0.133125471184481 0.10069200500546253 0.11677450094562661 0.09426375377538534
0.11201726366168097 0.07909165175706986 0.2549125536937601 0.1262962436083239 0.09894573159431823 0.07425904990688102 0.14081088653047455 0.1136666192474915
0.12177510314635011 0.08784264498278163 0.20076956779051872 0.09215279673525632 0.14186636173325182 0.10801884781563052 0.13699132171390344 0.1105833560823076
0.10788226451996831 0.07741267493844628 0.2534026403693891 0.12733465705811184 0.10140171394049823 0.07599621778783876 0.14196864003344709 0.11460119135230065
0.10386985108450328 0.07537331774582404 0.27579074789426755 0.12696880708544964 0.09211905964811724 0.07004554554876814 0.14156074461616547 0.11427192637690467
0.10229426061253959 0.07459194148960534 0.28452128557376405 0.12616613050055994 0.08960625390966746 0.06860479033810857 0.14066582012525114 0.11354951745050394
0.10164642448433223 0.0742612151393257 0.28784514291571633 0.12578959319182675 0.08883251140156359 0.06816846986877859 0.1402460091258128 0.11321063387264409
0.10138548992501391 0.07412728528857793 0.28910146178369434 0.12563946352889965 0.08857338407379625 0.06801877246865301 0.14007862575535526 0.1130755171760097
0.10128282432866362 0.07407499696756502 0.2895752583634347 0.12558198690036132 0.08848210989113925 0.0679644917346752 0.14001454360383567 0.1130237882103252
0.13510170026290705 0.09882109613102191 0.24165991077322443 0.10471949837949206 0.11802890495567837 0.09066691515093844 0.11675442580519486 0.09424754854154284
0.1443342987243306 0.1027602968300024 0.2219024115039574 0.10318078509797349 0.12511518386544515 0.09480544206446377 0.11503887532565105 0.09286270658817614
0.08719775548182969 0.13443363297800145 0.126903249047451 0.13389296786383034 0.10037810211312431 0.1657083702671774 0.09081436081198928 0.16067156143659642
0.10315941294690485 0.08762009405244195 0.2255914471771532 0.13238067408146684 0.09572233545679378 0.08878885716586582 0.1475945724460533 0.11914260667332016
0.10393212955526493 0.07784384027070364 0.26548773018212346 0.12860091281457564 0.09196372498577624 0.0730504199532323 0.14338042070520596 0.11574082153311807
0.11973160712130167 0.08774979640484074 0.20452137976984716 0.09232593980389825 0.1397764879659831 0.10785495065499937 0.13724871051445173 0.1107911277646779
0.08291741190569892 0.1309746417606596 0.12313801892956913 0.1346794583878656 0.1039243666527961 0.1714029457392456 0.09134780655872624 0.16161535006543873
0.07587880769941133 0.14179009594601455 0.10391036495309082 0.134756826964386 0.0955981407770197 0.19495728866610035 0.091400282636714 0.16170819235726322
0.10128051619085127 0.08955137744123498 0.2162689135682585 0.13356012332691522 0.09549179264792865 0.0947335954944598 0.14890957033612787 0.12020411099422369
0.11998710423888098 0.09060583456322044 0.1891573084720192 0.09321908210992552 0.14209126697205 0.11450007857246208 0.1385764265395311 0.11186289853191063
0.10791163855178346 0.07818590385512385 0.24887939611111365 0.12793125127585123 0.10187396142444168 0.07744592456915013 0.14263379806426993 0.1151381261482661
0.10404369004822682 0.07561798921170089 0.27407933228342557 0.1271951867834597 0.09236736463960082 0.0704076278430332 0.14181314108543938 0.11447566810511373
0.13638015855184413 0.09945974808367906 0.23630988165620465 0.10509425361131275 0.11948705860544127 0.09151182131947014 0.11717224992186662 0.09458482825018147
0.10984176047590927 0.07809053720379552 0.26690826735333023 0.1253086010882746 0.0952650194587862 0.0720983346151717 0.13970973882528526 0.11277774097944715
0.10382887604129003 0.0751017106510743 0.28087951982419296 0.12629206816422636 0.09038799325460808 0.06904073949489846 0.14080623122190608 0.11366286134780373
0.10210581918886977 0.07441530939560477 0.2864342755834978 0.12592231994356742 0.08908630265612814 0.0683118957340992 0.14039398954902216 0.11333008794921066
0.10153681193797118 0.07418444972313855 0.28856424045006857 0.1256996326622904 0.08866580943441148 0.06807367654720627 0.1401457098488521 0.11312966939606137
0.10133555806273367 0.07409703745735843 0.28937192631975134 0.12560596712907077 0.08851696477089228 0.06798589607475253 0.1400412797692774 0.11304537041616369
0.1012620809345838 0.07406345039277931 0.2896770460013386 0.12556945760230756 0.08846224828670043 0.06795263056868558 0.14000057437152794 0.1130125118420768
0.10123484443777261 0.07405061534037428 0.28979214982026674 0.12555553545939324 0.08844182871445955 0.06793999209313537 0.1399850522211444 0.11299998191345392
0.10122467103920567 0.07404573947403807 0.2898355472803168 0.12555026466796174 0.08843416229687955 0.06793520135839173 0.1399791756820409 0.11299523820116557
0.10122085581706318 0.0740438941144575 0.28985190536567246 0.12554827444054742 0.0884312770284485 0.06793338951031978 0.13997695672699836 0.11299344699649268
0.08058279946958574 0.12919670407535652 0.14422611745527703 0.1369160748151519 0.09386804945156882 0.1580461489932965 0.09286481596158128 0.16429928977818226
0.13260828972126104 0.11330898496226115 0.19091369565267988 0.10809775791021412 0.12312785554059195 0.11413450102076944 0.12052093307302977 0.09728798211919269
0.12653305900333137 0.09321731154031329 0.17810382602689231 0.09107236561466125 0.1487274117645281 0.11767399902581066 0.13538518828686957 0.10928683873759351
0.12488551663737653 0.08963620836139956 0.1737141407421368 0.09114106259675367 0.15713696888450987 0.1186295166969927 0.13548731096472635 0.10936927511610442
0.10937530808325169 0.07822185381635612 0.2421986580411698 0.12817117654559507 0.10540711237463934 0.07837053541278896 0.14290129683516345 0.11535405889103555
0.12128405971674022 0.0878673015001199 0.19674876530782512 0.09237189081436696 0.14424607736969589 0.10931861653623622 0.13731701977777533 0.11084626897724033
0.10790217392186303 0.07751702462344652 0.2517982489455107 0.12750688687588194 0.10204033812471845 0.07631846589299637 0.14216066342728925 0.11475619818829373
0.12075683171275442 0.08764357504316529 0.1998311827747191 0.09225733454737886 0.14299640056777335 0.10865914970453451 0.1371467241928199 0.11070880145685462
0.1414791372511745 0.1017097137533152 0.20779638096965752 0.10460727827381569 0.13359800972472216 0.1000336208188802 0.11662930876200048 0.09414655044643412
0.111885665311641 0.07902927462035579 0.25535712596124494 0.12624025453636575 0.09900792223552876 0.07411506535860439 0.14074846289353019 0.11361622908272918
0.10467931500189369 0.07552273169884612 0.27642655308284 0.12678011941527376 0.09150240467852466 0.06963639670378649 0.1413503719450888 0.11410210747374637
0.1024517000810038 0.0745911328932913 0.28474372593390174 0.1261222634222264 0.08945000302965596 0.0685142259533452 0.14061691160657183 0.11351003708000375
0.10167380350187834 0.07425411649356942 0.28792564945688404 0.12577682798346373 0.0887918215842979 0.06814685892367373 0.14023177687111554 0.11319914518511738
0.08067598385875635 0.12927075899467358 0.14379014877852442 0.13694104625974193 0.09395969467907127 0.15815135880223904 0.09288175311530322 0.1643292555116903
0.08750413003527238 0.16385958486302207 0.1258359967325969 0.15630342407636705 0.0812474002884223 0.16506551008804565 0.07951087224754325 0.1406730816687303
0.10711038683936243 0.07907052078823358 0.23335469475412687 0.1348280677357029 0.09208129517002557 0.0867524033202054 0.14926021336634587 0.1175424180259974
0.09731028077419995 0.1556427433454357 0.10886325601948289 0.11402302643369348 0.11283483784655171 0.19716086680082925 0.0773373570593747 0.13682763172043216
0.07718914958046458 0.1459135833186644 0.09908775227794042 0.131941543356461 0.09598271576438469 0.2020646177456017 0.08949078592873007 0.15832985202775315
0.13216954050954535 0.11737973040273667 0.1739378745425498 0.10853541532539539 0.12434442281648925 0.12494225418047177 0.12100888842995575 0.09768187379285584
0.11111247186787125 0.08258153589275549 0.24229996415912247 0.12810770906507418 0.09830877357261661 0.07946207195323159 0.1428305353307618 0.11529693815856676
0.10500632322779227 0.07645229430110587 0.27152798808083217 0.12747009564345435 0.0918039677890541 0.07089660092990549 0.14211964394874685 0.11472308607910892
0.10270707594687038 0.07486892412191123 0.2829112002418693 0.1263680986422563 0.08967146434771979 0.06885094839034916 0.14089099953099318 0.11373128877803067
0.1017976557699157 0.074345398148226 0.287238825344885 0.12586540383613834 0.08889510640858009 0.06824821470302082 0.14033053233670945 0.1132788634525245
0.1014412000388994 0.07415573903410248 0.288873157044435 0.1256677033957921 0.08860470628864281 0.06804645004242767 0.14011011109948762 0.11310093305621292
0.08062838026442261 0.12923577328108898 0.1440045249522294 0.13692895754238557 0.09391253503926929 0.1581015260583845 0.09287355381135717 0.16431474905086266
0.07571977442990008 0.1417993844230796 0.10895031863034092 0.1352686830032788 0.093741339003063 0.19045062634765747 0.09174745455874563 0.16232241960393454
0.13179130380856682 0.11657092196300568 0.17795436466674713 0.1086745121533013 0.12377231742902427 0.12226554802867301 0.12116397101271054 0.09780706093797116
0.11089613266097165 0.08236122566201712 0.24395283325178843 0.12796667168624978 0.09807423153335032 0.0789056115094478 0.14267328917855013 0.11517000451762481
0.13914160605940992 0.10130782695599581 0.2256300047066016 0.10561390390214569 0.12164016961042534 0.09386235403721774 0.11775162121627288 0.09505251351193111
0.08634911438452837 0.13425397884509588 0.12788943960020238 0.13417164302771764 0.0997428183431339 0.16558365889508675 0.09100337527097373 0.1610059716332612
0.1029434592426365 0.08758193879715072 0.22604362639920814 0.13237548276209643 0.09557368357673103 0.08875509022392315 0.14758878451236718 0.11913793448588678
0.13757563719477117 0.10308494587250161 0.21992631964963472 0.10644550493111174 0.12175088738634117 0.09673695622384715 0.11867879430379173 0.09580095443800056
0.1107155661548951 0.07908860876591584 0.2605075806976706 0.1260485845370508 0.09626493216036111 0.07339623645273562 0.1405347651480253 0.11344372608334571
0.10425648045744747 0.0754224125205591 0.2784464560346781 0.12659215116253794 0.0907948674352819 0.06941389497244145 0.14114080137076992 0.11393293604628416
