0.125 0.125 0.125 0.125 0.125 0.125 0.125 0.125
0.4614773958989575 0.1562145379660004 0.08834966225077895 0.029381276626471785 0.16591837619509797 0.057294305688128905 0.03088634002412087 0.010478105350443703
0.4393276233351932 0.19817706977763733 0.0813539238630399 0.03629285119133598 0.1421067171946168 0.06494658749707301 0.026033947045318476 0.011761280095785425
0.42699678058559765 0.14317465600143164 0.14894471091302483 0.04932316252295941 0.12881309144779093 0.043917270125947025 0.04402071982712028 0.01480960857612818
0.394204246963464 0.16555913111019438 0.08371914980458818 0.03477586290415296 0.186498687983577 0.07954170850991527 0.0391810443141722 0.01652016840993593
0.4647000640130331 0.10796377383651387 0.1381167537654226 0.03176419155578633 0.16112028644280574 0.037904208238492505 0.0473965098246446 0.011034212323301325
0.4795858206267479 0.0961105433891909 0.20729049926559456 0.04111188717714416 0.10248937687949074 0.02082536291272716 0.04378598769845897 0.008800522050645498
0.459112176910724 0.09503995043808233 0.2281525524080516 0.046831665516633224 0.09470883726971992 0.01984617785996426 0.04662527892125323 0.009683360675571583
0.46237805377111096 0.09546625667516556 0.20489422117654965 0.041903947901897665 0.11236648232909148 0.023452730176671013 0.04934223741913825 0.010196070550375766
0.47206752500543686 0.10342359439075006 0.14634398611581304 0.03179567786223113 0.15434346885216418 0.03417531304327262 0.047438133957156195 0.010412300773175984
0.4890303729019645 0.09755331573321467 0.19899451338300167 0.03927216298726702 0.10396835257239964 0.02102382218669221 0.04179988034957287 0.008357579885887506
0.41009751516699033 0.1966341471574447 0.12002158640363463 0.0570660805510037 0.11293311305631935 0.05478013740986785 0.03273122748142441 0.015736192773314964
0.4283971929612141 0.14303118589353447 0.1512314481081617 0.04984436686806088 0.1262892203817314 0.0428678892304522 0.04370596851837049 0.014632728038474492
0.4193349107368168 0.18613786592310483 0.12046634582318956 0.052888469054085153 0.11884660800687508 0.05353434620147564 0.03375859212205583 0.015032862132397051
0.4455692016191119 0.14252996560941777 0.14581758329169597 0.04599896051975763 0.12588193152394292 0.04098097736646572 0.04029707824477771 0.012924301824830503
0.4200489305536119 0.1861883565497325 0.10647971564052255 0.046639193124393616 0.1328803139170568 0.05967800443853506 0.03331025355319593 0.014775232222951898
0.4396269726794549 0.13037981000249685 0.15453180549894963 0.045200458870072825 0.13166460675952782 0.03976869962666176 0.04533473393563282 0.013492912627203256
0.43826091574864523 0.20432863365008577 0.09332720554583689 0.043090070662682355 0.1240153062803495 0.05862300922520132 0.026128779409667957 0.012226079477531267
0.4270561356160658 0.1376108838309146 0.09665833477749598 0.030771331371193547 0.18986393054281966 0.06218140376102291 0.042211021930705736 0.013646958169781802
0.4332351247570149 0.2171922656149629 0.10769880559605348 0.05339676907187375 0.1004340353724996 0.05101079710950289 0.024653961692824498 0.01237824078526801
0.436515201671905 0.1461873046772067 0.08544574455620774 0.02823015031413886 0.19018354943996768 0.06466985335400968 0.036526194814016075 0.012242001172548525
0.4170063081105175 0.17855398661485894 0.12462854539517326 0.052794581715586764 0.12222160483890382 0.05313926213616332 0.03612371662401363 0.01553199456478277
0.41591686710738063 0.13795166826058347 0.15830121415624837 0.05188481619729493 0.1285726940477524 0.043338685133560234 0.048043819345297806 0.015990235751882204
0.41421205760703467 0.18366697541059018 0.1120323139831762 0.04909835547572951 0.13127500678850046 0.05900811480408755 0.035114489015854594 0.01559268691502677
0.4149542817145499 0.1382812080117545 0.1571652011055389 0.05174977712068613 0.12963749924759543 0.043914735436986096 0.04818258905337809 0.016114708309510964
0.36770771992581297 0.15419815703566545 0.09326558236962561 0.03860772787166146 0.19436647503179122 0.08268088473657595 0.04872433051108377 0.02044912251778345
0.45381641667204137 0.10009387167322943 0.20329144470958052 0.044328067507111886 0.11249521769704465 0.025159897361249142 0.04980579314116225 0.011009291238580852
0.39365469178392665 0.18951739353794267 0.11500384228662448 0.054872156221125144 0.12890839582381763 0.0627361705227157 0.03731658311528081 0.01799076670856699
0.43948567495139496 0.14712609700508292 0.14303936975759687 0.04721684025823795 0.12638774129632332 0.04306990891345839 0.04018414088531009 0.013490226932595627
0.42640932322514025 0.17917085113118544 0.1223245887332443 0.050816867348938394 0.12092401117545142 0.05158649972722134 0.03430585346923257 0.014462005189586123
0.4458646873912049 0.14212997186581544 0.14614616553104726 0.04595234222882824 0.12583799286536207 0.04082073386974706 0.04035032623255593 0.0128977800154391
0.3483013595179106 0.16300831036225014 0.10615743095561427 0.04919902481367394 0.1738315705377955 0.0824292541004061 0.052453144693165255 0.02461990501918419
0.4261372366857804 0.1852031328594419 0.10528579309927844 0.04510492071353377 0.1330046217087798 0.058748643540343815 0.032409536598001325 0.014106114794840462
0.41877135934619136 0.129096964964045 0.15842654519146332 0.04823168642238776 0.13638257584999594 0.042748500415371676 0.0506701372480483 0.015672230562496878
0.4321544514487459 0.20186724176005624 0.09196068421469718 0.04252840541866771 0.1298507198972763 0.061484996404777885 0.02734162898469705 0.012811871871081765
0.43536093500379186 0.1298018295131775 0.15238907768402943 0.04481452555560581 0.13584598969983486 0.04121409382948042 0.046631595623143944 0.013941953090936238
0.3783380224748188 0.16718815094900938 0.06696101779826853 0.029240145904071584 0.21074774289387496 0.09432540694645028 0.03689147899679672 0.01630803403670989
0.4847640734868517 0.09698020099522041 0.18916395131773842 0.037333176964085266 0.11514434066094549 0.023393520370098928 0.04433740973271075 0.00888332647234931
0.4663960389082384 0.10230972638602244 0.19247903065772937 0.041826748061426944 0.11452576970371911 0.02538402017098895 0.046806600520414014 0.010272065591460879
0.4902977783536027 0.10785099067235665 0.15157443775114074 0.03306155866277656 0.13607024975940762 0.030298843237570327 0.04165339295856505 0.009192748604580237
0.45739480896393714 0.08591098912904396 0.2243212525572043 0.04173637606818249 0.10783986090605231 0.02051259314878008 0.052413027705032984 0.009871091521766835
0.4853860024291804 0.09462844572258348 0.20182377961795536 0.038942260831617365 0.1061058725988426 0.020944907605565458 0.04364654999847852 0.00852218119577696
0.5009174516115732 0.09806892686421954 0.146664687221864 0.028451572897868187 0.1461978018883302 0.028970937280638598 0.042406228661116215 0.008322393574389868
0.5038257347344055 0.09436996845858762 0.1369648034451771 0.025397680124641785 0.15864200510994672 0.03008467900095466 0.04270229706233126 0.008012832063955356
0.45276267861844693 0.09503976988693842 0.2088221805689247 0.04345792815392352 0.11324562767536145 0.024030162147278024 0.051757822953486854 0.010883829995640066
0.4536339819841125 0.08905791114997356 0.2250598122585416 0.04377809331017484 0.10545948832223093 0.020959029789721625 0.05184703659590213 0.01020464658934286
0.5031368416450237 0.10387142881783573 0.1307361152126228 0.02672156951196872 0.15504360114886107 0.03237758216519872 0.039873489288686566 0.008239372209802519
0.4576993515777891 0.10175743203076457 0.2106899723620081 0.046447499797271474 0.10290692413917037 0.023141294842932727 0.04690347704788332 0.010454048202180287
0.47197090121227725 0.09271343779367985 0.22110718591983453 0.043014393537724405 0.09759338066864331 0.019427244672541203 0.04525637789855706 0.008917078296742355
0.423454048298959 0.19151749643010563 0.11718542162147297 0.05250966324349725 0.11602717438726298 0.05311890371878852 0.03178026065472403 0.014407031645189658
0.35025998680661913 0.2374307777850455 0.06872426130529455 0.04594263309165171 0.14793459073363732 0.10198146781583449 0.028422261245040215 0.019304021216877153
0.3267830871801512 0.2303423064049467 0.06713821787187924 0.04664796509419717 0.1597156367791398 0.11457203293781344 0.03211013582119863 0.022690617910673786
0.49964100186633237 0.11972467141335083 0.12094276048232191 0.028605975182719925 0.1501457553565561 0.03651440167902905 0.03582693204779841 0.008598501971891263
0.46140182021494314 0.09267943344750973 0.2116812647929442 0.042115499655066335 0.10983275971816943 0.022330802044443366 0.04991170722398548 0.01004671290293824
0.43566269112292544 0.18698600512967292 0.11285861287741991 0.04793347293360518 0.12023270406111379 0.05228662793079205 0.030795316940086862 0.013244569004383856
0.4266487181945395 0.13108975543115187 0.09722734378880031 0.02950675049633489 0.1965585404707182 0.061375079873731475 0.04402649204391333 0.01356731970081039
0.4001248735419205 0.18009955172672343 0.11993643987079339 0.053433861707305914 0.13059381395566733 0.05958291606388753 0.0387401677603516 0.017488375373350122
0.4182414077348378 0.12894338657424348 0.15862389858106266 0.0482780453647001 0.13654090956825457 0.04281826980505401 0.050830263117437664 0.015723819254409778
0.4199003614310431 0.18570951070630867 0.10658980980446432 0.046570761263262296 0.13325730396002342 0.05974234413855676 0.033431137989504305 0.014798770706837187
0.35947439863516983 0.22560145429504647 0.06466886603658567 0.03994675102628591 0.16119468587098196 0.10297484019693993 0.02833930928846991 0.01779969465052038
0.34165315709173705 0.1693789568455864 0.08866963924741957 0.04341885494628875 0.18918852025692928 0.09509557929577676 0.0485151169010008 0.024080175415261376
0.5020524514741929 0.11774542181902407 0.13986742182729675 0.03242960852970724 0.13177627668586878 0.03131529431715184 0.0362897467084243 0.008523778638334298
0.4230161462798144 0.17483025269769356 0.12938840270552912 0.05297197366833837 0.11896322433071581 0.04984298437898532 0.03603769288066308 0.014949323058260388
0.43278819796069146 0.13766492167202402 0.14220382718923152 0.04461725804013687 0.1388710224493834 0.04487901809331333 0.04473060146794555 0.01424515312727396
0.4151334894298039 0.17430223202196488 0.12623054967133887 0.0524283694549195 0.12509928329652964 0.0533004240728804 0.03764620065660684 0.01585945139595608
0.38293898816391597 0.2386237551734935 0.08748075210783186 0.05381232076037872 0.11864685567253454 0.07524882996202838 0.026605473955248236 0.01664302420456893
0.3531483229350984 0.2457720329213978 0.05102921335597362 0.034987610609367066 0.16614045627247787 0.1175539031080648 0.02350890863767138 0.007859552159949183
0.4110406141581148 0.18514140277598798 0.09908771813823249 0.04400097805756127 0.14466677304182718 0.06609612095408254 0.0344522444985178 0.015514148375676036
0.4343193435168007 0.1453304162598192 0.1295980411308973 0.04273056701120081 0.14342602751616756 0.048776696633081165 0.04181889220325969 0.014000015728773364
0.42031229108808926 0.17743885903519468 0.10582734347180522 0.044111519286535505 0.14158517316641964 0.06058426756918783 0.03525364911281407 0.014886897269953731
0.36862371939679756 0.23086256671022254 0.06629352804490266 0.04086982529117464 0.152481833307601 0.09733565076832147 0.026745587760701496 0.016787288720278893
0.412588687518998 0.18363673954505122 0.11430759174552227 0.050236200029856536 0.12944973007057298 0.05851478431337888 0.03544849117550554 0.015817775601114376
0.427471152190112 0.13703738048887787 0.1620100800681228 0.0512986240888674 0.12224756784524268 0.039900039486864144 0.04540852540975186 0.01462663042216094
0.42714300069455435 0.19941028920777326 0.09105484809852996 0.042086789140985716 0.13479499935184958 0.0637398181434819 0.028454376813852805 0.013315878548972385
0.4182211533531432 0.12982133291675607 0.15740218015574886 0.048248080649355936 0.13681194898637442 0.043179730313379884 0.05056781449390025 0.01574775913134156
0.41256363392326895 0.192819163316221 0.1115787636010261 0.05157421321037192 0.12402467908082263 0.058758870114880866 0.03315390998919786 0.015526766764210742
0.3433442705137954 0.2427818964115305 0.06711324412893116 0.04680780757232678 0.14661527459201779 0.10542855160137846 0.02803999923939252 0.01986895594062746
0.3864794863672284 0.17334213476507515 0.07446767672994024 0.03296935394903766 0.19213021548291118 0.0875977729075559 0.03656194888240374 0.016451410915847686
0.4716527455630293 0.11024083418496775 0.1848594704676659 0.0426923496762762 0.11115746248844 0.026337859279199134 0.04299670096067601 0.01006257737974581
0.49016165661501643 0.10814041465565968 0.15129959972834514 0.033096773508096866 0.1360974321904394 0.03039460344931284 0.04160171684419355 0.009207803008936134
0.3921467816190861 0.1906179622831339 0.11333239618011248 0.05461222024819486 0.13003581199331044 0.06388383243244422 0.03724142430482201 0.018129570938896077
0.366616999499698 0.260000544106826 0.08315309318283073 0.05824520064553242 0.11035364484778216 0.07962446754088941 0.024534539947102932 0.017471510229338443
0.33960584405704075 0.238475403544772 0.0759089680916202 0.0525999212798221 0.14048193337687004 0.10045338801964215 0.030774314312058598 0.02170022731817433
0.3408991701957875 0.23145896889122397 0.06486027342177376 0.043337604077171354 0.15941491166555016 0.11027302959507987 0.029612304525030032 0.02014373762838328
0.5048322915347312 0.11477459819811249 0.12231891175441724 0.02744126158512657 0.1513191548400782 0.03492970716392826 0.0361515177457101 0.008232557177895738
0.48324331492422384 0.091488530620716 0.14713829463250544 0.027596888543545965 0.16155530917086566 0.030956635627143205 0.04876760933351144 0.009253417147488563
0.5052864171210764 0.10029510169763951 0.12870778230971167 0.02528653687392648 0.1599670268309924 0.03213923218278792 0.0403066442535152 0.00801125873035036
0.4744695643304579 0.09457009149541795 0.19268284400109975 0.038019430870403874 0.11893142200475447 0.023976178286563093 0.047813141793252474 0.00953732721805039
0.46307768146346506 0.10156874329271004 0.21623751458535503 0.04702225013260194 0.09636555837170815 0.02139119195243668 0.04453957910072704 0.009797481100996179
0.4988498166594411 0.09227892161349974 0.15507802002226148 0.02841313112498562 0.14515972846835531 0.027204676515205705 0.04471898308343359 0.00829672251281742
0.5108359191756158 0.09533921747778705 0.13064126086832334 0.02412750565404178 0.1605124908578354 0.030328262010931032 0.04062389646713276 0.007591447488332563
0.431145044575047 0.20946412203747247 0.12414394009656317 0.059822028558523484 0.09158465620951214 0.0450192617889258 0.02610106573196869 0.012719881001987308
0.4259019834753272 0.13654267196566525 0.15099087190898092 0.04778307201537127 0.13369981639802503 0.04350657496660036 0.04661442160076744 0.014960587669262502
0.35794577699362307 0.17673121881777223 0.07169592220091313 0.03504437054585866 0.1996577047130798 0.09975772542964184 0.03959178291489001 0.019575498384221127
0.45757227454523286 0.09200015397150961 0.21567584121221348 0.04284630211203639 0.10878007147737209 0.02221920625486948 0.050680312466242126 0.010225837960523948
0.3993662310986052 0.19124931296485917 0.12408194472787024 0.058928790844471834 0.1166837883047661 0.05652684435646363 0.0359157650041611 0.017247322698802685
0.43585920836872916 0.1293833102331565 0.1655644541199222 0.04849587415457358 0.12357088572126025 0.037381611156368115 0.0460193775171631 0.013725278728827157
0.42200972823725097 0.17551539612701003 0.12920578161866123 0.0531666333486478 0.11886836336758919 0.05018867006567716 0.03601004382931805 0.015035383405845487
0.45451544850437287 0.13905187487753087 0.1376812174577057 0.041486899844943324 0.1338369135374707 0.04166390730679131 0.03962704955704247 0.012136688914142758
0.40054088923967596 0.19770052177064867 0.10135620025668515 0.04949291029426639 0.13394400530189185 0.06687541957665424 0.03353413990854949 0.016555913651628156
0.4347109855635274 0.1461050552335253 0.14077267112921926 0.04665442961837666 0.1312969306300167 0.04489401188677698 0.04156437564419222 0.014001540294365613
0.43021697160355427 0.19147826982996533 0.10874489264184516 0.04781504466210607 0.12233748894573766 0.055250802329654805 0.030538531008157805 0.013617998978978706
0.32064819259091815 0.2091748244246604 0.1045756195578681 0.0672574612073251 0.13611831071979827 0.0903513792547358 0.043461231134342145 0.02841298111035195
0.3377411134682597 0.22689026096029216 0.07570831739106336 0.05013678628155779 0.15081358908095377 0.10332432930984617 0.033066723165932926 0.022318880342094182
0.364077500936078 0.1900495217593546 0.07474921219552011 0.038590278242396726 0.18083616950692755 0.09580119874512921 0.0366809942704241 0.01921512434416989
0.42477722742258145 0.18723669692867634 0.12537340587648 0.054600630594196974 0.11133780254700358 0.049794731435677766 0.032515267209388805 0.014364237985995171
0.42470078187665916 0.13559209088125873 0.15047185679658667 0.047422396274962836 0.13558274038143842 0.04396961900905405 0.04717232155808544 0.015088193221954774
0.4102241463029482 0.17196642057247116 0.11778013050116948 0.04880960621593723 0.13739079294663836 0.058381143119760524 0.03905091961003012 0.016396840731044957
0.45964717064046917 0.10550169156691261 0.19616296252728535 0.044524640831511884 0.11085993334585978 0.025772463933348234 0.04678080551037547 0.010750331644237538
0.4446390487096194 0.09274923206813156 0.22001380872057702 0.04548450100659172 0.10926319019650672 0.02304985559492228 0.053598966846695906 0.011201396856955538
0.5072488867976287 0.09935107424048077 0.14002742621338007 0.027147947954284598 0.1483265680966727 0.029426962665579377 0.04051847158827015 0.0079526624437036
0.4895803683243434 0.0972296282919307 0.19956813049843422 0.03923766090288709 0.10352770390019593 0.020825926671993962 0.041725566450864365 0.008305014959350425
0.5233001764419841 0.0967501527347243 0.162356499458218 0.029743346924460082 0.12105398330792703 0.022652601061919825 0.03724122754316687 0.006902012527599859
0.4240540324890563 0.18295355785881073 0.10894650500563179 0.046551167181481334 0.13189661520725018 0.05754451225229669 0.033560435232472506 0.014493174773000318
0.4355458091473064 0.1288709739957883 0.15332579837036198 0.044749286009105764 0.13582173769625228 0.040901229104950455 0.04687418072838776 0.013910984947847305
0.3720729485920212 0.1830312040454879 0.074643161046628 0.03635933777669915 0.1860588652479375 0.09270061645035459 0.03692490359070789 0.018208963250163825
0.485251886861715 0.10270249067586326 0.18981997116663257 0.03964310719465759 0.10851542588187643 0.02332890375738927 0.04186105078886881 0.008877163672997119
0.4627932343172984 0.08596417545839614 0.22909964563305432 0.04215808070355231 0.10167830582015738 0.019131757684042638 0.04988136910243355 0.009293431281065152
0.42173445087556505 0.16969146646979139 0.11686663506222636 0.046547827695764425 0.13678403915916135 0.05568799275276252 0.037558998524472 0.015128589460256834
0.4605376794246828 0.10547701369166035 0.20929567013861058 0.04743778130091315 0.09932035663777564 0.023061657648061434 0.04462081720220049 0.01024902395609557
0.4832425323883546 0.10046429459561865 0.14147134791639288 0.029138786256444324 0.15740836420121337 0.033089014062177874 0.04567720169561315 0.009508458884185377
0.47447189031128595 0.09991325292346244 0.14496027359630284 0.030263421377732354 0.15851016111248953 0.0337556081760207 0.04799619346135755 0.01012919904134866
0.48709840048228775 0.10259122151239482 0.140328410949505 0.02928600637040784 0.15443260983407403 0.032913840359606976 0.04405081213410672 0.009298698357616934
0.5258086441084865 0.11683738708604524 0.14247061458286095 0.03137094111988553 0.1181979566166232 0.026572471303346182 0.03168636330810568 0.007055621874646727
0.4375375072179925 0.12907719152972044 0.15769585308529033 0.04604616067717906 0.1305775598456771 0.039075971822630506 0.046291495157084604 0.013698260664425648
0.40798509414523326 0.19004680524716658 0.11056076597390996 0.05095130915228917 0.12893828219517176 0.06082533659873882 0.03456744639131729 0.016124960296173194
0.39026444640174107 0.2554946378956671 0.07022113517361869 0.04525628912845786 0.12199614352045882 0.08126664719945939 0.021449390127523515 0.014051310553073437
0.35530902808048975 0.2488910567830868 0.04689969141388666 0.03233397235230792 0.167981348569543 0.11961640861611658 0.02168140267815674 0.00728709150641252
0.3917490616511359 0.19630798669700428 0.10739615604801192 0.05319315511648877 0.131249334948879 0.06666853027295885 0.0355775869435221 0.017858188321999324
0.44292988373186604 0.1432652167243893 0.1323324315309702 0.04213860421711721 0.13953261813512519 0.04591688630626103 0.04070891472392338 0.013175444630347635
0.4208150617479905 0.17714058706287228 0.10615602022806164 0.04412945791608643 0.1413446537447575 0.06029680252274927 0.035267532517360416 0.014849884260121793
0.4256465597922956 0.13628495228515064 0.08976445286864558 0.028371495069464642 0.2001307140299243 0.06513764478258571 0.04138030011501453 0.01328388105691904
0.39139588461101577 0.19660883651992925 0.11019948735831218 0.054808437153485344 0.12814973338435987 0.06518205444324354 0.03568894349863277 0.017966623031021072
0.4221783925958806 0.14180241818731595 0.14811062913516074 0.04909282259843388 0.1326023497510854 0.04529001423503469 0.04557469824477819 0.015348675252310736
0.4878517121451739 0.11017280492922457 0.12345455141764937 0.02756669692406387 0.16345384405691346 0.03735822244699434 0.040902991580775226 0.009239176499205054
0.48419525315737616 0.09178066211602597 0.20883240841278464 0.03917052457800107 0.10355538346852386 0.01990687482032833 0.0441627062546085 0.008396187192351377
0.5128008753080704 0.09451359497237366 0.13300074586928395 0.024255542939045357 0.15792782377641193 0.02946050510390369 0.04055870823978484 0.007482203791126036
0.46701092563764246 0.0980142818155038 0.21534073331339734 0.044812881479822694 0.09905141449371141 0.02104281405878785 0.04520842697383405 0.009518522227300336
0.45790190265377856 0.1000816799589842 0.20236270524305072 0.04382863986484388 0.11160917017021206 0.024648665544459707 0.048875985058095 0.01069125150657591
0.46739692810784145 0.09723982485613067 0.21850171257839807 0.04503793448255844 0.09707946283904256 0.02045712031735774 0.044914662488119414 0.009372354330551832
0.4678894908387481 0.0967755577048642 0.2197933633371703 0.04505284745769149 0.09626621106233255 0.020158269985739018 0.04477684530278437 0.009287414310670025
0.46278313090629675 0.1010048526525552 0.20477332006696017 0.04429044307112523 0.1066537550284595 0.023529489999461993 0.04674926227568473 0.0102157459994564
0.5091160295474573 0.10581200064290586 0.13164409889570616 0.027082461448294876 0.14897054028988155 0.031337493522759594 0.03810698517274436 0.007930390480250498
0.39177862290677573 0.1907882072540583 0.1128088241883116 0.054476290511411056 0.1305148523628211 0.06422154187666308 0.03724551612587821 0.018166144774080878
0.4179075019905575 0.14007073937718806 0.14677401235113835 0.04854975087089409 0.1370113845969964 0.04667434408807398 0.04716733888645882 0.015844927838693106
0.4050015221646658 0.20059652280545537 0.10239598176782118 0.05014389547681212 0.12897408679433717 0.06468901492780157 0.032225779645224925 0.015973196417881835
0.4522056617998228 0.1406259975043233 0.13504702197792604 0.04133599909907251 0.13583928041246332 0.04300937462441216 0.0396065800379402 0.012330084544039697
0.40478469380966503 0.1698673240337986 0.12304938598843705 0.05109367133347446 0.1355631995106515 0.0576406216203365 0.04083051977613549 0.017170583927501246
0.38732455727391785 0.19465845021129657 0.11004359523079361 0.05471729372316394 0.13111942436147742 0.06671453327861343 0.03686902664201091 0.018553119278726327
0.3529972309843087 0.2233571399609639 0.07991819018525341 0.04988505378356689 0.14633869702596025 0.09441908827039368 0.032448000037688884 0.020636599751864264
0.3383217086594924 0.2192287354261343 0.06991125260993106 0.04461857830633417 0.16447427684389812 0.10857623109147625 0.03325934577543594 0.021609871287297584
0.42086633278785374 0.1984445487730262 0.10217273417345209 0.04750774819719113 0.12613172843683187 0.0604307922549952 0.030187246704125686 0.014258868672524324
0.32983248003127147 0.23370081686746066 0.07473961147519002 0.05232319011914305 0.14728502928902254 0.10606137544867408 0.03276394609009851 0.02329355067913969
0.33262554244866127 0.17414902835538243 0.09780123670066312 0.05063856381882905 0.17464065891395888 0.09273881769736668 0.050755899128847336 0.02665025293629135
0.48944671897884634 0.09795041592015075 0.1924108047668016 0.03794440819633538 0.10921890192579504 0.022234275836528792 0.04230947289092222 0.008485001484619756
0.42045320967883193 0.1707410579223499 0.12284592577457705 0.04940633253388234 0.130085404454993 0.05347388155152542 0.03766714634152472 0.015327041742315712
0.46248404387001496 0.13600764333374493 0.13968388190306072 0.04044217241517669 0.13167400358957632 0.039457377205611814 0.038813353743784446 0.011437523939030235
0.480372602667615 0.10235834292191161 0.13797254157309344 0.02910835757564044 0.1602922303652874 0.034560496031670156 0.04560433049092109 0.00973109837386091
0.461646336673588 0.08705784905277952 0.22538658177392715 0.04210109130216087 0.10407734504513605 0.019893056607800334 0.05031597294776025 0.00952176659684786
0.4627660698021379 0.10071335932962779 0.20496299597644227 0.04421021786289709 0.10679577702001275 0.0234948354881111 0.04684713272910443 0.01020961179166682
0.3940090266224119 0.1894188145314636 0.11524298908682463 0.054915895940958075 0.12865399429018073 0.06250996276437652 0.03729554894379183 0.017953767819992795
0.43820159942308184 0.14667369184850654 0.07886686218860943 0.026002949559518634 0.19698519148152424 0.06704267555561969 0.03462906855975564 0.011597961383384071
0.43200821651719645 0.19591243559905316 0.07949718722679225 0.035647312606755764 0.14902979831665092 0.06845869265989697 0.027129081706950834 0.012317275366703836
0.3575335926252872 0.22604307878219926 0.06909609293802683 0.043050767845451685 0.1558226349483601 0.10034056360172877 0.02944551767436517 0.018667751584581057
0.41802873065829144 0.1862016379046578 0.10174559686247371 0.04467725751113868 0.13855674522513475 0.0626524860322801 0.0332985786800759 0.014838967125947485
0.43098823979570944 0.14396895097491447 0.13990614366069182 0.046102521822637986 0.13554184622832002 0.04602922406444984 0.04305336386304176 0.014409709590234809
0.5077516035618282 0.09751498086409845 0.14539808478962515 0.027604853351809153 0.14466685844242114 0.028214082929959267 0.04095695576035572 0.007892580299902868
0.4352356308169504 0.17853618683337016 0.11835291429281868 0.048068931261964785 0.12242431365543416 0.05089563089933823 0.03293655818134153 0.013549834058782106
0.43746806530135396 0.14483386757172242 0.14332519962026855 0.046829368162819164 0.1290121425676557 0.04341433263859681 0.04138593984753226 0.013731084290051272
0.3911617022206555 0.18356132482124854 0.11903312952587089 0.05530675969485687 0.13081502941552464 0.062143102773271244 0.03943717379479731 0.01854177775377503
0.3568306424233015 0.24281185263547297 0.06430486221582621 0.04308457794462783 0.14732630825794477 0.10210950415431641 0.025885633948224775 0.017646618420285476
0.3029610190031155 0.2057571604371092 0.043078765103618445 0.028800577049706004 0.21782538260476295 0.15077239787792648 0.03022540283585055 0.020579295087910846
0.41140026041218153 0.1975014238528024 0.10469026465488983 0.04959889942991775 0.1273494049389328 0.06211408236160214 0.03196212268693538 0.01538354166273819
0.45254641897637815 0.13490658115710275 0.14697176597997091 0.043158363797325294 0.12960065398064685 0.03937500298690424 0.04114096847696214 0.01230024464470959
0.43077265789032365 0.21198929279377746 0.0916439117818408 0.044685605282852724 0.12184263652889686 0.06074750585648905 0.02565193201913847 0.012666457846681266
0.4363008048370591 0.1357074382661207 0.08477687461221761 0.025992925584886414 0.2025755606523932 0.06404173272296441 0.038590111016733195 0.012014552307625052
0.42142985834081864 0.19032627636357072 0.10441446773857632 0.04660270065842821 0.1308229684847401 0.05991194018577485 0.03201075765757066 0.014481030570520416
0.4268468153377957 0.1267595490953997 0.16134849506988244 0.04729639703583815 0.13327667763061823 0.04028427039182668 0.04944708788307358 0.01474070755556535
0.3403711333831933 0.15858160729426124 0.09805985161011287 0.04521652344148217 0.18929661633744008 0.08928722922330828 0.05399293298751965 0.02519410572268242
0.46269207253922556 0.10254599376722386 0.20699770327882294 0.045334421604454334 0.10337016731063611 0.023269314141657123 0.045640420126288085 0.010149907231691914
0.45378347958362314 0.08918305621412168 0.2251905416553877 0.04385076238789523 0.10515827687386471 0.020917969379845008 0.0517259281986423 0.01018998570662025
0.47626228923187963 0.10380737643939435 0.19801453741037525 0.04274837967126473 0.10407255334854651 0.022945898224994935 0.04280614004188749 0.009342825631657253
0.41671265884789216 0.1899203859458422 0.1217990972649882 0.05500882275755368 0.11500101412896435 0.05306769459190063 0.0332798454151343 0.015210481047724411
0.43202635412155493 0.12782714875580473 0.15272407955147874 0.04456470302686769 0.13871433994271162 0.04173818197685798 0.048134282548753245 0.014270910075971104
0.40375295064753264 0.1784146674607286 0.11608000274030779 0.05074592384201989 0.13507939709169642 0.060460186999681316 0.03844913299681001 0.017017738221223256
0.4477866071703954 0.13263217188958462 0.14598215745009446 0.042596046373443164 0.13468583715956864 0.04064452340902478 0.04292444732530195 0.012748209222586843
0.4005179148694157 0.19720104752006884 0.11508764624437193 0.05611747552833882 0.12014997530152174 0.05990567258723758 0.03416042676964294 0.0168598411794024
0.4397162047368592 0.1363057732598155 0.1432534012336193 0.04375442710989332 0.13671209108125731 0.04311836695961164 0.043602376376190674 0.013537359242752824
0.4137026797675237 0.1834401344914389 0.1259126531311411 0.05526155323764628 0.1176030224041438 0.05290792988214516 0.035410876727475234 0.015761150358485694
0.458607888576358 0.140925935774457 0.13858180536205936 0.041931810628940594 0.12947498706379862 0.04051445897748091 0.03820481662607881 0.011758296990826657
0.3920292980824766 0.1641632832934369 0.06923913848133395 0.028642369466793573 0.20685148857020752 0.08779820463493379 0.03613362290920267 0.01514259456161504
0.4364113911772654 0.10187808159069733 0.20638997666008282 0.04769841921346136 0.11446002714017381 0.027054387224568016 0.053574737412247185 0.01253297958150391
0.4800454021947581 0.08939313331371851 0.21110048391934885 0.03887662518905499 0.10591275275919378 0.01999835672753057 0.04607444937540234 0.008598796520992824
0.4536428543495564 0.08355401644716769 0.22565173956840198 0.041184277239250194 0.1106697587543892 0.020621830799769172 0.05459879176181914 0.010076731079646394
0.45436871095994863 0.0936522436497992 0.22636192238219688 0.04626105973350319 0.09941216015106956 0.02073675958297347 0.04906419142511707 0.010142952115391821
0.4540237709720045 0.09903626056496077 0.21348468267836476 0.04616297414398493 0.10473573803755204 0.023097851718130485 0.048795989451901715 0.010662732433100845
0.45843437744175636 0.08997292828786506 0.2277177916780918 0.0442802859208934 0.10045866589246814 0.01996844093041915 0.04943624904211858 0.009731260806387712
0.48999334954393226 0.09014322804578828 0.20394116659599149 0.03711256833659081 0.10681112985904051 0.019906474519786953 0.04398771701157708 0.008104366087292755
0.47164198962415826 0.10287220065010054 0.19556033876697432 0.04226733747944851 0.1090642919256393 0.024038967274724172 0.044779553751144716 0.00977532052781015
0.44982220336551315 0.09882123308920307 0.222761508837794 0.048530692059925926 0.09888283529844474 0.021974713799736145 0.04851904398734077 0.010687769562042088
0.41870258949468286 0.17978024924826969 0.13023884845103165 0.055405131170334826 0.11507764124458543 0.050072205354792905 0.03544902629937315 0.015274308736929587
0.46339693283281214 0.13640605186252852 0.14038184284674857 0.04067765292683438 0.13020557535866029 0.03904153484708472 0.038530700455002544 0.011359708870328706
0.43133816490390897 0.19067287403280003 0.10935286100315662 0.047786125759802546 0.12203445159763317 0.05470562750874449 0.030570377098175016 0.013539518095779229
0.4390804356733723 0.14066754390195577 0.08595545498558534 0.027160525157935947 0.19451650728476114 0.06334199486583915 0.03730676806570801 0.011970770064842479
0.4168873814698831 0.1987302711167778 0.08693891437272704 0.04104281629425692 0.14341832057719114 0.0692143798249478 0.029617665193434447 0.014150251150781957
0.451788407494442 0.1462431446362375 0.13416119699557102 0.042773874866022264 0.13135947442237622 0.043297912870725715 0.03803931345235334 0.012336675262272117
0.3999169051754607 0.19794677155236196 0.11455229178596008 0.056146251700866644 0.12020907770881428 0.06025186588276111 0.03407291661341752 0.016903919580357737
0.45248110254758883 0.13486669077978497 0.135803816030464 0.03982049568973884 0.14073288699094424 0.0427007234370944 0.041284296858803034 0.012309987665581786
0.38987955172910926 0.19243191842273333 0.11173999192568085 0.05462019547181351 0.1306690785867808 0.0652415363786184 0.03708675989817839 0.018330967587085502
0.4135677730985534 0.13354182198761563 0.15620038914616363 0.049796697550020246 0.13572603901721114 0.044565743630858294 0.05030551782126265 0.016296017748315066
0.5102733026881703 0.10323352868463384 0.12936445783242867 0.02585084524188855 0.15353416141006127 0.031509125924602234 0.038445467644942714 0.007789110573272428
0.4034884612092495 0.18623563279366454 0.12317009159107954 0.05638141091630973 0.12083154773427891 0.0564318116302308 0.03654289576872876 0.016918148356458336
0.3305403775598991 0.23311313584112636 0.07533994117554021 0.05249100584453864 0.14698954886746057 0.10537081519351177 0.03288455709185758 0.0232706184260657
0.3875335915513711 0.19282147437637118 0.11398304313465274 0.05606153345455205 0.1286217192529352 0.06490783827476887 0.03741157782457237 0.01865922213077662
0.44684472051188473 0.13338669886580426 0.13383535059382068 0.0392933859317652 0.14646744378970947 0.04450349678220587 0.042870322710685124 0.01279858081412493
0.42481496315411915 0.19909996640747776 0.0848159549429228 0.03934939661903535 0.14274082573621102 0.06771504926662132 0.028218278927487607 0.013245564946125134
0.45186289667594104 0.14055067357328624 0.1342113711581173 0.04110632951427345 0.13687596785624673 0.043342242163194496 0.03968861552556571 0.012361903533375117
0.4250447592535015 0.1887609877410073 0.10739874312563048 0.04713684750494108 0.12791824394347126 0.05758977941542879 0.031944905071955285 0.014205733944064226
0.45328567183860496 0.13435289785411406 0.14764706237214142 0.04312372047522691 0.12919371551566997 0.0390152877584182 0.04114896738451501 0.012232676801309338
0.40098045307766095 0.19724806444913118 0.10848843089810778 0.05282836160523669 0.12672789765587944 0.06308641346360841 0.033928679103911535 0.01671169974646408
0.34226078165522733 0.24298011676181056 0.06671485356732978 0.04670406657317063 0.14711158863536258 0.10623427234074805 0.02804314826034795 0.019951172206003242
0.3402571913392263 0.24073241749510577 0.05638976838956388 0.03935694119960654 0.16682255569184135 0.12012393854539745 0.02708667445290429 0.009230512886354441
0.36600589146853435 0.19258300422565228 0.07012368746546586 0.036475420192248954 0.18367345733085597 0.09805618249528802 0.0347478250004448 0.01833453182150976
0.48034063484409895 0.09678246434859612 0.2000990820898269 0.039785062528456726 0.10770778667223416 0.02205978101285855 0.044278822539812995 0.008946365964115622
0.42572380837274465 0.17269851308360407 0.1320004607152676 0.05305072972501506 0.11746458146129073 0.04829667843957634 0.036076927458177664 0.014688300744323984
0.44635525719083036 0.1417469933568423 0.14685993143648407 0.04600634836545857 0.12533509516944596 0.040498654855999607 0.04034946092191672 0.012848258703022346
0.4162728075195269 0.17428327601353094 0.11252262320591702 0.04655847785239477 0.1387873878159179 0.058876015246595165 0.0371373822853502 0.0155620300607671
0.35029945783080535 0.21899288837323735 0.07401960031778075 0.04564209147915723 0.15762290260695128 0.10032012389346859 0.032634507128125684 0.02046842837047386
0.3971836287563863 0.20664445584716237 0.10337925863716498 0.05314045018996031 0.12491311757896273 0.06590688305931779 0.03210190521679645 0.01673030071424904
0.46081723583371587 0.13814178778013342 0.1375342804695907 0.04055360955159713 0.13238357848983903 0.04045357786534076 0.0385433590963138 0.011572570913469232
0.39534026088485985 0.19492137798646636 0.11345720969866023 0.05540574936618356 0.12523252457605788 0.062481249434004876 0.03558480284969674 0.017576825204070643
0.4311698806914862 0.1445358996886269 0.1515394202097139 0.05013416550803317 0.12361979109669334 0.04217895478950431 0.042516985039397465 0.01430490297654465
0.4138271296423569 0.18365348994321012 0.1261552911868211 0.055404120350125714 0.117140612583135 0.05275125629365535 0.03533063855421607 0.015737461446479875
0.4876998251192169 0.15586034351448247 0.10357325785622458 0.0326693203585987 0.13762317891270004 0.04476384464929341 0.028628125327999916 0.0091821042614842
0.3524150790777654 0.23487412721528284 0.07486475786102942 0.04932539660007558 0.14246125671120768 0.09653287592951551 0.02967054877254391 0.01985595783257962
0.4382941184656618 0.13476790364105795 0.09735985100518281 0.029512793093432892 0.18775189829374764 0.05890773403432169 0.040795241802681216 0.012610459663914199
0.41334855934746106 0.20667726008455384 0.10292522314976363 0.0509061034890942 0.12056376107397268 0.06109842183831139 0.02963306637972416 0.014847604637119127
0.3339601465577078 0.23735117398083375 0.06505131679218784 0.04559653903973067 0.15524624896782216 0.11207983966211553 0.02963382497280572 0.02108091002679656
0.4023230418493398 0.2009430762741048 0.1108946080640617 0.05472487902771466 0.12064659551870878 0.06118226036431362 0.03283587003148085 0.0164496688702757
0.4148404847531055 0.1391585393412639 0.1568588732020784 0.051974242312269325 0.12910411761246043 0.044023734403276546 0.047913872021142064 0.01612613635440377
0.43787229528899646 0.18368044485048715 0.11104969477026984 0.04598359279866494 0.12426999457485527 0.05294964396571934 0.031114875026589307 0.013079458724417755
0.4413058457087263 0.13548895311863007 0.15573697574499784 0.047192502324251435 0.12481192753163821 0.039009014590224045 0.04315498075023741 0.013299800231294782
0.43306276820700035 0.1807297273538342 0.11732446606818707 0.048389496401503064 0.12225933363185854 0.05179489152304001 0.03273931992196088 0.013699996892615965
0.4540473467230144 0.133748851588725 0.13703944355722328 0.039746864386608884 0.13996490535973843 0.0419459159378599 0.041325846265273455 0.012180826181556633
0.4215799903903004 0.17646666530673452 0.10665197192657322 0.0441020825981887 0.14118972294898496 0.05987748505461167 0.03533577425773212 0.014796307516874435
0.4480924424230682 0.13789419503409048 0.1343844611683047 0.040728943743332496 0.14083107082970386 0.04409748886034698 0.04126073205394711 0.012710665887205989
0.49416732969421345 0.11147121828724306 0.13307013072044185 0.029710064357605453 0.14893734405096007 0.03402344029205787 0.03965788851818019 0.008962584079298279
0.49351477349417855 0.10426674894645484 0.14194366317790338 0.02971779848335458 0.1478950423635259 0.031627522982769087 0.04211397230635436 0.008920478245459289
0.4623795814777052 0.09207612782074849 0.22625480193308192 0.04465461355035258 0.09793952631269273 0.019761632692446778 0.04744932781942345 0.009484388393548968
0.5051709981930879 0.11004646173689042 0.1314016876529608 0.02835423317030781 0.14670669720679433 0.03232109632760154 0.03776240015849122 0.008236425553866032
