Action: 0
[0.15313301481447664, 0.10503705059357166, 0.21650516775862727, 0.10503705059357166, 0.10517656445903754, 0.10503705059357188, 0.10503705059357166, 0.10503705059357166]
[0.1494216057112132, 0.10381187952819797, 0.22770711711959898, 0.10381187952819797, 0.10381187952819797, 0.10381187952819797, 0.10381187952819797, 0.10381187952819797]
[0.2116499071050252, 0.10582495069314733, 0.1528597271110253, 0.10582495069314733, 0.10636559936138217, 0.10582496364997787, 0.10582495069314733, 0.10582495069314733]
[0.125, 0.125, 0.125, 0.125, 0.125, 0.125, 0.125, 0.125]
[0.2527417417740043, 0.1034076100986348, 0.12433085017300904, 0.1034076100986348, 0.10588724041824235, 0.10340972724020508, 0.1034076100986348, 0.1034076100986348]
[0.10412772490313123, 0.10373087626743488, 0.22773530192078306, 0.10373087626702822, 0.1037966707485175, 0.1494167973590487, 0.10373087626702822, 0.10373087626702822]
[0.125, 0.125, 0.125, 0.125, 0.125, 0.125, 0.125, 0.125]
[0.125, 0.125, 0.125, 0.125, 0.125, 0.125, 0.125, 0.125]

Action: 1
[0.10506419048990867, 0.10508120880964676, 0.10506419048990867, 0.10506419048990867, 0.11141827065242205, 0.2581795680883879, 0.10506419048990867, 0.10506419048990867]
[0.10589369613864927, 0.10589369613864927, 0.10589369613864927, 0.10589369613864927, 0.10589369613864927, 0.25874412702945515, 0.10589369613864927, 0.10589369613864927]
[0.10566524592678093, 0.10566524592678093, 0.10566524592678093, 0.10566524592678093, 0.10735656389930191, 0.2586519605400126, 0.10566524592678093, 0.10566524592678093]
[0.125, 0.125, 0.125, 0.125, 0.125, 0.125, 0.125, 0.125]
[0.10381635447678124, 0.10381635447678124, 0.10381635447678124, 0.10381635447678124, 0.14932413940204073, 0.22777773373727175, 0.10381635447678124, 0.10381635447678124]
[0.10566524644296034, 0.10566524644296034, 0.10566524644296034, 0.10566524644296034, 0.10735656063972307, 0.25865196070251495, 0.10566524644296034, 0.10566524644296034]
[0.125, 0.125, 0.125, 0.125, 0.125, 0.125, 0.125, 0.125]
[0.125, 0.125, 0.125, 0.125, 0.125, 0.125, 0.125, 0.125]

