Action: 0
[0.6633900000000001, 0.07371, 0.14661, 0.016289999999999995, 0.07370999999999998, 0.008189999999999998, 0.016289999999999995, 0.0018099999999999991]
[0.6260760000000001, 0.11048400000000003, 0.12192399999999998, 0.021516, 0.085374, 0.015066000000000003, 0.016626, 0.002934]
[0.6779664000000001, 0.058953599999999974, 0.16843360000000002, 0.014646399999999995, 0.058953599999999974, 0.005126399999999995, 0.014646399999999995, 0.0012735999999999989]
[0.6412770000000001, 0.09582300000000002, 0.141723, 0.021176999999999998, 0.07125299999999998, 0.010646999999999998, 0.015746999999999994, 0.002352999999999999]
[0.6260760000000001, 0.085374, 0.12192399999999998, 0.016626, 0.11048400000000003, 0.015066000000000003, 0.021516, 0.002934]
[0.5890095, 0.12064050000000003, 0.09989050000000002, 0.02045950000000001, 0.12064050000000003, 0.024709500000000013, 0.02045950000000001, 0.004190500000000003]
[0.641277, 0.07125299999999998, 0.14172300000000002, 0.015746999999999997, 0.095823, 0.010646999999999998, 0.021176999999999998, 0.002352999999999999]
[0.6047325, 0.10671750000000002, 0.11776749999999998, 0.0207825, 0.10671750000000002, 0.018832500000000005, 0.0207825, 0.0036675000000000006]

Action: 1
[0.524697008, 0.202432992, 0.027615632000000025, 0.010654368000000011, 0.16082299200000003, 0.062047008000000015, 0.008464368000000009, 0.0032656320000000036]
[0.47861351999999996, 0.24655847999999994, 0.014802480000000012, 0.007625520000000005, 0.16158648000000003, 0.08324152, 0.004997520000000005, 0.0025744800000000023]
[0.5384155392, 0.18996046080000004, 0.04052590079999997, 0.014298099199999992, 0.1490404608, 0.05258353920000001, 0.011218099199999991, 0.003957900799999997]
[0.49270328799999996, 0.23442671199999995, 0.025931752000000023, 0.01233824800000001, 0.151016712, 0.071853288, 0.007948248000000007, 0.0037817520000000032]
[0.44366713599999996, 0.18654186399999992, 0.013721664000000012, 0.005769336000000003, 0.23921286400000003, 0.10057813599999998, 0.007398336000000008, 0.003110664000000002]
[0.40187323439999995, 0.2237077656, 0.004059325600000003, 0.0022596744000000016, 0.2341027656, 0.13031623440000004, 0.002364674400000002, 0.0013163256000000014]
[0.45758459999999995, 0.17654040000000001, 0.024083400000000022, 0.00929160000000001, 0.2279354, 0.08793960000000002, 0.011996600000000012, 0.004628400000000005]
[0.41593793999999995, 0.21427105999999996, 0.01286406000000001, 0.006626940000000005, 0.22426206, 0.11552894, 0.006935940000000007, 0.003573060000000003]

