Action: 0
[0.1534595303498781, 0.10460741537046933, 0.10718182501035735, 0.10460741537046933, 0.20937910480272925, 0.111549878355158, 0.10460741537046933, 0.10460741537046933]
[0.14933008629873368, 0.10376769246215084, 0.22778836346894382, 0.10376769246215084, 0.10376769246215084, 0.10404308792156827, 0.10376769246215084, 0.10376769246215084]
[0.1508762546076572, 0.20781224793958752, 0.1213855143347834, 0.10390612396979376, 0.10430116258424135, 0.10390644862434936, 0.10390612396979376, 0.10390612396979376]
[0.125, 0.125, 0.125, 0.125, 0.125, 0.125, 0.125, 0.125]
[0.10568421547618843, 0.10490351037562975, 0.1116739166804515, 0.10490351037562975, 0.2581243159652114, 0.10490351037562975, 0.10490351037562975, 0.10490351037562975]
[0.10474274940413447, 0.12123282571856404, 0.2548369910615822, 0.10383739813710322, 0.10383784125671101, 0.10383739814769868, 0.10383739813710322, 0.10383739813710322]
[0.125, 0.125, 0.125, 0.125, 0.125, 0.125, 0.125, 0.125]
[0.125, 0.125, 0.125, 0.125, 0.125, 0.125, 0.125, 0.125]

Action: 1
[0.10582781791378545, 0.2116556358275709, 0.10582781791378545, 0.10582781791378545, 0.10634813990821497, 0.15285713469528683, 0.10582781791378545, 0.10582781791378545]
[0.1111111111111111, 0.1111111111111111, 0.1111111111111111, 0.1111111111111111, 0.1111111111111111, 0.2222222222222222, 0.1111111111111111, 0.1111111111111111]
[0.1039853823458453, 0.10398538234583149, 0.10398538234583149, 0.10398538234583149, 0.12120838728857651, 0.2548793186364207, 0.10398538234583149, 0.10398538234583149]
[0.125, 0.125, 0.125, 0.125, 0.125, 0.125, 0.125, 0.125]
[0.1056250946802632, 0.10738316785504098, 0.10560889787245388, 0.10560889787245388, 0.15304058560038536, 0.21151556037449507, 0.10560889787245388, 0.10560889787245388]
[0.10517401272642551, 0.10517379566902453, 0.10517379566902453, 0.10517379566902453, 0.11064829484847083, 0.258308714079981, 0.10517379566902453, 0.10517379566902453]
[0.125, 0.125, 0.125, 0.125, 0.125, 0.125, 0.125, 0.125]
[0.125, 0.125, 0.125, 0.125, 0.125, 0.125, 0.125, 0.125]

