Action: 0
[0.1530580447896012, 0.08057231504231817, 0.19342537826999348, 0.0805723150409236, 0.19605973087968667, 0.13516758589562966, 0.0805723150409236, 0.0805723150409236]
[0.1719194998829694, 0.08450063261442674, 0.2311703174028942, 0.08450063261442674, 0.13708587674631895, 0.1218217755101105, 0.08450063261442674, 0.08450063261442674]
[0.2555532910941598, 0.08474150917088853, 0.19555120984650984, 0.0847376892521351, 0.08762022741859121, 0.12232069471344541, 0.0847376892521351, 0.0847376892521351]
[0.125, 0.125, 0.125, 0.125, 0.125, 0.125, 0.125, 0.125]
[0.1417033972336711, 0.08666099587605537, 0.2311653894341759, 0.08533087560170607, 0.11381552294174686, 0.17066206770923253, 0.08533087560170607, 0.08533087560170607]
[0.10839227361574133, 0.08814743736467871, 0.3429730952156498, 0.08814023192455783, 0.10792626610569875, 0.08814023192455783, 0.08814023192455783, 0.08814023192455783]
[0.125, 0.125, 0.125, 0.125, 0.125, 0.125, 0.125, 0.125]
[0.125, 0.125, 0.125, 0.125, 0.125, 0.125, 0.125, 0.125]

Action: 1
[0.1111111111111111, 0.1111111111111111, 0.1111111111111111, 0.1111111111111111, 0.2222222222222222, 0.1111111111111111, 0.1111111111111111, 0.1111111111111111]
[0.1111111111111111, 0.1111111111111111, 0.1111111111111111, 0.1111111111111111, 0.1111111111111111, 0.2222222222222222, 0.1111111111111111, 0.1111111111111111]
[0.0907974771099311, 0.0907974771099311, 0.0907974771099311, 0.0907974771099311, 0.10914209483667993, 0.3460730425037335, 0.0907974771099311, 0.0907974771099311]
[0.125, 0.125, 0.125, 0.125, 0.125, 0.125, 0.125, 0.125]
[0.09142259623790383, 0.09142259623790383, 0.09142259623790383, 0.09142259623790383, 0.1645946183212699, 0.28686980425130715, 0.09142259623790383, 0.09142259623790383]
[0.0907936921449313, 0.0907936921449313, 0.0907936921449313, 0.0907936921449313, 0.2138707243150378, 0.24136712281537442, 0.0907936921449313, 0.0907936921449313]
[0.125, 0.125, 0.125, 0.125, 0.125, 0.125, 0.125, 0.125]
[0.125, 0.125, 0.125, 0.125, 0.125, 0.125, 0.125, 0.125]

