Action: 0
[0.1366548228134497, 0.10790854805350562, 0.2158938842789971, 0.10790854805350562, 0.10790855264002497, 0.10790854805350562, 0.10790854805350562, 0.10790854805350562]
[0.10823190520566264, 0.10786741904962648, 0.24456358049657845, 0.10786741904962648, 0.10786741904962648, 0.10786741904962648, 0.10786741904962648, 0.10786741904962648]
[0.10693642540598806, 0.10680214218599998, 0.2440518447259667, 0.10680214218599998, 0.10681325825228542, 0.11498990287175985, 0.10680214218599998, 0.10680214218599998]
[0.125, 0.125, 0.125, 0.125, 0.125, 0.125, 0.125, 0.125]
[0.10635550453168277, 0.11539458178957933, 0.21511678349646277, 0.10635507142316568, 0.1377113418539886, 0.10635657405878941, 0.10635507142316568, 0.10635507142316568]
[0.11529693826875159, 0.10636692048450873, 0.24410093374701133, 0.10636692047897892, 0.10636692047897892, 0.1087675255838127, 0.10636692047897892, 0.10636692047897892]
[0.125, 0.125, 0.125, 0.125, 0.125, 0.125, 0.125, 0.125]
[0.125, 0.125, 0.125, 0.125, 0.125, 0.125, 0.125, 0.125]

Action: 1
[0.1078675653697742, 0.1078675653697742, 0.1078675653697742, 0.1078675653697742, 0.2160993804427478, 0.13669522733860695, 0.1078675653697742, 0.1078675653697742]
[0.1079285388795154, 0.1079285388795154, 0.1079285388795154, 0.1079285388795154, 0.2158570777590308, 0.13657168896387684, 0.1079285388795154, 0.1079285388795154]
[0.10682717346575346, 0.10687483527303242, 0.10682598153555793, 0.10682598153555793, 0.22172639353205328, 0.13726767158692912, 0.10682598153555793, 0.10682598153555793]
[0.125, 0.125, 0.125, 0.125, 0.125, 0.125, 0.125, 0.125]
[0.10768195240352135, 0.10768191840201582, 0.10768191840201582, 0.10768191840201582, 0.24449372035808953, 0.10941473522831013, 0.10768191840201582, 0.10768191840201582]
[0.10679109497046242, 0.10679151038810614, 0.10679109497046242, 0.10679109497046242, 0.22175618449214757, 0.13749683026743428, 0.10679109497046242, 0.10679109497046242]
[0.125, 0.125, 0.125, 0.125, 0.125, 0.125, 0.125, 0.125]
[0.125, 0.125, 0.125, 0.125, 0.125, 0.125, 0.125, 0.125]

