Action: 0
[0.10886547498071539, 0.10132994913737083, 0.2828635300550405, 0.10132994913737083, 0.10162098808663897, 0.10133021032812181, 0.10132994913737083, 0.10132994913737083]
[0.16580696030353584, 0.09680319310269812, 0.2333176336951003, 0.09680319310269812, 0.11685944048787325, 0.09680319310269812, 0.09680319310269812, 0.09680319310269812]
[0.19992045212903384, 0.09909302000411443, 0.14572331869932237, 0.09909302000411443, 0.15889112915107168, 0.09909302000411443, 0.09909302000411443, 0.09909302000411443]
[0.125, 0.125, 0.125, 0.125, 0.125, 0.125, 0.125, 0.125]
[0.2562177886161792, 0.09670743888694328, 0.12117011648065974, 0.09670743888694328, 0.1390749004684447, 0.09670743888694328, 0.09670743888694328, 0.09670743888694328]
[0.17870993524551868, 0.09861725898046564, 0.2084048078689879, 0.09861725898046564, 0.11979896034085548, 0.09861726062277539, 0.09861725898046564, 0.09861725898046564]
[0.125, 0.125, 0.125, 0.125, 0.125, 0.125, 0.125, 0.125]
[0.125, 0.125, 0.125, 0.125, 0.125, 0.125, 0.125, 0.125]

Action: 1
[0.10231987514623497, 0.10231987514623497, 0.10231987514623497, 0.10231987514623497, 0.10254490192245093, 0.2835358472001392, 0.10231987514623497, 0.10231987514623497]
[0.1111111111111111, 0.1111111111111111, 0.1111111111111111, 0.1111111111111111, 0.1111111111111111, 0.2222222222222222, 0.1111111111111111, 0.1111111111111111]
[0.10234919027238448, 0.10234921476258685, 0.10234919027238448, 0.10234919027238448, 0.1023683560112763, 0.2835364778642144, 0.10234919027238448, 0.10234919027238448]
[0.125, 0.125, 0.125, 0.125, 0.125, 0.125, 0.125, 0.125]
[0.09762189950657564, 0.1314838830655281, 0.09762189950657564, 0.09762189950657564, 0.11137137754681734, 0.2690352418547764, 0.09762189950657564, 0.09762189950657564]
[0.10235196341249427, 0.10235196341249427, 0.10235196341249427, 0.10235196341249427, 0.20470392682498853, 0.18118429270004602, 0.10235196341249427, 0.10235196341249427]
[0.125, 0.125, 0.125, 0.125, 0.125, 0.125, 0.125, 0.125]
[0.125, 0.125, 0.125, 0.125, 0.125, 0.125, 0.125, 0.125]

