Action: 0
[0.11635808550042143, 0.09774837673782644, 0.261582728655586, 0.09774837673782644, 0.13331730215486035, 0.09774837673782644, 0.09774837673782644, 0.09774837673782644]
[0.20636547369299116, 0.10056147251389545, 0.1761506866097597, 0.10056147251389545, 0.11467647712777188, 0.10056147251389545, 0.10056147251389545, 0.10056147251389545]
[0.10381716291206294, 0.10282617876080552, 0.2792216819074861, 0.10282617852799764, 0.1028302584035883, 0.10282618243206426, 0.10282617852799764, 0.10282617852799764]
[0.125, 0.125, 0.125, 0.125, 0.125, 0.125, 0.125, 0.125]
[0.1598460272406908, 0.09759039006449177, 0.22030214349751032, 0.09759039006449177, 0.13189987893932917, 0.09759039006450261, 0.09759039006449177, 0.09759039006449177]
[0.11838309007551139, 0.2019759797450248, 0.17470097622640973, 0.1009879898725124, 0.10098799446300447, 0.1009879898725124, 0.1009879898725124, 0.1009879898725124]
[0.125, 0.125, 0.125, 0.125, 0.125, 0.125, 0.125, 0.125]
[0.125, 0.125, 0.125, 0.125, 0.125, 0.125, 0.125, 0.125]

Action: 1
[0.10487006859383594, 0.10264957989544538, 0.10264957989544538, 0.10264957989544538, 0.2053585192019101, 0.17652351272702707, 0.10264957989544538, 0.10264957989544538]
[0.1111111111111111, 0.1111111111111111, 0.1111111111111111, 0.1111111111111111, 0.1111111111111111, 0.2222222222222222, 0.1111111111111111, 0.1111111111111111]
[0.10140161207726414, 0.10140161205333274, 0.10140161205333274, 0.10140161205333274, 0.11433993857944591, 0.2772503890766263, 0.10140161205333274, 0.10140161205333274]
[0.125, 0.125, 0.125, 0.125, 0.125, 0.125, 0.125, 0.125]
[0.10005537822303892, 0.10005537822303892, 0.10005537822303892, 0.10005537822303892, 0.2582848039661883, 0.14138292669557823, 0.10005537822303892, 0.10005537822303892]
[0.10033908127665908, 0.10033908127665908, 0.10033908127665908, 0.10033908127665908, 0.13760655119414003, 0.26035896114590534, 0.10033908127665908, 0.10033908127665908]
[0.125, 0.125, 0.125, 0.125, 0.125, 0.125, 0.125, 0.125]
[0.125, 0.125, 0.125, 0.125, 0.125, 0.125, 0.125, 0.125]

