0.125 0.125 0.125 0.125 0.125 0.125 0.125 0.125
0.09592326139088728 0.15987210231814547 0.08633093525179857 0.14388489208633093 0.11990407673860912 0.19984012789768185 0.10791366906474821 0.08633093525179857
0.08769198837691987 0.1551473640514736 0.07644942576449425 0.13525667635256675 0.10523038605230385 0.18617683686176836 0.0917393109173931 0.1623080116230801
0.09848805527924762 0.07755934353240751 0.19697611055849523 0.15511868706481502 0.08586138152549792 0.07904198308588142 0.17172276305099585 0.13523167590265928
0.1094543325256844 0.08619528686397647 0.1550700226018325 0.10343434423677177 0.13681791565710552 0.11555366903013803 0.16418149878852661 0.12929293029596467
0.0860255228780776 0.15219900201506037 0.07499660968858048 0.132686309449027 0.10323062745369313 0.20164242555043244 0.08999593162629657 0.15922357133883241
0.0962584285415646 0.07580351247648213 0.2059162940050037 0.15160702495296427 0.09195726652269381 0.07845203788008172 0.16783520873913826 0.13217022688207142
0.07209616608643393 0.12016027681072322 0.115889261890458 0.14419233217286787 0.09794745052322186 0.1613298481705594 0.1081442491296509 0.1802404152160848
0.08995487777839385 0.1499247962973231 0.09643796015242369 0.13493231666759078 0.13061331923209296 0.21597810237092804 0.10119923750069311 0.08095939000055448
0.06920250327878254 0.12243519810861525 0.08650312909847815 0.15304399763576906 0.08304300393453903 0.19831561586271926 0.1038037549181738 0.18365279716292285
0.10502833325893136 0.08270981244140846 0.14425168486433806 0.09925177492969015 0.14950310152728463 0.13764807442783758 0.15754249988839705 0.12406471866211267
0.08336753762107824 0.14749641271421535 0.07267939177222205 0.12858661621239287 0.1000410451452939 0.22630978695325976 0.08721527012666645 0.15430393945487145
0.1256751966045463 0.0989692173260802 0.16934719710928986 0.11876306079129625 0.1329290297310567 0.11930368078722915 0.1314755902939869 0.10353702735651467
0.07772269119046706 0.11519970449394475 0.10722829602898315 0.1382396453927337 0.11142894830232435 0.17370142380607956 0.10367973404455028 0.17279955674091713
0.09158571722382194 0.14177039409735367 0.09069635189418475 0.1275933546876183 0.13205321647256324 0.2440499367961733 0.09569501601571374 0.07655601281257099
0.10532699090220557 0.08502299265599728 0.13165873862775695 0.10627874081999658 0.1263923890826467 0.15979517257409265 0.15799048635330837 0.1275344889839959
0.10588096488678202 0.08547017647487223 0.1323512061084775 0.10683772059359029 0.14219987507674886 0.14023334481704777 0.15882144733017303 0.12820526471230834
0.13448673382442453 0.09862797869686388 0.1527261610417855 0.12328497337107984 0.12483704436779937 0.1176270877264681 0.13745354493760695 0.11095647603397187
0.10181561788652038 0.07071404065918084 0.22725024365637467 0.14142808131836168 0.09968789897270663 0.07924114177634102 0.1565666997093788 0.12329627602113583
0.0945460349215309 0.14299169366539155 0.11589796405602852 0.1286925242988524 0.13081159802612924 0.21332527722861672 0.09651939322413931 0.07721551457931143
0.07690171211039025 0.11715531745985377 0.08277277864011408 0.1464441468248172 0.08962250456267956 0.2120432298442277 0.0993273343681369 0.17573297618978065
0.07242696630111878 0.11209435124179634 0.09540315213000096 0.13451322149015563 0.10064503225419745 0.21589083360241973 0.10088491611761673 0.1681415268626945
0.0632742470085623 0.09347555414621081 0.06121953252312429 0.08412799873158974 0.1373550818129427 0.29133798983648307 0.10095359847790768 0.16825599746317949
0.07110927887618047 0.11320865157515214 0.07998437339548793 0.14151081446894018 0.0953368626271435 0.23305579361978196 0.09598124807458552 0.1698129773627282
0.10117422178098014 0.0707605727936003 0.21180781087526865 0.1415211455872006 0.09501208346551869 0.09967703084339441 0.15666972568058024 0.12337740897345696
0.09919789981993753 0.14007894280593475 0.11549999284513131 0.12607104852534126 0.12747703140716252 0.22147916908728196 0.09455328639400597 0.07564262911520477
0.06457272882491304 0.09745067291853059 0.048019172162754205 0.08495699690333436 0.1345573277991062 0.3044907632591846 0.09603834432550841 0.16991399380666872
0.09937591127139173 0.07196212366382597 0.17829421683873298 0.14392424732765194 0.0994157953222567 0.11703108782639426 0.1604647951548597 0.12953182259488674
0.10207798390200308 0.06830273457522106 0.2503450218618779 0.1366054691504421 0.09429936791116605 0.07804960533862647 0.15122786979617522 0.119091947464488
0.06903046633268177 0.09717555569019978 0.08707049179960384 0.08745800012117981 0.1442785156336404 0.23512137003491898 0.10494960014541577 0.17491600024235962
0.07210259011028879 0.1137361084625328 0.08741698824887428 0.142170135578166 0.0967483543351098 0.22079322078777752 0.09642843978345174 0.1706041626937992
0.11135985287011235 0.07770874436927708 0.14537747479610905 0.09325049324313249 0.15304740932279284 0.15467625290318046 0.14801665594148014 0.1165631165539156
0.07824068496791654 0.11586370398912725 0.09378081193439711 0.14482962998640908 0.09961750139741117 0.19563984096765757 0.09823227077339051 0.1737955559836909
0.10126248638713702 0.07000685216250016 0.2211135165426661 0.14001370432500032 0.09755800651678383 0.09298127841749917 0.1550009262368746 0.12206322941153876
0.07913521555263027 0.11154808335333842 0.12801894259665994 0.1338577000240061 0.10514335697350792 0.1745813014518452 0.10039327501800459 0.16732212503000762
0.06423238558044782 0.09376743036403296 0.06794587249837014 0.08439068732762965 0.14347908979019616 0.2761343349909084 0.10126882479315558 0.1687813746552593
0.07056082332642133 0.11202219897326494 0.08463288975431521 0.1400277487165812 0.09539762356958936 0.23435007459216245 0.0949753426077681 0.1680332984598974
0.11160200939907763 0.0891828765829199 0.13465841318952854 0.10011482117400483 0.1391531741961695 0.1563235142445552 0.1488274058049385 0.12013778540880578
0.10937375981830347 0.07706320770903155 0.1990203662776735 0.14132310394861683 0.0982236933175662 0.09024036097264025 0.1575647144024131 0.12719079355375515
0.10230947628750996 0.06737705135877155 0.26204203342282795 0.1347541027175431 0.09375537831065182 0.07310569114946205 0.14917833105075995 0.11747793570247346
0.08053424053921011 0.12393498971998014 0.11996710709247568 0.14501613004564493 0.09173960751049196 0.16642980257168147 0.09835876646574178 0.1740193560547739
0.10082420481775842 0.06947102197502641 0.23296848571795917 0.13894204395005283 0.0952040077877797 0.08764672021004911 0.15381455414902062 0.12112896139235377
0.07902365035135069 0.11142203728747135 0.1312250906856437 0.13370644474496562 0.10455961176612681 0.17265027567451044 0.10027983355872423 0.16713305593120703
0.11563896368675444 0.08829710785297976 0.1514574894891638 0.09911235838319118 0.13980509271157943 0.13941698027969832 0.14733717753680362 0.11893483005982941
0.10754226954151719 0.07497808853826839 0.21683814141365998 0.13738051373005403 0.1010101590200197 0.08543934486756598 0.15316902053186618 0.12364246235704864
0.08000440017552217 0.11170978320635898 0.12789067609780552 0.13405173984763077 0.10605085637997777 0.17218906459744318 0.10053880488572309 0.16756467480953846
0.06445747687205888 0.10762544088925816 0.06137043733801413 0.08411778082679794 0.1353746125671955 0.28372902457061244 0.09508966528246722 0.16823556165359588
0.12768602074534727 0.0998297620962261 0.15861073870915723 0.1120389976774816 0.1314045065867477 0.1446797549841444 0.12491512129116232 0.10083509790973343
0.1449242448865582 0.09731575567754479 0.18660062949823203 0.11003312233858611 0.1281415027619179 0.11127621475195015 0.12267871998048333 0.09902981010472751
0.11463320195560435 0.07333608257187081 0.236405344363957 0.13295508117067484 0.09627430209223513 0.07850142130773102 0.14823499348431954 0.11965957305360735
0.1238734630784281 0.08242736319155004 0.19007204869349797 0.09568491143393719 0.13904214007359814 0.11183613236318717 0.14224204744507676 0.11482189372072461
0.08456184942827373 0.12118470383106998 0.11747567704969408 0.13928340104927073 0.10014353265869458 0.1757402740121926 0.09447048071167928 0.16714008125912486
0.11305291725456258 0.07734390014088927 0.15524295231503496 0.09281268016906713 0.15553007459587542 0.1426799107591621 0.14732171455407478 0.11601585021133388
0.08227039648632481 0.11999072559705105 0.10983253728988557 0.13859957309693596 0.10255028831326915 0.1864303245301147 0.09400666697009571 0.16631948771632316
0.07705383035235841 0.1253857497230929 0.10070651885824422 0.13931663375489375 0.09336640948923476 0.20249787616081014 0.09449302115549317 0.1671799605058725
0.08850321078165418 0.14620557850665009 0.11471915120447439 0.16165731429619648 0.07985732707015931 0.1813314623497019 0.08223437292458691 0.14549158286657682
0.13761982327338765 0.09363804964149514 0.18668064121578518 0.11236565956979418 0.12581921276665298 0.12152340359054065 0.12439340416354908 0.09795980577879491
0.08693341208143786 0.12190856634709063 0.11635595003972858 0.13853024108976583 0.09739699388198551 0.1786789054696487 0.09395964178262378 0.16623628930771897
0.10471503161768492 0.06889829833032467 0.23026501275676944 0.13779659666064933 0.09636303704319663 0.08928516035813237 0.15254649691370215 0.12013036631954045
0.08237165388105391 0.12120180163854746 0.1267840982199362 0.14131407043286823 0.09369231671577502 0.16921137029877972 0.09584780429359759 0.16957688451944183
0.10361207091560426 0.06878934086047868 0.23482895084444763 0.13757868172095736 0.09540635750706203 0.08753895284119596 0.15230525611762472 0.11994038919262948
0.08218689814945405 0.12119998359830612 0.1277326771992941 0.14132525990705672 0.09353386289675965 0.16857561268457083 0.09585539367609064 0.16959031188846804
0.10354186973907514 0.0687665528095208 0.23525273113963105 0.1375331056190416 0.09534289032622459 0.08740739268649865 0.15225480149930531 0.11990065618070296
0.0980298676764759 0.14458098755193036 0.10634671401080477 0.11758206394649695 0.11156739569754122 0.2010431814433306 0.079751312937624 0.14109847673579634
0.10712352020319986 0.07827873140765228 0.21435004044564168 0.1357828919705642 0.09535902754118797 0.09551339416270677 0.15138779149553946 0.12220460277350778
0.0826077300943565 0.12199449953074802 0.1253276041584715 0.14092600249200748 0.09329259352675175 0.17115577421267675 0.09558459299457898 0.16911120299040897
0.10369433800467327 0.0688114006536399 0.2342928155137086 0.1376228013072798 0.09535763199226509 0.08788806179339298 0.15235409831330934 0.1199788524217311
0.07227622583991249 0.10646631743882842 0.07964098214408744 0.08656082391742902 0.13697807222843578 0.24710456442892037 0.09785136616752846 0.17312164783485803
0.10176371585526446 0.07602007177461356 0.2057061309712926 0.1366155427074038 0.10050203964979075 0.10412237567597041 0.15231613492900095 0.12295398843666343
0.10518237063593727 0.07149679550934844 0.2562707535410727 0.1324279822457114 0.09095848944811545 0.07683110707994874 0.14764731751872598 0.11918518402114026
0.10412030571755732 0.06987580817858453 0.27546485302670526 0.12993834903348572 0.08775049841000665 0.07103410922290579 0.14487156228061765 0.11694451413013715
0.10315231899499484 0.06923663501163613 0.2827544283543306 0.12892387280204892 0.08658108600333421 0.06957967632206427 0.14374049698974709 0.11603148552184402
0.10265554958562206 0.06898895821201412 0.2855533469216857 0.12853096425818875 0.0861428548970896 0.06914802500815403 0.1433024332848761 0.11567786783236986
0.10243609257201362 0.06889291153039104 0.2866416527549353 0.12837840771831857 0.08597566453519849 0.06900235981491888 0.1431323441277373 0.11554056694648672
0.12001594216625427 0.080744229464255 0.210398516801601 0.09404667471694124 0.134326316257828 0.10780561239835304 0.13980669853443803 0.11285600966032949
0.10798104703029224 0.07066317453102042 0.25728989333374275 0.13006979576316627 0.09548078942769937 0.07643436815247547 0.145018115574754 0.11706281618684963
0.10451822274004588 0.06961651375129652 0.2762550880720505 0.1295344741078882 0.08828628473824299 0.07078711801488026 0.14442127187849624 0.1165810266970994
0.10317212564096842 0.06915094915857888 0.28331460527528185 0.12879022817883107 0.0865928409419378 0.06947655223511558 0.14359149320833847 0.11591120536094796
0.10263547322201834 0.06895034465375738 0.2858884476862716 0.1284669742119023 0.08610677594621569 0.0691006183304795 0.14323108915864333 0.11562027679071207
0.10242748651172723 0.06887300138618654 0.28682181167171733 0.12834469044037056 0.08594955014914316 0.06897848656548175 0.14309475187904003 0.1155102213963335
0.12002536196321553 0.0807344279735102 0.2104716774064071 0.0940364664044611 0.1343071706473186 0.10778961272743098 0.13979152319230337 0.11284375968535332
0.1079865070054371 0.07065739380560368 0.25733705541425683 0.13005985173101905 0.09547145962510709 0.07642683713965746 0.14500702872100185 0.11705386655791715
0.1045240777788377 0.06961282138823237 0.2762821159260627 0.1295279983656764 0.08828091237003732 0.07078282373285023 0.14441405190919443 0.11657519852910876
0.10317934246166324 0.06914859289974011 0.2833282090995558 0.12878606896823053 0.08658954595960884 0.06947392254088626 0.14358685599890775 0.11590746207140748
0.10264377481607381 0.06894875416566693 0.28589420388028175 0.12846412522788284 0.08610462013121935 0.06909889631970835 0.14322791275407235 0.11561771270509456
0.10243645507526684 0.06887181551191568 0.28682335006500953 0.12834252551219416 0.08594799808429082 0.06897724464466314 0.14309233814568512 0.11550827296097474
0.10235824748605572 0.06884347446462516 0.28715932623638385 0.12829812695095288 0.08589430615992803 0.06893536738297017 0.14304283706322657 0.11546831425585762
0.12000857370944211 0.0807254309804678 0.21057126777245527 0.09402826879922542 0.13428265521261548 0.10777054406518827 0.1397793369015351 0.11283392255907049
0.10775040997329396 0.0704520401128213 0.25696182347612034 0.12963864798671415 0.0977320614455496 0.07625281583824099 0.1445374179792171 0.11667478318804274
0.10429444350400902 0.06944235206662525 0.2758237798880888 0.12920613090064126 0.09027130013384982 0.07062128199056857 0.14405519370564032 0.11628551781057712
0.10297112272216333 0.06899800083412928 0.28287684016449766 0.12849985194848 0.08840765499895305 0.06932891719677968 0.143267745381365 0.115649866753632
0.10244497757370102 0.06880376313930121 0.285456469220609 0.1281866651861803 0.08786148406889377 0.06896007663020494 0.14291856551354729 0.11536799866756225
0.10224067021887316 0.06872813279790578 0.2863939046294045 0.12806702501507364 0.0876846096704378 0.06884015950360454 0.14278517565113433 0.11526032251356629
0.10216326766383976 0.06870006430755944 0.28673395550315073 0.12802303569052195 0.0876241227278587 0.06879869114855511 0.1427361308370446 0.11522073212146976
0.10213444077995593 0.06868982085910794 0.2868572586325921 0.12800703770395563 0.08760284796576542 0.06878396584916015 0.14271829427590277 0.11520633393356008
0.10212381941583377 0.06868610220599813 0.2869019684170797 0.12800123652571158 0.08759525658189578 0.06877867758525627 0.1427118263950844 0.11520111287314042
0.08140764852980724 0.12000596058965413 0.14295283862836886 0.13977500577825838 0.09310231739806131 0.16022230517929512 0.09480391696264483 0.16773000693391005
0.10281225941070118 0.0683623470312325 0.24121982423350316 0.136724694062465 0.0947322909789126 0.08559284047703768 0.15135985667476792 0.11919588713137977
0.09748887634069758 0.14361545122172184 0.11056794879364984 0.11676052086826735 0.11302668545067382 0.1992337998680699 0.07919409241499871 0.1401126250419208
0.10628715402096492 0.07758920400709496 0.218734745329121 0.13457107445705213 0.09705572454385665 0.09461142522844725 0.1500367054021163 0.1211139670113469
0.10541700984028275 0.0709802014840208 0.2619379643728107 0.13120889644777714 0.09141864188762751 0.07466115133390029 0.14628812783058137 0.11808800680299943
0.08210721831456995 0.12051646283761883 0.1374639770694597 0.14008992928812333 0.09399492136706565 0.16270205872112234 0.09501751725629236 0.168107915145748
0.13916348153818514 0.09241710077247506 0.1935299193245245 0.11090052092697007 0.12829924753565847 0.11623578902024582 0.12277143545842842 0.09668250542351237
0.07572993881401384 0.10541543573817252 0.07336381256237268 0.08355949730352297 0.14494865191407147 0.2554051068916006 0.09445856216919987 0.16711899460704593
0.1138723524032976 0.08421896883337257 0.14155593890430623 0.09459515907472037 0.1550613319385805 0.15656000058528008 0.14062205737077835 0.11351419088966444
0.08208541118105998 0.11963028943958759 0.10870910130849745 0.13713156307244256 0.10461976769642402 0.1902550184007049 0.09301097321435235 0.1645578756869311
0.10355394636048354 0.07661064351255836 0.21959051849451622 0.13611792899598346 0.09620480550332376 0.09365468826063049 0.1517613327761189 0.12250613609638514
0.1048544083818645 0.07096465543958516 0.2624088845445964 0.13131921345519035 0.09131000592406052 0.0745444170837971 0.14641112306123463 0.11818729210967133
0.08201347705845131 0.1205226779662369 0.1375728036889346 0.14010034300034913 0.09397863805725631 0.16266706815855084 0.09502458046980203 0.16812041160041896
0.10311970957476566 0.0684930976817543 0.2391047681465229 0.1369861953635086 0.0950829980454038 0.08614001919887981 0.1516493493645679 0.11942386262459724
0.07201574882696346 0.10603463430450884 0.081327548728637 0.08619767878239674 0.13916134070576913 0.2454268368111785 0.09744085427575284 0.1723953575647935
0.1012559948407736 0.07560662870180294 0.206937464115173 0.13584677441509665 0.10313284881449217 0.10349917648522833 0.15145901565384653 0.12226209697358699
0.10469172098411121 0.07113580422796084 0.2575571509126532 0.13176197636814863 0.09293211062005202 0.0764306874885657 0.14690477066717464 0.11858577873133377
0.13829001472887414 0.09277912195169842 0.2302096766046501 0.10783608575094525 0.11929673875850562 0.09430669688625758 0.12022918814321804 0.09705247717585072
0.08695174873550299 0.12124610487388254 0.12919152935989764 0.1377271386132465 0.09825236333533124 0.16794361994769344 0.0934149287985498 0.16527256633589577
0.07794868810207227 0.12519586874607747 0.10665638408346255 0.13880583369068328 0.09516044735214493 0.19551921213697182 0.09414656545976778 0.16656700042881992
0.10270642117587106 0.07710270630319588 0.21888229206477347 0.1362930118519587 0.09574049364373545 0.09465482719905617 0.15195653709464646 0.12266371066676282
0.10458710083764726 0.07092875088372992 0.2619741100662779 0.1311717907391075 0.09238287999190696 0.07465399808163603 0.14624675773449747 0.11805461166519676
0.1034361708231419 0.06936744460925488 0.2776973092246086 0.12900166118235548 0.09031462219757044 0.07025407167026297 0.1438272252286859 0.11610149506411994
0.10261690894631406 0.06885543759954478 0.28338715730812564 0.12822407093395458 0.08940838431164318 0.06914610692901665 0.14296027013084187 0.11540166384055911
0.10223550925740997 0.06867745907138394 0.28544645092897414 0.12794941840309437 0.0890541164437615 0.06882851627720102 0.1426540530553903 0.11515447656278492
0.10207969241525616 0.06861441492536038 0.2861927956316874 0.12785167872325598 0.08892179065008289 0.06872803619705037 0.14254508060637644 0.11506651085093038
0.10201953583884744 0.06859185020960344 0.2864636068969194 0.12781661423422572 0.08887327776663778 0.0686941759251025 0.14250598631786063 0.11503495281080316
0.1019969481787445 0.06858372135650556 0.2865619460913738 0.12780396478907233 0.08885562053212914 0.06868234761150645 0.14249188313050304 0.11502356831016511
0.09335579731594984 0.13758779482717334 0.16396168892853696 0.16024565621278103 0.08132859589923247 0.13778310762962623 0.08151626859519731 0.14422109059150293
0.1045040050792679 0.0679479696060199 0.24955907496100935 0.1358959392120398 0.09174557370266259 0.08143166354850896 0.1504423909876875 0.11847338290280392
0.0978048899613551 0.14342002614121271 0.11212039186134613 0.11662532615674263 0.11373143468843622 0.19724514467041687 0.07910239513239933 0.13995039138809115
0.1061621063690324 0.07741012041566239 0.21906178488427716 0.13423679310541145 0.09852414978794916 0.09412792500139064 0.14966400664140647 0.12081311379487028
0.10524343139960891 0.07084050102719071 0.2618173577386263 0.13094857009112215 0.09282601737303697 0.07447252591815384 0.14599788337025107 0.11785371308200991
0.1035718340916504 0.06935050866916413 0.2776081818393193 0.12897913017171933 0.09039179010218225 0.07021523313817211 0.14380210483324526 0.1160812171545474
0.1026476929939403 0.06885418010627604 0.2833496485067655 0.12822364421335858 0.08942389614058656 0.06913986387782804 0.14295979436922218 0.11540127979202272
0.13663358900347142 0.09177824692459298 0.23839948118066426 0.10686719081155269 0.11901319721867648 0.09197888053925696 0.11914894259138786 0.09618047173039741
0.11019455524294251 0.07022362144581003 0.266701787876024 0.12771058710425737 0.09516710551702329 0.07267504043969285 0.1423877739804183 0.11493952839383163
0.10434804637362276 0.06904320610374166 0.2790943636100882 0.12845413191017865 0.09055572850602212 0.06967903382658365 0.14321677095060217 0.1156087187191608
0.13722971090517988 0.0918581205387403 0.2369430737121404 0.1069422474955012 0.1193898430498968 0.09215635635984501 0.11923262519274536 0.09624802274595107
0.1103750604155497 0.07025908966498325 0.26614386266249396 0.12776618327782338 0.09528199583416279 0.07273448362996973 0.1424497595649762 0.11498956495004106
0.12175350595792624 0.0805321724380635 0.203265180019116 0.09364041100681554 0.14086185789880326 0.10837561922812931 0.13920276024296757 0.11236849320817864
0.10814215809696268 0.07037831287677886 0.253692150404603 0.12948646513312545 0.1010595740947419 0.07633577531958007 0.14436774545439507 0.11653781861981291
0.10433024741381618 0.06936743717307149 0.27432740982568393 0.12905228372761077 0.09230796791806778 0.07058393299805654 0.1438836655888436 0.11614705535484969
0.08175587192370047 0.11999473507247788 0.14009108393257708 0.1396582810449001 0.09538851553522092 0.16079682809374596 0.09472474714349748 0.1675899372538801
0.11675418887412985 0.08646902907633294 0.16523219820010193 0.09598672822384834 0.14433230920186743 0.13335075418054482 0.14269071837455663 0.11518407386861801
0.1083801567987667 0.07175879750735731 0.23922680157795484 0.1312976711233731 0.1032487703980294 0.08153279361458778 0.1463871049688951 0.1181679040110358
0.1048913195299596 0.06982301264708381 0.2690112460601775 0.1297408462144619 0.093325737525003 0.071789715053876 0.14465136137642245 0.11676676159301572
0.10318986340551202 0.06905610980645263 0.2801375033530279 0.12854328854291913 0.09050389123252321 0.06956421002831012 0.14331617394262772 0.1156889596886272
0.10244179223072102 0.06874247862299944 0.2842120897705194 0.1280442403835123 0.08961122322040306 0.06894858693939475 0.14275977248728908 0.11523981634516108
0.1021379392869266 0.06862310229747323 0.28569590685880314 0.12785650076404964 0.08931111579509883 0.06875412748799635 0.14255045682200757 0.11507085068764468
0.11939735448200839 0.08026024594411756 0.2093689098501627 0.09347120687620171 0.13920193399624958 0.10718367366146431 0.1389512269383536 0.11216544825144205
0.10740543679050756 0.07022392598731746 0.25604374695087073 0.12923135562156976 0.10070655697427679 0.07599744022901131 0.14408331738703375 0.11630822005941278
0.10407566139665883 0.06929212732448453 0.27518114076490446 0.12892728480657598 0.09227834028779078 0.07046658797349953 0.14374430112016753 0.11603455632591839
0.10279269568710925 0.06886569355641148 0.2823811777254227 0.1282477291608221 0.0901030575957503 0.06920004274148442 0.14298664728825988 0.1154229562447399
0.13664726874774138 0.09175293916970677 0.23800831430750566 0.10683326030319062 0.11952775290946803 0.09196941768282443 0.11911111260669163 0.09614993427287157
0.11017296348931828 0.07019695704835394 0.26648648435653916 0.12765740959348376 0.09561247269757858 0.07265355915621424 0.1423284850243767 0.11489166863413541
0.10431837411528008 0.06901841474740994 0.2789613288873543 0.12840635985478363 0.0909099864558259 0.0696563033961254 0.14316350867391547 0.11556572386930526
0.10271398350988932 0.06875107423006935 0.2837471604779713 0.12806369800903764 0.08970947808844221 0.06897581118876796 0.14278146628768823 0.11525732820813388
0.1022113442733165 0.06863227532020609 0.285520934944387 0.1278726959157519 0.08934179763822854 0.06876701237637119 0.14256851320756217 0.11508542632417669
0.08132263320096944 0.11979542090540235 0.14254044902191057 0.13951284252549534 0.09480302611683639 0.15998411531193366 0.09462610188685769 0.16741541103059435
0.10233480580525212 0.07584889849675512 0.2330914563532549 0.134737508521862 0.09488827949023981 0.08761302669903358 0.15022226696392674 0.1212637576696758
0.12059734763568002 0.08172298578805787 0.19368886386651954 0.09455767584839804 0.14232467642947644 0.11307290337647023 0.14056633603732008 0.11346921101807764
0.10822541832063781 0.0707038769957983 0.25007330696874636 0.1299440362898777 0.10185672949895833 0.07736909611801897 0.14487790314707258 0.11694963266088991
0.13900076373636835 0.09243773566849521 0.2270169124523489 0.10745082992210889 0.12333788335499504 0.09425047129128512 0.1197996566445005 0.09670574692989799
0.11106170512717385 0.07047980886727824 0.2622933260647607 0.12809471562061986 0.09670112547655459 0.07326802617519958 0.14281604860985525 0.11528524405855788
0.1046559500962329 0.06913491702210603 0.27741235083851734 0.12859172009801806 0.09125126125766676 0.06985108108697485 0.14337017151226789 0.11573254808821623
0.12018612549063168 0.08039889615526377 0.2068384979147142 0.09359076568680026 0.13996419335377372 0.10758364343427838 0.1391289591403777 0.1123089188241603
0.10766263358086432 0.07028534627194301 0.2550608171125655 0.1293280737365894 0.10095841111369802 0.07611830095389856 0.14419115086751086 0.11639526636293046
0.138675025459754 0.09228341508098346 0.2286644352722653 0.10731014787658937 0.12297770373899501 0.09386733282007613 0.11964280666240636 0.09657913308893042
0.11092887421452041 0.0704288741979125 0.26291315537987636 0.12801904249198026 0.09659650010344552 0.07316473665081213 0.1427316787186705 0.11521713824278224
0.1046033852860457 0.06911505080028753 0.2776375695602845 0.12856019406459412 0.0912261045590593 0.06981849873390496 0.14333502233768927 0.11570417465813472
0.1028201201787036 0.06878767246484922 0.2832603282101152 0.12812095543342847 0.0898254831449157 0.06903127663496009 0.1428453040429419 0.11530885989008564
0.10224972531548851 0.06864504271446187 0.2853408985848723 0.12789220277765873 0.08939284061481635 0.06878604558995698 0.14259026190285232 0.11510298249989286
0.10205494190637902 0.06858731850404015 0.28610270926510334 0.12780039280322494 0.0892465188565288 0.06869986450897184 0.1424879006328493 0.11502035352290245
0.1193645728733642 0.0802487792366375 0.20948711761782846 0.09346058478459289 0.13919145316731593 0.10715935409299661 0.13893543648575302 0.11215270174151147
0.09631610950047248 0.13802735446893688 0.14354663256618216 0.15875605759539058 0.09034399963355999 0.1493708781445598 0.08075851625504651 0.14288045183585152
0.10564732875556992 0.06830294323950234 0.24128615004597753 0.13660588647900468 0.09408237547363967 0.0837546729208681 0.1512283317960491 0.11909231128938869
0.08208840142656047 0.12012341671020037 0.13274803774083443 0.1400111975491595 0.09603326641380415 0.16601812650188924 0.09496411659856037 0.16801343705899138
0.10282296802720992 0.07610479853661958 0.2292270223403056 0.1351586677466246 0.09545896161976666 0.08889295268776744 0.15069182806974415 0.12164280097196215
0.1207915336143681 0.08179368838137091 0.19251012164684436 0.09461896177650198 0.14262367200457254 0.11346182675887427 0.1406574416856656 0.11354275413180236
0.08368557962435139 0.11978590915173082 0.12054401129513358 0.13758446291358292 0.10507602557384547 0.17490449849062628 0.09331815745443016 0.16510135549629948
0.10340859771853808 0.07622384079619929 0.22404458644491007 0.1353747920134923 0.09756377289764408 0.09061430681844816 0.15093279049862499 0.12183731281214308
0.1044993531819424 0.07068237874868281 0.2637682494753993 0.13081186051404822 0.09285263760143549 0.07380938362182739 0.1458454623940209 0.1177306744626434
0.10331488067250268 0.06927182764227957 0.2782842827648182 0.1288465429554622 0.09062296170167089 0.07004333562166351 0.14365427998168695 0.115961888659916
0.08155654629857954 0.11994749850599228 0.14095597000797228 0.13961198704260253 0.09514872558519917 0.16055154037528768 0.09469334773324346 0.16753438445112304
0.1024373132719735 0.07589585084063126 0.23246330464765336 0.1348030662951467 0.09503325333788089 0.08774909295231413 0.15029535898876806 0.12132275966563205
0.10401329968226508 0.07047262067763349 0.2669399491068333 0.1304589911121146 0.09210119461125695 0.07314881346459129 0.14545203934440237 0.11741309200090312
0.10309994984584528 0.06918198251624333 0.2794490090134746 0.12870235989580434 0.09037887065557837 0.06986217753673189 0.14349352663009826 0.1158321239062239
0.1197738071985002 0.0804007119623114 0.20749445731386243 0.0935890292802189 0.13972577372773318 0.10758300752574124 0.1391263778553702 0.11230683513626268
0.10754951086500171 0.07027291138699589 0.2553185075140717 0.12930460901221885 0.10091033109155943 0.0761049925682188 0.14416498945093653 0.11637414811099696
0.10412902229174811 0.06930979928412505 0.2749072844589266 0.1289542290305785 0.09236803906701704 0.07049847782091671 0.14377434191916738 0.11605880612752063
0.10281084068328125 0.06887086532956797 0.28227606174849246 0.12825497600269675 0.09015372570093146 0.06920932515646201 0.142994726976141 0.11542947840242707
0.10228086745769618 0.06867454618971368 0.2849837138719827 0.127937813614698 0.0894999340425469 0.06883797798777701 0.14264111458235731 0.11514403225322821
0.11944287512613994 0.08027040995088483 0.20914730907414714 0.09347858806401742 0.1393117961452834 0.10721251639291346 0.13896219956979305 0.1121743056768209
0.10741866249693338 0.07022570954727822 0.25595067654489456 0.12923270466913303 0.10077387216132186 0.07600411890382744 0.1440848214743916 0.11630943420221973
0.0822590096681769 0.12003024679380508 0.1359121562315417 0.13958198675460273 0.09728918702917937 0.1627560297053535 0.09467299971181752 0.16749838410552326
0.13393848548788997 0.10735253461329061 0.1879517183945681 0.10974228908968009 0.12468449550985891 0.11520795411207319 0.1223544626119269 0.09876806018071206
0.11091690853029226 0.07775367798107367 0.24680391712202077 0.12908768485086775 0.09789938427592901 0.07743637567463527 0.14392313519940028 0.11617891636578095
0.10482094072261072 0.07371180454231276 0.27118861398569216 0.1286761247603022 0.09168512327806301 0.07064460401488776 0.14346427641185933 0.115808512284272
0.10274682899269585 0.07272621892825336 0.2803942586335963 0.12778602420190005 0.08981039557002617 0.0690569711771625 0.14247188071465572 0.11500742178171004
0.10198642757921073 0.07239150016680075 0.2837885151242293 0.12738837078485069 0.08917178813404354 0.06859533767422556 0.1420285268302738 0.11464953370636562
0.10170450144904247 0.07226895936865758 0.2850317402008946 0.1272359764007916 0.08894457274101572 0.06844325261412236 0.14185861846476314 0.11451237876071244
0.08075683340194048 0.12582091979544563 0.1418239662405957 0.13847448048963387 0.094176313994133 0.15885628794119994 0.09392182154949079 0.1661693765875606
0.13334394146167675 0.1081869875303116 0.19002980899694635 0.10962282421654358 0.12370326359322725 0.11423136421273644 0.12222126819366874 0.09866054179488921
0.08512974377044705 0.13113015648181886 0.11899869594432637 0.13588492603543126 0.10009999539241636 0.1735291430394458 0.09216542809359686 0.1630619112425175
0.10317904083986623 0.08354438132282535 0.2222574179742251 0.1343188858718336 0.0960232972768262 0.09003444548013205 0.14975553394964133 0.12088699728465024
0.10412349235774886 0.07521454936542564 0.26246844283724763 0.13017790973648494 0.09224466472103114 0.07347216763242795 0.14513865458679737 0.11716011876283644
0.11993219560784182 0.08524677588661532 0.20193069360982396 0.09340546483157425 0.14017224014364021 0.1083725751491109 0.1388534969735044 0.1120865577978891
0.107384157363875 0.0748467253573487 0.25251168414007014 0.12880492797643914 0.100837754074524 0.07608243352327616 0.1436078823856717 0.11592443517879525
0.10383647793435087 0.07322596843104366 0.2733213567895551 0.12842831131194452 0.09212001444749793 0.07029440799437639 0.1431879829104814 0.11558548018075007
0.10245375307459456 0.0726148134184233 0.28117744900190983 0.12768748646003272 0.08983551513515246 0.06895022660982116 0.14236201848603647 0.11491873781402946
0.09282950931441586 0.14448209869538875 0.16175156961428777 0.15893149279522054 0.08122252704813518 0.1368966996384151 0.08084775937843829 0.14303834351569847
0.10453235544503287 0.068047866053504 0.248793365147368 0.136095732107008 0.09183845295781393 0.0813810970299027 0.15066356993531205 0.11864756132405826
0.08144744076795701 0.1253334702791045 0.13387088400019362 0.13902136614877728 0.09502835818062139 0.16418008855259944 0.09429275269221417 0.16682563937853273
0.10202592378342877 0.0825858318183688 0.22854234334004858 0.13400185805932896 0.09467814066738804 0.08816215848055016 0.14940207159749064 0.12060167225339605
0.10366670192246706 0.07495484446629476 0.26485418022866286 0.12992127252833977 0.09179649513038073 0.07302483719660317 0.144852523251746 0.1169291452755058
0.13684171262175873 0.09731876497167674 0.2315416049774602 0.10667427314976839 0.11994994567979404 0.09273299896941152 0.11893385379533877 0.09600684583479153
0.08591424560612701 0.12904808376180663 0.128528880103538 0.13596732937675088 0.09947751431310273 0.16568183253103838 0.09222131905553538 0.16316079525210103
0.10306223712751773 0.08304172111327414 0.22607378817596094 0.13392346364143773 0.09561313620389225 0.0884398687887517 0.1493146676718716 0.12053111727729396
0.10396423236982502 0.07505453971960159 0.2638903469972578 0.1299978900935106 0.09204272838259717 0.07311421523386552 0.14493794611918268 0.11699810108415952
0.10283872470116374 0.07310157582406972 0.27779004535426655 0.1281869305152127 0.09013575468751914 0.06965987011845906 0.14291886133561774 0.11536823746369144
0.10210110185352747 0.07250680261547594 0.2828500850964118 0.12751950799053088 0.08932116281433276 0.06875904740999472 0.1421747350282486 0.11476755719147781
0.10176268331183308 0.07230696199154482 0.28469148628155383 0.1272809665906853 0.08900381835553961 0.06849243436820876 0.14190877916901778 0.11455286993161677
0.10162478785636299 0.07223693786033011 0.2853623809808614 0.12719546051308422 0.0888849811271933 0.06840609092684914 0.14181344627354311 0.11447591446177578
0.1355867439093337 0.09639495652055324 0.23828375279186625 0.10609421675468142 0.11859324841101364 0.09127515233073102 0.11828713420260749 0.09548479507921329
0.10948934040387415 0.07511301844781572 0.265862933459075 0.12679893810156 0.09504915775772081 0.07219621416263194 0.14137135337591838 0.11411904429140401
0.12099843674708727 0.08495583064475078 0.20261248657475675 0.09306041496902566 0.14064448636667137 0.10771528955704233 0.13834055717783514 0.11167249796283077
0.1232755038516639 0.08568118751341683 0.18099636207944836 0.0921938910255627 0.154147149348925 0.11602082581379997 0.13705241113650812 0.11063266923067525
0.10867265326375278 0.07524506660086396 0.2440720520983839 0.12937014015609785 0.10423780065774789 0.07773110929668775 0.14423805178597776 0.11643312614048806
0.13860676662422053 0.09754357860452384 0.22418821706781633 0.10686243439525803 0.1235448726218063 0.09393430018846703 0.11914363954217574 0.09617619095573222
0.1106267873871775 0.0755682648547203 0.26045547323201634 0.12735054498567672 0.09645927197163008 0.07293781319465441 0.14198635388701566 0.11461549048710905
0.10426514674547462 0.07308679915051042 0.27618347761353124 0.12800891978534013 0.09095980605902701 0.06956743018311794 0.1427203926561926 0.1152080278068061
0.10244835501202107 0.0725223774087342 0.2822127241846741 0.127547045096073 0.0895107338355238 0.06876098703058785 0.1422054368459202 0.11479234058646572
0.1018576162755523 0.07232111021750366 0.2844506891808043 0.12730307386623915 0.08905702240091541 0.06850429444790626 0.14193342713146365 0.11457276647961524
0.08078716222290339 0.1258375007388928 0.14169724302426873 0.138482069435567 0.0942044749161815 0.15888609750494775 0.0939269688345585 0.16617848332268043
0.10162022154950165 0.08244465126414074 0.2316366142211865 0.13365903622579622 0.0942729001292313 0.08705359317010657 0.14901985083682057 0.12029313260321661
0.11992420261248948 0.0867640618319652 0.19269493391719972 0.09401071367614657 0.14158752947818617 0.1124524620406339 0.13975324003200298 0.11281285641137588
0.08297560785257105 0.1270881736950088 0.11988428597832396 0.13637300592431817 0.10419021951650768 0.17334462634063777 0.09249647358345059 0.1636476071091818
0.07630143263539373 0.13525279149160876 0.10342421648261434 0.13673519389863512 0.09600219642865629 0.19545980487087278 0.09274213151385688 0.16408223267836214
0.10171113368809442 0.08455914652974898 0.21621650391053984 0.13515409660941932 0.09572191797159144 0.09431178274923863 0.15068673159288992 0.1216386869484774
0.10402437552009554 0.07551481698551381 0.2602650341961913 0.13050215174812052 0.09239288646700679 0.07434863827715753 0.14550016023260604 0.11745193657330849
0.10298252156819589 0.07325399125008546 0.2764726397265188 0.12836665689057192 0.09032219587608713 0.06995276065529903 0.1431192428317272 0.11552999120151473
0.10217914528921394 0.07255912710429112 0.2823714806335902 0.12758269658523 0.08939937874122292 0.06883855912397342 0.14224518559577132 0.11482442692670698
0.10179644286536496 0.07232531672179553 0.28451730831675887 0.12730339535573296 0.08903405067371398 0.06851664467821658 0.14193378556825748 0.11457305582015966
0.08077586898880587 0.1258377918270393 0.14171140576655478 0.1384814382302692 0.09419919680287646 0.15889003179542704 0.09392654071270433 0.16617772587632304
0.10161721993048768 0.08244438812404821 0.23164239306331155 0.13365853164362795 0.09427154905960969 0.08705395143429151 0.14901928826535832 0.12029267847926516
0.10346889468452351 0.07485925387646557 0.26601152507919523 0.12977860259075386 0.09162019976129597 0.07276732475773957 0.14469345691834792 0.11680074233167846
0.11969548909537613 0.08514688327918894 0.2030043034834181 0.09334504069867935 0.13989869010543562 0.10813187205786773 0.13876367244161886 0.11201404883841522
0.08295041706161847 0.12676038547350857 0.12221201227575955 0.13636051166213425 0.10385304473690232 0.17174301558119873 0.09248799921431715 0.16363261399456108
0.10257135742942086 0.08292064141985989 0.22355692820180934 0.13419200719585272 0.09672583644965084 0.08964634913265845 0.14961407369448054 0.12077280647626744
0.10393876040889509 0.0751040029573708 0.26295181802503137 0.13011369890342175 0.09234744203156849 0.07337488436084787 0.14506706429978516 0.11710232901307958
0.10286511801555767 0.0731313513412929 0.2774463462156803 0.12823078083111558 0.09022609900039885 0.06972485068251282 0.1429677511654378 0.11540770274800403
0.10211867654515155 0.07251902018506462 0.28272474634645983 0.12753550541262218 0.08934981467491114 0.06877771100438769 0.14219257096004292 0.11478195487135998
0.10177082856827682 0.07231154702116956 0.28464578538816726 0.12728674905954399 0.08901340654049386 0.06849838307849121 0.14191522619026767 0.1145580741535896
0.10162813053994982 0.07223861245226805 0.28534569879646515 0.12719754506818828 0.0888883439986997 0.06840810818613918 0.14181577039692037 0.11447779056136945
0.10157277228536224 0.07221251762884336 0.2856009671965875 0.12716534794535558 0.08884246613174787 0.06837724265355126 0.14177987300773226 0.11444881315082002
0.08073023364721364 0.12580323643871252 0.14194809559827867 0.13846656524654552 0.09415116537051188 0.15882437245305236 0.09391645294983088 0.1661598782958546
