Action: 0
[0.10191161324499254, 0.08477851782583853, 0.3329405437459455, 0.08473274619206293, 0.1413819997327723, 0.08478908687426236, 0.08473274619206293, 0.08473274619206293]
[0.08627691777457389, 0.08627691777457389, 0.2678927370576552, 0.08627691777457389, 0.1957918927658122, 0.10493078130366326, 0.08627691777457389, 0.08627691777457389]
[0.19054689720500634, 0.07895031306138549, 0.16888660646024, 0.07851806105477525, 0.2145597237011739, 0.11150227640786857, 0.07851806105477525, 0.07851806105477525]
[0.125, 0.125, 0.125, 0.125, 0.125, 0.125, 0.125, 0.125]
[0.08965948402485997, 0.09089385648314197, 0.3435928088876894, 0.08096736476562921, 0.11423174028239774, 0.11872001602502338, 0.08096736476562921, 0.08096736476562921]
[0.15834063359373546, 0.08258064156855448, 0.31590765971090673, 0.08258064156855448, 0.08330875337370233, 0.11212038704743753, 0.08258064156855448, 0.08258064156855448]
[0.125, 0.125, 0.125, 0.125, 0.125, 0.125, 0.125, 0.125]
[0.125, 0.125, 0.125, 0.125, 0.125, 0.125, 0.125, 0.125]

Action: 1
[0.09515993219173625, 0.09515993219173625, 0.09515993219173625, 0.09515993219173625, 0.09515993219173625, 0.3338804746578461, 0.09515993219173625, 0.09515993219173625]
[0.1111111111111111, 0.1111111111111111, 0.1111111111111111, 0.1111111111111111, 0.2222222222222222, 0.1111111111111111, 0.1111111111111111, 0.1111111111111111]
[0.20178632373326041, 0.10089316186663021, 0.10089316186663021, 0.10089316186663021, 0.10089316186663021, 0.19285470506695843, 0.10089316186663021, 0.10089316186663021]
[0.125, 0.125, 0.125, 0.125, 0.125, 0.125, 0.125, 0.125]
[0.08655338502701715, 0.08655338502701715, 0.08655338502701715, 0.08655338502701715, 0.2811039454545676, 0.1995757443833295, 0.08655338502701715, 0.08655338502701715]
[0.08342369724590663, 0.185376050505473, 0.08342369724590663, 0.08342369724590663, 0.20886316773305924, 0.18864229553193462, 0.08342369724590663, 0.08342369724590663]
[0.125, 0.125, 0.125, 0.125, 0.125, 0.125, 0.125, 0.125]
[0.125, 0.125, 0.125, 0.125, 0.125, 0.125, 0.125, 0.125]

