Action: 0
[0.09924687175714876, 0.0992387243261161, 0.28823888945785775, 0.0992387243261161, 0.11632061713702128, 0.09923872434350793, 0.0992387243261161, 0.0992387243261161]
[0.16096890962447233, 0.09646361963682928, 0.13017118435164496, 0.0945677415102232, 0.23412532034616063, 0.0945677415102232, 0.0945677415102232, 0.0945677415102232]
[0.10121537303261353, 0.09699083451450784, 0.2478790812827086, 0.0969117798641768, 0.16570031961471696, 0.09747905196292274, 0.0969117798641768, 0.0969117798641768]
[0.125, 0.125, 0.125, 0.125, 0.125, 0.125, 0.125, 0.125]
[0.1305939937726659, 0.13467915077218687, 0.2600494170957969, 0.09493229924512418, 0.0949481728656854, 0.0949323677582925, 0.09493229924512418, 0.09493229924512418]
[0.0990461193729852, 0.09793584086378837, 0.25107433120932915, 0.09793462853690475, 0.16020517300887524, 0.09793464993430778, 0.09793462853690475, 0.09793462853690475]
[0.125, 0.125, 0.125, 0.125, 0.125, 0.125, 0.125, 0.125]
[0.125, 0.125, 0.125, 0.125, 0.125, 0.125, 0.125, 0.125]

Action: 1
[0.09875682880246617, 0.09869882507268224, 0.09869882507268224, 0.09869882507268224, 0.28569113107551003, 0.12205791475861263, 0.09869882507268224, 0.09869882507268224]
[0.09810696626349963, 0.09810696626349963, 0.09810696626349963, 0.09810696626349963, 0.17866392958541497, 0.23269427283358737, 0.09810696626349963, 0.09810696626349963]
[0.10727518575561863, 0.09676311664299017, 0.09654564724236642, 0.09654564724236642, 0.16014245178239317, 0.2496366568495324, 0.09654564724236642, 0.09654564724236642]
[0.125, 0.125, 0.125, 0.125, 0.125, 0.125, 0.125, 0.125]
[0.09769193666070083, 0.0976054170002173, 0.0976054170002173, 0.0976054170002173, 0.1423083373874474, 0.2719726409507653, 0.0976054170002173, 0.0976054170002173]
[0.1228236442685022, 0.16137917583479858, 0.09504158929465084, 0.09504158929465084, 0.09504158929465084, 0.24058923342344493, 0.09504158929465084, 0.09504158929465084]
[0.125, 0.125, 0.125, 0.125, 0.125, 0.125, 0.125, 0.125]
[0.125, 0.125, 0.125, 0.125, 0.125, 0.125, 0.125, 0.125]

