Action: 0
[0.13567868768132224, 0.091248341346452, 0.19576467125289107, 0.09096218420677608, 0.21345956289223036, 0.09096218420677608, 0.09096218420677608, 0.09096218420677608]
[0.27355183776781566, 0.09211472368169414, 0.1650593296996515, 0.09211472368169414, 0.10081521412406218, 0.09211472368169414, 0.09211472368169414, 0.09211472368169414]
[0.09484373999146056, 0.11902624480262546, 0.21452455172558071, 0.09475609873926029, 0.19161902447952203, 0.09571814278303045, 0.09475609873926029, 0.09475609873926029]
[0.125, 0.125, 0.125, 0.125, 0.125, 0.125, 0.125, 0.125]
[0.11929731108412762, 0.09522945627531802, 0.21406669636058742, 0.09522944655824744, 0.19048875003972282, 0.09522944656550185, 0.09522944655824744, 0.09522944655824744]
[0.09456028930157581, 0.0945534457075238, 0.17637703335853955, 0.0945534457075238, 0.2557646513377179, 0.0950842431720714, 0.0945534457075238, 0.0945534457075238]
[0.125, 0.125, 0.125, 0.125, 0.125, 0.125, 0.125, 0.125]
[0.125, 0.125, 0.125, 0.125, 0.125, 0.125, 0.125, 0.125]

Action: 1
[0.16321375475840402, 0.09498316077584018, 0.09498316077584018, 0.09498316077584018, 0.26688728058655486, 0.09498316077584018, 0.09498316077584018, 0.09498316077584018]
[0.09874234276059615, 0.09874234276059615, 0.09874234276059615, 0.09874234276059615, 0.1974846855211923, 0.21006125791523078, 0.09874234276059615, 0.09874234276059615]
[0.09516951780940185, 0.0951909911545553, 0.09516951780940185, 0.09516951780940185, 0.11907135730204442, 0.309890062496391, 0.09516951780940185, 0.09516951780940185]
[0.125, 0.125, 0.125, 0.125, 0.125, 0.125, 0.125, 0.125]
[0.09555033108812681, 0.09462128309704429, 0.09462128309704429, 0.09462128309704429, 0.1244312674687255, 0.3069119859579263, 0.09462128309704429, 0.09462128309704429]
[0.09331898853568364, 0.09331898853568364, 0.09331898853568364, 0.09331898853568364, 0.187629409758369, 0.25245665902752906, 0.09331898853568364, 0.09331898853568364]
[0.125, 0.125, 0.125, 0.125, 0.125, 0.125, 0.125, 0.125]
[0.125, 0.125, 0.125, 0.125, 0.125, 0.125, 0.125, 0.125]

