0.125 0.125 0.125 0.125 0.125 0.125 0.125 0.125
0.06578947368421052 0.10964912280701754 0.05921052631578946 0.09868421052631579 0.13157894736842105 0.21929824561403508 0.11842105263157893 0.19736842105263158
0.08769198837691987 0.1551473640514736 0.07644942576449425 0.13525667635256675 0.10523038605230385 0.18617683686176836 0.0917393109173931 0.1623080116230801
0.09848805527924762 0.07755934353240751 0.19697611055849523 0.15511868706481502 0.08586138152549792 0.07904198308588142 0.17172276305099585 0.13523167590265928
0.07370413051744652 0.12284021752907755 0.10442072891456226 0.14740826103489305 0.09213016314680815 0.1646799767874262 0.1105561957761698 0.1842603262936163
0.07207219194491879 0.12012031990819798 0.09488058098588074 0.14414438388983758 0.09009023993114848 0.1904035155603413 0.10810828791737818 0.18018047986229696
0.106966476934633 0.0842361005860235 0.13984705443766612 0.1010833207032282 0.13370809616829124 0.1473550848891733 0.16044971540194952 0.12635415087903523
0.06241618137734929 0.11042862859069491 0.054414106841791696 0.09627111210470839 0.12483236275469858 0.250267170437757 0.10882821368358339 0.19254222420941677
0.09435060621320883 0.0761625375456023 0.18870121242641766 0.1523250750912046 0.08491554559188794 0.0966213643658186 0.16983109118377587 0.13709256758208416
0.10684262764202702 0.08413856926809629 0.15095089460488723 0.10096628312171556 0.14421253834993447 0.12641729164815443 0.16026394146304054 0.12620785390214445
0.06983952523143662 0.12356223694792633 0.09951867693096102 0.1544527961849079 0.08380743027772394 0.17871669115799982 0.10475928784715492 0.18534335542188948
0.11225080608975824 0.08285318405815774 0.13829125811120754 0.09942382086978929 0.14207361102093655 0.143011955080709 0.15781558868220522 0.1242797760872366
0.05981894974657052 0.1058335264747017 0.058902839392219526 0.09226512564461173 0.11963789949314103 0.2747117007091014 0.10429970725043065 0.18453025128922346
0.12081577226559895 0.09752598484090516 0.1596360209137023 0.12190748105113147 0.10873419503903906 0.1457460691448061 0.1359177437987988 0.10971673294601832
0.13467250233916356 0.09744286747908659 0.1739475002044941 0.12180358434885823 0.10864152538339952 0.11806688760177632 0.13580190672924938 0.1096232259139724
0.11088518117228978 0.07292464415675283 0.2109821788828242 0.14584928831350566 0.08130553609715577 0.08417773970100499 0.16261107219431153 0.1312643594821551
0.10252375470758127 0.0729825907466332 0.22282626162250943 0.1459651814932664 0.09181991986881731 0.07504113876499333 0.16158945610976172 0.12725169668643735
0.07696899411585356 0.11659063216675979 0.11598790633313277 0.13990875860011173 0.10119693372005534 0.16952925786386328 0.10493156895008382 0.17488594825013967
0.06259574207706478 0.09697420008307804 0.06284458502572719 0.08727678007477024 0.13668521542675235 0.2743377810733425 0.10473213608972429 0.1745535601495405
0.07206106030865826 0.11503550211938837 0.09011131382161329 0.14379437764923547 0.07802407969836776 0.23089031360069456 0.0975300996229597 0.17255325317908254
0.13146684784290089 0.09659559118089782 0.17033679209339145 0.11591470941707739 0.12149362250297317 0.13481623949192903 0.12832234823542957 0.1010538492354008
0.12422489967928177 0.08173415230475788 0.16377115426237432 0.10216769038094732 0.1215033070082669 0.13211843414690141 0.15187913376033363 0.12260122845713678
0.08027826745961428 0.11672562790071271 0.10603939276818126 0.14590703487589088 0.08875523960374625 0.1882429631901814 0.09896303235060426 0.17508844185106906
0.1034662127836183 0.07146450350886376 0.21509455083875534 0.1429290070177275 0.0913720619020935 0.09284060244296229 0.1582282861571912 0.12460477534878808
0.06975575491473654 0.09830533010078193 0.07868047539464311 0.08847479709070376 0.136993104555516 0.24467118725336667 0.1061697565088445 0.17694959418140752
0.06290180001196104 0.09622778722921968 0.0540078591522094 0.08389089143060179 0.12381117362183167 0.3165455240757709 0.09483318161720201 0.16778178286120357
0.13089351903093369 0.09239396483247754 0.1569629619965224 0.11549245604059692 0.11610247492639073 0.15544594309127896 0.12876546964526253 0.10394321043653722
0.08373306507982316 0.11417205708149737 0.10944655493908069 0.14271507135187173 0.08662714917862144 0.195249968351677 0.09679804839518256 0.17125808562224606
0.0768774805620028 0.11162596187319794 0.10009392739397394 0.13395115424783754 0.09652465274911251 0.21302451467820033 0.10046336568587814 0.1674389428097969
0.0640887011652287 0.09659260142353737 0.05837144726183049 0.08420893457436592 0.1279629265118319 0.3051648112651907 0.09519270864928321 0.16841786914873183
0.09939128621853949 0.06985576012829785 0.1964892811794393 0.1397115202565957 0.09607239337045524 0.11697147176248693 0.15576791885324923 0.1257403682309361
0.11887154839323326 0.07823294110618059 0.18169421815366746 0.09779117638272573 0.1363531172360111 0.12433443531190379 0.1453731517570072 0.11734941165927089
0.1436828134762323 0.08871362819890226 0.20192163175071365 0.11089203524862783 0.12351887098537052 0.10783184483918708 0.12363634377720147 0.09980283172376503
0.11451623867761263 0.06629753909105703 0.25074650180955427 0.13259507818211405 0.09071578309033008 0.07795967176746041 0.14783361701796893 0.11933557036390263
0.12466404186364573 0.0767130222185737 0.19989264546157137 0.09589127777321713 0.13292327557458247 0.11229737891170696 0.14254882486884218 0.11506953332786056
0.14657645477365566 0.08759303020414334 0.2101256998039314 0.10949128775517918 0.12156899950068294 0.10402775412734507 0.12207461485540126 0.09854215897966126
0.09010668218087564 0.11228608023475167 0.1254171619536389 0.1403576002934396 0.0933193294672455 0.17488495749280575 0.09519906802511555 0.1684291203521275
0.1398881233741019 0.09020800729670238 0.18694715525612027 0.11276000912087798 0.12213062648377104 0.12086307501591112 0.12571899524372515 0.10148400820879017
0.13146711262625937 0.07557524538837128 0.1777342878004552 0.09446905673546409 0.14476119843651591 0.12219563315646359 0.1404345977739138 0.1133628680825569
0.11257279601899949 0.06574772258433799 0.2437070168545825 0.13149544516867598 0.10144456950350918 0.08007894094793593 0.14660760827015068 0.11834590065180839
0.10666570653679379 0.0650557835838468 0.2722219301673338 0.1301115671676936 0.09182581091106821 0.07195410360880669 0.145064687573533 0.11710041045092423
0.13944455647801512 0.0860922663407772 0.23737468517861937 0.10761533292597149 0.11916701966920419 0.09346927455657447 0.11998306521746374 0.09685379963337433
0.14861433058015672 0.08510715051910223 0.2229622879680939 0.10638393814887778 0.1251145542461712 0.09746204226747128 0.11861015193613687 0.09574554433399
0.13221006195662197 0.07423006139419136 0.1897598762523224 0.09278757674273921 0.147313450055104 0.11441891667822919 0.13793496482950485 0.11134509209128704
0.1283151181872765 0.07463099816745021 0.1792962185483093 0.09328874770931275 0.15450676781997158 0.1193356631844515 0.13867998913205298 0.1119464972511753
0.11151818651637734 0.06541381783102629 0.24642856419491055 0.13082763566205258 0.10293580195359613 0.07926807123939393 0.1458630505067959 0.1177448720958473
0.10622283174591463 0.06482525829911921 0.27463903148795815 0.12965051659823842 0.09183031417231174 0.07159593216269391 0.1445506505953494 0.1166854649384146
0.10409370287388961 0.06423881363175707 0.2856698448600222 0.12847762726351414 0.08894518922955319 0.0697019910879143 0.14324296651618665 0.11562986453716274
0.13823358740860509 0.08567793381779312 0.24268403799543037 0.1070974172722414 0.1179422670978645 0.09257145294907179 0.11940562791397659 0.09638767554501725
0.14803491918789216 0.08489903920250186 0.22550220519538935 0.10612379900312732 0.12454958157832437 0.09705892052795623 0.1183201162019942 0.09551141910281459
0.11426077883700789 0.06418862294006104 0.2648844233174601 0.1283772458801221 0.09546044303979277 0.07415791592859372 0.14313104876485255 0.11553952129210988
0.12391643305566497 0.07510112204301073 0.2057919676346355 0.0938764025537634 0.13976225002807624 0.10934656409264906 0.13955357752768408 0.11265168306451608
0.14489830393443326 0.08578987624853694 0.2130207781365465 0.1072373453106712 0.13125241488506492 0.1017260334707081 0.11956163723443489 0.09651361077960406
0.11401688453796151 0.0644991097803586 0.26011723111543555 0.1289982195607172 0.09716914342745644 0.07527762589602863 0.14382338807739664 0.11609839760464548
0.08450989795327186 0.11233663793692211 0.13930349740730413 0.14042079742115263 0.09571144785761483 0.1639708323544389 0.09524193216391223 0.16850495690538314
0.11896092370918296 0.07745609042435878 0.16734942589200436 0.09682011303044846 0.14353895817801157 0.13576075226628156 0.14392960086317413 0.11618413563653815
0.08433420463401532 0.11068719553480962 0.11648870218050096 0.13835899441851202 0.10520456889859621 0.1850520491648825 0.09384349186646902 0.1660307933022144
0.10473255550382549 0.06816500216059947 0.22493673751043103 0.13633000432119893 0.09777011312585954 0.0933708025517891 0.1519977809372173 0.12269700388907903
0.14037123887148295 0.08704794696658442 0.22214275381803072 0.10880993370823053 0.12317771922421164 0.09920651113368177 0.12131495594037046 0.09792894033740747
0.10212088022771461 0.12779749630310996 0.1494143476507619 0.15974687037888743 0.0875691521140584 0.14831653157433936 0.08126253841012969 0.14377218334099867
0.10836245830900791 0.06936170021582247 0.23551256979828133 0.13872340043164494 0.08872706182316872 0.08480195354146514 0.15357250678635498 0.12093834909425455
0.07371592430078362 0.09941710836835436 0.08219068601882815 0.08667132524420636 0.1398107137277786 0.2468753111407941 0.09797628071084198 0.17334265048841271
0.07493803771786914 0.10922191394540404 0.09556992268621314 0.13652739243175505 0.10280173218702086 0.22450694220339792 0.09260118791023386 0.16383287091810605
0.07609362043379667 0.11088742139740873 0.09973466882469423 0.1386092767467609 0.0963213203850215 0.21800931154014092 0.09401324857606393 0.16633113209611308
0.10332292669406168 0.06853379574351037 0.21809278239542573 0.13706759148702075 0.09695586260179831 0.09984607315657408 0.1528201355832903 0.12336083233831867
0.14009107503347035 0.08714450212330362 0.2197338755482036 0.10893062765412953 0.12372770915952787 0.10088512490961143 0.12144952068303695 0.09803756488871657
0.10200675341128852 0.12768893790231658 0.14870978438275828 0.1596111723778957 0.08816988670303516 0.14896990065558305 0.08119350942701652 0.14365005514010612
0.10764977590213158 0.06885540776350128 0.24064539798127949 0.13771081552700257 0.08822054092808947 0.08441094545831859 0.15245153367254657 0.12005558276713042
0.07353393945284845 0.09927570131213147 0.08287038185786884 0.08654804729775564 0.14017734600052584 0.24666156645111292 0.0978369230322455 0.17309609459551129
0.11415645003012506 0.07592483099871704 0.14588554172809062 0.0949060387483963 0.15787877747806411 0.1562769136328556 0.1410842008856757 0.11388724649807555
0.10914621214958466 0.06597152388637405 0.2335346730051427 0.1319430477727481 0.10696408506351195 0.08658506335665368 0.14710665177051166 0.11874874299547328
0.10593588947067197 0.06495508670809214 0.2699233328063797 0.12991017341618427 0.09441054505139852 0.07310566790272287 0.14484014856998453 0.11691915607456584
0.08294670935892919 0.11219230726903423 0.14148066985776084 0.1402403840862928 0.09654553422562387 0.16318636944027876 0.09511956485852903 0.16828846090355132
0.11816796112045516 0.07716408686539268 0.16762479459285637 0.09645510858174085 0.14592853364045874 0.135526387666061 0.1433869972349461 0.11574613029808901
0.10947572007323814 0.06562284563430329 0.24254116600796216 0.13124569126860658 0.10417413183780794 0.0824901717264121 0.14632915130992402 0.11812112214174593
0.1406906133792754 0.08617483224153642 0.2274249363414885 0.10771854030192052 0.12485242908224567 0.09609382864220108 0.12009813373960393 0.09694668627172846
0.11241087026013495 0.06407774594463064 0.2655482037195921 0.12815549188926129 0.09755993453490429 0.07402400133729375 0.142883809613848 0.11533994270033514
0.1054823478434974 0.0641311941660863 0.28190301646103155 0.1282623883321726 0.09163542842189076 0.07014648410601836 0.14300299117034768 0.11543614949895534
0.12111457844358907 0.074774817691905 0.2109411589976702 0.09346852211488126 0.14055435227068694 0.10803710808307909 0.13894723586033095 0.1121622265378575
0.10853242582265712 0.06455353236313016 0.25943344906171484 0.12910706472626032 0.10166474355356335 0.07656768390483631 0.14394474231420368 0.1161963582536343
0.10482324998372522 0.06429394791964746 0.27965345358253674 0.12858789583929492 0.0928071736789136 0.07073926499133265 0.14336590774918404 0.11572910625536544
0.08266950093482635 0.11203544181107257 0.14366799992014645 0.1400443022638407 0.09644547768956198 0.16209754443281646 0.09498657023112676 0.16805316271660886
0.10276985190334909 0.07489050852204505 0.23479250185490497 0.13391462410977173 0.09536771506968651 0.08843682458771751 0.14930481225373055 0.12052316169879455
0.10421642119753473 0.06990338266074538 0.2701580356382322 0.12946689008946355 0.09214289613967908 0.0732462524522918 0.14434592074153624 0.11652020108051721
0.10321469702308385 0.06859932087400926 0.283376081493357 0.12762653984451286 0.09028332412406939 0.06974208322291924 0.1422940675579867 0.11486388586006156
0.1024974737996152 0.06816117904564523 0.28829172636733663 0.1269562144104974 0.08946877606587489 0.06881733261823741 0.14154670472334557 0.11426059296944764
0.10215603870523228 0.06800492442547701 0.29012159991182473 0.1267134487438238 0.08914501768206777 0.0685408275402876 0.14127603912184533 0.1140421038694414
0.10201288515370321 0.06794804068937538 0.29080387148399917 0.12662465141478185 0.08902127150920923 0.0684500567489977 0.1411770367266299 0.11396218627330368
0.0815363385557969 0.11906082415592598 0.145478373584295 0.1386793167773402 0.09487316494236651 0.15989604786335826 0.09406075398810901 0.16641518013280823
0.10245900848197258 0.07536029747065269 0.2355661197842867 0.1338682427293825 0.09499330356147635 0.08801850903989135 0.14925310047589363 0.12048141845644425
0.10412549945210929 0.06992416931362996 0.27046959291870715 0.12944587884708547 0.09204842737771401 0.07316264635408931 0.14432249477428785 0.11650129096237694
0.10318430587503079 0.06859434407353628 0.2834960670538661 0.12761446727135264 0.09025552248550993 0.06972166515663543 0.1422806075398514 0.11485302054421738
0.10248652293626996 0.06815806507171077 0.2883370899810739 0.1269509198019613 0.08945956093872992 0.0688112118185412 0.14154080162994787 0.11425582782176515
0.1021519768634036 0.06800361752025551 0.29013863170442045 0.12671135193687447 0.0891417588778221 0.06853874501546198 0.14127370133857498 0.11404021674318701
0.0936287533096622 0.13668540819333602 0.16682087926563743 0.15920033865783637 0.08170500799476318 0.1376947876868562 0.08098452009985589 0.14328030479205273
0.10456347854440065 0.0760195932561122 0.24399033562352757 0.13281261834056593 0.09146878860031944 0.0835376710682622 0.1480761580603026 0.11953135650650934
0.10431277374256957 0.06975470613536178 0.27365914506314276 0.1290383342670321 0.09104251054851847 0.07218991642174342 0.14386811298130295 0.11613450084032889
0.13764168725571557 0.09143937920917254 0.237511950371964 0.10633676740035988 0.1200648554621434 0.0927447095685763 0.11855756007174452 0.0957030906603239
0.11084357920255705 0.0697089717287838 0.2686317672612649 0.12672514710895136 0.09592161015740398 0.07282721021703256 0.14128908192595022 0.11405263239805621
0.12205822668265731 0.07987460471496269 0.2059805415032822 0.09287549803238673 0.14147428481479987 0.10822058088131989 0.13806566573172716 0.11145059763886407
0.10844766084442473 0.06979163849120666 0.2566506406594173 0.12840947363083507 0.10159975031794105 0.07636532948658223 0.1431669803018415 0.11556852626775156
0.10449558293430918 0.06877518214454553 0.27797181347928807 0.12795750131621927 0.09251144970573413 0.07046365433498426 0.14266306490032207 0.11516175118459736
0.10295719536492089 0.0682863676157626 0.28622266214885417 0.127170598433066 0.0900741209283976 0.06904979000953722 0.14178572690970195 0.1144535385897594
0.10233031685509228 0.06806175702828493 0.2893411784796343 0.12680575378010894 0.08933026666683959 0.06862659643907423 0.14137895234886771 0.11412517840209804
0.10207954857963988 0.06797080175871267 0.2905111011828473 0.12666084951387271 0.08908289176970362 0.06848264772697277 0.14121739490576557 0.11399476456248546
0.13638372107501603 0.09085316163264283 0.24318566911794023 0.1058215908261252 0.11901812342540175 0.09151512554187531 0.11798317663748585 0.09523943174351267
0.0868994259057787 0.12001251170822916 0.13330161171381685 0.1364287103054492 0.10030297100978328 0.16680606130496853 0.09253425568543512 0.16371445236653903
0.10397183105691761 0.07557840821146265 0.23027272675037297 0.13410254651518444 0.09642882519318753 0.08943903869750325 0.14951433171170564 0.12069229186366602
0.12131024308212288 0.08120903216119912 0.19447281818898898 0.09394183291897865 0.14304663307114784 0.11363839691463486 0.13965084416015336 0.11273019950277437
0.143116020745803 0.09240467396406472 0.20749317055010036 0.1061317825357197 0.13483237606104156 0.10217435461607434 0.11832901724504868 0.09551860428214771
0.11303232250355272 0.07033596261584439 0.2565709694452699 0.12774108951825738 0.09989878075331445 0.07503211270160065 0.14242178189572874 0.11496698056643166
0.10551045662096978 0.06876991690909462 0.2778331241006985 0.12787178251432543 0.09216196694255266 0.07020065381633019 0.14256749483313597 0.11508460426289288
0.1031825252423887 0.06827759054059415 0.2861429281125531 0.12715333612432508 0.0900407071637232 0.06899842958083542 0.1417664807236878 0.11443800251189257
0.10237814041721074 0.06805718249850243 0.2892990952577119 0.12679744650550417 0.0893660450783057 0.0686146980301822 0.14136969035762925 0.11411770185495373
0.10208657956258232 0.06796679815924525 0.2904863652289872 0.1266531740069692 0.08913282527998469 0.06847756386759184 0.14120883728836717 0.1139878566062723
0.1019788385373627 0.06793169919075764 0.2909314131957101 0.1265976810063163 0.08904879071062866 0.06842669771963211 0.14114696673390786 0.11393791290568465
0.10193872242830551 0.0679183758853741 0.2910980145458188 0.12657670673895138 0.089017911115672 0.06840765122978233 0.1411235819910398 0.11391903606505624
0.1019237421463658 0.0679133636231152 0.29116034792273265 0.12656882991801358 0.0890064593131552 0.06840051022688867 0.14111479992351664 0.11391194692621222
0.10191814206121426 0.06791148460673467 0.2911836648389584 0.1265658790617688 0.08900219391099332 0.06839783442572177 0.14111150993901683 0.11390929115559192
0.10191604776663639 0.06791078116907545 0.29119238620216065 0.12656477466687646 0.08900060188233574 0.06839683249159717 0.1411102786211294 0.1139082972001888
0.11943626227506218 0.07958551134751289 0.21328576241960912 0.09270185356240493 0.1390675314823014 0.10687332307381268 0.13780753156441092 0.11124222427488592
0.12359736112707055 0.07996975403967217 0.18635731690029672 0.0919835184815143 0.15461407306456276 0.11635807598878543 0.136739678220281 0.11038022217781718
0.09760566634870768 0.13718983804631976 0.13869090267540443 0.15772785278204002 0.09371597779192886 0.15287922191481246 0.0802354729369508 0.141955067503836
0.08011008203215542 0.1265485998262206 0.10943315028604061 0.13809605081586157 0.09524202027500786 0.19118968827579147 0.09366514750988872 0.16571526097903386
0.07662545785102733 0.12481869892429967 0.10236765863122646 0.13762746878595875 0.09516753854132448 0.2048928880681887 0.09334732665482419 0.16515296254315048
0.13309395462698578 0.10829763666728945 0.17660356312395267 0.10970089419442387 0.1250326152787294 0.12623222094074976 0.12230831039288752 0.09873080477498147
0.11160783105255022 0.07777512019831545 0.2440601850792246 0.12871522943836358 0.09864923666131087 0.0798408158660699 0.14350787520963817 0.11584370649452723
0.0952055318125448 0.14532868517270806 0.15401844873718093 0.15835549009768113 0.08317697688429668 0.14084017689711584 0.08055474931055953 0.142519941087913
0.07895757858053559 0.1390251741905623 0.11200948223948978 0.13649061405886126 0.09209512935304184 0.18505704212782204 0.09257624257905374 0.1637887368706335
0.11566485816216243 0.09561290497258426 0.15593341505861943 0.09481832026924165 0.14306220618454865 0.140172509554881 0.14095380147487266 0.11378198432308999
0.1230202871091434 0.087307813857929 0.16752722299613174 0.09224638578266518 0.1565021567210099 0.12557002247521445 0.13713044811870823 0.11069566293919822
0.12441406727617572 0.08565975774514319 0.1706936990014113 0.09167677797807869 0.16014311176526205 0.1211167648002847 0.13628368785994982 0.11001213357369442
0.1096471218270212 0.07504842545358749 0.24149486597660247 0.12884346594949225 0.10631833144297119 0.07903782064612476 0.14365084934965774 0.11595911935454303
0.12170647438207999 0.08475038874672468 0.19688804884359157 0.09276191188098355 0.14488603286335566 0.10979603673733833 0.13789681228874573 0.11131429425718026
0.1082761094893147 0.07445239919327742 0.25234293596921237 0.12803699705118968 0.10234517625942484 0.07656138797921375 0.1427516967122965 0.1152332973460707
0.10424999273304968 0.07273688433469262 0.2757772942665616 0.12749088516983778 0.0925308460210426 0.07032947810275446 0.1421428227192072 0.114741796652854
0.08153157212267109 0.125442644296599 0.14144965087421463 0.13779825574449098 0.09519929421311336 0.15975751108969308 0.09346316476582868 0.16535790689338917
0.11600347003152561 0.09338568791719642 0.16552627091313094 0.09451018852749161 0.14362854566397937 0.1330378677683402 0.14049574294534575 0.11341222623298995
0.10812774397322136 0.07639857182516091 0.2400342748907445 0.12960500326840202 0.10321498555298125 0.08147501091882926 0.14449990662909895 0.11664450294156183
0.10467747877746385 0.07331254360375589 0.27113260805844236 0.12811849986774307 0.09312599985166452 0.0714836536895077 0.1428425662704538 0.11530664988096874
0.13712020312748363 0.096265001287653 0.23582397560074472 0.10565541298040429 0.12013152715752724 0.09211610742298437 0.1177979007408388 0.09508987168236385
0.11033781605611787 0.07470672996275991 0.26722952685944995 0.12592975028578784 0.0956416311249229 0.0724154966276577 0.14040227382609477 0.11333677525720906
0.12147509575153036 0.08437719862055627 0.20504936386177705 0.09236785016180504 0.14091646398686752 0.1076615943469427 0.13731101307635496 0.11084142019416607
0.10794594389250796 0.07421104238086444 0.2555961486932353 0.12768891761440213 0.10127606185899238 0.07599824559067989 0.14236361411635579 0.11492002585296189
0.10405915533416045 0.07262433528638859 0.2770180218865441 0.12733733823293855 0.09223036172282793 0.07015555378420445 0.14197162934329116 0.11460360440964468
0.09349304341845392 0.1438776847572142 0.16260771891973214 0.15807438443913255 0.08187297185386619 0.13739549853212735 0.08041175208425438 0.14226694599521927
0.0786692190763892 0.13876551170945506 0.11399107711720648 0.13651427480290154 0.09185773237332637 0.18379276442135845 0.09259229073588104 0.16381712976348184
0.10217171080420424 0.08448435200857667 0.22150287872614488 0.1341014651568308 0.09482778383216077 0.09270736475309506 0.14951312607783973 0.12069131864114774
0.10417677312151598 0.07497709299763892 0.26446609599697674 0.12940671376673882 0.0921952045517673 0.07403324854282875 0.14427882863246852 0.11646604239006494
0.1030540522012744 0.07264427095935429 0.28070101426617416 0.12724185161963456 0.09023000904104606 0.06974596655952146 0.14186516889532388 0.1145176664576711
0.10220332345615188 0.07192646433227513 0.2867749793987445 0.1264316562828959 0.08929798148253086 0.0686152428355966 0.14096186155719884 0.11378849065460629
0.0811117736836749 0.12518878930943225 0.14395337720637244 0.1376830165159618 0.09446733974082092 0.15899108121810518 0.09338500250647842 0.16521961981915412
0.1158524412620611 0.09332067560501653 0.16633585444062501 0.09447691959504556 0.14339830697623868 0.13279721216417426 0.14044628644278415 0.11337230351405467
0.10805971229403999 0.0763668534522503 0.2403549897864036 0.12956198385029052 0.10318922105587651 0.08140951090756862 0.14445194318830895 0.11660578546526147
0.10464642442488808 0.07329710979201813 0.27124915295543667 0.12809633478800964 0.09314462339792755 0.07146179947184969 0.14281785386066148 0.11528670130920866
0.10288024465500875 0.07222939546314303 0.28317820077649536 0.1268422319592534 0.09017748587644221 0.06911480970996749 0.14141962279636164 0.11415800876332809
0.13621522478291437 0.09582868077312948 0.23995930780744934 0.10534571180771735 0.11904612982954205 0.09134119732698129 0.11745260704532068 0.09481114062694561
0.08624240853308636 0.1281287183540117 0.13176120883730608 0.13507381811399846 0.09967150489497931 0.1654184742003253 0.0916152853294946 0.16208858173679813
0.07711292675880785 0.1351065939333233 0.10666178595552561 0.13611022421565716 0.09543935934361993 0.19391860170104944 0.09231823903322833 0.16333226905878856
0.10198360262382326 0.08418281474614302 0.2183595942966558 0.1343291424544302 0.09579977206155625 0.09468187633458443 0.1497669692738199 0.12089622820898716
0.10423654456365089 0.07501667488519265 0.2632422497385006 0.12954192549631607 0.09250105414651834 0.0744442386026173 0.14442957962051955 0.11658773294668448
0.10310954320468062 0.07267949892789954 0.28023640844823 0.12729747007174524 0.09033816789468124 0.0698440090693963 0.14192717931879656 0.11456772306457072
0.10223150880445236 0.07194190763373005 0.2865991123012356 0.12645220329345383 0.08934127609316564 0.06864223896924193 0.14098476994061196 0.11380698296410845
0.10180300523500332 0.07168665752178954 0.28897955327572533 0.12614286363297664 0.0889346275483628 0.06828483621223422 0.14063987930422917 0.11352857726967898
0.10162106066948288 0.07159475602418876 0.28987114376280937 0.12602915484509233 0.08877684132726069 0.0681677015191143 0.14051310249146862 0.1134262393605831
0.10154827924420448 0.07156102232098525 0.2902054513993205 0.12598702748802526 0.0887168949031475 0.06812686627292276 0.14046613363217142 0.11338832473922274
0.10152000165325827 0.07154851141324284 0.29033089527313016 0.1259713296237474 0.08869431425651987 0.06811211943374475 0.14044863168498403 0.11337419666137266
0.11888638089554138 0.08379132548785263 0.21255459244378339 0.09220580776307372 0.13849043562411828 0.10635436230274593 0.13707012616719613 0.11064696931568845
0.09583706685894414 0.14508549246371644 0.14463672056939225 0.15616681869640736 0.08999367499904727 0.14828870790103169 0.07944138168469418 0.14055013682676662
0.1195835435094372 0.09589460495367545 0.1662111065305243 0.09413926630756987 0.1415736529029094 0.12968636407405423 0.13994434215274568 0.11296711956908384
0.1089313014471542 0.0766683023199867 0.2402445653606833 0.1295284556220363 0.10278661125174475 0.08085059222264988 0.14441456171591213 0.11657561005983268
0.1048486384183994 0.0733321811929918 0.2711932661887754 0.1280935862085473 0.09306771292011785 0.07136559808379686 0.14281478939967882 0.11528422758769255
0.10292713257409912 0.07223342990840753 0.28315277858118093 0.12684170349335266 0.09016990465801204 0.06909848404461025 0.14141903359632002 0.11415753314401737
0.1020795107238264 0.07180660767737902 0.2876788507571148 0.1262996202515268 0.08921021995963385 0.0684408811684875 0.1408146512356575 0.11366965822637415
0.13583320913107247 0.09565912251024296 0.24149729374815754 0.10522501752859577 0.11866875658477168 0.09109604279028757 0.11731804193113587 0.09470251577573617
0.10983592211397884 0.07449151706713837 0.2694424475747053 0.12567809807797928 0.09521281926856807 0.07210720723304499 0.14012170039440378 0.11311028827018135
0.10399008325438444 0.07228379512937368 0.2822214793019627 0.12664594688653538 0.09052916059110543 0.0691474030503357 0.14120077958842078 0.11398135219788184
0.13654628205615896 0.09582637423736702 0.23958016094761642 0.10533073310553713 0.11914385595435348 0.09133902699378034 0.11743590691020334 0.0947976597949834
0.11006538147560074 0.07455501334558723 0.268684681634852 0.12575365890696258 0.09536719728959116 0.07218982925128789 0.14020594507985226 0.11317829301626631
0.10406844544638148 0.07230962041005787 0.28193154745193466 0.1266792692205285 0.09058344533975878 0.0691783983287814 0.14123793150408176 0.11401134229847565
0.09344496916137447 0.1437118422804723 0.16384860238021998 0.1579595974798571 0.08153162910025201 0.13698636140880818 0.08035336045714471 0.14216363773187138
0.10391944446161748 0.08362325027233723 0.24155037303208407 0.13165458438570893 0.09095957523716455 0.08301861004286822 0.14678503662108144 0.11848912594713804
0.10384837465463083 0.07432241393930007 0.2720970849910047 0.12840647578304296 0.09073366327759654 0.07186252122441292 0.14316363792527328 0.11556582820473867
0.13689500076560693 0.09645301962089205 0.23623268250060592 0.10568918440401476 0.11954981769311152 0.09222447569424669 0.117835553357909 0.09512026596361328
0.1273031336631455 0.08626106180541723 0.19293156266398645 0.09085059517816318 0.14709561047965328 0.11148181035785293 0.13505551163798588 0.10902071421379582
0.14391311904940005 0.09796478823553362 0.20557714106349415 0.10499410832527674 0.13509707913598565 0.10089847129609567 0.11706059540146525 0.09449469749274907
0.11281892377791639 0.0754957656894967 0.2549628060846442 0.12689516404864445 0.09964888733276535 0.07449416729687616 0.14147863812587674 0.11420564764378002
0.10515673279095815 0.072745269619743 0.2766563071814259 0.12726566656155078 0.0918738946746257 0.0698713084879748 0.141891720778326 0.11453909990539572
0.10279382159440834 0.07201096363542067 0.2851839001246993 0.12655926845197363 0.08973927913705951 0.06870528584723797 0.14110413960242435 0.11390334160677629
0.1361208912357126 0.09574228768361061 0.24063450900555217 0.10528456418831701 0.11887522916692603 0.0912019789374518 0.11738443201294449 0.0947561077694853
0.10993217259594133 0.07452176404243302 0.26910304756168885 0.12571359298538684 0.0952814863346232 0.07214442822578901 0.14016127456728952 0.11314223368684817
0.10402379089213824 0.07229568731030636 0.2820918687437084 0.12666109382573978 0.09055349023453764 0.0691614172551386 0.1412176672952651 0.11399498444316582
0.10234871720344584 0.07182307112291686 0.2872417798279702 0.1263125067175711 0.0893029688414157 0.06846068155724623 0.1408290186836203 0.11368125604581397
0.11916708034151464 0.08387326369440323 0.21158810222074817 0.09225822050599235 0.13875674125572796 0.10649868614461941 0.13714804122980354 0.11070986460719082
0.10720010036263099 0.0740101806988116 0.2582353971729654 0.12744479750879112 0.10065967139202983 0.07565809669034124 0.14209143841651783 0.114700317757912
0.10379692324656785 0.07253557504825651 0.27803132795232244 0.12721890491891427 0.09204353974623651 0.07003712962421837 0.14183958503646113 0.11449701442702284
0.10244165291403205 0.07195942076450039 0.2857249012565489 0.1265116771366882 0.08974248498906617 0.06870827467867316 0.14105107883747176 0.1138605094230194
0.08115906664758421 0.1252019275296153 0.1437145396076223 0.13769119635920268 0.09457852392832239 0.15903475972254197 0.0933905505740679 0.1652294356310432
0.13356614821988094 0.10757941523359821 0.1916527856979345 0.10891005105966776 0.1240224284746646 0.11482354604477409 0.12142657931577883 0.09801904595370098
0.11116746937516332 0.07729147149271788 0.2500469727478656 0.1280370488506589 0.09800044005536812 0.07747149904779409 0.1427517544648391 0.115233343965593
0.10500367970073743 0.0731370646235126 0.2748963877298328 0.12759568484129116 0.09173381849780436 0.07053758171765297 0.1422596665320067 0.11483611635716205
0.12010903890124656 0.08422906275449682 0.20772054969998113 0.09246471963604773 0.13981146488212084 0.1072524845068742 0.13745501605597543 0.11095766356325729
0.08337120662729877 0.1259709118590912 0.12436534853012272 0.1355018100790316 0.10439514213373113 0.17188783314402187 0.0919055755318649 0.16260217209483788
0.10278664407267415 0.08245283007657148 0.22543215244042727 0.13334261522763877 0.09709052395556562 0.09021981548486532 0.14866706503738233 0.1200083537048749
0.12055378309766933 0.08634826110088803 0.19238241985599383 0.09343880447053973 0.14280496916633245 0.11344213835787287 0.1389030585860561 0.11212656536464768
0.14219667022021815 0.09829605262033174 0.20586363319760853 0.10538717471877489 0.13424749337460928 0.10166168352465715 0.11749883509690273 0.09484845724689737
0.11243445687614925 0.07555716605702645 0.2551433002131985 0.12693895224347526 0.09948934533437027 0.07466426356131506 0.14152745869533737 0.11424505701912775
0.10506552975135136 0.0727518689477591 0.27673546229468543 0.12726462442672584 0.09183971163180012 0.06991408208785742 0.14189055887576746 0.11453816198405325
0.08167346944292585 0.1254275682974019 0.14166654588185704 0.13777230149633385 0.09508070559786946 0.1596070864731066 0.0934455610149047 0.1653267617956006
0.1337674537403854 0.10764754808370168 0.19089885824854133 0.10894265564801987 0.12420182584273944 0.11503033735478121 0.12146293099861319 0.09804839008321788
0.11123834160309391 0.0773157101441384 0.24973870602060186 0.12806314694634702 0.09805981731313773 0.0775465938270564 0.14278085189391226 0.11525683225171231
0.1395385703443995 0.0971798163656918 0.228161779409753 0.10595880076361974 0.12190246520036263 0.09375949175067078 0.11813615547824467 0.09536292068725774
0.11114896013317704 0.07498419596552829 0.2641783391852655 0.12621554709327504 0.09628302354725417 0.0728750257532292 0.14072091593832306 0.11359399238394753
0.10447089508764566 0.07247040280882366 0.2802094734137443 0.12687889967076396 0.0909078515688035 0.06941096318823185 0.14146050455829948 0.11419100970368755
0.11984827568268965 0.08404507844428893 0.2093601252791914 0.09235500210463299 0.13940515102247142 0.10686845136472661 0.1372919135764395 0.11082600252555957
0.08331678378340773 0.12591924824051828 0.12473622484586182 0.13548327393533174 0.10429847426556803 0.17177306301599377 0.09189300319092067 0.1625799287223981
0.10276135788268853 0.08243663647119798 0.22558567904263346 0.13332620661464373 0.09705841045220291 0.09018935292503782 0.1486487706584162 0.11999358595317934
0.10412653523280462 0.07458416076565118 0.2659561334209626 0.1291369461171126 0.09250798229331567 0.07348693282970248 0.1439780578350494 0.11622325150540135
0.10297923360947878 0.07254926140858406 0.2812451162798349 0.12715190429320786 0.09024874667863046 0.06962413952753178 0.14176488433884518 0.11443671386388708
0.10216315204015301 0.07189771588404957 0.28697324299086174 0.12639870483161575 0.08929069443317039 0.0685925323236104 0.140925123148085 0.11375883434845416
0.10177242584322221 0.07167018141619626 0.2891173773595032 0.12612168598083343 0.08891282253716623 0.06827972167781746 0.14061626780251132 0.1135095173827501
0.10160763033347524 0.07158783588759826 0.2899207193763295 0.12601955625148512 0.08876844564983707 0.06817581109902865 0.14050240077590953 0.11341760062633661
0.10154189027853602 0.07155752517460748 0.29022199549048794 0.12598165651966042 0.08871400217686408 0.06813929408888639 0.14046014540326315 0.11338349086769438
0.08096781975168946 0.12506940345877957 0.14472908717660513 0.13762670148793743 0.09432074018706071 0.15878739992580182 0.09334680622660106 0.16515204178552492
0.07582307300523765 0.14079193733439452 0.10916832614539047 0.13535716600041392 0.09388036923604433 0.1907430599646982 0.09180746911332423 0.1624285992004967
0.10113799059220556 0.08927352196399518 0.21855354734993865 0.1334048819968732 0.0949905759823322 0.09383860047916445 0.14873648783830493 0.1200643937971859
0.10374330780994169 0.07832128240435517 0.26284808676988064 0.12899519842293553 0.09206441747467219 0.07411200880334472 0.14382001973422812 0.11609567858064197
0.10275983390394955 0.07541962534985928 0.27971060837208717 0.1268511114684629 0.09003297651385397 0.06963032128369037 0.14142952278648024 0.11416600032161661
0.10192872804242495 0.07451974053706495 0.2860494218844979 0.12602981112062436 0.08907546219173051 0.0684561720253843 0.14051383418971106 0.11342683000856194
0.08073259621567454 0.12935991826481674 0.14336429614301416 0.13696737082055851 0.09403413370842516 0.15828123182802692 0.0928996080348136 0.1643608449846702
0.07574055052486735 0.14183482585001156 0.10880777760197217 0.13527423332297855 0.09376970576895095 0.19049260782023344 0.09175121912341153 0.16232907998757423
0.13180400708184328 0.11658335611211991 0.17790543633139422 0.10868039979499919 0.12378567860686271 0.12225822696345394 0.12117053529382744 0.09781235981549925
0.14518980056195965 0.10783052997621546 0.19959559949723482 0.10471008086107686 0.1284027443093758 0.10328824604420642 0.1167439259749618 0.09423907277496917
0.11305866795246403 0.08019629243891353 0.2520860936739827 0.12658634711255767 0.09814675637556755 0.07486379975703253 0.14113433028817998 0.11392771240130192
0.10506974607171221 0.07578901602365892 0.27517846036899357 0.12693599698119945 0.0914233345778763 0.06983688489503821 0.14152416379844177 0.11424239728307951
0.10258641659072411 0.07466506661828033 0.2842729241036047 0.12618254182392008 0.08947206071037668 0.06857258498549387 0.1406841175260721 0.11356428764152808
0.10172176193574141 0.07427809536715205 0.28774893543203356 0.1258000111858268 0.08881100081135612 0.0681625607889854 0.1402576244116606 0.11322001006724411
0.09246016030960434 0.1481446087278973 0.16472699182426037 0.1569280181729822 0.0807578434989239 0.135918560561783 0.07982860054886484 0.14123521635568392
0.10317944179325536 0.08873224868774969 0.2410622230933405 0.13073756988045265 0.090332485143995 0.08252958462716056 0.145762633881639 0.11766381289240738
0.10340410691097068 0.07760806287946474 0.27145714592352843 0.1278897568773091 0.09035288613783321 0.07159972517482323 0.1425875349064924 0.11510078118957821
0.1023748759584782 0.07507862270500276 0.28295681087406543 0.12643501358062714 0.0894040229588965 0.06899353700674099 0.14096560469362457 0.11379151222256442
0.08082768979211022 0.12953392800162047 0.14265816303939713 0.13700486977558216 0.09412285100228471 0.15852161254965103 0.09292504210865572 0.16440584373069858
0.10133179027649453 0.08658673816504495 0.23251984060697473 0.1320901604912513 0.09408731971480155 0.0872323348302251 0.14727067147308168 0.11888114444212619
0.10329210166249682 0.07752484102570506 0.2682214619102788 0.12832887722087843 0.09143098292348345 0.07262862443896949 0.14307712131939732 0.1154959894987906
0.08103836333267932 0.1302730513120198 0.13926649491116752 0.13714897132932613 0.09462446763405129 0.16004710533176092 0.09302278055380382 0.16457876559519133
0.07578209163406283 0.14204487539600036 0.10786101295349629 0.1352565447565252 0.0938800568200107 0.1911283430711267 0.09173922166094754 0.16230785370783024
0.1318358127159184 0.11664373241380024 0.17755399959735324 0.10869564215817348 0.12383475468764975 0.1224224510934717 0.121187529391277 0.09782607794235612
0.11092175225032275 0.08238406728892747 0.24379264056801436 0.1279858280883747 0.09810069482900811 0.07893312455847817 0.14269464713733715 0.11518724527953722
0.12176961373539558 0.08865870787052929 0.19739277251634813 0.09242346221485107 0.14193794524504308 0.10951565963166583 0.13739368412834577 0.11090815465782128
0.10800844266761608 0.07763517942170554 0.25207926933826497 0.1275007261210134 0.10153519799434393 0.07633673630277536 0.14215379464536865 0.11475065350891206
0.13801861939437607 0.10017221469680729 0.2284502004043007 0.10542040164963795 0.12240717868384836 0.09311714304116223 0.11753588064519334 0.09487836148467414
0.14554938417745833 0.10326340319146476 0.21719448150363685 0.10342668404201179 0.1266116725833229 0.09555732456670855 0.1153130342975863 0.09308401563781062
0.10044223546754483 0.15461436100013967 0.14455030714705117 0.1538500411291258 0.08678221906344524 0.14303295216731604 0.07826284700916399 0.13846503701621318
