0.125 0.125 0.125 0.125 0.125 0.125 0.125 0.125
0.07295173961840629 0.12906846240179573 0.09118967452300786 0.16133557800224466 0.08754208754208755 0.15488215488215487 0.10942760942760943 0.19360269360269358
0.099626400996264 0.07845579078455792 0.199252801992528 0.15691158156911583 0.08685378548392246 0.06839735606858895 0.17370757096784492 0.1367947121371779
0.12058750682748832 0.08934137534883742 0.13834578645435644 0.11167671918604677 0.1328119549961822 0.10720965041860489 0.16601494374522774 0.13401206302325613
0.10553298724224756 0.07672675613199592 0.1900991271330048 0.15345351226399184 0.09593616125266644 0.06905408051879633 0.17108921441970432 0.13810816103759266
0.09631363102125523 0.0758469844292385 0.22587919066666098 0.151693968858477 0.0839657296082738 0.06612301206651562 0.1679314592165476 0.13224602413303124
0.0769859690298347 0.12499877037573368 0.10688427335426408 0.1562484629696671 0.09140862589398452 0.1499985244508804 0.10597721836203508 0.1874981555636005
0.09969643190316492 0.07508480389329711 0.20458208044287898 0.15016960778659422 0.09085324158986627 0.07703328138135945 0.16742790599490429 0.1351526470079348
0.10816455701314792 0.085179588647854 0.17274394739381793 0.10221550637742478 0.1352056962664349 0.10647448580981748 0.16224683551972185 0.12776938297178098
0.07301258823502393 0.12168764705837325 0.11232056571646384 0.14602517647004787 0.10279411075702882 0.15210955882296656 0.10951888235253593 0.18253147058755986
0.07407896065392534 0.12261306390576765 0.10267508942438566 0.1532663298822096 0.09123244781768065 0.16825995827640258 0.10395455418097695 0.1839195958586515
0.09526297628311127 0.07501959382295013 0.2220961124179176 0.15003918764590027 0.09527748990210833 0.06540169717898217 0.16609954839106578 0.13080339435796434
0.11188139755773945 0.08270594350829467 0.17606000670386102 0.10338242938536835 0.14271146543226387 0.10551491727267716 0.15368492487735352 0.12405891526244199
0.09100178717051881 0.07166390739678356 0.24964794603912127 0.14332781479356713 0.09826008095726034 0.062476226961298495 0.1586697827588533 0.12495245392259699
0.07080562329985014 0.11800937216641691 0.13553876298470666 0.14161124659970029 0.10330078654190426 0.14751171520802114 0.10620843494977522 0.17701405824962535
0.07303354188359093 0.12097395667505131 0.10494018626515882 0.15121744584381414 0.100042227970035 0.16576683003831624 0.10256487631145655 0.18146093501257696
0.0831171641719343 0.06264873385927312 0.18287292018185927 0.12529746771854625 0.11310805210494558 0.09633559943600373 0.18626310126518217 0.1503569612622555
0.0706498493933827 0.11774974898897118 0.12155889943632803 0.1412996987867654 0.10521921630451347 0.16092318951650836 0.10597477409007408 0.17662462348345678
0.07069079094747556 0.11781798491245929 0.10914066378344928 0.14138158189495112 0.10811575361573326 0.1700900610560293 0.10603618642121335 0.1767269773686889
0.06940441440338044 0.11567402400563409 0.10500961511416246 0.13880882880676088 0.10695506110388457 0.18653039895265566 0.10410662160507068 0.1735110360084511
0.06901336259943719 0.11502227099906198 0.1037072316760102 0.13802672519887438 0.10843153074533489 0.18974542838353262 0.1035200438991558 0.17253340649859297
0.06886665922483169 0.1147777653747195 0.10327583583760601 0.13773331844966338 0.1096391900590414 0.19024059415481123 0.10329998883724754 0.1721666480620792
0.07314599858896456 0.11411413449308899 0.10277520538751012 0.13693696139170677 0.1094768678236428 0.1896769095316732 0.10270272104378009 0.17117120173963346
0.07129244829328434 0.11766095795413627 0.10168756645309647 0.14707619744267034 0.09878174209258231 0.18725362126321485 0.09975602956981118 0.17649143693120437
0.09467702522414491 0.07138307947079027 0.2161839755394125 0.14276615894158054 0.09677710851711566 0.09054949623063689 0.15917361302889652 0.12848954304742252
0.0928146002832138 0.0684148710205868 0.25966240373762217 0.1368297420411736 0.09264280988760404 0.07393385399161406 0.15255495120112936 0.12314676783705622
0.09331503223414224 0.0671715740646541 0.28045283953338795 0.1343431481293082 0.09265339075893228 0.06622096025120873 0.14872338742845675 0.11711966759990972
0.0635618374451078 0.10267435927965021 0.08777125232928673 0.08951097988482326 0.14029184443445633 0.23598144176983757 0.10118632508719151 0.17902195976964652
0.06785569046217384 0.11272587751159081 0.09798900126186559 0.14090734688948853 0.10065941564807437 0.21520191233002842 0.09557193962939223 0.1690888162673862
0.0930025932289643 0.07025145250482753 0.21834446353433948 0.14050290500965507 0.0978586367185076 0.09693708070066974 0.15665025379434674 0.12645261450868953
0.09155439160384854 0.06751265984574609 0.26475870258605555 0.13502531969149217 0.09363650035198037 0.07544648325891548 0.15054315493961887 0.12152278772234294
0.0897909605885679 0.0662552136723393 0.28224991658317145 0.1325104273446786 0.09125648740009139 0.07093837214948581 0.14773923765145508 0.11925938461021073
0.08898458454434625 0.06574691007248391 0.28887392819420055 0.13149382014496783 0.09018486084241666 0.06976566158112736 0.14660579648998648 0.11834443813047103
0.0881651172544317 0.13466885485597108 0.17058804299270344 0.16160262582716528 0.08750003695751273 0.13206037736868273 0.08453060427882493 0.14088434046470819
0.07880885714844243 0.11371624531325995 0.11795792380082414 0.13645949437591193 0.10498028685360102 0.17515820375613655 0.10234462078193395 0.1705743679698899
0.0831024258821288 0.13618747242505685 0.0884049216857197 0.11872754006287009 0.11635399308423723 0.2342223542201618 0.08052824456438143 0.1424730480754441
0.10177616090692944 0.06976699864706763 0.21838847309298237 0.13953399729413526 0.101380899222768 0.0930385767196803 0.15446987083437033 0.12164502328206665
0.08592581247587258 0.13770236569632613 0.10818964818375794 0.1200482162480792 0.11709069206705847 0.20556139828903494 0.08142400754217544 0.144057859497695
0.07659521581493638 0.11063538210425887 0.10281446719890598 0.13276245852511062 0.10908297207910188 0.2025845872274649 0.09957184389383297 0.16595307315638827
0.07533738834744727 0.11043258478478193 0.10145263155787196 0.13251910174173834 0.10707329670611089 0.2081467933785728 0.09938932630630375 0.1656488771771729
0.07484852320085532 0.10988810685031658 0.10073820856500208 0.1318657282203799 0.10618325923395397 0.2127447174887325 0.09889929616528494 0.16483216027547484
0.11088459656718759 0.07695804444589115 0.14916236183685977 0.09234965333506938 0.15717315001326615 0.1514483758073825 0.14658675132550694 0.11543706666883671
0.07105848661942925 0.11274644677235149 0.11250265811162236 0.14093305846543935 0.10701228151674148 0.19103801957063435 0.09558937878525452 0.16911967015852722
0.09909920134523757 0.0692223496801892 0.22900789497711388 0.1384446993603784 0.09890571284558981 0.09136078961804386 0.15326397324388655 0.12069537892956067
0.07868373811816916 0.11118765501099985 0.1303501613225252 0.13342518601319978 0.10601763468698837 0.1734852528217183 0.10006888950989985 0.16678148251649974
0.11074055709284107 0.07834703270168547 0.16452555825734871 0.09793379087710682 0.1474773056897212 0.13787004854727813 0.14558515778149014 0.11752054905252819
0.09977664395902017 0.06695608370361063 0.24214383308286072 0.13391216740722126 0.10428456148790596 0.08310368647915942 0.1493020732137228 0.12052095066649914
0.11229158453685328 0.07673633188440986 0.19859348895504528 0.09592041485551232 0.1458185267361242 0.11294301610679831 0.14259213909864218 0.11510449782661478
0.1012107376444299 0.06605019776835018 0.2606563350208799 0.13210039553670036 0.10285703699638413 0.07572028152676896 0.14624056811551686 0.11516444739096957
0.07874484762995002 0.11077583813593203 0.13750489045811096 0.13293100576311842 0.10671497492538648 0.16746643156126534 0.09969825432233884 0.16616375720389803
0.0755594177161252 0.11030634041438275 0.10931586191070733 0.1323676084972593 0.10689765216922172 0.200817902297785 0.09927570637294449 0.1654595106215741
0.0722788331861155 0.11257548683033648 0.10340738495108757 0.14071935853792059 0.09838891214037394 0.2083223596220716 0.09544443448658962 0.1688632302455047
0.09700730678022089 0.0693186886380668 0.22036701568487432 0.1386373772761336 0.09795285356690539 0.09737278891532096 0.15457032958995787 0.12477363954852023
0.08747955026822618 0.13166938303426873 0.1496348994304256 0.16458672879283592 0.08495802761691436 0.14981880160133437 0.08372455334244262 0.1481280559135523
0.10065550977778721 0.06855541489982551 0.24491230509059517 0.13711082979965103 0.0934514815021484 0.08399461583438686 0.15178732480873047 0.11953251828687528
0.07902049575310714 0.11347355871682464 0.1348936222128316 0.14184194839603081 0.09685684908858974 0.16749734449746256 0.09620584325991655 0.17021033807523694
0.07579327601235307 0.11065507678348409 0.10903181821797443 0.1327860921401809 0.10495099472117064 0.20121055784447497 0.09958956910513568 0.1659826151752261
0.11307799117821235 0.07781391906305546 0.15675751656776815 0.09726739882881932 0.14892855879357328 0.14483921572995218 0.14459452124403588 0.11672087859458317
0.10428139650590582 0.06658234998840103 0.23802761276698198 0.13316469997680205 0.10536776302488092 0.08425924494794954 0.14846870280995692 0.11984822997912184
0.10084604400096674 0.06558580505512014 0.2706702262407329 0.13117161011024028 0.09459694802913618 0.0728283611177972 0.1462465563467903 0.11805444909921627
0.09920013452100682 0.06489772375633793 0.28285057191886553 0.12979544751267585 0.09148428649874031 0.07024369528175797 0.14471223774920725 0.11681590276140826
0.0984874810049041 0.0646095386469389 0.2872980694920029 0.1292190772938778 0.09048483586119058 0.06953420016864528 0.1440696279679503 0.11629716956449004
0.1151114160718549 0.07560618791850653 0.21165946785545506 0.09450773489813317 0.14088782856710305 0.108325987350679 0.14049209546050842 0.11340928187775981
0.10499731002192395 0.06514749306606916 0.2587528064818348 0.13029498613213833 0.10168691409265654 0.07658581665554635 0.14526918603090647 0.11726548751892452
0.09335841886804566 0.1299150924093443 0.15867980389130282 0.16239386551168036 0.08494598170119828 0.1419433053324094 0.08260905332550697 0.1461544789605123
0.10115902479193795 0.06826025351656095 0.24840647738316682 0.1365205070331219 0.09309481991511785 0.08240722619402265 0.1511338132397605 0.1190178779263114
0.08133232051722515 0.11304794805152604 0.13551185810344274 0.14130993506440756 0.09662196884896858 0.16675904790215143 0.09584499943498949 0.16957192207728908
0.07605887703250643 0.11063477480964214 0.10918676269992816 0.13276172977157052 0.10490851099173673 0.20092588515147478 0.09957129732867792 0.16595216221446318
0.07607626857094305 0.11190607997733837 0.10299041717509903 0.13988259997167296 0.0979346120893746 0.2084740083557342 0.09487689389383036 0.16785911996600753
0.10247186579991706 0.06878993355121647 0.21900477184877876 0.13757986710243295 0.0974451327716923 0.0974952638688215 0.15339128466495133 0.12382188039218964
0.08149874281135981 0.11303530740645867 0.12877095196850716 0.14129413425807333 0.09752447258616845 0.17248914749339928 0.09583428236634539 0.169552961109688
0.07598818004533266 0.1104997507145903 0.10759317077929821 0.13259970085750836 0.10499045112567264 0.20312934476258102 0.09944977564313126 0.16574962607188543
0.07599405380241797 0.11179031980753984 0.1025505562940401 0.1397378997594248 0.09786493478962374 0.2095980064335993 0.09477874940204466 0.16768547971130973
0.102449490929094 0.06878288726112355 0.21879408131461878 0.1375657745222471 0.09742853011395614 0.09779446629920871 0.15337557248972924 0.12380919707002241
0.08148228469295067 0.11301498778896645 0.1287064915927511 0.14126873473620805 0.09750580071734134 0.17268216392377397 0.09581705486455852 0.16952248168344966
0.08357448980556419 0.05742478315360033 0.19720522399515938 0.11484956630720065 0.11548091806677237 0.1056021618873839 0.1823008989003185 0.14356195788400083
0.11626623753180629 0.07669446005613881 0.18394594487611654 0.0958680750701735 0.1505952931193044 0.11907396676987492 0.1425143324923773 0.11504169008420818
0.08285012350718562 0.11115907897056543 0.1197010028097481 0.13894884871320679 0.10772392231921202 0.17863483827092863 0.09424356695330546 0.16673861845584811
0.1358064311047538 0.08979848571681104 0.1851743656466442 0.1122481071460138 0.12999281431221651 0.12080823689875687 0.12514826274339153 0.10102329643141242
0.1120483697918427 0.06550650768822358 0.24806006608818265 0.13101301537644716 0.10011749526001579 0.0792730969024468 0.14606973505403884 0.11791171383880246
0.08344302363288203 0.11264127995517233 0.1352845420561883 0.1408015999439654 0.09797465865922322 0.1653927602056425 0.09550021561416785 0.1689619199327585
0.10021601998327485 0.0686453200591379 0.2389274233815403 0.1372906401182758 0.09638312754942543 0.0868618106848795 0.15198638222291824 0.11968927600054811
0.081476904528159 0.1129559712972203 0.13328749221514807 0.14119496412152538 0.09731807382655433 0.16856561792226707 0.09576701914329548 0.16943395694583044
0.09999525072000831 0.06870712291470278 0.2381835669944191 0.13741424582940556 0.09632790240420386 0.08745165748542098 0.15212321882620397 0.11979703482563561
0.08143617327551746 0.11295693481190552 0.13311429408777578 0.1411961685148819 0.09730400234531462 0.1687891887105656 0.09576783603618079 0.16943540221785827
0.09999389656584234 0.06871051145823859 0.23811833716724437 0.13742102291647718 0.09632986174915026 0.08749270574747879 0.15213072134017822 0.11980294305539035
0.08143568244360508 0.11295675733585804 0.1330991082273745 0.14119594666982255 0.09730412367274192 0.16880556007945277 0.09576768556735792 0.16943513600378707
0.09193157534715629 0.1336942712048339 0.1313490549209509 0.16043312544580068 0.08856307117758477 0.1702452602561978 0.08391886561780343 0.13986477602967237
0.09881879709310964 0.13620548480661385 0.10013381740923648 0.12258493632595248 0.12704046639265176 0.2497268339323999 0.09193870224446436 0.07355096179557148
0.06609285929544512 0.09153190249228331 0.05801163407780768 0.07979704319840084 0.14103741599715017 0.3137297053613104 0.09020535318080096 0.15959408639680167
0.11089734152183603 0.07548923091893829 0.13630449081599247 0.09436153864867286 0.15751204503565347 0.17192674176396475 0.1402747649165346 0.11323384637840744
0.10812897205015315 0.06639392795295296 0.22862730217113825 0.13278785590590592 0.10736717559534675 0.0891371462155881 0.14804854979359958 0.11950907031531532
0.12216330837996277 0.07573358153891728 0.19278899271147285 0.0946669769236466 0.14662238487094345 0.11369556383988706 0.14072881942679408 0.11360037230837593
0.14362725595166054 0.08610890088736747 0.20682542993436145 0.10763612610920935 0.13623808198957857 0.10268544356449044 0.12000624806504386 0.0968725134982884
0.1298545186006411 0.07437677020910188 0.18360806442387556 0.09297096276137735 0.15383515213310917 0.11558179609506027 0.13820758046318185 0.11156515531365283
0.11089436005555665 0.06529644138831689 0.24693836053482435 0.13059288277663378 0.10490329104728052 0.07823975113999138 0.14560131855842598 0.11753359449897038
0.10551221338203623 0.064913330680439 0.2730088622688841 0.129826661360878 0.09381511272725182 0.07133278549515967 0.144747038860561 0.1168439952247902
0.10355173803170138 0.06443709740935606 0.28288044011896474 0.12887419481871212 0.09089537471039653 0.06968926982838945 0.14368510974563872 0.11598677533684092
0.10279240202919131 0.06422084990798567 0.28652306070298983 0.12844169981597134 0.09002120088589209 0.06920034673026619 0.14320291009332925 0.11559752983437423
0.0819920231537939 0.1124455406482018 0.1439138348556654 0.14055692581025223 0.09570927474064539 0.16137982709566326 0.09533426272347544 0.16866831097230264
0.1027413227606321 0.06817722494672075 0.24177742310111597 0.1363544498934415 0.09536751128854001 0.08575897668602005 0.15094998116001665 0.11887311016351312
0.08216513120286362 0.11284770924010855 0.133889583369796 0.14105963655013568 0.09704564462847867 0.16804549940140595 0.09567523174704856 0.16927156386016282
0.10312203012945216 0.06841418153060333 0.23778002349471167 0.13682836306120666 0.09596445449308594 0.08713005954019283 0.1514746225179007 0.11928626523284683
0.08224310384480149 0.11287589476231992 0.13299651696682357 0.14109486845289992 0.09718632349709186 0.16859032216452952 0.09569912816805387 0.1693138421434799
0.11566505891286707 0.07672472330610319 0.1597092975154759 0.09206966796732384 0.15435597060773198 0.14024586662448008 0.14614233010686323 0.11508708495915479
0.09842195989409179 0.13096835468914328 0.09395109030518399 0.11417753998540696 0.12795768711199437 0.22006816247637165 0.0774421575553195 0.13701304798248837
0.10747904166499732 0.067913480829304 0.21291044235277642 0.135826961658608 0.1030777217702188 0.09911116032242287 0.1514369259089256 0.12224426549274718
0.10613097663215144 0.06584317796609632 0.2606145657266545 0.13168635593219263 0.09464424926758548 0.07574249461194614 0.14682045952439987 0.1185177203389734
0.0827349167670639 0.11269304570806589 0.1381560405308173 0.14086630713508239 0.0968396250536143 0.16412639227337555 0.09554410396988196 0.1690395685620988
0.10308369515399575 0.0683117432631761 0.23947622853992656 0.1366234865263522 0.09578399437698323 0.08636538144720798 0.15124781577194868 0.1191076549204096
0.08225019988607178 0.11286510051078168 0.1333787745716154 0.1410813756384771 0.09714406947734755 0.16829285262952323 0.09568997652001057 0.16929765076617254
0.10315568347731653 0.06842566562745825 0.237574457692317 0.1368513312549165 0.09600218624582686 0.08718433766333561 0.151500049252492 0.11930628878633745
0.07233241043772393 0.09924639168271975 0.08152833024978444 0.08652249531314028 0.142430858726701 0.2470864847835784 0.09780803818007162 0.17304499062628056
0.10174938779203196 0.06819838983270717 0.20791778231138916 0.13639677966541433 0.10665105712577899 0.1042572711110226 0.15207223046278281 0.12275710169887288
0.12121869058769355 0.07613908872693106 0.18665635672904754 0.09517386090866382 0.1470374094040543 0.11808362403824438 0.14148233651496891 0.11420863309039657
0.12477187518436558 0.07481569120253602 0.1776396297099554 0.09351961400317002 0.15793677410092477 0.12006969161142711 0.13902318738381694 0.11222353680380402
0.12550013441988891 0.07463711332152669 0.17439416060448962 0.09329639165190837 0.16115204899230892 0.12037312866146689 0.13869135236612049 0.11195566998229003
0.08508956671239037 0.1107246953751499 0.11732823755239044 0.13840586921893738 0.1097825821074559 0.17870672076158503 0.09387528520936622 0.16608704306272482
0.10455221786120306 0.06827373241311425 0.22424862355228684 0.1365474648262285 0.09931672791839762 0.09192828191323482 0.15224023317192936 0.12289271834360564
0.09523271457392381 0.1302935433100413 0.14994430345552356 0.16286692913755163 0.08473875189251803 0.1474938226714559 0.08284969873518931 0.14658023622379646
0.10523951610617546 0.06813694685939976 0.24431911434766038 0.13627389371879953 0.09298662309404977 0.08338022200708438 0.15086080216326198 0.11880288170356881
0.08267359924684825 0.11288699337102083 0.13451450092072612 0.14110874171377602 0.09657296523279435 0.16720417160026385 0.0957085378580394 0.16933049005653122
0.11575848630750081 0.07672384262815214 0.1601945094706322 0.09206861115378258 0.15415012319231625 0.1398780106803359 0.14614065262505171 0.11508576394222822
0.07163382091939147 0.09526372335337573 0.06840470271097292 0.08305042548755832 0.15506906863051645 0.26659431824148083 0.09388308968158766 0.16610085097511665
0.10165247082892363 0.06816237461168112 0.20175542390864226 0.13632474922336224 0.10953248034910998 0.10788830488195407 0.1519919218953009 0.12269227430102601
0.10521203457247304 0.06608739503632265 0.2564040612150675 0.1321747900726453 0.09632063370903785 0.07747874718837731 0.14736502714069555 0.11895731106538075
0.0951230454114162 0.12979481029275902 0.15799681126685672 0.16224351286594876 0.08395664696767145 0.1423334420276635 0.08253256958833045 0.14601916157935385
0.10677433633668726 0.0677737462336969 0.24709879076363117 0.1355474924673938 0.09239342779514037 0.08218595146797268 0.15005664611774974 0.11816960881772794
0.0726231653267526 0.10571685073326935 0.08266338522870502 0.08596697249441562 0.14069895255783882 0.24321667280693482 0.09718005586325244 0.17193394498883124
0.10114441252395295 0.07526007325701971 0.20710559702030268 0.13518507006206734 0.10571984253096205 0.10319717686869387 0.15072126468114075 0.1216665630558606
0.1045224386246589 0.07083633108257201 0.25777685955781177 0.13120255036857995 0.09501819616274144 0.07628027644604937 0.1462810524258645 0.11808229533172195
0.08189845096895125 0.12012770063493888 0.13677300912881718 0.1396177897922178 0.09623150158475667 0.16311291662841346 0.0946972835112434 0.16754134775066137
0.102689387859613 0.07591714770256738 0.2311053012483271 0.13479873810185936 0.09544506558013337 0.08843496183957412 0.15029053337625214 0.12131886429167342
0.1041661635423079 0.07039833751455976 0.2670021709811462 0.130304631579823 0.09226159492253692 0.07331299305252012 0.14527993998526534 0.11727416842184071
0.08182384142501574 0.12003972062806123 0.13885551104460567 0.13956578497512842 0.09562315651951404 0.1619510327587379 0.09466201067878277 0.16747894197015412
0.1348832616323165 0.09972598138335345 0.19055922025948224 0.11067931701016358 0.12522077693123226 0.11592087865849553 0.12339917881580924 0.09961138530914722
0.11163793922039808 0.07184960426950236 0.24912539772856013 0.12969469801281208 0.09845751905829746 0.07790970392342064 0.14459990957547855 0.11672522821153086
0.10531959664279637 0.06945436517887406 0.2732287003009028 0.12901439643202328 0.09208915460070026 0.07093940597420838 0.14384142408167375 0.11611295678882096
0.10317479457839428 0.06880392077012842 0.28234098106430644 0.12809918750578594 0.09016431710414435 0.06930649579394052 0.14282103442809266 0.11528926875520736
0.10239403436108581 0.06854924948740307 0.28571109759222546 0.1276977994758533 0.08951171571351513 0.06883456711260082 0.14237351672904838 0.11492801952826799
0.10210554679345143 0.06845135283276697 0.28694924409662476 0.1275435418174931 0.08927999693694072 0.06867959893523672 0.14220153095174232 0.11478918763574382
0.10199891955772648 0.06841478670148059 0.28740316214067424 0.12748622004919893 0.08919623903374195 0.06862545301506069 0.1421376214578382 0.11473759804427906
0.10195960703092675 0.06840130190776064 0.28756946239892 0.12746513362675005 0.08916574796345539 0.06860601513769088 0.14211411167042132 0.11471862026407503
0.1019451462600274 0.06839635230541935 0.2876303773645458 0.1274574011234067 0.08915461442959408 0.06859895699969472 0.14210549050624596 0.11471166101106603
0.10193983564587711 0.06839453839103046 0.2876526892049816 0.12745456823815807 0.0891505433710028 0.06859638168400466 0.1421023320506031 0.11470911141434226
0.09337934131375727 0.13731568707765685 0.16469331508126797 0.15993180492985928 0.08166423813589986 0.1377203752125397 0.08135661381214582 0.14393862443687333
0.08213620870889363 0.11074541414113241 0.11591876578499367 0.1328944969693589 0.10174641639025832 0.19076970406664515 0.09967087272701919 0.16611812121169864
0.07677217042483991 0.12320636955437692 0.10338129714063975 0.13789148032701856 0.09625968782504345 0.20349282298342045 0.09352639535223868 0.16546977639242227
0.07572358481071023 0.12449799577444462 0.10047768018664138 0.13774886458108884 0.09496264654490663 0.2078609259325109 0.0934296646723907 0.16529863749730658
0.11546507707698182 0.08693089317872646 0.15261089751301005 0.09606921225890153 0.1447359599099897 0.14609156891907293 0.1428133364326357 0.11528305471068183
0.1232420625710659 0.08168047134008848 0.16640973803165093 0.09335299937008977 0.15723859755033884 0.12727702835145027 0.13877550354120807 0.11202359924410771
0.08398470052605327 0.11925738024060714 0.11463935197890598 0.13695556483944657 0.10808403405740251 0.1798406900504501 0.09289160049979855 0.1643466778073359
0.10367221380753387 0.07620051348672849 0.22181825107772163 0.13536835460569344 0.09842550588017812 0.09175802872768775 0.15092561326933285 0.12183151914512409
0.1046839446618845 0.07062232948521098 0.26346739855017326 0.13068941299908166 0.09313512641678326 0.07407237363498544 0.14570894255270747 0.11762047169917349
0.0907105113293845 0.06066610623348603 0.24458702540960472 0.11283337566418027 0.1060968935277755 0.08197164575269662 0.16773439128585602 0.1354000507970163
0.10107837096852507 0.06910352998484845 0.2722115509325362 0.1298519533243795 0.09412325757277913 0.07198934171258514 0.14477523751240517 0.11686675799194153
0.08124619754252313 0.11983633133986758 0.14000816162804133 0.13950115589053505 0.09599596824982849 0.1613926229808951 0.09461817529966726 0.16740138706864205
0.1024355249620022 0.07582017230495952 0.23239519469430525 0.13466043514525083 0.0953013282770721 0.08805661708493456 0.15013633590074982 0.12119439163072575
0.10406497488146646 0.07036001643302388 0.26748596064438546 0.13024444513252817 0.09219290081764966 0.07321886488361364 0.1452128365880575 0.11722000061927534
0.10313427250275632 0.06904486700336382 0.28031433542259965 0.12844571426801296 0.09040090768968682 0.069851374364599 0.14320738590776966 0.11560114284121166
0.10246275708640133 0.06862189029770978 0.2849836218704373 0.12780616615515825 0.08962809907336883 0.06897757848787443 0.14249433748940776 0.11502554953964242
0.10214793111927396 0.06847515704206779 0.28668550917678126 0.12757979928250157 0.0893267380926464 0.06872109061303174 0.14224195531944575 0.11482181935425141
0.13636818509692922 0.09146106469964484 0.24002726253688217 0.10651738436141003 0.11925228968237359 0.09174923319305348 0.11875893450443777 0.09586564592526903
0.11013637501027336 0.07000642533473933 0.2678171247146723 0.12732265813446728 0.09559051757525465 0.07258124478054725 0.14195526212902546 0.11459039232102054
0.1390578964436091 0.09178662787026892 0.23338149967277608 0.10673399226251376 0.12119669675051846 0.09278225781465155 0.11900043614939969 0.09606059303626238
0.11095353440139069 0.07015982851454511 0.2652377888669703 0.1275641085338606 0.09616607477125201 0.07288650592584418 0.1422244613056625 0.11480769768047457
0.12191708865274693 0.08034617105948676 0.20338690756557493 0.09341811360377726 0.1416090113916033 0.10834867117934954 0.1388723002229286 0.1121017363245327
0.08397448129460279 0.11941630460399745 0.12324713441373258 0.1373180237492578 0.10501095335719515 0.173114031886956 0.09313744219514877 0.16478162849910935
0.10343369508410244 0.07604029213446448 0.2253604427669218 0.13506967137080117 0.0975479640998866 0.09039262655788087 0.15059260375222158 0.12156270423372105
0.12104016983469042 0.08168148405763463 0.19167726665445664 0.09448410515199406 0.14337714277600275 0.11390193708702843 0.14045696825580012 0.11338092618239286
0.1084705782613095 0.07062610253162878 0.249715405488673 0.12978732003838975 0.10228732924612106 0.0776015001774211 0.14470317622190618 0.11680858803455078
0.0825435559302079 0.11997684366667032 0.1348952375646546 0.13945619621806635 0.09771945358161006 0.16347359666398795 0.09458768091312326 0.1673474354616796
0.10288021640748361 0.07593360281626027 0.23031483215325999 0.13484395615833278 0.09579528947849433 0.08853159430893123 0.15034094813473817 0.1213595605424995
0.08164960794846055 0.12089257048815226 0.13056975858333744 0.13985295825916735 0.09645805741482187 0.16789670831492892 0.0948567890801309 0.1678235499110008
0.10479824404666467 0.0684047897991016 0.23623121709010278 0.1368095795982032 0.09585317645536176 0.08717927465221674 0.1514538284522233 0.11926988990612586
0.0721469316521232 0.1055669704753348 0.08095936343026916 0.08579993084344592 0.14147387755288263 0.24546183818820053 0.09699122617085192 0.17159986168689184
0.0736496078765195 0.12022511650092295 0.09398774072567695 0.13498625418509205 0.102922853384753 0.22068902816199304 0.09155589414293201 0.16198350502211048
0.1145985319139986 0.08633006561325522 0.15005179123532056 0.09574593669089074 0.14691915950486353 0.149126625424353 0.1423327655882495 0.11489512402906887
0.12297455732659564 0.08159948260740185 0.16551256952027912 0.09331120443768162 0.15789160626577375 0.1280237619499891 0.13871337256706104 0.11197344532521794
0.0971765881670912 0.1380543178521795 0.13248915459400984 0.15855383708392817 0.09397089733777292 0.15640110402939786 0.0806556475600852 0.14269845337553536
0.1211962453608885 0.07660333610768914 0.15937636904731226 0.09192400332922698 0.1530994366085257 0.13698448898922524 0.1459111163955984 0.11490500416153371
0.07206047979549735 0.10228962354342552 0.06794841046393792 0.08235592537710723 0.15394815576780344 0.263587551697806 0.09309800260020817 0.16471185075421446
0.10113632735579396 0.07507153380614669 0.20028844410551555 0.1352110825249523 0.10880422164868372 0.10704814965042199 0.1507502666360289 0.12168997427245705
0.10471773751102849 0.07095554958298618 0.25511887539649886 0.13144753819360677 0.0958357963746718 0.07706752299886599 0.14655419556809587 0.1183027843742461
0.1036938472269627 0.06937628376761827 0.27572917650956547 0.12899890745709455 0.09150833236698275 0.0707702809298695 0.14382415503052182 0.11609901671138509
0.10274563770116756 0.06875606667603591 0.2833013049324441 0.1280197121327942 0.08999097264370173 0.06923613967613677 0.14273242531820488 0.1152177409195148
0.1022696333842358 0.06852541884237522 0.2860697060287375 0.1276586290064849 0.089450965004972 0.06880303704848609 0.14232984457887196 0.11489276610583642
0.1020673875837311 0.068441358109829 0.2870814884845452 0.12752751224233888 0.08925746808963654 0.06866636530013205 0.14218365917168227 0.11477476101810496
0.10198735542446129 0.06841082380975537 0.28745148541396537 0.1274799133130115 0.08918777084419513 0.06862013929525992 0.14213058991764116 0.11473192198171034
0.11936766729600343 0.08008015191562447 0.2104358212493172 0.09326814792516279 0.13918480657128718 0.10709226136306312 0.13864936616934648 0.11192177751019533
0.10743561990614678 0.07006710194946977 0.25693391730926274 0.1289449046872353 0.1008110051430054 0.07599309081418204 0.14376394597218622 0.11605041421851177
0.10409676557214274 0.0691397935640639 0.2761348741939652 0.12864662173466487 0.09233233029979719 0.07043627233417565 0.14343138273999204 0.11578195956119837
0.08176229855597932 0.11977641596478515 0.14088156813927982 0.13941402404724912 0.095575631563961 0.1607341556921734 0.09455907717987333 0.16729682885669894
0.10522696969440999 0.06808208816675282 0.24016865509383492 0.13616417633350564 0.09525877648037248 0.08565276307381679 0.15073934050758456 0.11870723064972286
0.08204623237310954 0.1198864811434005 0.13278440533990538 0.13974668604661306 0.09631197159176219 0.16674349145244047 0.0947847087968332 0.16769602325593566
0.10557148933370943 0.06826728678119137 0.23692171927492778 0.13653457356238274 0.09566400330586321 0.08686140122165477 0.15114938546588563 0.11903014105438496
0.08211247212054523 0.11992349299201034 0.13205455909526392 0.1397682607341939 0.09640510524584682 0.1672148548679148 0.09479934206319239 0.16772191288103266
0.07240142746981017 0.09907209508631079 0.16221857676097626 0.19814419017262158 0.06561060253971557 0.12616736578106288 0.1036446533210636 0.17274108886843934
0.08005399888658962 0.11222502680117462 0.11635520307717888 0.13467003216140955 0.09914665027807837 0.18820902447274993 0.10100252412105716 0.16833754020176192
0.07652318134872486 0.12358652184594611 0.1036194019974523 0.13815592179968947 0.09584967297265344 0.20277243822046495 0.09370575565544155 0.16578710615962733
0.10244650469410793 0.07692164285741064 0.21772989972879234 0.13613123063341878 0.09632204370007218 0.0961544077069214 0.15177616310919975 0.1225181075700769
0.10458664975649334 0.07080613911841144 0.26201311637427876 0.1309465389942448 0.09286480541055542 0.07493524640238869 0.14599561884880724 0.11785188509482031
0.103446381904459 0.06921407460695492 0.27830768223920305 0.12871119611851942 0.0907089004498208 0.07026830981536943 0.14350337835900598 0.11584007650666747
0.0816474615800176 0.11979005369061858 0.1413711699325363 0.1394204127348468 0.0952279232505196 0.16067507315296642 0.09456341037667869 0.16730449528181612
0.10518512026554787 0.06807157957341585 0.24036803212904861 0.1361431591468317 0.09517252630816311 0.08565460098484969 0.15071607361798214 0.11868890797416097
0.08203745693324703 0.11988286979892876 0.13282754930543877 0.1397437003609941 0.09629187114650932 0.16674142829858005 0.09478268372310905 0.16769244043319292
0.09712237757834968 0.13291911553990596 0.13079077677530582 0.15950293864788714 0.08800578876178457 0.1691728523776626 0.08343230636966405 0.13905384394944006
0.07087297492635906 0.09343655354300438 0.06872600952103235 0.08409289818870394 0.13944106735942968 0.274333222257618 0.10091147782644472 0.16818579637740788
0.11226075109548236 0.08286378604483799 0.13960679610086354 0.09411160664091361 0.15676207821292837 0.16155782973535537 0.1399032242005223 0.11293392796909632
0.12213675878249332 0.08113820074667545 0.1617724856684546 0.09307955791362224 0.16078294446176836 0.13102556847994118 0.13836901445069813 0.11169546949634668
0.12437700331742099 0.08072078740655239 0.1686391088129873 0.09274640452644628 0.16157794680120233 0.12276930413896783 0.1378737595646873 0.11129568543173554
0.09748421635691865 0.13793346866567152 0.13333025626060604 0.15854156458028182 0.09467974410165056 0.15469393732177897 0.080649404590839 0.14268740812225358
0.10939796391429508 0.06811791236923843 0.23675084897975693 0.13623582473847687 0.09514185974362428 0.08476723865571767 0.15081865823714166 0.11876969336174908
0.0828241094655982 0.11993648292518276 0.1320655115899129 0.1398007959932319 0.09632240495668073 0.1664683304212362 0.09482140945627901 0.16776095519187825
0.11895952158159473 0.07648988804926377 0.1590685349044205 0.09178786565911654 0.1537088458368202 0.13955548703914814 0.1456950248557405 0.11473483207389565
0.12378000507003863 0.08054012864353462 0.16805466900560947 0.09298510455814603 0.15962251385606951 0.1252068502029259 0.13822860319390065 0.11158212546977522
0.10969003273714002 0.07089417560060529 0.24006677342954025 0.13040430253296298 0.10625713601238812 0.07993264174781108 0.14539106565988558 0.11736387227966666
0.10515816387052444 0.06958029674551112 0.26979918633300787 0.12937582326775135 0.09393755019921396 0.07146635061165652 0.14424438803135858 0.11643824094097621
0.1032529806501832 0.06889256609727265 0.28107297706292433 0.1282518301502782 0.09064083298749434 0.06947094633113757 0.1429912195854594 0.11542664713525037
0.10245590349296453 0.06858578843876263 0.28524573019495025 0.12775616959577066 0.08964630299741763 0.06889095758716356 0.1424385950567771 0.11498055263619358
0.13650378543646693 0.09150222616025326 0.23954638986278368 0.10655511839014006 0.11937612360097473 0.09181574486775579 0.11880100513049943 0.09589960655112606
0.11018386033272198 0.0700200874038633 0.2676335990210842 0.12734288835761146 0.09563005209650148 0.07260309594825416 0.14197781731811304 0.11460859952185029
0.139077772034228 0.0917915870262654 0.23331955364612342 0.10673848715118156 0.121211937987574 0.0927905761037393 0.1190054476148248 0.0960646384360634
0.11096032753466396 0.07016152909317021 0.2652139847695899 0.12756664002221724 0.09617100638202111 0.07288925245207907 0.1422272837262631 0.11480997601999553
0.12191947347783803 0.0803466080010655 0.20337959462466368 0.09341848191789932 0.14161106666578654 0.10834974926465922 0.13887284774660855 0.11210217830147919
0.14267008286846358 0.09256753439040794 0.20938890578966476 0.10644430564367705 0.13380748254349822 0.10064435649717803 0.11867745718780111 0.09579987507930933
0.1291668440128285 0.08113077506794208 0.18359543684898705 0.09212219742786909 0.15217728052614274 0.11431499541449272 0.13694583378829495 0.1105466369134429
0.1259994203382825 0.08054319631754932 0.17556318850140093 0.09253347688577922 0.15853060129094634 0.11823271607738095 0.1375572283257255 0.11104017226293506
0.10992764110812299 0.07070575843838145 0.24296440609326347 0.13005104409157853 0.1057603303548509 0.07854767137106973 0.1449972088603122 0.11704593968242069
0.10510672161439712 0.06949251791838428 0.27086840177228977 0.12923294353854067 0.09374105551989553 0.07116362265585097 0.14408508779595505 0.11630964918468661
0.1032033194158651 0.06885926477939033 0.28146355743766077 0.12819949240241976 0.09056711843962088 0.06939483746046601 0.14293286690239934 0.11537954316217777
0.10243108736764382 0.06857371355187532 0.28538825739116064 0.1277373570754308 0.08961929198908873 0.06886905075639538 0.1424176205005176 0.11496362136788772
0.10212620720269207 0.06846067456310966 0.2868306538364301 0.12755819358358553 0.08931139835293114 0.06869263165850452 0.14221786657751997 0.11480237422522696
0.10200900337870163 0.06841814290299168 0.2873594201831584 0.12749142001881208 0.08920609786989876 0.06863021859360728 0.14214341903589944 0.11474227801693088
0.1193752029639935 0.08008210842525515 0.2104079077070745 0.09326983452647307 0.13919274028260978 0.10709653124735294 0.1386518734154734 0.11192380143176767
0.12336011127293706 0.08045156144810094 0.1843736263774933 0.09253451844225008 0.15433806111319184 0.11634192254595185 0.13755877666937474 0.11104142213070009
0.10906320032254851 0.0705379043878692 0.2465095378409917 0.12975396361836491 0.10464172431494041 0.07804911595589327 0.14466598630286356 0.11677856725652842
0.08264604042600386 0.11995937707410255 0.13417014576077255 0.13944756066910421 0.09822215003315364 0.16363582947576297 0.09458182375817505 0.16733707280292506
0.10600311022510965 0.06818161512517526 0.23734641854207902 0.13636323025035052 0.09596171778102594 0.08630344186657135 0.15095970137604942 0.11888076483363892
0.08219026537053677 0.11991004424348109 0.13215489908818506 0.13976255916777136 0.09646929877055707 0.16700238744435036 0.09479547491379275 0.16771507100132563
0.10598807049899181 0.06824455323477749 0.236581951786606 0.13648910646955498 0.09567853543799731 0.08692822797094242 0.15109905152510766 0.11899050307602231
0.08218554554552353 0.11991744432811362 0.13197712688337557 0.13976385671566588 0.09640628596486156 0.16723675751390477 0.094796354989756 0.16771662805879906
0.11878724740784001 0.07648665710182503 0.15903541804107454 0.09178398852219005 0.15373327237870357 0.13975456022548646 0.14568887067014294 0.11472998565273754
0.06084251854633694 0.08679918149935323 0.082630372252907 0.10021157633858008 0.1308222607734147 0.22498828639907043 0.11328265151317747 0.20042315267716015
0.07266722563683496 0.1198140579445308 0.0955917815374383 0.1372003614028897 0.10187069027914569 0.21515781308590703 0.09305763642978605 0.1646404336834676
0.10170020254177847 0.07676949356799569 0.21429502071035456 0.13631367334145522 0.09777554797035051 0.09848418274722308 0.1519795731135329 0.12268230600730969
0.13862456631581263 0.09399205493770346 0.21609737651674146 0.10865862853489217 0.12368755529082136 0.10000079075909685 0.12114626196352904 0.09779276568140295
0.11151119532455327 0.07076558599115965 0.2587562551438216 0.12841611429302613 0.09725975314557314 0.07454220909352992 0.1431743841446127 0.11557450286372352
0.08307397782391414 0.11994101358706892 0.13693540311002225 0.13938111694030542 0.09661391904814313 0.16226047158527668 0.0945367575769028 0.16725734032836648
0.10601265405912402 0.06812224311697324 0.23846606239200047 0.13624448623394647 0.09554449797257594 0.08600456494762332 0.15082824686867494 0.11877724440908154
0.08218963008319902 0.1198968519468883 0.1324050482051588 0.13975409673757266 0.09637660163402856 0.16688312012953793 0.09478973517852757 0.1677049160850872
0.14269314724424303 0.09187846055397801 0.1912052657714036 0.11025415266477363 0.12878747107299657 0.11700661858347644 0.12205587922189019 0.09611900488723853
0.08748860403351172 0.12041548889374588 0.120242773730096 0.13685437817651214 0.10199183688621122 0.17595869492230032 0.09282296954580824 0.16422525381181455
