0.125 0.125 0.125 0.125 0.125 0.125 0.125 0.125
0.099626400996264 0.07845579078455792 0.199252801992528 0.15691158156911583 0.08685378548392246 0.06839735606858895 0.17370757096784492 0.1367947121371779
0.06430745814307458 0.11377473363774734 0.05606291222729579 0.09918822932521563 0.12861491628614916 0.2275494672754947 0.11212582445459159 0.19837645865043127
0.09567579728864391 0.07723227010047158 0.19135159457728781 0.15446454020094316 0.0861082175597795 0.08393305897246617 0.172216435119559 0.13901808618084885
0.09338784479785774 0.07538536869224662 0.2195467998160198 0.15077073738449323 0.08404906031807197 0.0730684047091229 0.16809812063614393 0.13569366364604388
0.09580778994457789 0.0754486345813551 0.2299448883204551 0.1508972691627102 0.08352473995168329 0.0657757327119506 0.16704947990336658 0.1315514654239012
0.06988962389987889 0.12365087305363187 0.1201868018524525 0.15456359131703987 0.08386754867985467 0.1575308157668761 0.10483443584981834 0.1854763095804478
0.09804971742454308 0.07429740874208585 0.22010581922178915 0.1485948174841717 0.08283606616468377 0.07670870289760448 0.16567213232936753 0.13373533573575452
0.09302422184966266 0.07325657470660936 0.25231781688333615 0.14651314941321872 0.08109803956124438 0.06386470615447995 0.16219607912248876 0.1277294123089599
0.0667631282480972 0.10839002521810805 0.08187902824656544 0.09449386813886343 0.122527854594383 0.2301392039888453 0.10681915528741083 0.18898773627772686
0.09650029227154118 0.07599398016383868 0.22437890086748774 0.15198796032767736 0.08412845992903589 0.06625116219411578 0.16825691985807179 0.13250232438823156
0.09185557782198625 0.15309262970331042 0.1250756212455809 0.13778336673297936 0.1148194722774828 0.19136578712913802 0.10333752504973452 0.08267002003978763
0.07350647761429248 0.11947327363639228 0.1066873284508565 0.14934159204549033 0.0810340464664226 0.18945481324892918 0.10129255808302824 0.17920991045458842
0.09626448123161235 0.07255556199660647 0.22032492051545977 0.14511112399321294 0.0872262578112923 0.08612956879384982 0.16178807406407472 0.13060001159389165
0.07359954257123466 0.11895219247471801 0.12805814504805715 0.14869024059339753 0.08760224486682845 0.16381857385294796 0.1008507718807392 0.17842828871207703
0.10758093197120108 0.08471998392732086 0.16625274935291334 0.10166398071278503 0.1454310002788456 0.10589997990915108 0.1613713979568016 0.12707997589098127
0.07913631253156289 0.1195631673360186 0.1192450499738194 0.14347580080322234 0.10217410857890871 0.14945395917002324 0.10760685060241675 0.17934475100402789
0.06662423985756315 0.10390980944672203 0.06557885052681782 0.0905880390048346 0.1291562727654879 0.260562840209527 0.10240387017937824 0.1811760780096692
0.13022123594759433 0.0942130773291672 0.16893841248521996 0.11776634666145899 0.11856364749016898 0.1330068800968836 0.13130068799419384 0.10598971199531308
0.10106814405098095 0.07062892814171583 0.2507421399673045 0.14125785628343165 0.08722249740145671 0.06955430584821398 0.15637825359826374 0.12314787470863271
0.07690641935922633 0.1165561890339637 0.13630386359399013 0.13986742684075643 0.09493900773213765 0.15569223975841287 0.10490057013056733 0.17483428355094552
0.0751805671099639 0.12980353199071748 0.1120515292288788 0.13988103815716765 0.09551153044161531 0.1678097267573216 0.10491077861787575 0.17485129769645955
0.07494083929174378 0.1174330943514658 0.10607315416853104 0.14679136793933228 0.08714232103138886 0.19190674082714015 0.09956284086319929 0.17614964152719872
0.09878615556566846 0.07881062995673578 0.2215829979604249 0.1410137931868674 0.08547994501241225 0.09019420846375542 0.15721985598595514 0.12691241386818067
0.095563097725689 0.07389100678889722 0.27101781135364705 0.13701171339308674 0.08230487826663721 0.06908778448783953 0.15167759887228158 0.11944610911192177
0.07498744758299827 0.12248713316465831 0.13977123102118924 0.13678900960114374 0.09259094603131529 0.15979621339640776 0.10259175720085781 0.17098626200142966
0.10846438363797849 0.08918961354074917 0.16459380574847937 0.09534942295510224 0.1378005124190147 0.13406719259987407 0.15134829040492417 0.11918677869387778
0.07741710083468323 0.12530275294275475 0.11610238683883724 0.14360420843695487 0.08883970573241637 0.1790076798023339 0.09740111528767376 0.17232505012434585
0.10812843924725285 0.08895688530397922 0.1565358434635552 0.09479805342148376 0.1449281741379528 0.13768193697989967 0.15047310066902184 0.11849756677685469
0.12114939234370736 0.08590013302619401 0.17210430895792936 0.09842431158679475 0.13439400293471251 0.12360432748464625 0.14631434976186206 0.1181091739041537
0.08174032910977794 0.12349612928545742 0.1169314237426204 0.14172408468125242 0.09561262143941666 0.17430060920973137 0.09612590091424077 0.1700689016175029
0.13350476098364902 0.10259434579374534 0.1844687776555895 0.11384014113228481 0.11887399921138878 0.11733858637470891 0.12692326182957725 0.10245612701905633
0.08308373697464252 0.12462986342826986 0.11934886901359165 0.14066773671790855 0.09289589885009848 0.17516318952793894 0.09540942142605972 0.16880128406149025
0.13668023465446127 0.10571256208060606 0.18755264526668886 0.1126043213267961 0.1209611926728826 0.11366356158469344 0.12465761253922887 0.09816786987464274
0.08322183575551509 0.12435856084378427 0.11965187700546996 0.13982563398314704 0.0971065660520566 0.17320650948733365 0.09483825609291711 0.16779076077977642
0.10432681781449135 0.07806723071229334 0.2311893242958185 0.138547226899984 0.08993805494546653 0.08376910797430606 0.15337747544483368 0.12078476191280656
0.09487080068508723 0.14660181734751113 0.10854549591405267 0.11818843592827491 0.11278699985895214 0.19701773582692744 0.08016259132526471 0.1418261231139299
0.10621356270554078 0.07929260364134544 0.22576074323906925 0.13770878761194022 0.09171989991018993 0.08680129936352471 0.15244928868721097 0.12005381484117866
0.07249009184408571 0.10540580577920863 0.08451610325546301 0.08768860538429611 0.13621021156055282 0.2330856449466462 0.10522632646115532 0.17537721076859222
0.0640171578631544 0.10163178608545817 0.06075623103928188 0.08245639942792068 0.1370066372840137 0.2902713101308251 0.0989476793135048 0.16491279885584137
0.11084954154616539 0.08421940651160074 0.1352019417366376 0.09132967785115415 0.15105840926523686 0.16821118315438288 0.14496774262087958 0.11416209731394265
0.08350333407384562 0.11819943922753319 0.10710224673558091 0.13030049702703822 0.10398351495182971 0.1963099739300959 0.09772537277027869 0.1628756212837978
0.07977241224425095 0.12248698347224501 0.10126475266101367 0.13093748984081566 0.09721426418680852 0.20644911791323486 0.09820311738061176 0.16367186230101957
0.0789270393816831 0.12264825091665374 0.09976847533398613 0.13058624474358219 0.09596135491857967 0.21093614521835083 0.09793968355768663 0.1632328059294777
0.11711714209499688 0.08613209278219654 0.14788064704957354 0.09163059988961614 0.1477779023410604 0.14947796933035207 0.14544539665018436 0.11453824986202017
0.09425159470822105 0.14306862537543258 0.09087384983434878 0.11428214366201674 0.12260697601810797 0.22026513187147626 0.07751310613597655 0.13713857239442007
0.10800039096170727 0.07820682624606332 0.2157500087034283 0.1357517883957824 0.09882947151040737 0.09483099111370856 0.15028281010847705 0.11834771296042569
0.10521126305541077 0.14749093020533283 0.11712511971759372 0.12265048861366346 0.1278928998923926 0.21405113888716096 0.09198786646024759 0.07359029316819808
0.08136109750557641 0.12218532658194471 0.10088883087959112 0.12649998647241192 0.1054195303498214 0.2106452552658306 0.09487498985430895 0.1581249830905149
0.07425515450454113 0.12488899361518212 0.0996551934027541 0.13840458238425116 0.09601769199504225 0.2068184728373748 0.09387441239975296 0.16608549886110135
0.09266067038063645 0.1585631969145475 0.1182921322029426 0.15467862834380405 0.08396623197205455 0.17608228423978559 0.08090882097983597 0.13484803496639325
0.08025627054426135 0.13808573169695085 0.10203291350322011 0.12804419472157885 0.09731040644752861 0.19818209364330253 0.09603314604118415 0.16005524340197358
0.0779651201987067 0.13382268014158924 0.09840965661355267 0.12790757438966693 0.09990101839093622 0.20617880148621437 0.09593068079225021 0.15988446798708367
0.06561266260624059 0.1124917355537492 0.06194739388216812 0.08113841862062696 0.1359325017262518 0.28323434802495695 0.09736610234475233 0.1622768372412539
0.07042561371233377 0.12101336489487013 0.08941198626651727 0.13508349760854868 0.10007388022857962 0.2302696096070069 0.09162185055188518 0.16210019713025836
0.07240349660744441 0.12426892831542634 0.09683743605180146 0.1378732151571831 0.09458498806738 0.2150700708098817 0.09351400680226334 0.16544785818861973
0.10348293658130664 0.08368467786316593 0.21908492874742788 0.1361450698611866 0.09360024497764306 0.0945933793868159 0.15071818885731686 0.11869057372513704
0.08373793495009407 0.12568279667653323 0.12585845921968764 0.13061543469374795 0.10121917082671202 0.17165533424572932 0.09796157602031097 0.16326929336718493
0.11733292835253008 0.0926969195261004 0.15452425083883845 0.09026903921372376 0.15037577359742937 0.1386806002260906 0.1432841892281329 0.11283629901715468
0.06866336436244672 0.1047880962760356 0.06706347307557409 0.08313721698305823 0.1522469076096036 0.2638453059202298 0.0939812018069354 0.16627443396611646
0.09808081565224304 0.07585654462271894 0.2004130347370564 0.136447390314158 0.10785943666552932 0.1064114691663341 0.15212865755921795 0.12280265128274219
0.07792129028389853 0.1214821499673856 0.12296459712326799 0.14066981808476037 0.09851555342037803 0.17423197628284665 0.09541083313575052 0.16880378170171242
0.10390803969582989 0.08263899170188004 0.2296394239955446 0.13503721555581671 0.09439882332391566 0.08716100510333347 0.14949174860065995 0.11772475202301971
0.12146452372884925 0.08589831932604235 0.18581548244734222 0.0893882846000681 0.14818610395480147 0.11562576416095725 0.14188616603185414 0.11173535575008513
0.0945280835718613 0.15095498890127323 0.09743705416828406 0.1133086189148043 0.12437866315174055 0.2065694461998826 0.07685280239438899 0.13597034269776515
0.1322049780905607 0.11200338078162195 0.1720455985256738 0.10905906082678672 0.13082698912855184 0.12411412381671225 0.12159271408598459 0.09815315474410803
0.10882689493866989 0.07905400860937466 0.24012087927269765 0.13048595175679004 0.09927733665775275 0.07931547373237695 0.1454820984512271 0.11743735658111103
0.10292470205981176 0.07442706973421659 0.26798646383802593 0.12980492441428562 0.09203669013945198 0.07127291405408051 0.14472280378727068 0.11682443197285707
0.11771005637209656 0.0854845797261913 0.2029760122201481 0.09386733089121113 0.1398134391635805 0.10796769266530976 0.13954009189200936 0.11264079706945335
0.10597887800099469 0.07516818344994941 0.25232582532562514 0.12944024209755042 0.10026705938602253 0.07600738363285327 0.1443162102192092 0.11649621788779539
0.11950007887472323 0.0855281881568767 0.19789436703234645 0.09378198202957959 0.14225668930423557 0.10908710108993519 0.13941321507680787 0.1125383784354955
0.10695251162234606 0.0752241768205554 0.2502668305373072 0.1295117593126668 0.10083891287852179 0.07624927887024406 0.1443959465769584 0.11656058338140014
0.08135457356191504 0.1268206943243363 0.1334504386919145 0.1390363547625834 0.09635745917159778 0.16183393489010503 0.09430291888244786 0.16684362571510003
0.11673258816306618 0.09287067407120901 0.1569588800672256 0.09029940538731059 0.1507975449160049 0.1361342611573779 0.14333238950366758 0.11287425673413823
0.08169283651913815 0.1281880844326916 0.11124780333273546 0.13632299207837606 0.10531058125005079 0.1811875607441451 0.09246255114881159 0.16358759049405125
0.07842075087677562 0.13221694721111574 0.10065668794409911 0.12822513192545357 0.10338769544400736 0.20064252274764144 0.09616884894409017 0.16028141490681694
0.07483499804691252 0.13574151463345063 0.09854389989458943 0.1362451823279779 0.09510565610145105 0.20362475436219898 0.09240977583984587 0.16349421879357343
0.11513120701614589 0.09419457867530075 0.1460313048485606 0.09034285127572239 0.15078386418222844 0.1471862786760834 0.14340135123130537 0.11292856409465299
0.08126753470729772 0.12822354657020535 0.10866628797973285 0.13607088259496375 0.10522668983256302 0.18496844404991405 0.09229155515136672 0.16328505911395647
0.10500544370191167 0.08360920124628693 0.22328539877807893 0.13512170574073945 0.096481580446409 0.0891129772451107 0.14958528270851087 0.11779841013295234
0.08101306648459439 0.1286041392429616 0.12743277198323288 0.13917277932762723 0.0957240950301679 0.1666503624116987 0.09439545032656456 0.16700733519315267
0.11684919073290229 0.09314314361417683 0.15510007875674697 0.09032026054218704 0.15088996683438866 0.137431540917758 0.1433654929241064 0.1129003256777338
0.08168346212622561 0.12819482854716463 0.11080467565763488 0.1362651477376143 0.10545654305249026 0.18165384799778594 0.09242331759594709 0.16351817728513712
0.07856780468274317 0.13218159319809858 0.10053917384701959 0.12817963886174014 0.10339260493060479 0.20077990675631355 0.09613472914630512 0.1602245485771752
0.08789402556164477 0.15936840463606256 0.08067472743820117 0.11156311438400893 0.11172377315648249 0.23923132258928761 0.07566889497350168 0.13387573726081067
0.13423691053392947 0.11324784639390319 0.16552633467101394 0.10876542062218389 0.12769683187829117 0.13137245016941257 0.12126532717130054 0.09788887855996548
0.09775728278559602 0.15237832474285956 0.13028726501601218 0.15677602765350168 0.0869392081508613 0.1550121831305844 0.07975128363243347 0.14109842488815152
0.12107340849675605 0.09620826314951428 0.15565561591031643 0.08998942058488048 0.14761766641853089 0.13412849957417033 0.1428403501347309 0.1124867757311006
0.0826746800332442 0.12884549934232456 0.1109527655118951 0.13627279028172817 0.10481922150542605 0.18047919375274477 0.09242850123456346 0.16352734833807378
0.11719512892749005 0.09300506662372535 0.1496175093878121 0.09010176488254482 0.15360624905977574 0.14082840059873308 0.14301867441673782 0.11262720610318103
0.08191260304706219 0.1280453238572181 0.10952077228604076 0.1361189705647679 0.10596961277571854 0.18276578145188924 0.0923241713395817 0.16334276467772146
0.10521775541034054 0.0835437877558151 0.22358601374729198 0.135044948643976 0.0966647763109083 0.08871091499491128 0.14950030944713666 0.1177314936896201
0.07148609082253767 0.11310980136548866 0.07822778358005109 0.08537223201230165 0.14042528276326757 0.24412660489610474 0.09650774053564534 0.1707444640246033
0.11186413803461416 0.09120316253390892 0.14210521475919452 0.09399567271771135 0.15600302378453543 0.1523031002717065 0.1397308806370754 0.11279480726125364
0.080867724495037 0.12743884056793706 0.10768591325050933 0.13586773644122613 0.10627444914413905 0.18667028330719626 0.09215376906448382 0.16304128372947135
0.10502266658840263 0.08351052450048456 0.2228326503516667 0.13510557750295174 0.09677833867611906 0.08939846467612167 0.14956742808629575 0.1177843496179579
0.08124957081085303 0.12853894466633436 0.12730810414288174 0.1391132806846951 0.09577740927056166 0.16672165887776846 0.09435509472527148 0.16693593682163413
0.10466565985143277 0.0832895047114842 0.23112751772604312 0.1346127281382659 0.09419470124514422 0.08573337867836278 0.14902182358000948 0.11735468606925746
0.08120704689037786 0.12851840578966606 0.12916319138356452 0.13913048235223024 0.09525801420843907 0.16539951860979418 0.0943667619432518 0.16695657882267625
0.07884523952958065 0.13279693515383048 0.10487249121726469 0.1287803522947777 0.10163482609744502 0.19550945111754614 0.09658526422108327 0.1609754403684721
0.0875912653181068 0.1665629969460028 0.0809267739689648 0.11067679512043367 0.1106094303562069 0.23575284484668782 0.07506773929907673 0.13281215414452038
0.10324348724662857 0.09329967691416731 0.20335508777563285 0.13327821295442557 0.09782293620697753 0.10045494593429569 0.1485952613088894 0.11995039165898301
0.09992090030049598 0.15184801806354686 0.14582067958258285 0.15534580357646915 0.08605049152723789 0.14432662708915656 0.08125780494769157 0.13542967491281926
0.12138457857364074 0.09590806393116866 0.16023945195964512 0.08973490635155335 0.14707201379386178 0.1310559931625088 0.1424363592881799 0.11216863293944168
0.09716848376846728 0.15704620836945926 0.09168868636127482 0.11138470607081219 0.12295480148416424 0.2105475790649923 0.07554788759585522 0.13366164728497462
0.0766049940074602 0.1460478464478943 0.0945912983981842 0.13256370661632458 0.09724490512914148 0.2039580265390291 0.08991277492237668 0.15907644793958947
0.07725908055998842 0.13494903467379216 0.09653502532420014 0.12740513412841536 0.10111818039486871 0.20792327666190458 0.09555385059631154 0.15925641766051918
0.07416789049401268 0.1421094713867929 0.0968371358330231 0.1348300737921442 0.09390386184896413 0.20490551500068782 0.09144996309380214 0.161796088550573
0.07691103851747241 0.13430929663025112 0.09711003405160358 0.1275820654563745 0.10049653039554607 0.20842690403600317 0.09568654909228087 0.15947758182046812
0.08686354836639686 0.16636786137115772 0.07925768495502704 0.11021702138278325 0.10991002827630832 0.24036753722501225 0.07475589276397472 0.1322604256593399
0.10311525609045061 0.09330635625720823 0.20264055245542162 0.1333133880871822 0.09771299083296495 0.10129492804140523 0.14863447895690313 0.119982049278464
0.10705293682804126 0.07688589289383516 0.2601079666726545 0.13109234912626078 0.09224026479467827 0.07321033268335794 0.145124619301355 0.11428563769981709
0.09698528894350393 0.1558474927419502 0.11247497091038099 0.11504860512849893 0.11266827310708498 0.1908840760576611 0.07803296695672099 0.13805832615419872
0.10459108356337422 0.09080247077027113 0.21643069666279957 0.13227909702708016 0.09743386267431098 0.09193028036700235 0.14748132161078936 0.11905118732437213
0.10415628794871672 0.07891619718602597 0.2587113482363957 0.13012606372140254 0.09229368024627443 0.07360211516283635 0.1450808501490861 0.11711345734926228
0.10272677174264072 0.07610060772924308 0.27436335061913864 0.12837564970263224 0.09007847191548501 0.0696877944124222 0.14312926914606905 0.11553808473236901
0.10189079108163464 0.0752823618619538 0.28003853659462347 0.12766959373913556 0.08917729011621678 0.06869672280369998 0.14234206943751382 0.114902634365222
0.13532745594929899 0.10000018208442508 0.23502193945965835 0.1061533525987043 0.11841628015451366 0.09118970615899548 0.11835306625557032 0.09553801733883387
0.1258463491354912 0.09078271931795898 0.1897520175303878 0.09144149636023978 0.1457356906583151 0.11077800543278382 0.13593392593253556 0.10972979563228773
0.10854106750291892 0.0784719748031984 0.24623420656822592 0.12889988033416525 0.10176926769824375 0.0763599636139594 0.14371374717853944 0.11600989230074871
0.13796378867775055 0.1011372913397276 0.22354429182753446 0.10670353134212095 0.12235848046176331 0.0932929636468297 0.11896647449636469 0.09603317820790884
0.14494647250620982 0.1042272605812172 0.21306786164195843 0.10476577233382266 0.12626506864524276 0.09563235138011539 0.11680601781099331 0.09428919510044037
0.1117997619173805 0.07971413218121462 0.2545192276015456 0.12738984518605118 0.09680324688517754 0.07309275488360219 0.1420301706775824 0.11465086066744605
0.10437104253674959 0.07615626108409769 0.27246466297467914 0.1282085784887858 0.09092017780207948 0.06954855926306974 0.14294299721063133 0.11538772063990722
0.10229456314330254 0.0753142850147989 0.27929691431997067 0.1277059918787667 0.08937432501595066 0.06869587728939704 0.14238265064692343 0.11493539269089001
0.10163186202793105 0.07503580945054247 0.28181078594084746 0.1274370824302749 0.08888797476687457 0.06842027451655776 0.14208283667972438 0.1146933741872474
0.1184906345036424 0.08755881023953023 0.2064738415937573 0.09298860766988647 0.13822513016402355 0.10644283582050978 0.13823381080478647 0.11158632920386376
0.10651002003940811 0.07772673948281085 0.2529643408301362 0.12853222228825847 0.09989037223818326 0.07539346916724965 0.14330383589452098 0.1156790000594326
0.10330664184429247 0.07594770106960207 0.27202201277297927 0.12838572124126418 0.09164537841237895 0.07000489738230901 0.14314049816003632 0.11554714911713776
0.1020823790218816 0.0753018179996873 0.2791565977803504 0.1277414801147188 0.08954149231720904 0.06878668328127156 0.14242221738163424 0.11496733210324693
0.1015910246876783 0.07503874183357839 0.2817636301601549 0.1274459380970349 0.0889273432570392 0.06843926758989172 0.14209271008729113 0.1147013442873314
0.13519468825160674 0.09991186523897444 0.23558436597574517 0.10610723060280924 0.11830508433204365 0.09109861438420515 0.11830164367208733 0.09549650754252832
0.12580595997458646 0.09075994461157218 0.18992243226903166 0.09143315541812122 0.14569086000289802 0.11074633466018134 0.1359215265618638 0.10971978650174546
0.12397655598161826 0.08963386000402346 0.17585057235652182 0.0920255175602244 0.15498817646985388 0.11629258388387183 0.13680211267161713 0.11043062107226925
0.12361065941620432 0.08952076048664777 0.17141262915050093 0.09212521592990366 0.15803139210251468 0.11779876280403953 0.13695032099430457 0.1105502591158844
0.08296170147307479 0.13175766522270493 0.11416086657705819 0.1356241563838766 0.10678370518313232 0.17397435925652413 0.09198855824297718 0.1627489876606519
0.10529249626683128 0.08386452750428125 0.22541413669939733 0.13480917632962375 0.0967248244412303 0.08712959036033312 0.14923929980324646 0.11752594859505659
0.08099597786863294 0.13249562967630593 0.1274959277929661 0.13841540972395439 0.09539768126912057 0.16521912583967985 0.09388175616059515 0.16609849166874524
0.10458599329811755 0.08376142603525812 0.23116702662454267 0.1345715297743873 0.09414503982932992 0.0854739995938097 0.148976215297653 0.11731876954690175
0.08087812732028132 0.1324760773253437 0.12876758062803126 0.1384171887094636 0.0948626754367597 0.16461476135191055 0.09388296277685358 0.1661006264513563
0.10452023101039683 0.08372862837691143 0.23168432802132097 0.13452272633265364 0.09400070935636466 0.08534496606419131 0.14892218788148873 0.1172762229566724
0.08086577892672422 0.13246574199753494 0.12888044150240777 0.13841408839697347 0.09483134502928242 0.16456483811450082 0.0938808599562081 0.16609690607636812
0.10451371390655868 0.0837244650823569 0.2317297950937895 0.13451798774890816 0.09399102893162291 0.08533397527860682 0.14891694207449332 0.11727209188366353
0.08086454417863635 0.13246446320141708 0.12889034037459515 0.13841376408962353 0.09482919325289131 0.16456053800406553 0.09388063999122293 0.16609651690754823
0.1168911637485838 0.09363995014015038 0.15550757432291604 0.09026953149530341 0.15072652206166479 0.1368433732347866 0.1432849706274657 0.11283691436912925
0.09615916616650211 0.1561997014059401 0.09074558618302436 0.11128654074356323 0.12373024268981997 0.2128536080232402 0.07548130589563419 0.13354384889227586
0.13580949271153636 0.11821571024476753 0.1676988095683364 0.10745479181455059 0.12979385173607158 0.12451395743273266 0.11980407385890941 0.09670931263309554
0.12678326071968654 0.09461042139393966 0.16890370308047306 0.09209116226335952 0.1502520658303918 0.11995029406431774 0.13689969793180012 0.11050939471603141
0.14323141735373976 0.10413506016900591 0.19484119443332854 0.10613070341731168 0.13524756178299813 0.10256861565948053 0.11832781410855497 0.09551763307558052
0.11203110775884771 0.08015441230342465 0.2475929501346199 0.12815404148670737 0.09918994315814121 0.0746567152969831 0.14288219252323942 0.11533863733803663
0.10465215514964761 0.07639529091426311 0.26992521154204996 0.12851566568276648 0.0916028855400158 0.0699593155418022 0.143285376514965 0.11566409911448983
0.10244040036912033 0.07541338281230206 0.27837519522495335 0.1278195453116892 0.08958509712105091 0.0688195341298685 0.1425092542504953 0.1150375907805203
0.10169432448440574 0.07507346087046388 0.2814770408741455 0.12747811946712923 0.0889572802427364 0.06846087662735141 0.14212858991335156 0.11473030752041632
0.08034538068452778 0.1301183453579758 0.13991045998079643 0.13817787897001602 0.09372939088492038 0.158184441012864 0.09372064834488045 0.1658134547640192
0.10402454973055428 0.08314050197280397 0.23612344705229774 0.13403366495978347 0.09343881948285676 0.08400837820403698 0.1483807768378555 0.11684986175981123
0.09589790826004269 0.1597162200996207 0.10756961078246036 0.11452311050178068 0.11243392838629726 0.19475494485341033 0.07767654451425124 0.1374277326021368
0.11722233438378162 0.10569608221332395 0.15037386303717662 0.09277374675585667 0.145897621787779 0.13879345008992997 0.13791440562512428 0.11132849610702802
0.08131837285494507 0.1379167338545032 0.1088628614407709 0.13470291859119768 0.1035731233358179 0.18061876891668965 0.09136371869663844 0.16164350230943722
0.11683448696724333 0.09426111315537583 0.14895237961869287 0.09008232387674464 0.15340581878397302 0.14087315707466702 0.14298781567737245 0.1126029048459308
0.08134970207226977 0.13482509620814112 0.1086803036564351 0.13490070770733084 0.10526396214277053 0.181601507649718 0.09149787131453745 0.161880849248797
0.10186660027899637 0.0904145452509046 0.21646800870166688 0.13386113703416974 0.09669426459761754 0.0909752426498848 0.14924517815600716 0.12047502333075277
0.11955630486317445 0.09270000977062964 0.18673734132852057 0.0938786279447273 0.14185178006949067 0.11306469676896605 0.13955688572081848 0.11265435353367276
0.10725878988580612 0.08037133698848929 0.24519454383704284 0.1290956264880215 0.1011142726112317 0.07684737681802202 0.14393198953216724 0.11618606383921935
0.12020191622878353 0.09014861796014363 0.1950382091462534 0.09317598386505103 0.14232705859430148 0.10878467546353875 0.13851235810386692 0.11181118063806124
0.10710484775091272 0.07970656645740523 0.24831159048911217 0.12870078116823186 0.10093131790637737 0.0759224267098814 0.14349176646667045 0.11583070305140868
0.12009848220698505 0.08996965269466926 0.19596210439660514 0.09311738479099364 0.1421942657966821 0.10849200172035052 0.13842524664452188 0.11174086174919237
0.10705077011989508 0.07965296645226906 0.2486638326995794 0.12866141710193765 0.10087561524270311 0.07585224452150266 0.1434478784703693 0.11579527539174388
0.12007814341960792 0.08995429876024488 0.19606769609672423 0.09311157348388015 0.14216939236666506 0.10846839994603551 0.13841660774618603 0.11173388818065617
0.09484084233837484 0.1546677088279921 0.13772139579495712 0.1561491517471779 0.08936938429817849 0.14728488583642552 0.07943239458443396 0.1405342365724601
0.12022350503749948 0.09644182300322603 0.157886160800872 0.08990000599745204 0.14846996072587076 0.1320051147200868 0.14269842221817783 0.11237500749681505
0.08203609963394858 0.1356049684078466 0.1107563756585444 0.13505223567977426 0.10435530735558807 0.1785316836396787 0.09160064680889038 0.1620626828157291
0.1403377786236694 0.11264978973157833 0.17934039212660316 0.10802614452606693 0.1285166904702635 0.11736318307870218 0.11958938262551973 0.0941766388175968
0.08535101531050325 0.13985778922020042 0.11522074472552284 0.13444265561412236 0.09993874456322241 0.17267067132599023 0.09118719250349169 0.16133118673694682
0.07929870137594379 0.13455623971975844 0.10153698469470779 0.12822251881115942 0.1023662158846775 0.19757430189143435 0.09616688910836957 0.16027814851394925
0.08722885437598792 0.17041749841722212 0.07993569230960618 0.11000080668462373 0.11022879030201312 0.23557814709421027 0.07460924279478826 0.13200096802154845
0.10290919825596817 0.09657085480156966 0.20236360064451536 0.13278737015982112 0.09752109536572029 0.10029123940560165 0.14804800822296474 0.11950863314383901
0.0998211976499737 0.15257060320124496 0.14551247448187488 0.15527629133456297 0.08600952771184375 0.14421938642562213 0.0812214446980791 0.1353690744967985
0.0704785175465903 0.11799798953354167 0.06974847016990797 0.08271435035719095 0.13671073936450484 0.25766401188525323 0.09925722042862913 0.1654287007143819
0.07175817389955959 0.13865679416684382 0.08954221232477501 0.13213554338355213 0.0996534116699697 0.22006884393923676 0.08962236855580058 0.15856265206026254
0.11242730486837364 0.10280625882246533 0.1463914926145628 0.09436491222095503 0.14373285411880807 0.14675950273137386 0.14027977995831523 0.11323789466514603
0.12110758544143208 0.09412721740963159 0.16249024841386697 0.0925265838036079 0.15515607787923075 0.12601340519179183 0.13754698129610965 0.11103190056432946
0.08222804278527378 0.13499418778893824 0.1118211687118027 0.13506413121710778 0.10581092656261988 0.17639587038734214 0.09160871508638614 0.16207695746052933
0.10519513119171675 0.0843271397788723 0.22445974154386789 0.13489701721894606 0.09659363786766706 0.087588261288423 0.14933654327860532 0.11760252783190168
0.07117478552292672 0.11854481823803406 0.07805704315725498 0.08480088230662056 0.13970110667007576 0.24225773253653654 0.09586186695531018 0.1696017646132411
0.07208813335619238 0.13920752904542838 0.09157918038922275 0.1325471467764333 0.10054758506256625 0.2150723062074647 0.08990154303097216 0.15905657613171995
0.11252818202674027 0.10292316130048444 0.14707830337391387 0.09438347393451117 0.14403019103810674 0.14548914641263125 0.14030737319219871 0.11326016872141341
0.09305683268545571 0.1585225750231714 0.12499965039351182 0.15578997342798467 0.08944847866796872 0.15872183158161637 0.07924968213510523 0.1402109760851862
0.11986885054487183 0.09707113704120139 0.15399354072448834 0.08998891309793984 0.14863884894822008 0.13511302367094916 0.1428395445999045 0.11248614137242478
0.09648582387026221 0.159823409765922 0.09022263286200892 0.11086832888744183 0.1228697985768575 0.2114903622141387 0.0751976491584388 0.1330419946649302
0.1354553852502903 0.1220368758602243 0.1669305464031819 0.10697479550863746 0.12915480643748894 0.12390136078396723 0.1192689137984361 0.09627731595777371
0.08434951180942324 0.14230408568417433 0.11230769193917427 0.13422791099419848 0.09989905779336665 0.1747967089557772 0.09104153963084767 0.16107349319303815
0.09510950393180141 0.16232991758919946 0.12130765955777857 0.1541357927646663 0.08581480813384426 0.16630264811507284 0.08062487621536392 0.13437479369227318
0.0808901236770635 0.13876973875415977 0.10266832721256507 0.12789612212292353 0.09904225853250011 0.194941185454941 0.09592209159219267 0.15987015265365442
0.1148138126500799 0.10280110751625726 0.15068198222732593 0.09436956137816083 0.14350949533424115 0.14029387599738338 0.14028669124275847 0.11324347365379299
0.12169315157541363 0.0940962931170941 0.1638409958382981 0.09249729344159127 0.15503660110415995 0.12433547358782462 0.13750343920570882 0.11099675212990953
0.1083210335283496 0.0810309149506189 0.2360162902653106 0.1297241238829975 0.10438611673497147 0.07913709191827935 0.14463271722477483 0.11675171149469776
0.09341945244238574 0.15343032814694577 0.1489065646849434 0.15837666683277715 0.08336459768582898 0.13939786823398953 0.08056552182363011 0.1425390001494994
0.11996360076481458 0.09635836407021314 0.1615666815816425 0.09001706838271822 0.14662924353936113 0.13005947065472856 0.14288423552812415 0.11252133547839777
0.07104466934229756 0.11748145669716559 0.06741717339765242 0.08161878873310605 0.15014842500782194 0.2567871916574505 0.0922647176982938 0.1632375774662121
0.09975848474760227 0.08776186901159792 0.1977953155189536 0.13383718175005882 0.1066772610998337 0.10449795449496956 0.14921846980193124 0.12045346357505296
0.07964764679817023 0.1352194826997042 0.12091187051812845 0.13770325076534765 0.09702380183147913 0.17085131986269128 0.0933987266060619 0.16524390091841717
0.07843771298281084 0.13389264839244097 0.10293426504125394 0.12853717646170837 0.1019101727962731 0.1972136714020961 0.09640288234628129 0.16067147057713546
0.07417597173192768 0.14669253131911886 0.0979618610984371 0.13434736129969632 0.09383301181686728 0.20064987107539287 0.09112255809892447 0.16121683355963556
0.07694819559388111 0.13526929649947328 0.097390264381859 0.12763667920821387 0.10053369621663155 0.2069485096835135 0.0957275094061604 0.15954584901026733
0.08636145073156941 0.17186573498711505 0.07885643492400214 0.10944934285359165 0.10929855995790916 0.23859405866428388 0.07423520645721868 0.13133921142430996
0.13246380102885164 0.1266639837610469 0.16270689059235957 0.10697500185383409 0.12553912461384475 0.1301045526236809 0.11926914385793141 0.09627750166845066
0.11050835238777122 0.08734895087665615 0.2349592844269457 0.12911516338699186 0.09802093992645972 0.079889890230341 0.14395377171654167 0.11620364704829268
0.08156359236223046 0.13623464476707767 0.12920386883464405 0.13757173072552753 0.0952514750644079 0.16177908966599092 0.09330952170948825 0.16508607687063304
0.10421967352126142 0.08818006080597147 0.2310123510158146 0.13371191326492426 0.09368437274100486 0.08459768388339545 0.14802458448538622 0.11656936028224166
0.0957111530695461 0.16236721547014352 0.10641567485803116 0.11421375470306036 0.11222566619946109 0.19454330947487938 0.07746672058120614 0.13705650564367242
0.07618112083730814 0.15340806185918615 0.09752440158631512 0.13212534668221745 0.09482079883424203 0.19777440164978352 0.08961545253228663 0.15855041601866093
0.1379208497748715 0.12179034346181261 0.17366467009678183 0.10739987128621262 0.12541454868738705 0.12128298726942371 0.11889607240476119 0.09363065701874945
0.08461930606569201 0.1441755661963305 0.11358171862090588 0.133838480612488 0.09892066470307555 0.173480682825009 0.09077740424151358 0.16060617673498556
0.07857912935780198 0.14173817483199413 0.10047673643182461 0.12705622159381127 0.10140261674767917 0.1966346778492662 0.09529216619535846 0.1588202769922641
0.08670141377952788 0.1750584358159286 0.0794119579040961 0.10943741101787631 0.10953090510965176 0.234307869591517 0.07422711355995087 0.13132489322145155
0.10259203238340875 0.09924542970280754 0.2017258747675624 0.13242756336599712 0.09720657061454252 0.09997087163717992 0.14764685049910425 0.11918480702939742
0.10665743351112655 0.08046829909832295 0.2592253848300159 0.13056973174498698 0.09189535409363629 0.07280771379796887 0.14454606037703074 0.11383002254691174
0.07174706977495544 0.11941180689544029 0.08322536410436378 0.08508951410959681 0.13890448706234818 0.23525458344934028 0.09618814638476161 0.17017902821919362
0.12894491586635057 0.11541552510498049 0.16556516412728758 0.10798952781589359 0.13451849726475026 0.12997553019169808 0.1204002645947351 0.09719057503430423
0.12461770106790374 0.09738021071648266 0.16775713280300644 0.09167801721864145 0.1512923881418206 0.12097539931549639 0.13628553007427896 0.11001362066236975
0.10872131967470469 0.08244769190747875 0.2372678763645228 0.12929635640284107 0.10336558853889566 0.0783786579416534 0.14415578840734666 0.11636672076255697
0.13786654475834006 0.1046959445311028 0.22010635549864319 0.10649599780379825 0.12264679549510175 0.093606873800883 0.11873509008871237 0.09584639802341842
0.10985760851585324 0.08232711052043541 0.2570252969368051 0.12687113814724135 0.09576468429495105 0.07251828621340671 0.14145185103879 0.11418402433251722
0.12052485530360983 0.09126620322095032 0.19844704501800817 0.092816070988638 0.14023637543537204 0.10735284140723006 0.13797732343982605 0.11137928518636561
0.10696814482174426 0.08072303989217632 0.24943748095165774 0.12836990964831532 0.10031256817473226 0.07553306841402233 0.14312286941386798 0.11553291868348378
0.09290802593602449 0.15461116766284808 0.1519789765793521 0.1578558184134098 0.08241159742106868 0.1378636089179717 0.0803005684972563 0.1420702365720688
0.14185233358335564 0.12085263414325531 0.19258470774608374 0.10635309808221402 0.12077837067862018 0.10712351882071416 0.11773725143818564 0.09271808550757119
0.10083052998086289 0.17006857840038303 0.09704603062290704 0.11029437784058119 0.11576915412933565 0.1988297149949256 0.07480836062230722 0.1323532534086974
0.1053063538044775 0.09770416195540141 0.2088292965917959 0.1316568035982401 0.09794357947504602 0.09328117045918204 0.14678751087744082 0.1184911232384161
0.10699533290813744 0.08001221311733557 0.2618371666336963 0.13018943435719352 0.09179375905123083 0.0715485571620868 0.144125055535843 0.1134984812344764
0.09655484228527993 0.16041346524016284 0.11240471693911498 0.11441624666835767 0.11205113110347464 0.18925603880391192 0.07760406295766868 0.13729949600202923
0.07634445263285021 0.1537815901314573 0.09883630366270416 0.13213211277490208 0.09480991391448355 0.19591704984552571 0.08962004170819447 0.15855853532988248
0.10376872984080011 0.09165679915299543 0.21831562023465204 0.13462548554158843 0.09432127941578651 0.09091033135621955 0.14903594654990657 0.11736580790805144
0.10335203522865193 0.16223153349015126 0.11608651573761043 0.12019644848699773 0.12654620182490137 0.20932205977424034 0.09014733636524831 0.07211786909219865
0.0765813586451432 0.1526951701070565 0.09846569063524571 0.13003360234533723 0.09668679303835408 0.20130035821501238 0.08819670419944613 0.15604032281440466
0.10373101059835041 0.09141900962541082 0.21795833203191728 0.13445111652004016 0.09463465463857942 0.09174916982117792 0.1488429128752581 0.11721379388926578
0.08352344251464543 0.1310559638606522 0.12502275163851767 0.1295198097518383 0.10234657992824199 0.1694918328024277 0.09713985731387872 0.16189976218979785
0.0669952590114518 0.118352891026045 0.0659717651979358 0.0814531522017021 0.13971026687033009 0.2668665786470886 0.0977437826420425 0.1629063044034042
0.059585247302981724 0.11799532720562597 0.0518183345572309 0.07710672918234686 0.13999679959464129 0.3121199751515657 0.08716412864091383 0.15421345836469372
0.10719140574679645 0.09861852035670855 0.13142423336286801 0.09227532415436324 0.15412337424738548 0.16846328619478299 0.1371734669518594 0.11073038898523588
0.07906533994700722 0.13681427752737388 0.10408376642076554 0.13375312367353417 0.10464331677355637 0.19041691727964655 0.09071950996987536 0.16050374840824103
0.13180882600170468 0.12008336005632243 0.17426880747609197 0.10874484297096484 0.12562664680567232 0.12035477338953854 0.12124238462583692 0.09787035867386834
0.11003895139916556 0.08632845265170705 0.2395813919521147 0.12877971605834387 0.09775718643193064 0.0780327840757466 0.14357977297848187 0.11590174445250949
0.10428445993620586 0.07965975188884765 0.26669344091463215 0.12850716076007124 0.09137619137300192 0.07054665628232143 0.14327589416085554 0.11565644468406414
0.11915276363043459 0.09077990571032506 0.20164457984493525 0.09291158018550585 0.1389619867246587 0.10693598340576674 0.1381193042757669 0.11149389622260701
0.09445120545449547 0.15650836194976694 0.1388636826981154 0.15572867513432295 0.08860229985337603 0.14647146732939884 0.07921849995963384 0.14015580762089064
0.11950126982357451 0.10180444690560644 0.15753561862168272 0.08925746687687523 0.1474363166634393 0.1312145286605447 0.14167851885218288 0.11157183359609403
0.12252901515320362 0.09486068715673596 0.16559247787029052 0.09210746533950553 0.15579994123941107 0.12165752128397278 0.1369239335494739 0.11052895840740663
0.10833255972211113 0.08205844054472308 0.2364639900627076 0.12942393426648321 0.10438279670934243 0.07855870965022618 0.14429802820457158 0.11648154083983489
0.10401437632849353 0.07898585885223446 0.2655533569603437 0.1286665183655939 0.09281497796730917 0.07071147899833594 0.14345356599865466 0.1157998665290345
0.10223829449499816 0.07782012505516894 0.27647736686643426 0.12763543884641276 0.08976816866696927 0.06888472182724463 0.1423039892810005 0.11487189496177148
0.1015054265427045 0.07735268108551098 0.28048149640334535 0.12718165102954596 0.08885985854396122 0.06835735073838402 0.14179804972995647 0.11446348592659138
0.08003298883639458 0.1337416207028388 0.13933356585674042 0.13756968437742859 0.09337443211857799 0.15755595310345807 0.0933081337516472 0.16508362125291426
