0.125 0.125 0.125 0.125 0.125 0.125 0.125 0.125
0.07575757575757576 0.12626262626262627 0.09090909090909091 0.15151515151515152 0.0946969696969697 0.15782828282828282 0.11363636363636365 0.1893939393939394
0.055322015260228605 0.09220335876704767 0.06638641831227432 0.11064403052045721 0.11064403052045721 0.21073924895407187 0.13277283662454864 0.22128806104091442
0.08979925626558759 0.14966542710931266 0.08081933063902882 0.1346988843983814 0.11224907033198449 0.2509245373178902 0.10102416329878605 0.08081933063902882
0.07295173961840629 0.12906846240179573 0.09118967452300786 0.16133557800224466 0.08754208754208755 0.15488215488215487 0.10942760942760943 0.19360269360269358
0.09752012658281249 0.07679709968396485 0.19504025316562498 0.1535941993679297 0.0850175462516827 0.08809304709821959 0.1700350925033654 0.13390263534640023
0.07249684815316398 0.1208280802552733 0.10276079892996305 0.14499369630632797 0.09062106019145497 0.17831212355116072 0.10874527222974598 0.18124212038290993
0.10671042659708554 0.08403446094520486 0.14049493880149913 0.10084135313424585 0.13338803324635695 0.14841345596217212 0.16006563989562833 0.1260516914178073
0.07219115066035105 0.12772280501446723 0.0902389383254388 0.15965350626808406 0.09705530020207065 0.15326736601736068 0.10828672599052656 0.19158420752170083
0.07062599628326137 0.11770999380543562 0.09200259854532737 0.14125199256652274 0.09640661085783427 0.19949882280857306 0.10593899442489206 0.1765649907081534
0.08469690564971959 0.15736179730646566 0.08306480812886315 0.12704535847457937 0.11582237834080024 0.26049751815888983 0.09528401885593456 0.07622721508474764
0.05060140643799022 0.08952556523644425 0.0632517580474878 0.11190695654555533 0.11207663967975283 0.22232024486668345 0.1265035160949756 0.22381391309111065
0.09336962546006676 0.0799786063548366 0.19831279708513588 0.14705716009960518 0.09033824969310993 0.09994156195670408 0.1627983213149882 0.12820367803555324
0.10342262117311156 0.0877797122976185 0.16592470581528426 0.09773437700859043 0.14063525084383327 0.12720142984115668 0.15513393175966733 0.12216797126073801
0.0699249387276255 0.12371335313349124 0.08740617340953187 0.15464169141686407 0.09484014202061955 0.17901626350019262 0.10488740809143825 0.18557002970023687
0.09182926059474245 0.08115323537420288 0.2113655274257098 0.14463108543671935 0.0931608855800477 0.09165881006829732 0.16011255693442272 0.1260886385858579
0.06859125996036121 0.12353341117909382 0.12043883056316028 0.13718251992072242 0.09960067510323566 0.17628826343198167 0.10288688994054182 0.17147814990090302
0.08191243040115995 0.16639077714418407 0.09358148910985917 0.12286864560173993 0.12045292752392327 0.2489210586567846 0.09215148420130496 0.07372118736104397
0.06741410266027009 0.11927110470663171 0.08426762832533763 0.14908888088328964 0.09719957033220383 0.20273090204191443 0.10112115399040515 0.17890665705994754
0.10015581690388443 0.09550808475713793 0.14280542849547054 0.0946472469741708 0.14671372983969802 0.15162690895609818 0.15023372535582666 0.11830905871771348
0.06843631006317763 0.12107962549639119 0.08554538757897204 0.151349531870489 0.10740974061982711 0.18190550103178987 0.10265446509476646 0.18161943824458676
0.06624273890580053 0.13409918758361386 0.09471363723107308 0.13248547781160105 0.10271279535390215 0.20477520749080716 0.09936410835870078 0.1656068472645013
0.06946139291698039 0.1346194580243805 0.09488224215096647 0.13000647958763104 0.10032054643775407 0.21069692170702553 0.0975048596907233 0.16250809948453881
0.06936411592521602 0.1342021768085246 0.09453799363872248 0.12937672597217376 0.10153154325720604 0.21223399245380964 0.09703254447913033 0.1617209074652172
0.06925139940939143 0.1339393353699909 0.09434674383614759 0.1291664552230907 0.10164502202800688 0.21331813368719119 0.09687484141731804 0.16145806902886337
0.10430526009258119 0.09530196271849536 0.14207716947370036 0.09193040174950999 0.15316076501069378 0.15239016614986192 0.14592127261826981 0.11491300218688748
0.049232082548126964 0.08710291527745541 0.0615401031851587 0.10887864409681926 0.1338096065458404 0.21859915378264333 0.1230802063703174 0.21775728819363852
0.10627984851351378 0.08896633983160956 0.13357772933496495 0.09221176060681133 0.16340573323640306 0.1539260137391174 0.1463678739790656 0.11526470075851415
0.1027803786581939 0.0829672936156505 0.12847547332274237 0.10370911701956312 0.17113487728528168 0.13231135168780167 0.15417056798729087 0.12445094042347575
0.09183684450408085 0.07413335640690863 0.1836736890081617 0.14826671281381726 0.1177769863891845 0.085566049238066 0.1653063201073455 0.13344004153243552
0.11776456411914936 0.08694869721394134 0.1657734689199481 0.0920284194107332 0.15798783256876278 0.11838463729653585 0.146076856207513 0.11503552426341648
0.06697701773288905 0.11849780060434217 0.09731539228204092 0.14812225075542773 0.11229425705636747 0.17858105406308597 0.10046552659933358 0.17774670090651326
0.10257790109434546 0.08387768626948375 0.21442932357502512 0.13794472513234274 0.09827127982496342 0.0899290989213202 0.1527104812209899 0.12025950396152957
0.08304648659991719 0.1263499286564439 0.12238598099044876 0.13135021870096023 0.10289646034690325 0.17127048730340622 0.09851266402572018 0.16418777337620027
0.0782075925568006 0.13232112077366961 0.1017248136377469 0.12870556665667238 0.10293107177331327 0.19869870128845252 0.09652917499250431 0.16088195832084048
0.07685927901530738 0.13258570086570304 0.09692009691718484 0.12772962874936913 0.10271859863098455 0.2077274383227129 0.09579722156202686 0.1596620359367114
0.07645473914861937 0.13233094771140655 0.09574046940399947 0.127400706375048 0.10243706804060841 0.21083465657022213 0.09555052978128602 0.15925088296881
0.07632486308972869 0.13217406966831372 0.09542870149503534 0.12728559438246373 0.10229329712492911 0.21192228547460196 0.0954641957868478 0.15910699297807965
0.07628087089757962 0.1321050190604198 0.09533917611041635 0.12724421795426044 0.10223236370939562 0.21230991635940707 0.09543316346569534 0.15905527244282558
0.07624984968043946 0.13205197982946207 0.09529298074628119 0.1271961522370088 0.10240904278319199 0.2124076902495987 0.09539711417775662 0.158995190296261
0.07623319515428922 0.1320224879661423 0.0952700907970966 0.12717236207409297 0.10253499168079572 0.21242214817939717 0.09537927155556973 0.15896545259261619
0.07622774573362188 0.1320121996716207 0.09526231577276674 0.12716695225762178 0.1025599942203335 0.21243688782879183 0.09537521419321635 0.15895869032202722
0.07622582401556485 0.13200846456880036 0.09525953963456911 0.1271649645828248 0.10256433613535847 0.2124469418972329 0.09537372343711861 0.158956205728531
0.07570667278194997 0.13798766890414543 0.09463612543988184 0.1261290527211159 0.1019162679120594 0.21136610679861575 0.09459678954083693 0.15766131590139484
0.07556533192071695 0.13938380340061451 0.09444546425076787 0.12602058502506389 0.10170076930818589 0.2108428760445232 0.09451543876879791 0.15752573128132985
0.0752501201367208 0.14305527005882487 0.0940572237718865 0.12543818362269557 0.10128722329763844 0.21003561186684264 0.09407863771702168 0.15679772952836946
0.07516078043600087 0.14400747589108567 0.09393533415423337 0.12536504472456111 0.10114752978351794 0.20965374556147873 0.09402378354342085 0.1567063059057014
0.07513882985309192 0.14425899281573326 0.09390256474112198 0.12535045027407074 0.10115244602112931 0.20949581574671136 0.09401283770555306 0.1566880628425884
0.11385062936944419 0.10252980096785375 0.14115719378904173 0.08901827223780677 0.15207252170561059 0.148799896811069 0.1412988448219155 0.11127284029725845
0.10098005243768024 0.08151401823282622 0.14375383401333625 0.10189252279103277 0.16870517194807372 0.12941329457129114 0.15147007865652035 0.12227102734923932
0.09747181665483894 0.07148786479357931 0.20249382701313443 0.14297572958715862 0.11483626424804196 0.08264907241568842 0.15940726865911564 0.12867815662844276
0.12019164597701522 0.08869773631895712 0.17390456951277308 0.08978706341160225 0.15728833745775653 0.11537766978500845 0.14251914827238452 0.11223382926450282
0.053552363471748445 0.08447631972175555 0.0780279996422849 0.10559539965219444 0.1353272042766298 0.21246120128069126 0.11936871265030675 0.2111907993043889
0.09300112673403099 0.07122757041095548 0.20073022197998544 0.14245514082191096 0.10781934638052006 0.09773011589710481 0.15882685103577238 0.12820962673971986
0.10540960919104168 0.07815484991119787 0.25483308767947305 0.13190507260371367 0.09527716862110686 0.07340170853426628 0.1460243375995528 0.11499416585964783
0.07320705245986807 0.11340740611797889 0.08653964775544945 0.08462424170618861 0.1437030368296855 0.227721041671026 0.10154909004742632 0.16924848341237722
0.04929647057424891 0.08112663116390342 0.0685415054476369 0.10140828895487927 0.12713904625530925 0.25503602261483505 0.11463545707942872 0.20281657790975854
0.1027835873029856 0.07899539187371556 0.14120714397126619 0.09874423984214445 0.1577689018178588 0.155217702780298 0.14678994460115802 0.11849308781057334
0.07577743559194977 0.113012135150394 0.1056562833430688 0.1412651689379925 0.10986338165422492 0.18909275627361874 0.09581463632316015 0.16951820272559098
0.10358102819602302 0.08720290751095643 0.22044735229994689 0.13447426330335613 0.09784006234244151 0.09035187589513224 0.1488685373158847 0.1172339731362592
0.08329865424581334 0.1321238863587209 0.1254609454727274 0.12892490163685688 0.10320634298291419 0.16913546602925345 0.09669367622764267 0.1611561270460711
0.07819744310074259 0.14205244634346792 0.10271839483180538 0.12629124816901427 0.10242265709386121 0.19573531412308004 0.0947184361267607 0.1578640602112678
0.07680717987793118 0.1438620764468943 0.0971749149026567 0.125359755428828 0.10155593887119455 0.20452062361483928 0.094019816571621 0.15669969428603497
0.0763890828261317 0.1440628771552328 0.09578390130114836 0.12506371089575397 0.10114744390460674 0.2074255621256186 0.09379778317181549 0.15632963861969243
0.09283249136070455 0.17531988806469906 0.08711797578125564 0.11409447610584066 0.12293354155784131 0.25367408438677397 0.0855708570793805 0.0684566856635044
0.08940690454772571 0.13029367852091955 0.07709857314885592 0.11358936076182732 0.11842244883006453 0.25783858267274007 0.07704321860367416 0.13630723291419278
0.08827969964608615 0.12949644681908193 0.10775356982437856 0.1618705585238524 0.08744850939960822 0.19712486377947896 0.08234284933604666 0.14568350267146715
0.10640355844897129 0.08974253642626318 0.22157080740263635 0.13369160870739757 0.09265172073416861 0.09138600290190335 0.14800210650554388 0.11655165887311582
0.07299348007587253 0.1153100909618856 0.08217392793178453 0.08389926005894434 0.14168302326152543 0.23546258552136556 0.1006791120707332 0.16779852011788868
0.07444138445944827 0.11098637594495984 0.09326267997212567 0.13873296993119982 0.10476186162435447 0.2172380193275713 0.09409714482290074 0.16647956391743976
0.0763137531161711 0.13553371175576223 0.09555849916395041 0.125798699746893 0.10230608102990663 0.21289185569353056 0.09434902481016975 0.15724837468361624
0.07624001456661642 0.14164614149768096 0.09556145224685564 0.12496265857876027 0.10124086780773915 0.21042354814482708 0.09372199393407021 0.15620332322345032
0.1144425634654187 0.10168863111994778 0.14347527061597865 0.08863504556259787 0.15164141308579085 0.14863272068495859 0.14069054851206012 0.11079380695324732
0.08196422882497881 0.11202026881241112 0.1054780912260592 0.1400253360155139 0.10803220902135377 0.18947575671402228 0.0949737061670442 0.16803040321861665
0.07809208457316205 0.13655159173125514 0.09871711912611063 0.12651722053834874 0.10360089398194505 0.20348664897248087 0.09488791540376156 0.1581465256729359
0.07673693469758452 0.1421938509363603 0.09642555525416165 0.1252223580483839 0.10172736927726878 0.20724921568947305 0.09391676853628794 0.15652794756047989
0.07635343598380018 0.1435139754084633 0.09576197071295672 0.12496757219941938 0.10112559288049844 0.20834230841602314 0.09372567914956455 0.15620946524927423
0.07625147835619894 0.14382124348022846 0.09557884022524216 0.12490867939299048 0.10094730233307357 0.20867509742628537 0.09368150954474287 0.1561358492412381
0.07622450718615878 0.14389094026866045 0.09552885429816975 0.12489342012218294 0.10089598793373523 0.2087794499467268 0.09367006509163722 0.15611677515272868
0.05706235387950217 0.1077395400910505 0.07151030859079728 0.09350207105810615 0.12084453725358549 0.2501345617410188 0.11220248526972737 0.1870041421162123
0.07194850200479883 0.11119330109679976 0.09140566102181945 0.13899162637099968 0.10041713132643526 0.22498124516926948 0.09427258136467805 0.1667899516451996
0.10318920034524927 0.08711151829040706 0.21564633753182605 0.13470712975861202 0.09608734085665988 0.09669515824517738 0.1491263300543039 0.11743698491776433
0.08338336820373249 0.13185839755565995 0.12488558463212404 0.1286559824368698 0.10262639007992318 0.17127831221795092 0.09649198682765234 0.1608199780460872
0.07823427987310966 0.14185385624515176 0.10288333457518781 0.12614348018952112 0.10220525206415833 0.19639283667382917 0.09460761014214084 0.15767935023690138
0.07680159286544155 0.14374121976049295 0.09747248767628049 0.12527668573301698 0.10146461833713187 0.20469002416160204 0.09395751429976275 0.15659585716627122
0.07638551687039559 0.1439815132675974 0.09610543291576562 0.12499991338581101 0.10109345153781413 0.2074343452509941 0.09374993503935827 0.15624989173226375
0.11452290457329753 0.10214822389053185 0.14378783378218668 0.0886334240954173 0.1515922572454176 0.14783560153924655 0.14068797475463063 0.11079178011927161
0.07022310704841828 0.09594639556034708 0.06305134673375824 0.08364557561671283 0.15442836583134686 0.2708581898875331 0.09455586808845798 0.16729115123342567
0.08559509700407983 0.12811805818239133 0.10384793894763412 0.16014757272798913 0.0934960895720136 0.20319605415776829 0.08146637395293362 0.14413281545519022
0.1057890760328116 0.08949244040672824 0.22037034570712152 0.13360840213440783 0.09392784416394817 0.0924227783366306 0.14790999340886823 0.11647911980948376
0.08387592618217493 0.13251669042281253 0.12604446503821035 0.12860941221732783 0.10211818194406694 0.16961649976075188 0.09645705916299588 0.16076176527165975
0.07835563536398253 0.14206014827083632 0.10320693935750085 0.12615861444457574 0.10210548265666078 0.19579595101729216 0.09461896083343181 0.15769826805571968
0.07684495816283876 0.14380485251529437 0.09759103793717784 0.12527925897457814 0.10144613848490781 0.20447523597604675 0.09395944423093362 0.15659907371822268
0.07640960664675966 0.1439968690908651 0.09617097691939314 0.12499443525153224 0.10108719225260095 0.2073520493357846 0.09374582643864918 0.15624304406441528
0.07627977885154491 0.14395799183742708 0.09579986790323959 0.1249040058761066 0.10093982825116261 0.20831051552830596 0.09367800440707996 0.15613000734513324
0.11435269020171893 0.1033789285271267 0.1435516869450594 0.08846259352555662 0.15133423947308383 0.14792480430057753 0.14041681511993115 0.11057824190694576
0.09775947289416095 0.13211212109254258 0.08682143954203607 0.11517466967042175 0.1275870925073378 0.22421712908644773 0.07811847160254692 0.1382096036045061
0.10758809182769208 0.06874235734600478 0.2045686806720308 0.13748471469200957 0.10393411370045658 0.10066060171074218 0.15328519682825545 0.12373624322280861
0.12267764136666842 0.08783750120622791 0.1784016078277776 0.08860771887163957 0.15213145003631953 0.1189372592896912 0.1406471728121263 0.11075964858954944
0.08418607088663296 0.11159805164848076 0.11545712018883413 0.13949756456060097 0.1082324333880054 0.17901594241362134 0.09461573944110326 0.16739707747272115
0.10517203144949297 0.0872696095706206 0.22550068169481832 0.13333495632431722 0.09680047412880509 0.08807423802086287 0.14760727765654977 0.11624073115453297
0.08373326287135716 0.13300296038841947 0.12720427106050433 0.12849292478903848 0.10273112391009268 0.16784960740251093 0.09636969359177887 0.16061615598629808
0.07820869978070485 0.14377541591213785 0.10333896272049599 0.12590329845466638 0.10209147966652783 0.19487554655613443 0.09442747384099978 0.15737912306833296
0.09337997918052136 0.17775870954774164 0.08902533847694086 0.11415861830418447 0.12332315699919903 0.2482400627807635 0.08561896372813836 0.06849517098251068
0.07761486603166301 0.10951585376589389 0.09524315766208288 0.13689481720736735 0.10012977205351822 0.22347735487259343 0.09285039775804048 0.16427378064884082
0.10421336618745276 0.08743646960104641 0.21706337275839496 0.13409431934318966 0.09567972189728048 0.09616208653881063 0.1484479237336084 0.11690273994021662
0.0834770758711364 0.13293116542112762 0.12521617213740635 0.12839534535676453 0.10237635341158977 0.1708131970884464 0.09629650901757342 0.16049418169595567
0.11632999463734377 0.10109348117233835 0.1531727287037012 0.0885368787449597 0.1518250298351901 0.13783606030866455 0.1405347281666027 0.11067109843119963
0.08298405266814912 0.11154809476010988 0.11011641333456544 0.13943511845013737 0.108064891115629 0.18595590284332514 0.09457338468791925 0.1673221421401648
0.10506037444354567 0.087410240842898 0.22335485039199723 0.13356006061805842 0.09693106841310542 0.08938995200386696 0.1478564773630927 0.11643697592343553
0.08370340960099891 0.13302852550602548 0.12673668708008862 0.12848208402848688 0.10274839375510982 0.1683367319723166 0.09636156302136516 0.16060260503560858
0.1163871632878008 0.10110751936015185 0.1536661009178429 0.08853368102669919 0.1519427411350558 0.13716604056574344 0.14052965242333204 0.11066710128337398
0.12360050641504734 0.07579634988749227 0.16414361176726816 0.09474543735936534 0.16097559153451105 0.12619852207085672 0.14084545613422073 0.11369452483123842
0.08461785527895524 0.11128602366334282 0.1122989212684999 0.13910752957917855 0.1099687603171156 0.18144068042245076 0.09435119397544285 0.16692903549501426
0.09449006824407205 0.1656635986275354 0.12065401779987538 0.1519489409739916 0.08721339202250207 0.1680806903067635 0.07948098450947251 0.1324683075157875
0.07966575639733385 0.15246542286865034 0.10131432586893291 0.12491042515460901 0.09792609613579159 0.1938971232654643 0.09368281886595675 0.15613803144326124
0.09357012219249668 0.18059760020221366 0.08851190993758984 0.11397443724292408 0.12200249393345215 0.24747794621337613 0.08548082793219308 0.06838466234575445
0.07799681605248272 0.10953217972144408 0.09515428776203562 0.1369152246518051 0.0998908535841062 0.22334812931690953 0.09286423932905043 0.16429826958216612
0.10430850561579838 0.08743862232576242 0.21704526629953017 0.1340928842768525 0.09562755553559725 0.09613934203353411 0.14844633505618182 0.11690148885674322
0.12146833270020228 0.09137392789880586 0.18217355452631276 0.08825521424785636 0.14891563757513532 0.11740667357860288 0.14008764166326407 0.11031901780982045
0.0844374486988392 0.11160497661420075 0.11624740722965575 0.13950622076775096 0.10765092676206248 0.1785239443984976 0.09462161060769196 0.16740746492130112
0.07858729500793372 0.13792959269396216 0.10125141641442564 0.12643786907412743 0.10351621784943632 0.1994018708118599 0.09482840180559558 0.15804733634265927
0.07673703588733222 0.14423713170439645 0.09701423563439199 0.12497931716846343 0.1015713581967164 0.2055022870717727 0.09373448787634758 0.15622414646057928
0.07621623962650168 0.14573892293170063 0.09586473821652523 0.12464201872023634 0.1008921514085572 0.20736189165600624 0.09348151404017725 0.1558025234002954
0.0644707731231111 0.12380611031335283 0.060735935530435124 0.07916832928931167 0.13651330241736503 0.2819668956006269 0.095001995147174 0.15833665857862333
0.08353273414909888 0.14170941580823257 0.0714789820940903 0.1090310166411795 0.1180178220007643 0.27144133718059305 0.07395147215662609 0.1308372199694154
0.11547244532379829 0.08693238498876266 0.1388090456645218 0.09427226016473403 0.15012426181712593 0.16112084338953309 0.14014204645384343 0.11312671219768085
0.10927395583963456 0.07259011741156839 0.2246068301153786 0.13276537667625685 0.10587942415278957 0.08737196966564573 0.1480234871300953 0.11948883900863115
0.08270870629429511 0.12060694902238513 0.12747738619259202 0.13998604897572467 0.09869115558238288 0.1675994358564766 0.09494705930527413 0.1679832587708696
0.10446581618937024 0.08863402273511503 0.2306684493856893 0.13290573827827387 0.09445638287983753 0.08587093383290753 0.14713211563569592 0.11586654106311055
0.08360243084347245 0.13340224178145263 0.1283966019285322 0.1284742856554451 0.10218436703942113 0.16699150144078628 0.09635571424158383 0.16059285706930637
0.07819269373181875 0.14390361203044913 0.10362792664453109 0.12591165145821115 0.10197489331376303 0.19456591990480443 0.09443373859365838 0.15738956432276394
0.07666557665389817 0.14598039409369332 0.09753409925727266 0.12496767796333821 0.10122399852956093 0.20369289757556017 0.09372575847250367 0.1562095974541728
0.0762152821499565 0.1462673560730382 0.09599325741073052 0.12466144284834514 0.10082901545699532 0.20671076036424396 0.09349608213625887 0.1558268035604314
0.09255933457983044 0.17793148729539301 0.08722322187692051 0.11366059253953911 0.12247549118729376 0.2527080725926453 0.08524544440465434 0.06819635552372347
0.06442006397862605 0.10730599568687828 0.055089806907969524 0.0783731530632298 0.13774045943084082 0.31172847656060576 0.08859573824539022 0.1567463061264596
0.11010904737642031 0.08368551906320504 0.13387655989521322 0.09370812410840715 0.155804962987768 0.17106261732251943 0.13930342031637838 0.11244974893008856
0.1079295407131109 0.07217855967907634 0.22486691142503257 0.13239226523053238 0.10692869045394925 0.08894349807856898 0.14760749571225026 0.11915303870747913
0.08243063879007316 0.12033287678180644 0.12842667235686353 0.13970150969881837 0.09877791653302433 0.16793450675293808 0.0947540674478942 0.16764181163858202
0.07831503854562587 0.14063998858284205 0.10403290874557133 0.12659534831743732 0.10161666631632246 0.19560935285732628 0.094946511238078 0.15824418539679663
0.11497438762313417 0.10273273539337183 0.14635538145650223 0.08853801481316421 0.15163382529363278 0.14455660545427246 0.14053653144946698 0.11067251851645525
0.08229526867482305 0.12163148233079944 0.10937901731640468 0.13687388299932954 0.10667390489003611 0.1860615852855186 0.09283619890389308 0.16424865959919543
0.11626665388381953 0.0989699251124963 0.1483328241560488 0.088781678138237 0.1535975272318243 0.1421509951726557 0.14092329863212222 0.11097709767279625
0.07104239744616067 0.10431756077968511 0.06593202545993901 0.08216844629417946 0.1536591509495629 0.26565745675825886 0.09288606972385503 0.16433689258835893
0.11203049605447876 0.08358027488134619 0.13802686265458777 0.09390654967476808 0.1610736471680087 0.1590959167092245 0.1395983932478642 0.11268785960972169
0.09475080665620403 0.13820049448938404 0.12457705956301637 0.15843816132507604 0.09442520256267188 0.16641712640658396 0.08059680380449522 0.14259434519256842
0.11938861049914284 0.10218155835112831 0.1529829154202947 0.08851120200534784 0.1491252995510954 0.13667744022924605 0.14049397143706005 0.11063900250668478
0.08324888058900635 0.12172131057443383 0.1109754065307659 0.1370450646704441 0.10627817509780138 0.18332478020001855 0.09295230473299688 0.16445407760453293
0.1049731375232134 0.08917386132285766 0.2234902113659452 0.13330458837381015 0.09641926247316093 0.08885102332299666 0.14757365908700185 0.116214256531014
0.10338092218402224 0.16497634478967343 0.11745809385812786 0.11902861668318326 0.12677869607627476 0.20768869388642103 0.08927146251238745 0.07141717000990996
0.06724824343146293 0.10796312647266654 0.06021015231724687 0.07980829554570408 0.14154087430901255 0.29339464360692025 0.09021807322557852 0.15961659109140816
0.12963045180966642 0.09787645546755709 0.15888792800227422 0.10954946355623546 0.13763746857878018 0.1456842388527733 0.12213947653210133 0.09859451720061191
0.14601481736735022 0.09483660131477856 0.19270008301988442 0.10717987691769149 0.13363727486745702 0.10967189302196746 0.11949756426494856 0.09646188922592233
0.1304435225339357 0.08160236371761008 0.17745189073319798 0.09247213001354494 0.15259064056787583 0.11700686433774464 0.137466032079837 0.11096655601625394
0.1457637088694983 0.0930031631514947 0.19899996329768294 0.1068128630122517 0.13728698402368164 0.10291336978488344 0.11908837114948062 0.09613157671102653
0.1136933769809484 0.07101772124266063 0.25046398090280386 0.12898784894027038 0.1005551072868183 0.07538107499072975 0.14381182560952532 0.11608906404624336
0.10577701758783008 0.06938680635161641 0.272911020448786 0.12899316017870188 0.09250790038219205 0.07051250364602653 0.14381774724401536 0.11609384416083168
0.08210288756793561 0.11987800652756284 0.1399783834965123 0.139505499331002 0.09566000368123147 0.1608474989131781 0.09462112128537528 0.1674065991972024
0.10390284637788699 0.08814924649918997 0.23580873589827953 0.13236219562196497 0.09344140192484675 0.08441249874336143 0.14653039157173164 0.11539268336273868
0.06348628480642776 0.10131773961535026 0.09850400914584716 0.09766908141860356 0.12402218721734395 0.20245963725689584 0.11720289770232425 0.19533816283720712
0.07344005549908046 0.12202649502002605 0.09938851069368497 0.1378265680020242 0.10085019143760955 0.2075939298829032 0.0934823678622425 0.16539188160242901
0.10309895585805472 0.08967855655727162 0.2189305105647726 0.13400181294860228 0.09574403219660871 0.09337852318274685 0.148345515352136 0.1168220933398071
0.06322147468179261 0.10142591397717377 0.09539265757730894 0.0974754840874905 0.12437649038485844 0.20618643021140612 0.11697058090498859 0.194950968174981
0.07333892208027343 0.12194624393911933 0.09863776442037245 0.13771821327490705 0.10085225531432723 0.2088358699503056 0.09340887509080653 0.16526185592988846
0.10309492387087747 0.08968251676174888 0.21860752533407588 0.134026169921272 0.09576432913029947 0.09360872783592865 0.14837247952212448 0.11684332762367304
0.07234528649879089 0.11606535338878714 0.08182316043714992 0.08365824848528979 0.14233374121855755 0.23606781481849748 0.10038989818234774 0.16731649697057957
0.0738255481699379 0.12168556410444402 0.09429030930036482 0.13527759539127443 0.10328373289704504 0.21755063618462703 0.09175349948277745 0.1623331144695293
0.07589614596093008 0.13951974151553617 0.09551645990401436 0.12509065961232982 0.10152933829481757 0.21226633548771226 0.09381799470924737 0.15636332451541227
0.09247208194828138 0.17551023227580595 0.08711203780204642 0.11364729643565609 0.12264351735766467 0.2551909839924097 0.08523547232674208 0.06818837786139367
0.07628466063035828 0.1267056470904713 0.09411576167780356 0.1329438607088144 0.09787301350132162 0.22237380497293607 0.09017061856771759 0.15953263285057726
0.07615457793085166 0.14065764091048322 0.09525307539430279 0.12473213653056844 0.1000708909104341 0.21366740526222291 0.09354910239792634 0.15591517066321053
0.0760188827281203 0.1445290280307194 0.0953687672332063 0.12448356823660452 0.10043198222148099 0.21020063507665948 0.09336267617745339 0.15560446029575564
0.07600210180744825 0.14567005418396184 0.09540438122689347 0.12449139612989833 0.10052489497070263 0.20892437942129866 0.09336854709742376 0.1556142451623729
0.07600851777937348 0.14601883447090064 0.09542389806533272 0.12450742886269697 0.1005583069955542 0.20846815610074806 0.09338057164702272 0.1556342860783712
0.07601407287136436 0.1461281162468823 0.0954335760407326 0.12451512913870123 0.10057157757157256 0.2083072698533445 0.09338634685402594 0.15564391142337652
0.07601681289330586 0.14616300025595647 0.0954378215017338 0.12451819382339674 0.10057682978662146 0.2082509540921922 0.09338864536754757 0.1556477422792459
0.06441631112240175 0.12386559710733225 0.060655372871509676 0.07913666365839268 0.13636607519035496 0.282322656343152 0.09496399639007119 0.15827332731678537
0.1106353877221488 0.08541004100754408 0.1369596089769105 0.09419305939332144 0.15593136797366874 0.1638145544667369 0.1400243091876838 0.11303167127198573
0.10785565579081573 0.07209783110765133 0.22789403798476485 0.132009876290935 0.10668356809489833 0.08746898148800608 0.1471811605810872 0.1188088886618415
0.10522178421029905 0.07000879352282553 0.26520271606644497 0.13003704519971818 0.0944586391429692 0.07305608003741518 0.14498160114058128 0.11703334067974636
0.10344423002704092 0.06905021498962878 0.279332144889279 0.1284984090018148 0.09090430642842415 0.0698559899586631 0.14326613660351586 0.1156485681016333
0.10256450830190277 0.06864449696882821 0.28457939308674823 0.12784839936524509 0.08975814658907832 0.06900007189255418 0.14254142436692252 0.11506355942872058
0.11957782342197491 0.08014396868976746 0.2095541672489369 0.09332369587071136 0.13943490297159009 0.10724506483092912 0.13873194192123658 0.11198843504485362
0.1418485020111061 0.09247649328364882 0.2115747443569772 0.10635974444929393 0.1331099360424925 0.10032363208551615 0.11858317776660085 0.09572377000436454
0.08745223692812767 0.12058133051696641 0.12499914169140779 0.13692850804718207 0.1030546316948935 0.16979669252845445 0.09287324893634959 0.16431420965661847
0.11758297083278878 0.09868496262056962 0.1533095087935621 0.08872033994149622 0.15226392500246316 0.13771193146717647 0.14082593641507338 0.11090042492687027
0.0978351916821004 0.14305550513157148 0.09184878780348106 0.11269931299877521 0.12616857624458663 0.21671391650700314 0.07643953403395189 0.13523917559853024
0.09124394657712777 0.145430818525259 0.11252116203910499 0.15754160152576802 0.08733442797256136 0.18399987425431436 0.0801407277326733 0.14178744137319121
0.1066177081980143 0.09332852661861839 0.22364205180783533 0.13277877414671924 0.0921152764172556 0.08877024730429264 0.14699156112294517 0.11575585438431933
0.083934459961485 0.13468874406536577 0.1267347208845025 0.12836876891650037 0.10156000687083852 0.16797576146830706 0.09627657668737528 0.16046096114562547
0.06680138414450365 0.12316536607435581 0.06611493545492876 0.08061194614039387 0.13908779884642455 0.266260341690133 0.09673433536847263 0.16122389228078773
0.07234688941835364 0.12163656743648646 0.0902819796838035 0.1342654988223544 0.1019252695412314 0.22735816252708763 0.09106703398385776 0.16111859858682526
0.10167063271051877 0.07692479369378219 0.21188029976497672 0.13631686573344234 0.09784543554192283 0.1006936610028988 0.15198313239236033 0.12268517916009812
0.10627005911972441 0.07854005842361535 0.2645917222735095 0.12956063136116336 0.09185819401134233 0.07280009603246997 0.14342894477100707 0.11295029400716806
0.09820205319122095 0.14454692763271343 0.11525118009774521 0.11626531974255057 0.11412821710526563 0.19322970167058337 0.07885821686886037 0.13951838369106068
0.10619138329602146 0.07729446810245073 0.22046273903186842 0.13385590421366755 0.09897028096490669 0.09351556664712832 0.1492393439516562 0.12047031379230079
0.10689872846585162 0.07827273026008096 0.26765642348467544 0.12895059302190817 0.09171019752516416 0.07133925427833197 0.14275360725258046 0.11241846571140714
0.08226913950988744 0.12088319157402025 0.1389588309036737 0.13944197356960408 0.09544644831252914 0.16109201359955092 0.09457803424720972 0.16733036828352485
0.07835844221769127 0.14093372001107055 0.1064377619054455 0.1267065850371878 0.10095233678286049 0.1931979839713691 0.09502993877789084 0.1583832312964847
0.09355060922036196 0.17699381603530473 0.08978259647239362 0.11434045570789476 0.12318214342842407 0.24779076392996294 0.08575534178092106 0.06860427342473686
0.07659541431932558 0.12708493608151517 0.09491923906512036 0.1331785478097699 0.09813875485661605 0.21993905285104157 0.09032979764488742 0.1598142573717239
0.10378405789065172 0.09057534678184682 0.21658698934912 0.13377130600665893 0.09510045028886994 0.09547037642099826 0.14809033469194638 0.11662113856990779
0.12132998593895349 0.09201410489854046 0.18204198461321056 0.08825034809696503 0.14873996032460787 0.11723076339228598 0.14007991761423022 0.11031293512120628
0.12415407497692199 0.0816011829986471 0.1753468301567095 0.09276017281198792 0.15772093135480633 0.11921037328066124 0.13789422704588056 0.1113122073743855
0.10954250050737771 0.07081659664594514 0.24295150991256592 0.13012335287912905 0.10563115570210677 0.07874603899940645 0.1450778277622528 0.11711101759121613
0.10502671504499635 0.06950657343485286 0.27087640792440937 0.12924580733267133 0.09372162927157573 0.0712022104256641 0.14409942996642608 0.1163212265994042
0.1031862866945577 0.06886119238049411 0.2814684982056679 0.12820144579240678 0.09056419669815405 0.06940203422909393 0.1429350447864595 0.11538130121316609
0.0815841532262266 0.11971184154803487 0.14207226102584472 0.13937235549614357 0.09517612139026439 0.16030562568594672 0.09453081503216693 0.16724682659537227
0.10370877254319565 0.08806127692095042 0.2366696559826245 0.13227115496177091 0.09327797108387463 0.08426824810704237 0.14642960581848466 0.11531331458205668
0.08345599173548603 0.13321818492971657 0.12973860189211853 0.12844342074585213 0.1019018149647874 0.16635514424033504 0.0963325655593891 0.16055427593231517
0.07817372220345867 0.14386357341953043 0.10393226299231709 0.12592236592897157 0.10192008652391964 0.1943432570738595 0.0944417744467287 0.15740295741121446
0.09338729483495839 0.1778136969616039 0.08917052060732694 0.11417353875212842 0.12329223633855363 0.24802843519005546 0.08563015406409631 0.06850412325127704
0.1174440170577064 0.08900667167169017 0.14538982964748215 0.09320532222084893 0.15056787532486185 0.15398392587214466 0.13855597154024707 0.11184638666501871
0.1091142307300577 0.07211638342549882 0.2313730893145722 0.13156772169035857 0.10521398662450374 0.08551544749562974 0.14668819119805648 0.11841094952132274
0.13988488432246415 0.0928094722745144 0.2212348233647574 0.10773582455750201 0.12483115361939578 0.09642419536490705 0.12011740439470744 0.09696224210175179
0.11156978066362574 0.07051862934401608 0.260617778008203 0.1281023458387566 0.09729191976899473 0.07378287938786451 0.14282455573365846 0.11529211125488094
0.08307825271926171 0.11989449635296902 0.1373533843416349 0.1393574327804243 0.09661267559339826 0.16195414533777583 0.09452069353802692 0.16722891933650913
0.10420669420078192 0.08821046666241251 0.23469563867796928 0.13244450058844331 0.0937037021342457 0.08465305477277267 0.14662150655293682 0.11546443641043777
0.12119363472181642 0.0913386781371852 0.18755296753294798 0.08803889819237888 0.14796051975190672 0.11412239607824534 0.13974428284504584 0.11004862274047361
0.0837437184524703 0.12058132766250312 0.119549068322831 0.1371565557569648 0.1062503396490606 0.17510319847352335 0.09302792477428917 0.16458786690835775
0.10480898359360417 0.08872114322257339 0.2270615929207348 0.13294557324221107 0.09615144630827717 0.08723377715393825 0.1471762145782719 0.11590126898038915
0.08364894878372137 0.13340007395031298 0.12756801349195548 0.12844828868263414 0.10255550469273558 0.16748259303337215 0.09633621651197562 0.16056036085329267
0.07819397284642196 0.1438891800622056 0.10343767244203253 0.12589853170926793 0.10204953007374905 0.19473404944778713 0.09442389878195097 0.1573731646365849
0.09337950109289862 0.17779987005297793 0.08906057844100176 0.11415800056696414 0.12331192230106942 0.24817682677968653 0.0856185004252231 0.06849480034017848
0.07655952535917912 0.12716873194541783 0.09475449140296331 0.13316889741255467 0.09815825765131884 0.2200641671754199 0.09032325215808056 0.15980267689506558
0.10378033951076937 0.09059549577383957 0.21651664133839113 0.13377768159253775 0.09510935483557414 0.09549639744831083 0.14809739272759567 0.11662669677298161
0.10293944573328233 0.16523016651869363 0.11582315533084399 0.11884854009855161 0.12619836261711567 0.21051480056846822 0.08913640507391372 0.07130912405913097
0.11980145100744746 0.08784038206789867 0.15406449742835707 0.09306860043624031 0.15123600982692692 0.1439540132850212 0.1383527254246199 0.11168232052348837
0.14318788318985295 0.09404261726517976 0.19214039845641478 0.1073503225318443 0.13755917819279984 0.1094167116803414 0.11968759840490702 0.09661529027865988
0.11320920985342249 0.07115474635630502 0.24914971754280327 0.12909887876247614 0.10071212421592529 0.07655071680736228 0.1439356155754771 0.1161889908862285
0.08339653331123952 0.120029321357945 0.13478529740879866 0.13943789195723705 0.09738062138211111 0.16306959838472776 0.09457526584925646 0.16732547034868447
0.10436631052848885 0.08830462245318697 0.23363516377244029 0.13255153397468947 0.09393990367402934 0.08490472111814992 0.14673999691133713 0.11555774756767798
0.08358274536996504 0.13329960308711014 0.12906393508739267 0.12845986978727064 0.10206170300476898 0.16661240408895148 0.096344902340453 0.1605748372340883
0.07819417325269637 0.14388227444577606 0.10378101367783692 0.12591855799056448 0.10195299286130816 0.19443387179068908 0.09443891849292335 0.15739819748820555
0.07666807945159267 0.14597797572681365 0.09757069405901124 0.12497112027650249 0.10122169152960353 0.20364819840347156 0.09372834020737687 0.1562139003456281
0.11446464102084397 0.1037940870775758 0.1441800896610007 0.08846260264190961 0.15142891509101117 0.14667458161493913 0.1404168295903327 0.110578253302387
0.08220735942027518 0.12163434744276477 0.10937413229907639 0.13672317114734595 0.10654828480151411 0.1867109225600956 0.0927339769521129 0.1640678053768151
0.07788493718519149 0.14034446655876057 0.09938625888790355 0.12589124077393954 0.10288543611048252 0.2018251789358433 0.09441843058045465 0.1573640509674244
0.06490997417736846 0.12281012763022628 0.0613928980576052 0.07941075182016855 0.1375041800370837 0.27985766245300864 0.09529290218420225 0.1588215036403371
0.07177867223878441 0.12118307625348082 0.0889588976127196 0.13378046095700158 0.10128175378322893 0.23174253422685145 0.0907380517795315 0.16053655314840187
0.10155498233263031 0.07690448738517568 0.21130150443105022 0.13632954885815307 0.09772967760488549 0.10148593228585649 0.15199727312991096 0.12269659397233776
0.09917757143953936 0.15516142994677629 0.14804438992816574 0.1535811670435781 0.08572735254655413 0.14408205096280569 0.08033476429971778 0.13389127383286298
0.08097348527287368 0.1502249492323844 0.10789888173174614 0.12564952103314211 0.09814025080973963 0.1858138698538298 0.09423714077485659 0.15706190129142764
0.058044599759178084 0.11118597805242522 0.07406206836340562 0.09399262180146163 0.12077378103803216 0.24116456122082006 0.11279114616175395 0.18798524360292326
0.07186399422282617 0.12209849224735916 0.09331655836516589 0.13657625941824172 0.09934504360542461 0.2202738083641111 0.09263433247498133 0.16389151130189003
0.10287417006658905 0.08984277495678099 0.2163030093401622 0.13418309989948116 0.09557880608526917 0.09569179381888172 0.14854620745892905 0.11698013837390663
0.1027608264771927 0.16500214126510493 0.11580357748628485 0.11889292286019898 0.12636799394454973 0.21066709210540038 0.08916969214514922 0.07133575371611939
0.057381628436845106 0.0922304592161859 0.07381905374736367 0.0977403203433864 0.12082168798203999 0.2520371518079259 0.11048905777948026 0.1954806406867728
0.09861866094466384 0.07519530898843299 0.20511299002363634 0.13702231760016234 0.10243501671504145 0.10552596130982544 0.15276965857809147 0.12332008584014613
0.12028184439402866 0.0891532922610161 0.17870879549785373 0.08860120936255052 0.1516353409145481 0.12023116560879808 0.14063684025801668 0.11075151170318813
0.09882763850504721 0.14227848419144415 0.09695167850370946 0.1131168989489698 0.1265663624688169 0.20979589239959967 0.07672276624364907 0.13574027873876376
0.13884303975596873 0.10067416980013905 0.17282584584584598 0.10914054038246977 0.13270878992350885 0.12589757023783754 0.12168355771000734 0.09822648634422278
0.1289028833901703 0.08233576027780472 0.17243142706476472 0.09279006785962228 0.1527248083160608 0.12152830361796492 0.13793866804206537 0.11134808143154674
