Action: 0
[0.21362588549424094, 0.1067610402733316, 0.11499557134802717, 0.1067610402733316, 0.13757334179107392, 0.1067610402733316, 0.1067610402733316, 0.1067610402733316]
[0.10824764185430605, 0.10784712117251592, 0.24456300486574883, 0.10784712117251592, 0.10795374741736538, 0.10784712117251592, 0.10784712117251592, 0.10784712117251592]
[0.10798914910495062, 0.10790382421177513, 0.13665954739781425, 0.10790382421177513, 0.10792835822658439, 0.21580764842355027, 0.10790382421177513, 0.10790382421177513]
[0.125, 0.125, 0.125, 0.125, 0.125, 0.125, 0.125, 0.125]
[0.10792109136144509, 0.10791627442416199, 0.1366472604079883, 0.10791627442416199, 0.21585027610975666, 0.10791627442416199, 0.10791627442416199, 0.10791627442416199]
[0.10944036734469041, 0.10777717934260952, 0.24449096753584887, 0.10765646082385551, 0.10766564248142928, 0.10765646082385551, 0.10765646082385551, 0.10765646082385551]
[0.125, 0.125, 0.125, 0.125, 0.125, 0.125, 0.125, 0.125]
[0.125, 0.125, 0.125, 0.125, 0.125, 0.125, 0.125, 0.125]

Action: 1
[0.10679064293220684, 0.10679064293220684, 0.10679064293220684, 0.10679064293220684, 0.24428639257944046, 0.1149697498273184, 0.10679064293220684, 0.10679064293220684]
[0.10674088619289453, 0.10674088619289453, 0.10674088619289453, 0.10674088619289453, 0.11536148325871966, 0.24419319958391306, 0.10674088619289453, 0.10674088619289453]
[0.10679106311688116, 0.10679106311688116, 0.10679106311688116, 0.10679106311688116, 0.22175699033672322, 0.13749663096198986, 0.10679106311688116, 0.10679106311688116]
[0.125, 0.125, 0.125, 0.125, 0.125, 0.125, 0.125, 0.125]
[0.106827968086608, 0.106827968086608, 0.106827968086608, 0.106827968086608, 0.11496794207365972, 0.24406424940669216, 0.106827968086608, 0.106827968086608]
[0.10768091921226408, 0.10768091921226408, 0.10768091921226408, 0.10768091921226408, 0.2170897100510291, 0.1368247746753864, 0.10768091921226408, 0.10768091921226408]
[0.125, 0.125, 0.125, 0.125, 0.125, 0.125, 0.125, 0.125]
[0.125, 0.125, 0.125, 0.125, 0.125, 0.125, 0.125, 0.125]

