Action: 0
[0.1442516191477019, 0.12190116634298612, 0.28270493663111046, 0.08926335224182277, 0.09351329222866284, 0.08983892892407051, 0.08926335224182277, 0.08926335224182277]
[0.22112202593235603, 0.09417952065335955, 0.21380085014748662, 0.09417952065335955, 0.09417952065335955, 0.09417952065335955, 0.09417952065335955, 0.09417952065335955]
[0.1876189916120008, 0.0936255605899856, 0.2059552083345365, 0.09362554764541098, 0.1381659550112421, 0.09375764151600202, 0.09362554764541098, 0.09362554764541098]
[0.125, 0.125, 0.125, 0.125, 0.125, 0.125, 0.125, 0.125]
[0.22302220530766356, 0.09390314765588349, 0.21345138216533655, 0.09390314765588349, 0.09401067424758244, 0.09390314765588349, 0.09390314765588349, 0.09390314765588349]
[0.1354833600392273, 0.09340029569403166, 0.30047361994025723, 0.09340029569403166, 0.09704154155035728, 0.09340029569403166, 0.09340029569403166, 0.09340029569403166]
[0.125, 0.125, 0.125, 0.125, 0.125, 0.125, 0.125, 0.125]
[0.125, 0.125, 0.125, 0.125, 0.125, 0.125, 0.125, 0.125]

Action: 1
[0.09419689022700749, 0.09415180504020096, 0.09415180504020096, 0.09415180504020096, 0.22051870010044783, 0.21452538447153988, 0.09415180504020096, 0.09415180504020096]
[0.1111111111111111, 0.1111111111111111, 0.1111111111111111, 0.1111111111111111, 0.2222222222222222, 0.1111111111111111, 0.1111111111111111, 0.1111111111111111]
[0.09469821609902979, 0.09468707745451838, 0.094687077106843, 0.094687077106843, 0.11896461364021706, 0.3129017843788628, 0.094687077106843, 0.094687077106843]
[0.125, 0.125, 0.125, 0.125, 0.125, 0.125, 0.125, 0.125]
[0.09304069396186977, 0.09304069396186977, 0.09304069396186977, 0.09304069396186977, 0.24199311850999497, 0.19976271771878637, 0.09304069396186977, 0.09304069396186977]
[0.0933394134577363, 0.0933394134577363, 0.0933394134577363, 0.0933394134577363, 0.17023538944808836, 0.2697281298054938, 0.0933394134577363, 0.0933394134577363]
[0.125, 0.125, 0.125, 0.125, 0.125, 0.125, 0.125, 0.125]
[0.125, 0.125, 0.125, 0.125, 0.125, 0.125, 0.125, 0.125]

