Action: 0
[0.13264034075693293, 0.09425972649565183, 0.29102389839079384, 0.09425972649565183, 0.10503712508782398, 0.09425972978184191, 0.09425972649565183, 0.09425972649565183]
[0.09717159328545452, 0.09717159328545452, 0.16799463661022987, 0.09717159328545452, 0.24897580367704306, 0.09717159328545452, 0.09717159328545452, 0.09717159328545452]
[0.18846665277874075, 0.09437251545142061, 0.14581427887751988, 0.09437251545142061, 0.18996268062837665, 0.09826632590968032, 0.09437251545142061, 0.09437251545142061]
[0.125, 0.125, 0.125, 0.125, 0.125, 0.125, 0.125, 0.125]
[0.11435092955336318, 0.09554136835062514, 0.3010573589084722, 0.09554136835062514, 0.10688448206686317, 0.09554175606880087, 0.09554136835062514, 0.09554136835062514]
[0.09279178268990357, 0.11811891806702965, 0.25451849911239693, 0.09278460405626329, 0.1634312364527052, 0.09278575150917479, 0.09278460405626329, 0.09278460405626329]
[0.125, 0.125, 0.125, 0.125, 0.125, 0.125, 0.125, 0.125]
[0.125, 0.125, 0.125, 0.125, 0.125, 0.125, 0.125, 0.125]

Action: 1
[0.09523274299154667, 0.09523274299154667, 0.09523274299154667, 0.09523274299154667, 0.15758870389868856, 0.2710148381520315, 0.09523274299154667, 0.09523274299154667]
[0.1111111111111111, 0.1111111111111111, 0.1111111111111111, 0.1111111111111111, 0.1111111111111111, 0.2222222222222222, 0.1111111111111111, 0.1111111111111111]
[0.1344806927822455, 0.09586722609224656, 0.09586722609224656, 0.09586722609224656, 0.09586722609224656, 0.290315950664275, 0.09586722609224656, 0.09586722609224656]
[0.125, 0.125, 0.125, 0.125, 0.125, 0.125, 0.125, 0.125]
[0.09683192474868345, 0.09683192474868345, 0.09683192474868345, 0.09683192474868345, 0.3008176235914816, 0.11819082791641773, 0.09683192474868345, 0.09683192474868345]
[0.19890476654540856, 0.09897524985656528, 0.09897524985656528, 0.09897524985656528, 0.09940774082857291, 0.2068112433431921, 0.09897524985656528, 0.09897524985656528]
[0.125, 0.125, 0.125, 0.125, 0.125, 0.125, 0.125, 0.125]
[0.125, 0.125, 0.125, 0.125, 0.125, 0.125, 0.125, 0.125]

