Action: 0
[0.2136651729463258, 0.10677858274541735, 0.145375071414672, 0.1067784612052496, 0.10706732807258629, 0.1067784612052496, 0.1067784612052496, 0.1067784612052496]
[0.2238642695518332, 0.104390635155647, 0.14470012438572227, 0.104390635155647, 0.10948243028420948, 0.104390635155647, 0.104390635155647, 0.104390635155647]
[0.24968678907573333, 0.10524270382916888, 0.11938479259603829, 0.10512812580090133, 0.10517263366000912, 0.1051287034363465, 0.10512812580090133, 0.10512812580090133]
[0.125, 0.125, 0.125, 0.125, 0.125, 0.125, 0.125, 0.125]
[0.24971432654776352, 0.10513897682331412, 0.11928818581480927, 0.10513897682331412, 0.10513897966899859, 0.10530260067517223, 0.10513897682331412, 0.10513897682331412]
[0.21435326283412465, 0.10670073243552747, 0.14544234222270308, 0.10670073243552747, 0.10670073276553503, 0.10670073243552747, 0.10670073243552747, 0.10670073243552747]
[0.125, 0.125, 0.125, 0.125, 0.125, 0.125, 0.125, 0.125]
[0.125, 0.125, 0.125, 0.125, 0.125, 0.125, 0.125, 0.125]

Action: 1
[0.21340445887878132, 0.10670222943863306, 0.10670222943863306, 0.10670222943863306, 0.10764329819191606, 0.14544109573613723, 0.10670222943863306, 0.10670222943863306]
[0.10512407316332012, 0.10512407316332012, 0.10512407316332012, 0.10512407316332012, 0.24953268894786695, 0.11972287207221219, 0.10512407316332012, 0.10512407316332012]
[0.10516840723258357, 0.10516840723258357, 0.10516840723258357, 0.10516840723258357, 0.14456787050813508, 0.2244216860963635, 0.10516840723258357, 0.10516840723258357]
[0.125, 0.125, 0.125, 0.125, 0.125, 0.125, 0.125, 0.125]
[0.1053964912764877, 0.10522927010422702, 0.10522927010422646, 0.10522927010422646, 0.24998919344016454, 0.11846796476221493, 0.10522927010422646, 0.10522927010422646]
[0.10679917309278356, 0.10679917309278356, 0.10679917309278356, 0.10679917309278356, 0.10705116071328924, 0.25215380073000937, 0.10679917309278356, 0.10679917309278356]
[0.125, 0.125, 0.125, 0.125, 0.125, 0.125, 0.125, 0.125]
[0.125, 0.125, 0.125, 0.125, 0.125, 0.125, 0.125, 0.125]

