0.125 0.125 0.125 0.125 0.125 0.125 0.125 0.125
0.099626400996264 0.07845579078455792 0.199252801992528 0.15691158156911583 0.08685378548392246 0.06839735606858895 0.17370757096784492 0.1367947121371779
0.11178451178451179 0.09023569023569024 0.1397306397306397 0.1127946127946128 0.13414141414141414 0.10828282828282829 0.16767676767676767 0.13535353535353534
0.07218683555094924 0.12771517059014095 0.09023354443868654 0.1596439632376762 0.09710927226274257 0.15325820470816914 0.10828025332642387 0.19157275588521142
0.1353661632178258 0.10256417166961701 0.15882138523466816 0.12820521458702128 0.12441137094869184 0.09230775450265531 0.1429392467112013 0.11538469312831913
0.10400856256428098 0.07455078776088132 0.21205596706227012 0.14910157552176265 0.09275885041290796 0.0670957089847932 0.16623712972351745 0.1341914179695864
0.09593628075785429 0.07554982109681027 0.22891214340874616 0.15109964219362054 0.0836367575837704 0.0658639465972192 0.1672735151675408 0.1317278931944384
0.11357507265980245 0.08402276205986114 0.1795498841870144 0.10502845257482642 0.13483052205459126 0.10082731447183337 0.1561318489022793 0.1260341430897917
0.09887780455549632 0.07197321337741962 0.2320011578614663 0.14394642675483924 0.09838419777075315 0.06477589203967765 0.1604895235609924 0.1295517840793553
0.09266020553671465 0.0729699118601628 0.255243597998656 0.1459398237203256 0.08078069200636663 0.06361479495501372 0.16156138401273326 0.12722958991002745
0.07224980258602605 0.12041633764337675 0.1330023689676875 0.1444996051720521 0.09031225323253256 0.15052042205422095 0.10837470387903908 0.18062450646506512
0.06610974815948749 0.1094969631118782 0.06889967057773982 0.09545889091804767 0.1422129685699847 0.2189939262237564 0.10791005060301041 0.19091778183609534
0.09561335091396203 0.0752955138447451 0.2181802643196127 0.1505910276894902 0.08335522900191561 0.0789696705484259 0.16671045800383122 0.1312844856780171
0.0905746776837886 0.1509577961396477 0.12306199962273327 0.13586201652568294 0.11321834710473579 0.2029114406137398 0.1018965123942622 0.08151720991540976
0.07542384017048441 0.1228314513848488 0.10925849410304615 0.15353931423106099 0.10316227258866133 0.14739774166181857 0.1041397087828066 0.1842471770772732
0.0737543147964806 0.13602632453524613 0.10586551297918996 0.15209720637040772 0.1005650921073618 0.1460133181155914 0.10316158345123307 0.18251664764448924
0.10061665973166033 0.08172049114425718 0.21934308973741448 0.14445488745429919 0.09779435457300308 0.06500469935443462 0.1610564192960619 0.13000939870886924
0.0995502418839211 0.07392292501760013 0.2603534529436588 0.1366630821016101 0.09264599941021141 0.06149838694572454 0.15236913780582495 0.12299677389144908
0.07062956795846896 0.11771594659744827 0.13712273923375942 0.14125913591693792 0.08828695994808619 0.16246737851142334 0.10594435193770345 0.17657391989617238
0.07627222760371746 0.13427557713298832 0.1142880485978254 0.15057702034221784 0.09721026163020842 0.14455393952852913 0.10213050075385212 0.1806924244106614
0.09983883967385714 0.0806631905961281 0.22726905423673363 0.14264258358220344 0.09798300834987027 0.06418916261199155 0.15903583572523275 0.1283783252239831
0.07078183351495532 0.11796972252492552 0.1304910244478451 0.14156366702991063 0.08847729189369413 0.16758912652884803 0.10617275027243296 0.17695458378738826
0.06929862670177485 0.11549771116962475 0.10901338721062191 0.1385972534035497 0.09408037848561958 0.19631813622170982 0.10394794005266227 0.1732465667544371
0.07633855206877477 0.1344061047819779 0.10906799938506688 0.15108119570832337 0.10029830214979849 0.14503794787999044 0.10247246317608019 0.181297434849988
0.09982767596489353 0.0806552770734937 0.22598329133758943 0.14258783262361788 0.09947755646621899 0.06416452468062804 0.1589747924923023 0.12832904936125608
0.1210814991829794 0.09535168060659627 0.22440667347870527 0.11442201672791553 0.12360906920194843 0.09470665732968367 0.12666987606834768 0.09975252740382379
0.07634381425173341 0.11334926933410332 0.12700158908138334 0.136019123200924 0.10359405945544771 0.17165389827456004 0.102014342400693 0.17002390400115497
0.07661498790956427 0.13319223106700503 0.11262378723070848 0.14982295701791123 0.10250940050832202 0.1438300387371948 0.10161904910780067 0.17978754842149347
0.0973411037885597 0.07127371260896369 0.2302196983508016 0.14254742521792738 0.09283244337962156 0.08370764294246028 0.1578058594191137 0.12427211429255205
0.09390636270650686 0.1425389462877884 0.1227688540191722 0.12828505165900955 0.12436478213178903 0.21495118345607095 0.09621378874425718 0.07697103099540573
0.08998370715933841 0.15620333173693365 0.08948757251606691 0.11887453819975503 0.12263016921555449 0.19954328768411606 0.08062794764852949 0.14264944583970604
0.09987107743416271 0.08054627354383151 0.21381741637105883 0.13881420994207774 0.10240807580435264 0.08484267314062861 0.15476748481601801 0.12493278894786997
0.07653124873390726 0.12429311820195754 0.12857622281126405 0.14346197361723229 0.09892226775226633 0.15875615756752756 0.09730464297516626 0.1721543683406787
0.10833374846403769 0.0792571443793106 0.16056266455498588 0.09510857325517272 0.14751317837812702 0.13937298510547544 0.15096598929392493 0.11888571656896589
0.07407359355039274 0.11110515196943799 0.11382295217905705 0.13332618236332558 0.11116086001744536 0.1898588951936902 0.09999463677249418 0.16665772795415695
0.08654236131189828 0.15058362517899926 0.08723420236093782 0.11790057269023993 0.11902727722420334 0.2172639290503143 0.07996734495511926 0.1414806872282879
0.12997494898917086 0.09405031407252276 0.17605509777001552 0.11286037688702734 0.1350827972260016 0.12864429068622385 0.12494107657009129 0.09839109779894689
0.07894187733284902 0.12392781492055781 0.1188187526418438 0.14100249254171057 0.10519995935038316 0.16726963896039918 0.0956364732022037 0.16920299105005268
0.11269925292618484 0.07783757592220701 0.1553773808507957 0.09340509110664842 0.15590547029496554 0.13975681564025555 0.1482620493756324 0.11675636388331051
0.07928167284851023 0.10956189215386666 0.11180179740937761 0.13147427058464 0.11657674477396042 0.18835508106036503 0.09860570293848 0.16434283823079998
0.072674313468899 0.12520732274186935 0.1038939917150097 0.1405709259110809 0.10063364004897318 0.19299093657683344 0.09534375844403747 0.16868511109329704
0.10938192877652675 0.0881533292085594 0.15538782802239853 0.09755471175702063 0.1479918210163629 0.1394430959017629 0.14502163120894412 0.11706565410842476
0.1383584589120464 0.09083653582048384 0.19603972681996293 0.1090038429845806 0.14128614191909994 0.10877456721455052 0.12067173500938512 0.09502899131989079
0.12494877066363975 0.07432703016492025 0.17370862114160773 0.0891924361979043 0.16433492055867083 0.12042238047364778 0.14157529555222903 0.11149054524738038
0.08437264248439567 0.10877679352663104 0.11539509261496618 0.13053215223195724 0.11926552286789814 0.18059349181023707 0.09789911417396795 0.16316519028994655
0.08877801777796392 0.14641623212484706 0.0855771037708879 0.11459300718280711 0.11862590692860213 0.23077417089761937 0.07772395269790394 0.13751160861936854
0.07831539126149455 0.1083970418191425 0.09590976045363134 0.130076450182971 0.10801809446612262 0.21913036145069587 0.09755733763722825 0.16259556272871376
0.0739155854635118 0.12330489888817321 0.09912759955940034 0.13841981411189924 0.09769434441628219 0.20754923714186171 0.09388474348459254 0.16610377693427908
0.09939827155113141 0.07738694666358982 0.21662154609459972 0.1371114429416374 0.0971754099932076 0.096037057425669 0.15286902668269126 0.12340029864747366
0.10377617923910454 0.06658796487098476 0.2665538496275913 0.1331759297419695 0.09349255787348391 0.07288019735852407 0.1474312286927786 0.11610209259556317
0.08236974191041765 0.11072056135537386 0.13808424946484069 0.13286467362644863 0.1047084878411071 0.16552293854891467 0.0996485052198365 0.16608084203306078
0.07496328515568321 0.12433634635310571 0.10905053134946524 0.13926665993161869 0.09760600264782292 0.19319805677769858 0.09445912586666312 0.1671199919179424
0.07368923631843076 0.12560625968940442 0.10236875510856557 0.13897082845634748 0.09587415770554282 0.20246729362109112 0.0942584749530009 0.16676499414761697
0.1007266483753234 0.077384703281076 0.21781079389628305 0.13679233881941164 0.09663444620422501 0.09502471508606052 0.15251324940014996 0.12311310493747046
0.11873576129958922 0.08228003229409357 0.18988508634451193 0.09509737783095132 0.14376641457931677 0.11474983497136937 0.14136863928302612 0.11411685339714157
0.10717124136566647 0.0709076374399361 0.24937042696575795 0.13027280770729224 0.10257315558129129 0.07721474526118353 0.1452444587423094 0.11724552693656301
0.10353741755768422 0.06953166286523144 0.27357887810328074 0.12930593810746716 0.09304476086087922 0.07045952691578458 0.1441664712929522 0.11637534429672045
0.10202213288616295 0.06893444891108806 0.2827066430206245 0.12835680381422265 0.09045727356309403 0.06889331698510535 0.14310825738690197 0.11552112343280041
0.08080908283241317 0.11996631811651343 0.14250042589930081 0.13968302203522479 0.0952828403110055 0.15939715637416368 0.09474152798910898 0.16761962644226974
0.11587672661725293 0.08648825743885517 0.16642506864505877 0.09601803605789845 0.14461764636500485 0.1326153620338147 0.14273725957263708 0.11522164326947813
0.0824783043310655 0.1202025781853788 0.11482656262687223 0.13745741248051768 0.10551356331507 0.18134069996725388 0.0932319841172207 0.16494889497662119
0.07682110686160055 0.12472287906113443 0.10344834701974048 0.13839372618886128 0.09733123565387185 0.19934318472093035 0.09386704906722765 0.1660724714266335
0.10230477505391125 0.0770927331861479 0.21784668152593892 0.13632445938117618 0.09672243453389667 0.095025304132977 0.15199159874289345 0.12269201344305858
0.10421567041914097 0.07088172090582028 0.26218116039721573 0.13107894017927987 0.09300517498487416 0.07452305066288104 0.14614323628943593 0.1179710461613519
0.10301264147254338 0.06927580077500506 0.27848219560286663 0.12882792462922552 0.09078906757506366 0.07003371584163233 0.14363352193736037 0.11594513216630295
0.08131006955435865 0.11991531245391757 0.14148418089322562 0.1395694424468831 0.09531629938556241 0.16025687293103755 0.09466449139875549 0.16748333093625967
0.08918106227360473 0.1451518488282062 0.12720285078667556 0.16113957320727101 0.08309635666906559 0.16723169206493427 0.08197100028369875 0.14502561588654392
0.08004102429429907 0.11104390349214902 0.10723230999359752 0.1332526841905788 0.1021630020843006 0.19976170756391726 0.09993951314293412 0.1665658552382235
0.08985934126146501 0.14517662083200716 0.08334851735685367 0.11331026051596445 0.11346693872268422 0.24201209286364886 0.07685391582821935 0.13597231261915732
0.10503397565177815 0.07806514206837338 0.2072897002019368 0.13507604899739376 0.09977410567619406 0.10259286897673937 0.15059971432993005 0.1215684440976544
0.1052698260912767 0.07107278121499831 0.2579287616560193 0.1312898389981028 0.0938247673984868 0.07607479680911794 0.14637837273370563 0.1181608550982925
0.09419724213377059 0.13823981399713717 0.15736032436612232 0.16063834092142015 0.08280405553480029 0.14046969061831419 0.08171602559915722 0.14457450682927814
0.10688332563026326 0.06802585257106424 0.24609752687262207 0.13605170514212847 0.09241454428645245 0.08130303638024171 0.15061483027537217 0.1186091788418556
0.12151608144543935 0.08078827740759971 0.19807198702043274 0.09417831329908914 0.14134326641757614 0.11108571032275764 0.1400023881281982 0.11301397595890697
0.08386284307783229 0.11955887795949587 0.12209133494501323 0.13743903519718847 0.10499557790742052 0.1739059691513739 0.09321951952504957 0.16492684223662615
0.0772871881376701 0.12467266757673116 0.10508540665466233 0.13840244371832405 0.09727098262936808 0.19732541699491388 0.09387296182634154 0.16608293246198885
0.10259037002227846 0.0769994112896755 0.2183976662826519 0.13614824856287336 0.0966139827745424 0.09492176053084553 0.15179513683054688 0.12253342370658604
0.10457510558060827 0.07081140631983678 0.2622895007373367 0.1309498928752794 0.09291953428860977 0.07460029843470652 0.14599935817587117 0.11785490358775144
0.12056549896294885 0.08070462914039146 0.20288939862395264 0.09380081055570655 0.14103412976394472 0.10900335534070976 0.1394412049454981 0.11256097266684785
0.10794167734005944 0.07030539898095746 0.25406119572077046 0.12931578331458493 0.10144969753126447 0.07636459416506526 0.14417744796417156 0.11638420498312645
0.10428422624274283 0.06923943815335669 0.27508967550464647 0.12880809987366232 0.0925635082585968 0.07047634326633193 0.1436114188143668 0.11592728988629608
0.09396559029846553 0.13767235691134852 0.16161728930574362 0.16023320180943385 0.08242108746692328 0.13837065948523053 0.08150993309436418 0.14420988162849044
0.10659899525340281 0.06786304774799962 0.24829603069447778 0.13572609549599923 0.09213256403409621 0.08080358573961312 0.150254367012258 0.1183253140221532
0.08234053772787704 0.11994676224265248 0.13471368477628795 0.13984491927841564 0.09571170608742192 0.16477715019919043 0.09485133655405584 0.16781390313409877
0.10491664905713491 0.06840594270545838 0.2378604727938813 0.13681188541091677 0.09564676397451512 0.08563000487458612 0.15145638108168236 0.11927190010182487
0.09785257071293613 0.14317083287971982 0.11009611961116027 0.11636358006228971 0.11506506606550966 0.19889067159486631 0.0789248629987704 0.13963629607474765
0.10625947525715874 0.07731866849653454 0.21836768653759775 0.13407032130551483 0.09932710560383005 0.0945150506166103 0.1494784030077904 0.12066328917496336
0.10530147540478528 0.07071754297461591 0.26203253530492887 0.13071246869708825 0.09335749150127001 0.07450261635452175 0.14573464793541033 0.11764122182737943
0.13807731887565053 0.09224602388424533 0.2318638574185922 0.10722184285642135 0.12104054167764292 0.0935064035618226 0.11954435315484588 0.0964996585707792
0.12788301033043326 0.08109611786877169 0.19097580885577137 0.09212005557136341 0.14807083612640223 0.11236745478687864 0.1369426497747432 0.11054406668563607
0.08494667625246949 0.11935971019463382 0.12036117212983041 0.13713515627138367 0.10630494288587697 0.17431674439955447 0.09301341034059066 0.1645621875256604
0.08996913989387091 0.14464700378274506 0.12151494545856129 0.16059360089380298 0.08490556049453495 0.172142242130432 0.08169326654163021 0.14453424080442268
0.14426403509449034 0.0926411978710551 0.18811098139738794 0.11116943744526614 0.1264085384278207 0.11741972720033132 0.12306913709854451 0.09691694546510381
0.08782381205338201 0.12061735296047998 0.11961753977406821 0.1369971275348235 0.10154930040347886 0.1760785233822729 0.09291979084970638 0.16439655304178818
0.10444064807633154 0.07620185625372228 0.2238732252018749 0.13520525317295032 0.09691058568402515 0.09093993641186753 0.15074376734357298 0.1216847278556553
0.08192500591046073 0.12093219680248371 0.12911672925013423 0.13986723524478495 0.09669691910645277 0.16875475879113105 0.09486647260081066 0.1678406822937419
0.10579359735459576 0.06846194471759953 0.23556843412354242 0.13692388943519906 0.09594914405488339 0.0863530715376483 0.1515803741407169 0.11936954463581456
0.09802700288817912 0.1431414988739259 0.10963868125327313 0.11633367218112374 0.11511215948543266 0.19924200104743317 0.07890457765328392 0.13960040661734846
0.13868189890930244 0.10085311271883296 0.17785455817565266 0.10929851744267556 0.12958125773764503 0.12350229897467944 0.12185969034280393 0.09836866569840799
0.08673949291939466 0.12150405985067624 0.11719813486205759 0.13691110626563732 0.10213621040186353 0.17835622219273875 0.09286144598886707 0.1642933275187648
0.11807508135968142 0.08643164200521083 0.15776420679809125 0.0957685988173604 0.14662644397928423 0.1380452540982095 0.1423664543613298 0.11492231858083247
0.09623089781045621 0.13892252505760144 0.1305438894106803 0.15884696402763326 0.09191968212835791 0.15976901397851792 0.08080475996188301 0.14296226762486994
0.10891592534439004 0.06834583289881212 0.23594623040791657 0.13669166579762423 0.09480458597269412 0.08480537329120058 0.15132329302789496 0.1191670932594673
0.07287584615876254 0.10567482424575232 0.08101069140196757 0.08589193711496554 0.14129804120110434 0.24436955238712074 0.09709523326039582 0.17178387422993108
0.10125023768403367 0.07528964660469951 0.2064035704826834 0.1352428819037273 0.10589653904849759 0.10341280999272873 0.15078572057027506 0.12171859371335457
0.10457207210467537 0.07085563690491428 0.2575096447319606 0.13123539979811552 0.09507682422681088 0.07632088532687271 0.1463176770883467 0.11811185981830398
0.10358312857485838 0.06931515692354896 0.27662131569286597 0.1288959359108326 0.09128465360753567 0.07058411752972564 0.1437093494408835 0.11600634231974934
0.08167963916716563 0.11981817141071913 0.1409983362175952 0.13944142002957896 0.0953618038695015 0.16079326646727396 0.09457765880267095 0.16732970403549474
0.10190854725168566 0.0816519968784145 0.2316985444086164 0.13353720685160078 0.09461182194821716 0.08752437631868785 0.148884020176337 0.12018348616644071
0.10358018293161178 0.07465906077323384 0.2665979217540549 0.1295540803646482 0.0917187754626778 0.07284817499396024 0.14444313139163015 0.11659867232818337
0.10270485550186395 0.0728796633058684 0.2794546348348305 0.12783540216120784 0.0900102582151977 0.06953639058158287 0.14252693345436154 0.11505186194508704
0.10205200143965125 0.07232804135189279 0.28415908073823065 0.12720883777137804 0.08925972581336736 0.06867599797300172 0.1418283609182379 0.11448795399424022
0.11899738803544475 0.08437637083589185 0.2089795658399378 0.0928259019714162 0.13873548265036578 0.10670227044522841 0.1379919378560157 0.11139108236569943
0.14097499161896188 0.0980978193664522 0.21053895351484284 0.10561243574598106 0.13229824761435607 0.09967637563630982 0.1177499843317132 0.09505119217138294
0.08666151458173099 0.12889364505928247 0.12397350083699475 0.1355564360733204 0.1021204892952457 0.16818406465918917 0.09194262620625211 0.16266772328798448
0.13526699551590793 0.10862655508777282 0.1835003370460313 0.1094601018153857 0.12604091403530862 0.11655116000590604 0.12203984485984047 0.09851409163384711
0.08556017197514053 0.13105584896391834 0.11774629083570813 0.13565318384104058 0.10068977331337105 0.17450266403025821 0.09200824643131449 0.1627838206092487
0.10336697528335034 0.08348916410407675 0.2219729583199665 0.13418104183622478 0.09625378070038386 0.09037129396658983 0.14960184813680583 0.12076293765260229
0.12059307207456103 0.0869075361157596 0.19010904126241326 0.09398712375729058 0.14244512804160295 0.11345537820639773 0.139718172033226 0.11278454850874871
0.10803013217853116 0.0752424290979667 0.24841146261220903 0.12910734674921118 0.10180337460640404 0.07726358593264042 0.14394505674874736 0.11619661207429006
0.10417552821573453 0.07326966206655038 0.2724163308054041 0.12838959360583233 0.09247921965855987 0.07057421584512227 0.14314481555754735 0.11555063424524907
0.1026014172463629 0.0725325706459353 0.28152602670972376 0.12749628708940272 0.08995353939431269 0.06899465507740654 0.14214884545639375 0.11474665838046244
0.1019517306351963 0.07222862093961417 0.2849073326723917 0.1271007148846563 0.08917984673124582 0.06853329877228967 0.1417078119684153 0.11439064339619068
0.1016931325234268 0.07210956337028407 0.28615418564577594 0.12694803789677486 0.08892375776934278 0.06838050016656574 0.14153758852073256 0.11425323410709737
0.1356281001234794 0.0962070057045801 0.2391447932066631 0.10587568003456127 0.11859579067401667 0.09121703615721023 0.11804348206838397 0.09528811203110514
0.08579427121148125 0.12864230707310828 0.13055083736582862 0.13570811966657376 0.09927149924788431 0.16513771458312448 0.09204550725211089 0.16284974359988846
0.11691754843417905 0.0940418338397074 0.16112218612552653 0.09480157025001884 0.14463007211497766 0.13379600348927134 0.1409289014462967 0.11376188430002263
0.14167794081827115 0.10064573153931836 0.19406881244864227 0.10672337738534379 0.1351706626130861 0.10667383419501868 0.11898860135351016 0.0960510396468094
0.09994403655168659 0.14907418372457637 0.13848524778845892 0.15617604592275042 0.08873741092273102 0.1475785582247049 0.07944607553461651 0.14055844133047535
0.1476656373079799 0.09196305503471647 0.1935106453569602 0.11035566604165976 0.1266444333645382 0.11148480046250121 0.12216825870301772 0.09620750372862645
0.07665679570134934 0.11138628978521672 0.0730900475071185 0.08255642793350013 0.14672749390638667 0.2511454316354717 0.09332465766395667 0.16511285586700025
0.10161456619371044 0.08130035875581126 0.20150619044073217 0.13416106377752365 0.10668477472920081 0.10440851461099643 0.14957957409225398 0.12074495739977129
0.10441164608539556 0.07526855018430867 0.254942784573667 0.1306970840803732 0.09502388255132818 0.07631118161671262 0.1457174952358788 0.11762737567233589
0.10327830224636662 0.07323550906186276 0.275115486134628 0.12835156644300685 0.09102644124477904 0.0703738669618055 0.14310241810884491 0.11551640979870614
0.11949813196268735 0.0846401564179241 0.20623275626189486 0.092991460722065 0.13950584034917443 0.10730384936130355 0.13823805205847275 0.11158975286647801
0.10721900535478683 0.07456216730775087 0.2546423760954343 0.12838707898309168 0.10067051036147244 0.07582847887183135 0.14314201194085 0.11554837108478253
0.13797438330467995 0.09709579783604788 0.2282959048479531 0.10644531569019428 0.1223914483336495 0.09331778255200929 0.11867858331429124 0.09580078412117485
0.14571669057069006 0.09935296806745096 0.21649951705964737 0.10467137079735295 0.12687762136234385 0.09597683128217695 0.11670076714272035 0.09420423371761763
0.1124866455669923 0.07573383696802766 0.2577349495863414 0.1271617047668976 0.09731415341374199 0.07334736427216061 0.1417758111356306 0.11444553429020785
0.1219689066551314 0.0850029026680903 0.20057171620040393 0.0929945408885707 0.1415381281834868 0.10808772540517171 0.13824263093286032 0.11159344906628484
0.08344319140758104 0.12658245165166948 0.12193140188445714 0.13614465369813006 0.10434486686027161 0.17183825885618553 0.09234159120394908 0.16337358443775604
0.10234779445823225 0.08668070963286655 0.22294169024070584 0.13330391572872619 0.09657199963789038 0.08955644816160813 0.1486239179841171 0.11997352415585356
0.09270614844127549 0.15286692171949579 0.14686383556762583 0.15850369857190416 0.082367176580488 0.14340874808748472 0.08063014231701213 0.14265332871471376
0.10822268892648818 0.06818004528884988 0.2429311168132769 0.13636009057769977 0.09252907537404861 0.08194272970715133 0.15095622562936237 0.11887802768312287
0.08193533584313438 0.12852091041844282 0.13260345395536896 0.1383000229577452 0.09494657512963495 0.16393018031416962 0.0938034938322098 0.16596002754929423
0.10181259708924886 0.08682707673924182 0.2275585917064027 0.13313023861208761 0.0943970098828994 0.08802699025919684 0.14843028096004393 0.11981721475087885
0.10342867890295944 0.07792811913454495 0.26460029847020516 0.12924114825880337 0.09155344400450656 0.07283704234930223 0.14409423544675537 0.11631703343292302
0.08087839310713842 0.13070702892004568 0.1372727854335417 0.13779395101095687 0.0944953035833757 0.1600395516982748 0.09346024503351856 0.16535274121314822
0.07567288273345409 0.14235621451387837 0.10699981561142138 0.13586819451286508 0.09368380184966223 0.19022317760672872 0.09215407975655199 0.1630418334154381
0.07427314176687562 0.14442979546833387 0.09969695413776168 0.13495925201662207 0.09291158664834716 0.20024058791344793 0.09153757962866539 0.16195110241994645
0.10092367731466662 0.09017539862665709 0.21399170763734351 0.13429773371175582 0.09483772419633871 0.09517384730298416 0.14973195086967403 0.12086796034058024
0.1371923782044446 0.10426110082585396 0.21457075598450437 0.10739158340673412 0.12180358888376158 0.09839456642740128 0.11973360120123935 0.09665242506606068
0.1104969432008341 0.07965475158948342 0.25687895444243725 0.12703314820292574 0.09623572523161537 0.07373816378949542 0.14163248016057542 0.11432983338263317
0.09415228241776262 0.1502995720489642 0.15541264492092516 0.15784290822580563 0.0820909954498209 0.13784897839254312 0.0802940011409533 0.14205861740322503
0.12230238102468842 0.07678722255199547 0.16698831640839107 0.09214466706239456 0.1493678216457556 0.1309673811892665 0.1462613762895152 0.11518083382799318
0.12387190539766903 0.08734145995068218 0.16972723727775252 0.09210013511934051 0.15730260116513048 0.12222346226134628 0.13691303668487037 0.11052016214320863
0.0832172520463407 0.13087133085555647 0.11428372561325917 0.13499185190616422 0.10704303667284483 0.17604288976034366 0.091559690858094 0.16199022228739704
0.10247114239494078 0.08751412053193088 0.21970688211885184 0.1335096896981634 0.09731955826547502 0.0904665456585178 0.1488533406037732 0.12015872072834703
0.10381986852865584 0.0782161477249001 0.26158083664063464 0.12955374000320177 0.09237125341936261 0.0734170357663458 0.14444275191401748 0.11659836600288159
0.10268676835191987 0.07569700013342713 0.27722310107018716 0.1276152501237029 0.09007175635797784 0.06957091848965244 0.14228148036180008 0.1148537251113326
0.1018898903442203 0.07490504653453546 0.28298948307290667 0.12687823589064215 0.08912462334425049 0.0685625440188675 0.14145976449299952 0.11419041230157793
0.08054673475266907 0.12979652777571613 0.1413899528456943 0.13761287381311327 0.09390154987650205 0.15827948490471871 0.09333742745585075 0.1651354485757359
0.10119976238624083 0.08678653777853913 0.2310734346345092 0.1327405880024823 0.0939119940491683 0.08682530433808852 0.1479958496087377 0.11946652920223408
0.10316950589500141 0.0778307191270991 0.2659288335284213 0.1290804359351635 0.09134782716216912 0.07255523281114468 0.1439150531993539 0.11617239234164713
0.10239547177960862 0.07552982584483345 0.27884411549924737 0.12742131870276904 0.08973551176130788 0.0693293082797887 0.14206526129995295 0.11467918683249216
0.08065382937494002 0.1299931557847709 0.14046707319482218 0.13766029609060104 0.09405356759094309 0.1586101305241852 0.09336959213101637 0.16519235530872126
0.07564414392180835 0.14219395971229665 0.10772009591851671 0.13588266188600573 0.09360428831114323 0.18973176357738383 0.09216389240963867 0.16305919426320686
0.1317310028385498 0.11685037105469913 0.17711443056240736 0.10921931916204362 0.12357734792021292 0.12143875104602923 0.12177139017021878 0.09829738724583925
0.0843681654898099 0.1381661338270065 0.11559982172762452 0.13451235555430516 0.09949296805165193 0.17521126143890703 0.09123446724552871 0.16141482666516618
0.11612409143080489 0.10021831146307826 0.15564050221964484 0.09430874259888052 0.14422363822998266 0.13611794289643736 0.14019628004251494 0.11317049111865661
0.14101921700058273 0.10557698765168146 0.19147118874131422 0.10624357595923879 0.13469796483214128 0.10691818888224688 0.11845365856947966 0.09561921836331491
0.11201411382837334 0.08030144198319507 0.2475780406121947 0.12770661762020072 0.09948492603221756 0.07559555576371281 0.14238334830192528 0.11493595585818064
0.10481350324909099 0.07619162059802397 0.2716092790547656 0.12787485451567593 0.09175429612518289 0.07009815750776444 0.14257091988538795 0.11508736906410835
0.10253091986448343 0.07509784651613254 0.2808576941216472 0.127083793507815 0.08960734541996752 0.06875804051689419 0.1416889458960266 0.1143754141570335
0.09248384266652222 0.1488803471185094 0.1615544027915088 0.15778987405054548 0.08083783856813923 0.13617578527270213 0.08026702288658184 0.1420108866454909
0.08326488307483289 0.11102664937461937 0.11545417672491068 0.13323197924954325 0.10177783226136877 0.1887805208156386 0.09992398443715743 0.16653997406192902
0.0650520998537673 0.11736799182141286 0.06093554605348647 0.08100804489120278 0.13567667472498918 0.2863692412565936 0.09157431161614228 0.16201608978240556
0.09884138949269584 0.08607667284973615 0.1956785232419393 0.1340083966126248 0.10443071998037393 0.11094737927480373 0.14940936159646379 0.12060755695136233
0.10373078121189472 0.07856215207688205 0.25232418893680675 0.1305050265167053 0.09452294225247568 0.07739701975515753 0.1455033653850431 0.1174545238650348
0.10297891673512684 0.07598590233199642 0.2737831860449124 0.12803457350720265 0.09078971494018807 0.0704475956424788 0.14274899464161248 0.11523111615648239
0.13596496206475617 0.09995250094561774 0.2345404574182502 0.1057614927354161 0.11905001267519345 0.09162905894761444 0.11791617175127736 0.09518534346187449
0.10951096325874955 0.07847037444242091 0.26451429162228696 0.1261492211156423 0.09504707226715997 0.07212681086669968 0.14064696742296237 0.11353429900407806
0.12077424427320559 0.08793897480148186 0.202357525577431 0.09255735132248637 0.14032555649990858 0.10738480665910517 0.13759271927939765 0.11106882158698363
0.08285436799493039 0.13133905341915367 0.1218593705744025 0.1353279744175314 0.1036334106013287 0.1708045840866813 0.09178766960493434 0.16239356930103765
0.10218327957808496 0.08741434340970484 0.22286195704767048 0.1332562698802076 0.09639880589249236 0.08938390488097364 0.14857079641867924 0.11993064289218686
0.10365154801424509 0.07812266021377122 0.26278581333717693 0.12941796240331102 0.09208964291392704 0.07316483693179289 0.144291370022796 0.11647616616297991
0.102608318373865 0.07565234932573199 0.27767199323030944 0.12756081027055877 0.08997857573392103 0.06950243983389073 0.14222078398822 0.1148047292435029
0.11896573634582233 0.08746543164843844 0.2066976591271783 0.0926035140838259 0.13874258068596318 0.10673951788356792 0.13766134332461283 0.11112421690059109
0.10681905396831633 0.07748776540215209 0.25437146560284585 0.12786755862556962 0.10026916530797077 0.075541402817744 0.14256278551238877 0.11508080276301265
0.08140753449795265 0.13044788060565463 0.1348836885636159 0.13760978291007683 0.0962774624896533 0.16090658042368491 0.09333533101726951 0.1651317394920922
0.10158584737437619 0.08704587904334465 0.22841856704183758 0.1329812854793185 0.09458640208514188 0.08743465271168273 0.14826420933291182 0.11968315693138665
0.08050407545334402 0.13306403124626742 0.12898081200061687 0.13786336258488538 0.0951028985819693 0.1655414608430454 0.09350732418800922 0.16543603510186247
0.10157844337681914 0.08763378337428075 0.22608204458381453 0.13326192153758518 0.09452737058935444 0.0884036095594295 0.1485770975948897 0.11993572938382664
0.09252961084871707 0.15312295605665924 0.14764141899396402 0.15847186761520515 0.08197265404373094 0.14302286154030414 0.08061395004773479 0.14262468085368463
0.1083476828319647 0.0681493626007084 0.24322281193482662 0.1362987252014168 0.09241726798490546 0.08185132814813624 0.1508882916352681 0.11882452966277363
0.0976320714088062 0.1530895011390691 0.1102255448665217 0.11490001441397456 0.11307608266222945 0.19526458452315115 0.0779321836894784 0.13788001729676946
0.10501607768565337 0.09036627690767972 0.21605883959796163 0.13182833363832527 0.09784034190113114 0.09326587592336961 0.14697875407138655 0.11864550027449275
0.12059683124786223 0.09084384477241557 0.1876771357216686 0.09349270724325956 0.1424251208360352 0.1137899228088079 0.13898318867803958 0.11219124869191145
0.10782901860062752 0.07847966849728835 0.24695371163576954 0.12866804239119234 0.10162881761496467 0.07718423793462074 0.1434552651734637 0.11580123815207312
0.08160674371284417 0.13074675077677816 0.13322539273709322 0.13767026310483493 0.09659253236526512 0.16157764921062484 0.0933763523667576 0.16520431572580188
0.10168398742947046 0.08713645351666745 0.22774859354530913 0.13305015160326575 0.09470074100220606 0.08759394653829192 0.14834098992185002 0.11974513644293917
0.1033891933615612 0.07796769949021412 0.2646655146965673 0.1292264538266795 0.0916072993360728 0.07276217859335679 0.14407785225153666 0.11630380844401154
0.1363799587466181 0.10057757198928573 0.2315201360054801 0.10602208554094776 0.11953105065690939 0.09234260679168511 0.11820671328222085 0.09541987698685298
0.10971108733148152 0.07864378721331604 0.26336066013188886 0.12628124916259237 0.09523838772378317 0.0723175353481326 0.14079416884247237 0.11365312424633314
0.08189623464394247 0.13068479540352773 0.13689378272956834 0.13750343480931318 0.09515368852465296 0.15960074285585046 0.09326319926196894 0.1650041217711758
0.08765972790722855 0.16451222201101615 0.12356341124031298 0.15700890989998162 0.08132164085561618 0.1647563193571748 0.0798697498186863 0.14130801890998343
0.12141009054561887 0.07722712588736981 0.15747993969354812 0.09267255106484378 0.14986099706731587 0.13840931950573496 0.14709928740451395 0.11584068883105472
0.09740394791855923 0.15353032054319973 0.09152791991510728 0.11086284844683332 0.12406316097863293 0.21438245207144146 0.07519393199002607 0.13303541813619998
0.07640869955585035 0.1486861755977748 0.0942221059446819 0.1311842331542901 0.09730362780595952 0.20579694610382038 0.08897713205247502 0.1574210797851481
0.11368560725205433 0.10483554208430867 0.14810931274948486 0.09392977821925902 0.14318173896686068 0.14390936282554556 0.13963292403937608 0.11271573386311082
0.14014424404126574 0.10877988080083187 0.18844396355244483 0.10605096154956097 0.13431264484436312 0.10858353194002988 0.11823890787689857 0.09544586539460487
0.12764232874963752 0.09434324158455315 0.1756806128022104 0.09102112509816478 0.1513014610450892 0.11547686478497703 0.13530901581757035 0.10922535011779773
0.12464896349421076 0.0917759793727058 0.17183331480737457 0.09140973062307348 0.15715409882849163 0.11759953209573763 0.13588670403071818 0.10969167674768816
0.12386652079183677 0.09128336731198924 0.1705673410293265 0.09143276355040401 0.15904548453599457 0.11816426249578121 0.1359209440241827 0.10971931626048481
0.12365476653361052 0.09118388990890124 0.17014084194283294 0.09143092791778593 0.15964692486007662 0.11830732010244256 0.13591821523300712 0.1097171135013431
0.10875827311051248 0.08021843581153576 0.2393400805514956 0.12872483739865873 0.10548610438273417 0.07810132771791507 0.14351858736835532 0.11585235365879284
0.08159512095191829 0.13320390292858258 0.1312848130260626 0.13728920119993276 0.09720952161705382 0.16155250584875014 0.09311789298778049 0.1647470414399193
0.1013993919021732 0.09074587550047945 0.22633064336684885 0.13251249497886497 0.09458702711862417 0.08742177874275914 0.14774154290927183 0.11926124548097847
0.10313574657261644 0.08063324659735874 0.26374514011350647 0.12885270035424315 0.09141188305807096 0.07259270796356515 0.14366114502182037 0.11596743031881886
0.10225705465205084 0.07783916024796798 0.2777212790378735 0.12714172805048046 0.08962662128583054 0.06923306289273912 0.1417535385876252 0.11442755524543241
0.1352779836002075 0.10251190848486323 0.23545271721459524 0.1052844205848009 0.11831114405557788 0.09102157562789376 0.1173842719057407 0.09475597852632081
0.10908044884524479 0.08121147122170087 0.2644574286670928 0.12563801831249852 0.09464379347285277 0.07181760855244154 0.14007701444691997 0.11307421648124866
0.0814917583412015 0.13433089968668277 0.13677147324029287 0.136865634005982 0.09467652392667976 0.15879434605749043 0.09283060393449215 0.1642387608071784
0.10119759933566369 0.09079711382764206 0.22853754738024595 0.13227003062827827 0.09388368478487641 0.08679978322512094 0.1474712132527222 0.11904302756545046
0.08011037663670602 0.1373483483987905 0.12859605943399363 0.1371546730185633 0.09456331022569935 0.1646149768774674 0.09302664778650381 0.16458560762227595
0.101139136087678 0.09159119515767408 0.2252622334494021 0.1326301859156561 0.09410826763849661 0.08802905490611439 0.1478727595208882 0.11936716732409049
0.10311623388014787 0.08081610429092484 0.2633505163252142 0.12890719958214467 0.09134867463223383 0.07272288407158033 0.143721907593824 0.1160164796239302
0.10226700914814302 0.07788270796548619 0.2775770099709966 0.1271614457937875 0.08962639297388456 0.06926461053335427 0.14177552239993915 0.11444530121440873
0.11861967282304924 0.08989552423723154 0.20640532863302818 0.09231796945967503 0.13831978669863912 0.10642329273432466 0.1372368620624423 0.11078156335161003
0.10653055745420376 0.07995994490674102 0.2538816127610313 0.12746365772824755 0.0999997674927611 0.07533470154785979 0.14211246615373269 0.11471729195542278
0.10320612363629747 0.07784594386116783 0.2737689481174663 0.1273123488578962 0.09154210990265939 0.06979964359740846 0.1419437680549977 0.11458111397210657
0.10190725431473513 0.07706238471924216 0.28138308285866737 0.12663679679435427 0.08932947641132127 0.06851730986827956 0.14119057791848155 0.11397311711491884
0.11844319944332245 0.08966253106022082 0.207552235552552 0.09224254012448962 0.1381289527986915 0.10615476158179604 0.1371247312895398 0.11069104814938754
0.10645148500023817 0.07988886154347433 0.2543272839678607 0.12741464175159106 0.09992444829310533 0.07526228486962899 0.14205781699766942 0.11467317757643196
0.10317330733873034 0.0778219808314327 0.27393634286905344 0.12729252181573328 0.09151348318804767 0.06977743194022656 0.14192166238261605 0.11456326963415994
0.10189428311503833 0.07705389989423486 0.28144530853799954 0.1266293091268097 0.08931874834626624 0.06850984303757217 0.1411822297279505 0.11396637821412871
0.10136983180255794 0.07673854427342018 0.2842513710180527 0.1263169477762161 0.08866380737790555 0.06814027462066581 0.1408339701325872 0.1136852529985945
0.10116042494215481 0.07661317985745861 0.28529260851701155 0.12619429148060562 0.08845030686043114 0.06801710849335682 0.14069721751643638 0.11357486233254505
0.10107910114490877 0.07656495243863323 0.28567819825509566 0.12614819046603806 0.0883768751121864 0.06797349283813586 0.1406458183255678 0.11353337141943425
0.10104811018346128 0.07654675672811086 0.28582091414453015 0.1261310664856205 0.08835081360754898 0.06795765264835854 0.1406267263653112 0.11351795983705847
0.1010364376622684 0.07653996074082293 0.28587373152099677 0.12612472557606932 0.08834139550983755 0.06795183924717883 0.14061965672436383 0.11351225301846239
0.10103207220418024 0.07653743501860909 0.28589327883429827 0.12612237919835667 0.08833795668914672 0.06794969608857122 0.14061704068831704 0.11351014127852098
0.10103044640673933 0.07653649851819416 0.28590051338101885 0.1261215110021316 0.08833669368063159 0.06794890439504916 0.1406160727143169 0.11350935990191846
0.10102984243672994 0.07653615164306564 0.2859031909932108 0.12612118973229294 0.0883362282532992 0.06794861165991574 0.14061571452242216 0.11350907075906368
0.11813133977800006 0.0894916075847619 0.20893776378888118 0.09216883194953672 0.13771877805315358 0.10593392136929931 0.13701515913692325 0.11060259833944407
0.10633535644938534 0.07982479670877077 0.2548699846613194 0.12735900312760415 0.09979799613520024 0.07519397601881611 0.14199578408406016 0.11462310281484377
0.10312925077822398 0.07779714168974908 0.2741410314181121 0.12726905510050066 0.09147187388509803 0.06975399879148649 0.1418954987463791 0.11454214959045061
0.10187761219758824 0.07704437922068459 0.2815215637380141 0.12662028275364087 0.08930435340703718 0.06850138820928116 0.1411721659954772 0.11395825447827677
0.10136356632810534 0.07673494858381492 0.284279659341778 0.1263135674256098 0.0886586764582338 0.06813716988548313 0.14083020129392615 0.11368221068304882
0.10115808324861983 0.07661183487479732 0.2853030870889506 0.12619303582061622 0.08844844705862015 0.06801596212058705 0.1406958175492542 0.11357373223855462
0.11817630798604926 0.0895158564899564 0.20875448072685457 0.0921790512103379 0.13776751576435856 0.10596157561556539 0.13703035075447245 0.11061486145240547
0.12192722552237531 0.09152553888212175 0.18257155759931354 0.09126233782321672 0.15257558671964253 0.11495535333125542 0.13566759473421472 0.10951480538786006
0.1079158139693997 0.080708475077489 0.24422276348099672 0.1281479206590497 0.10358095797768282 0.07721557198505812 0.14287536825717928 0.11533312859314472
