Action: 0
[0.10386085610947587, 0.10380845714603336, 0.2534948257803811, 0.10380845714603336, 0.1236020323799764, 0.10380845714603336, 0.10380845714603336, 0.10380845714603336]
[0.10381800122140021, 0.10381800122140021, 0.227401699846771, 0.10381800122140021, 0.1496902928248276, 0.10381800122140021, 0.10381800122140021, 0.10381800122140021]
[0.1115435081383396, 0.1050292071429082, 0.15312816670570137, 0.1050292071429082, 0.21017365390864448, 0.1050378426756818, 0.1050292071429082, 0.1050292071429082]
[0.125, 0.125, 0.125, 0.125, 0.125, 0.125, 0.125, 0.125]
[0.11073426746292413, 0.10269953304161797, 0.12355101450896444, 0.10269953303965688, 0.2522170528278609, 0.10269953303966195, 0.10269953303965688, 0.10269953303965688]
[0.12359537917401776, 0.10381755261769372, 0.14968168608168478, 0.10381755261769372, 0.10381756365521956, 0.2076351606183029, 0.10381755261769372, 0.10381755261769372]
[0.125, 0.125, 0.125, 0.125, 0.125, 0.125, 0.125, 0.125]
[0.125, 0.125, 0.125, 0.125, 0.125, 0.125, 0.125, 0.125]

Action: 1
[0.2076181757209567, 0.10382507682876697, 0.1038090878586158, 0.1038090878586158, 0.14941982317115254, 0.12390057284466074, 0.1038090878586158, 0.1038090878586158]
[0.12124089049219713, 0.10380950324999867, 0.10380950324999867, 0.10380950324999867, 0.10488701591457117, 0.25482457734323827, 0.10380950324999867, 0.10380950324999867]
[0.10750209644040949, 0.10549708996308159, 0.10549708996308159, 0.10549708996308159, 0.21187507106111333, 0.1531373826830693, 0.10549708996308159, 0.10549708996308159]
[0.125, 0.125, 0.125, 0.125, 0.125, 0.125, 0.125, 0.125]
[0.2079692818407381, 0.10398464092036905, 0.10398464092036905, 0.10398464092036905, 0.12121691522000275, 0.15089059833741378, 0.10398464092036905, 0.10398464092036905]
[0.10562966614264752, 0.10562771559157555, 0.10562758728979914, 0.10562758728979914, 0.2586391793280608, 0.1075930897785196, 0.10562758728979914, 0.10562758728979914]
[0.125, 0.125, 0.125, 0.125, 0.125, 0.125, 0.125, 0.125]
[0.125, 0.125, 0.125, 0.125, 0.125, 0.125, 0.125, 0.125]

