Action: 0
[0.1378121031816875, 0.10617588811449177, 0.21309023562226478, 0.10617562627254251, 0.11551037379809265, 0.1088845204658357, 0.10617562627254251, 0.10617562627254251]
[0.13756151432774053, 0.106780717518184, 0.1149734630449714, 0.106780717518184, 0.106780717518184, 0.213561435036368, 0.106780717518184, 0.106780717518184]
[0.1149516824513979, 0.106829556448473, 0.13724132078624218, 0.106829556448473, 0.21365921451981892, 0.10682955644864904, 0.106829556448473, 0.106829556448473]
[0.125, 0.125, 0.125, 0.125, 0.125, 0.125, 0.125, 0.125]
[0.13761896696859338, 0.10668729017875109, 0.22174986128696567, 0.10668729016591315, 0.10669535432386706, 0.1071866567440833, 0.10668729016591315, 0.10668729016591315]
[0.10823186947560502, 0.10786749193380976, 0.24456279088921817, 0.10786749193380976, 0.10786758052025895, 0.10786779137967868, 0.10786749193380976, 0.10786749193380976]
[0.125, 0.125, 0.125, 0.125, 0.125, 0.125, 0.125, 0.125]
[0.125, 0.125, 0.125, 0.125, 0.125, 0.125, 0.125, 0.125]

Action: 1
[0.13771110944380652, 0.10635559086760586, 0.10635559086760586, 0.10635559086760586, 0.11539396497504001, 0.21511697124312415, 0.10635559086760586, 0.10635559086760586]
[0.10941374342682131, 0.10767545899049638, 0.10767545899049638, 0.10767545899049638, 0.1368303042917101, 0.21537865732898673, 0.10767545899049638, 0.10767545899049638]
[0.10678237519203664, 0.10678237519203664, 0.10678237519203664, 0.10678237519203664, 0.13754661140417984, 0.22175913744360037, 0.10678237519203664, 0.10678237519203664]
[0.125, 0.125, 0.125, 0.125, 0.125, 0.125, 0.125, 0.125]
[0.10768795076388946, 0.10768035711521322, 0.10767971738864422, 0.10767971738864422, 0.10940707416698746, 0.24450574839933292, 0.10767971738864422, 0.10767971738864422]
[0.1079194759160483, 0.10791951124843976, 0.10791946114187936, 0.10791946114187936, 0.21583909476066723, 0.1366440735073272, 0.10791946114187936, 0.10791946114187936]
[0.125, 0.125, 0.125, 0.125, 0.125, 0.125, 0.125, 0.125]
[0.125, 0.125, 0.125, 0.125, 0.125, 0.125, 0.125, 0.125]

