0.125 0.125 0.125 0.125 0.125 0.125 0.125 0.125
0.11301829483647666 0.08900190718372537 0.135621953803772 0.10680228862047045 0.14127286854559584 0.11125238397965673 0.169527442254715 0.13350286077558807
0.07492389576316663 0.12487315960527773 0.10091325084200053 0.14984779152633326 0.09365486970395828 0.15609144950659717 0.11238584364474996 0.18730973940791656
0.06345502945266238 0.10575838242110398 0.0623828753096205 0.09518254417899359 0.12691005890532475 0.2417269683595153 0.11421905301479228 0.19036508835798718
0.08769198837691987 0.1551473640514736 0.07644942576449425 0.13525667635256675 0.10523038605230385 0.18617683686176836 0.0917393109173931 0.1623080116230801
0.13127557622199093 0.10337951627481785 0.16866534869258779 0.12405541952978144 0.11444537414224852 0.11269343760345046 0.1373344489706982 0.10815087856442483
0.08118606812024365 0.12048657437127853 0.10046313969928944 0.14458388924553423 0.09036493077845889 0.17374761929412677 0.10843791693415068 0.18072986155691778
0.09631130273303434 0.149146032324805 0.08813838532394692 0.1342314290923245 0.11185952424360375 0.23910089700764744 0.10067357181924338 0.0805388574553947
0.08426664689464498 0.14908714450591037 0.07346323062610076 0.12997340803079366 0.101119976273574 0.21796562728070296 0.0881558767513209 0.15596808963695238
0.10257407018049816 0.07479241358159074 0.2031995309395713 0.14958482716318147 0.08279827632964053 0.09104704392705293 0.16559655265928105 0.13040728521918385
0.0986869079871752 0.14988382978423462 0.1036484189380204 0.13489544680581114 0.11241287233817596 0.21836367095873765 0.10117158510435836 0.0809372680834867
0.0697880679409959 0.12347119712637736 0.08723508492624488 0.1543389964079717 0.08374568152919508 0.19153207446815507 0.10468210191149385 0.18520679568956602
0.13530648796853076 0.0998779641259817 0.17069303279900755 0.11985355695117805 0.11943760040283981 0.11766082706600402 0.1326828143700465 0.10448771631641163
0.08425314991896544 0.14906326524124655 0.07345146403191859 0.12995259021031752 0.11219578838756267 0.20699887711930579 0.0881417568383023 0.15594310825238103
0.10434132081339595 0.07345175102783234 0.20584437085342047 0.1469035020556647 0.09014790941805102 0.08861321054688108 0.16262821554391857 0.1280697197408359
0.11850699978926998 0.08132777838300108 0.1668447714281316 0.0975933340596013 0.14040105145615053 0.11842434324648486 0.15491005406285918 0.1219916675745016
0.07005564477572253 0.12394460229550909 0.08756955596965316 0.15493075286938635 0.09999536716022395 0.17250370632265752 0.10508346716358379 0.18591690344326361
0.11427923712514536 0.0819196656323798 0.14313434868102423 0.09830359875885575 0.1483270104797222 0.13511918252691293 0.15603745834739008 0.1228794984485697
0.06625259240540608 0.10580078071004761 0.05213371803103795 0.0922365780549133 0.14396568784596545 0.2508700507807272 0.1042674360620759 0.1844731561098266
0.11015857657087785 0.08357955049444883 0.12942355766864277 0.10447443811806102 0.14935698916223292 0.14232929304169192 0.1553082692023713 0.1253693257416732
0.10664578868241369 0.07466052682721895 0.1849798127360947 0.1493210536544379 0.10051466802998862 0.08300737031836666 0.1664818314624852 0.13438894828899411
0.10658105211463956 0.07110896999929024 0.23708404506629135 0.14221793999858048 0.0899640251215525 0.07161799119451823 0.15744110573713427 0.12398487076799325
0.08230946374261816 0.1160225774104077 0.12102457459830626 0.13922709289248925 0.09827344129021388 0.16468866428098636 0.10442031966936693 0.17403386611561153
0.09806982198593857 0.1433725228716024 0.09505507087694591 0.12903527058444214 0.1255077647796514 0.23476193361242273 0.09677645293833163 0.07742116235066529
0.07586147629066753 0.11777113304113172 0.09094949529616758 0.14721391630141467 0.09415449570447001 0.19754334492175224 0.09984943888269866 0.1766566995616976
0.08601076774325783 0.059980381958724446 0.1784444432707638 0.11996076391744889 0.11048101490016317 0.10475776233275332 0.1904139109800776 0.1499509548968111
0.0991251863256353 0.14398518647356923 0.10581226337100758 0.12958666782621228 0.12843507213304556 0.21811362230514347 0.09719000086965922 0.07775200069572738
0.06486098218608563 0.10051835251328832 0.05467814683074312 0.08763138424235392 0.1344802908016028 0.28350651014551403 0.09906156479570444 0.17526276848470784
0.09856154839755456 0.07276116729021785 0.19003805469617813 0.1455223345804357 0.09684375457846736 0.10305649615328354 0.16224654318147083 0.13097010112239213
0.11793761117998477 0.07940363833859299 0.16770871058170136 0.09528436600631157 0.1492804773860896 0.12003471359258641 0.15124502540684376 0.11910545750788945
0.07821112045490561 0.11837055914887708 0.1037279981272001 0.14796319893609636 0.09745894372900288 0.17635469290655442 0.10035764797404796 0.17755583872331562
0.07780286625018205 0.11436540482974439 0.09959171457806913 0.13723848579569325 0.10265547083166263 0.1938690861232621 0.10292886434676995 0.17154810724461655
0.0655266264324738 0.09630203585373726 0.06253352396825909 0.08667183226836353 0.13968327366215244 0.27193284455625066 0.10400619872203622 0.17334366453672706
0.07119093274444656 0.11501232734726755 0.08863557966953733 0.14376540918408445 0.09683332504628686 0.21453348354087964 0.09751045144659641 0.17251849102090133
0.0922134809767226 0.13687415584427165 0.1163380781975167 0.16424898701312596 0.08571437906847333 0.17550463957901666 0.08591485474532744 0.1431914245755457
0.06828576482141925 0.0967725188952397 0.06463999130213063 0.08709526700571572 0.13640101293095155 0.2681005906262527 0.10451432040685887 0.17419053401143145
0.06042824667951648 0.09724848235406094 0.05242681966838353 0.08478072820610441 0.13865633768822283 0.30105884493242835 0.09583908405907456 0.16956145641220882
0.09675689906974522 0.07174824347907346 0.19142837569503146 0.14349648695814693 0.10283255130162287 0.1046027309687705 0.15998787426527725 0.12914683826233225
0.08763239588455549 0.05819763136261313 0.20576619791692016 0.11639526272522625 0.11183764109642076 0.08992240732959453 0.18475438527813692 0.1454940784065328
0.07999342356738909 0.11408593191035103 0.11839396937454656 0.13690311829242122 0.10520766614716616 0.1716096541232836 0.10267733871931593 0.17112889786552654
0.07822271685868926 0.11302783180573919 0.10198195882634058 0.13563339816688702 0.10302205618513627 0.19684524182343358 0.10172504862516528 0.16954174770860878
0.06575560634416654 0.09526247933052556 0.06268786600245713 0.08573623139747302 0.13847704178721348 0.27772483466625053 0.10288347767696761 0.17147246279494605
0.10882711384605022 0.08013090986299297 0.13764141639875277 0.1001636373287412 0.153050938471835 0.15108964499948715 0.14889997429765112 0.12019636479448945
0.08856962835547993 0.1352090541364314 0.11838173586505586 0.16901131767053923 0.0913418049952206 0.15940095060660026 0.08597532246718735 0.1521101859034853
0.10502236059340693 0.07072924313090573 0.22494595497230271 0.14145848626181146 0.09354148008424769 0.08437933283077811 0.15660035923163496 0.12332278289491254
0.0820409178274866 0.11362010267533686 0.12278711259710712 0.1363441232104042 0.10242740878430548 0.1700920884845513 0.10225809240780316 0.17043015401300526
0.06664223986750867 0.0959132764281893 0.06587610637058894 0.08632194878537038 0.14120215961511443 0.2678140328200432 0.10358633854244442 0.17264389757074075
0.11047133889639782 0.07987049079238613 0.13792352325382673 0.09983811349048266 0.15487345413008494 0.14880128199970405 0.1484160612485384 0.11980573618857919
0.10366232570425615 0.07013881969008381 0.21566131536450442 0.14027763938016763 0.10511450202755256 0.08249642296294846 0.15639909942833613 0.12624987544215086
0.08182585813690799 0.1135563660409802 0.12105773565936609 0.13626763924917623 0.10511898952338541 0.16963813289183155 0.10220072943688219 0.17033454906147028
0.09770832991740536 0.13936883231289224 0.09547171615089636 0.125431949081603 0.12890345100511763 0.24378259027192134 0.09407396181120226 0.0752591694489618
0.06420671001492569 0.09692326257498429 0.056639450406281856 0.08449720327049913 0.14118724187085993 0.2920331477113214 0.09551857761012945 0.16899440654099826
0.08316286844226067 0.13215686957486086 0.10369764920129011 0.1651960869685761 0.0885334946552647 0.19454202168897086 0.08403453119705828 0.14867647827171848
0.07884818177048727 0.11222505987718671 0.09936605321993704 0.13467007185262406 0.10067849785969275 0.20487199171482393 0.10100255388946805 0.16833758981578006
0.07431754237349451 0.11569564897231081 0.09833218587720198 0.14461956121538852 0.09586151132268338 0.19954028743436475 0.09808978934608961 0.1735434734584662
0.10407948484334843 0.07067262972895495 0.2186124713529129 0.1413452594579099 0.09486409249733967 0.09072697726631573 0.15647501250529708 0.12322407234792146
0.07201309762097464 0.09789465029487446 0.07932717784187318 0.088105185265387 0.14243319346015007 0.2382901026675023 0.1057262223184644 0.176210370530774
0.061419926855496174 0.09645118262064216 0.05535122778721767 0.08408564638722649 0.14376313294904905 0.29570425123165944 0.09505333939425605 0.16817129277445297
0.07019005856886801 0.11196939838140682 0.08828575516985804 0.13996174797675853 0.1006018194889209 0.22610654595349336 0.09493057688858404 0.16795409757211022
0.11150878379077296 0.08022000112093665 0.14673154308956465 0.10027500140117081 0.14638289622189082 0.14548624822326486 0.14906552447099422 0.12033000168140495
0.07764137989682639 0.11475248357981828 0.10699862696295102 0.14344060447477286 0.10401146193422345 0.18373656865966081 0.09729014912201984 0.1721287253697274
0.0785448959388125 0.11215586716695632 0.1003722152590887 0.13458704060034757 0.10354800197593385 0.20161789785816595 0.1009402804502607 0.16823380075043448
0.08755652037750891 0.13628172721034354 0.08161566903299494 0.11880971090132515 0.11444367719266665 0.23813706437484575 0.08058397782872488 0.14257165308159017
0.10078205742206207 0.07048998445220649 0.20558618139132628 0.14097996890441297 0.09951342120831702 0.0985842701724848 0.1571821444352186 0.12688197201397167
0.10601467176232511 0.06811156992409986 0.25442179956947514 0.13622313984819973 0.09220879151575992 0.0734567770985173 0.15080461554216656 0.11875863473945618
0.07792586746254647 0.11620924079358375 0.1288082464034429 0.14526155099197968 0.09570579662308168 0.1632502106447776 0.09852522589021231 0.17431386119037562
0.10419801280023161 0.06995908735135538 0.2304440147785662 0.13991817470271076 0.09389480766314544 0.08471078450920869 0.15489517101805989 0.1219799471767222
0.08352361882437633 0.11277483466838488 0.12546044410209745 0.13532980160206184 0.1024443658866894 0.1698073317122663 0.10149735120154639 0.1691622520025773
0.07973247140997032 0.11201312796075476 0.10439180099082318 0.13441575355290572 0.10364279817341147 0.196972540806323 0.1008118151646793 0.16801969194113214
0.07401234099945816 0.1149603251673517 0.10002582020697803 0.14370040645918963 0.09682138297638454 0.20057287379772518 0.09746636264188514 0.17244048775102755
0.10406045484421489 0.07035578385834255 0.22052412744888028 0.1407115677166851 0.0950506387409088 0.09085231455477669 0.15577348969856875 0.12267162313762292
0.1209443712123833 0.07717173920332766 0.17952054502382486 0.0926060870439932 0.14928447191238117 0.11772138784037904 0.14699378895871937 0.11575760880499149
0.09352439683499948 0.13614467850391496 0.09435886155172862 0.1186902325418746 0.1251725094697944 0.2091781017146888 0.08050294033274971 0.1424282790502495
0.07495346109708817 0.11383592214694803 0.09744639329131069 0.14229490268368505 0.10020849531906384 0.20399387781254788 0.0965130644289342 0.17075388322042206
0.07066284716049685 0.10089853781160976 0.14901061894311274 0.20179707562321952 0.06503915345314411 0.1311107179339773 0.10555539340291484 0.17592565567152474
0.06794417180129374 0.09805155522473458 0.0714242366869787 0.08824639970226113 0.13509442279660974 0.2568507347408865 0.10589567964271333 0.17649279940452225
0.07207460534595277 0.11250734266112855 0.09230447985528997 0.14063417832641067 0.10100184273282081 0.21732987700444326 0.09538666008226117 0.1687610139916928
0.09961616881650044 0.07056864494947407 0.21075240899287395 0.14113728989894814 0.09744194451799146 0.09610243631140603 0.15735754560375262 0.12702356090905334
0.08268656381701758 0.11259334756995669 0.12210224136427278 0.13511201708394802 0.10366953403967585 0.1736122619572329 0.10133401281296103 0.16889002135493503
0.09832013407429185 0.13830017867531258 0.09646086222265426 0.12447016080778132 0.12900842336468507 0.24540552376477007 0.093352620605836 0.0746820964846688
0.08898240488303316 0.1317286873786908 0.07951454289197678 0.1148403941250125 0.11724989899263075 0.2519838531981978 0.07789174558044326 0.13780847295001503
0.10183018563014683 0.06995022260170394 0.20518868027873935 0.13990044520340789 0.0999433856034257 0.10129812392944107 0.1559785560700682 0.1259104006830671
0.10570209601763533 0.06771179707922395 0.2568580533181762 0.1354235941584479 0.09270388098137253 0.0736194979411255 0.14991948559665375 0.11806159490736483
0.06956680799812474 0.10196578812669482 0.08044658136150358 0.08889325118737497 0.14080169111571983 0.24005135475445172 0.10048802308138041 0.17778650237474994
0.07230102320137223 0.11251669121561787 0.09452694205870883 0.14064586401952234 0.1021062632074969 0.21373359344322243 0.09539458603063256 0.1687750368234268
0.09864984188550054 0.07777566812716048 0.2111014658795077 0.1394373923828662 0.09677434849045928 0.09530534335858133 0.15546228673134482 0.12549365314457958
0.11983224991516393 0.07723520218056572 0.17767389876354284 0.09268224261667887 0.15065184805297074 0.11895708438010417 0.14711467082012517 0.11585280327084858
0.09374383668653552 0.14455701815167576 0.09426364000130895 0.11660458342855905 0.12411198186574235 0.2077051136003631 0.0790883261515444 0.13992550011427085
0.10137538375176991 0.07932111923223578 0.20964577101816895 0.13786823623245223 0.10008363012345262 0.09391165230787496 0.1537127947248385 0.124081412609207
0.12031068961909722 0.07714011843193587 0.17711033228646583 0.09256814211832304 0.15171838242413355 0.11850859855416773 0.14693355891797308 0.11571017764790378
0.11793841812993215 0.08289909835996931 0.17021830357387832 0.0958821413168624 0.15632986334565577 0.11913836278063898 0.1425352429128283 0.11505856958023489
0.07966307237549855 0.12229813375738459 0.11263868908879383 0.14064861700015593 0.10553721434168119 0.17503947976662762 0.095396453269671 0.1687783404001871
0.11720811186018025 0.07810215028304195 0.1511393447264515 0.09372258033965034 0.15496036783998784 0.13894821898699775 0.14876600053912753 0.11715322542456293
0.09396345273846005 0.14377838975787435 0.08971155179582657 0.11586544713881562 0.12432823175056455 0.2147273913229441 0.07858699892893581 0.13903853656657875
0.07528220502157887 0.1276031416987755 0.09554537348597301 0.1386611550111003 0.09808449405059641 0.2043818091459091 0.09404843557274628 0.1663933860133203
0.07403744838999293 0.12715992296730055 0.09765554843814171 0.14049607275060177 0.0942147863324747 0.202547945346445 0.09529298847432122 0.16859528730072212
0.1164513391768168 0.07827420952245362 0.14716751779989157 0.09392905142694434 0.15194807015462158 0.14572476521187055 0.14909373242372118 0.1174113142836804
0.09503582086456126 0.14336670409444138 0.08884405972713895 0.11549414998899478 0.12334488431532457 0.21698623842151415 0.07833516260123123 0.13859297998679374
0.10382748538910996 0.07906811949203368 0.20735560467011332 0.13747956304439124 0.09978360000852457 0.09547456753026276 0.1532794531256123 0.12373160673995212
0.07971363974868244 0.12340922752829836 0.12121729655324012 0.14261198154407537 0.09601798756113687 0.16916736259917306 0.09672812661250331 0.17113437785289043
0.10519066052399965 0.06979513140128153 0.2286810620809351 0.13959026280256306 0.0948140632500776 0.08570258561226177 0.15453215906510845 0.12169407526377293
0.09548934499070019 0.14613476876280782 0.10452005867839863 0.11882150929021816 0.11362270760531722 0.1982338193100613 0.08059198021423492 0.14258581114826177
0.10364336346178588 0.07907115341660559 0.2136055211262399 0.1371970572285345 0.09769024849618595 0.09235082454151151 0.1529644802234556 0.12347735150568104
0.10277276849305657 0.07261418169168757 0.253124603937686 0.1342540584444467 0.09249846611415327 0.07422401251299525 0.14968325620597267 0.12082865260000204
0.10138698916715562 0.07127213589546595 0.2665837652766767 0.1325527836187425 0.09046794438751828 0.07065241466145232 0.14778646173612037 0.11929750525686825
0.10067919305782569 0.0708469659574914 0.271252738358355 0.13191395829657682 0.08970358702036886 0.06980677566702591 0.14707421917543712 0.11872256246691912
0.08794054334305633 0.06193245309126664 0.23915238313432438 0.11535608038579304 0.10444908874607517 0.08125759354660753 0.17148456128992517 0.13842729646295168
0.09912581824289864 0.07093788142222616 0.262780043083068 0.13333467226105328 0.09308779301659185 0.07207437771681581 0.1486582092223982 0.12000120503494793
0.13389672212294504 0.09459112995021743 0.22558314329795273 0.11011507474671346 0.12042862728021102 0.09351164453022436 0.12277009079969398 0.09910356727204211
0.08359552326094068 0.12335872774792661 0.1244654428740808 0.1401667655046944 0.09870014660403156 0.16644364314733476 0.09506963225535794 0.16820011860563325
0.10574739345874765 0.06960524233963952 0.22975249054784533 0.13921048467927905 0.09508502979673493 0.08512464346320137 0.15411172907107812 0.12136298664347403
0.07070843009561892 0.10757739602102208 0.07761354121503362 0.08747228946855741 0.1397225436499611 0.24307950208301846 0.09888171852967359 0.17494457893711482
0.09971250942443399 0.07676304107868638 0.20416811173990584 0.13797656994883892 0.103394320332115 0.09997295578806088 0.15383357873400397 0.12417891295395504
0.09152024282910888 0.14183187792495813 0.1398097465277464 0.16423749205558466 0.08366351788657594 0.14757648179337615 0.0835468981326235 0.1478137428500262
0.08201173053059112 0.11255818689848537 0.10831801250987168 0.13506982427818245 0.10110971519778811 0.1907928820287164 0.10130236820863685 0.16883728034772805
0.0895311480647904 0.14811451136883907 0.08289635944173117 0.11567730194503346 0.11210102411093265 0.23440750532843654 0.07845938740619661 0.13881276233404016
0.1035260889135618 0.07947591232287259 0.20591748917746922 0.13756823028087592 0.09790732583000124 0.09841523574509603 0.1533783104773348 0.12381140725278834
0.11951955925321879 0.08385264985640035 0.18127737507063493 0.09684411804641943 0.14263878934063368 0.11568928084529728 0.14396528593169217 0.11621294165570331
0.08188922319443112 0.12208430340145222 0.11552464339432017 0.14021643875414902 0.10297578111692834 0.17394655995701305 0.09510332367672715 0.1682597265049788
0.07996802309507202 0.1117632091310927 0.1029324486604252 0.1341158509573112 0.10443547243303732 0.19855329380843922 0.10058688821798342 0.167644813696639
0.07564319979582648 0.1251227938242274 0.09945758826006149 0.14019429919387796 0.0953990844679893 0.20086156814603806 0.09508830727932592 0.16823315903265354
0.10148869336239806 0.07823628767594457 0.21388891328764792 0.13858021375986088 0.09522899201657585 0.09334811097845006 0.15450659653524787 0.12472219238387479
0.1064139703752408 0.06742184370547726 0.26053333828646436 0.1348436874109545 0.09176725264437531 0.0721863674097789 0.14927750498892806 0.11755603517878085
0.09679492348046037 0.14555345881843024 0.11066753718948084 0.11855502056164052 0.1131059218133299 0.19264588212522918 0.0804112313374605 0.1422660246739686
0.10463880391513668 0.07870185911063274 0.2162267819845869 0.13657121757250232 0.09746451610955363 0.09121600978090404 0.1522667157114317 0.12291409581525208
0.10380410442811408 0.072297627295508 0.25472250214961756 0.1336775818864441 0.09233592042447146 0.07381191225360657 0.14904052786443844 0.1203098236977997
0.08053528130387917 0.12231607351470208 0.1315344602846907 0.14218541043437857 0.0946940600711321 0.16167342174925411 0.09643880012070896 0.17062249252125428
0.105101189649218 0.06950774648639554 0.23267629293106692 0.1390154929727911 0.09432345979666606 0.08428695905368302 0.15389586523646387 0.12119299387371532
0.0807659975574138 0.12207653361092981 0.12708781161034813 0.14231997899717488 0.09510863175990164 0.16532699895649458 0.09653007271112732 0.17078397479660987
0.08007671620854567 0.11202877699754268 0.10549134828012624 0.1344345323970512 0.10307778135801694 0.19602177996461484 0.1008258992977884 0.16804316549631398
0.06484861445532662 0.10726987848220576 0.059770479582248334 0.08380456000624624 0.13616294646873295 0.2857988114204692 0.09473558957227836 0.16760912001249248
0.09922916906586816 0.07688052477452842 0.1969989856806946 0.13813862097485982 0.1033133292959797 0.10710035779603831 0.15401425353465717 0.12432475887737386
0.10328278027592436 0.07257545208178393 0.24817236251427088 0.13443472394413392 0.09404564635130258 0.07661309852723987 0.14988468475562394 0.12099125154972051
0.10253701986951384 0.07115039730212408 0.26555824603579176 0.13230251880633592 0.09094081416869114 0.07093130174507539 0.14750743514676556 0.11907226692570232
0.11870252751216487 0.08234867510598734 0.19768217023376045 0.095820419814284 0.13969247647876373 0.10832573732412745 0.14244348975377144 0.1149845037771408
0.12170114588534203 0.08259225613811969 0.17664596258284967 0.09497774678021574 0.15270608714798442 0.1162127056380431 0.14119079969118636 0.1139732961362589
0.10737512529629568 0.07234739711593419 0.23878359134420984 0.1330708444632838 0.10275498107843443 0.07754023976835979 0.14836406091652682 0.1197637600169554
0.10362009602465963 0.07120387972068087 0.2621179193608772 0.13241654827995447 0.09268339886979594 0.0711486947918846 0.14763456950018808 0.11917489345195906
0.10225936107185332 0.07069805921420474 0.27015875273035095 0.13161383125294993 0.09029847812589481 0.06977946955775789 0.1467395999193337 0.11845244812765493
0.10175160841071942 0.07049209004570549 0.27286889773188 0.13128705941896474 0.08965409087314677 0.06941262633211727 0.146375273710398 0.11815835347706825
0.0802277460353739 0.12190944654238152 0.1351598565890932 0.1419303737207126 0.09422217013953348 0.15996813981052338 0.0962658186975268 0.17031644846485508
0.10489987414474179 0.06941086988962435 0.2340262863408751 0.1388217397792487 0.0942027212803084 0.08393305524541853 0.15368137248659197 0.12102408083319119
0.09658100825091738 0.14565608292176993 0.10605522391230356 0.11843526260988461 0.11366604197921723 0.19715406098908062 0.08033000420496521 0.14212231513186152
0.09028346387752446 0.14856203221885558 0.1153747775048977 0.1610906353833238 0.08422889395838551 0.1735325193865915 0.08194610582542994 0.1449815718449914
0.12061448847111425 0.07826791168726104 0.1525948411143014 0.09392149402471324 0.1492815717429588 0.13883608888159585 0.14908173654716386 0.11740186753089156
0.07102494838480666 0.10448000390191726 0.06594721555955284 0.08413465589366403 0.1501595703669176 0.260875552660802 0.09510874144501152 0.16826931178732807
0.10047194994876905 0.07645156871140692 0.19911529180705137 0.13772414536495994 0.10582795445529476 0.10290521472341965 0.15355214416063442 0.12395173082846395
0.10371416062591694 0.07243950032134229 0.24881321811128815 0.13422728166084313 0.09446234765382616 0.07588553604150229 0.14965340209052214 0.12080455349475884
0.0900264765402151 0.06220468923438066 0.2325404547796304 0.11567633090941387 0.10620116526052133 0.08257865098189092 0.17196063520265106 0.13881159709129665
0.10079250639801036 0.07090378535097337 0.2606069310797546 0.13321364873574243 0.09380094160118684 0.07226662594888132 0.14852327702328297 0.11989228386216819
0.08025763714318468 0.12204317744838854 0.13272144323061774 0.14204442881007318 0.09509658684858725 0.1610402341454459 0.09634317780161486 0.1704533145720878
0.1049668675464178 0.0694508763241196 0.23319215602431254 0.1389017526482392 0.09448567356448974 0.08413888822870967 0.15376995002165672 0.12109383564205468
0.0810093810724957 0.12198887934097406 0.12719623374335184 0.14221509627830728 0.09527986222298122 0.16519349694089533 0.0964589348670258 0.1706581155339687
0.08793260466123295 0.058094245844981914 0.19312177189160407 0.11618849168996383 0.11336121053767531 0.10163988347643026 0.18442617728565686 0.14523561461245477
0.09343901965365595 0.14411134023216654 0.09905577950997088 0.11853089826975544 0.1180167536963665 0.20421426058358766 0.08039487013079064 0.14223707792370652
0.07723648610351053 0.12755176328371529 0.09782264650077936 0.13849407141962677 0.09743230088536786 0.20133473679274458 0.09393510931070337 0.1661928857035521
0.10202983325642674 0.07833662310817925 0.21312665260211397 0.13841804694952775 0.09577478486246599 0.09341202432298398 0.1543257926437272 0.12457624225457499
0.10645872633829338 0.06736915184628313 0.260697400476798 0.13473830369256626 0.0919613117840894 0.07215010278779126 0.1491608408806594 0.1174641621935193
0.08119787944959987 0.12159381068373055 0.1327456975118664 0.1420009309403227 0.0947693930967735 0.16097749629066607 0.09631367489865367 0.17040111712838724
0.10513661577913876 0.06943027318734589 0.23327777033395591 0.13886054637469178 0.0944016701399256 0.08411087897788012 0.15372433298297175 0.12105791222409026
0.08103116733138283 0.1219762762074189 0.1272086148573138 0.14220194769929304 0.0953115636073692 0.16517807635768048 0.09645001670039006 0.17064233723915162
0.10527626959365946 0.06954871331757773 0.2313044525244482 0.13909742663515545 0.0946582299543907 0.08486391558562476 0.15398656916875164 0.12126442322039195
0.09675013200736511 0.14561967945005452 0.10556744601006321 0.11838907910168413 0.11382884628889468 0.19747924248138407 0.08029867973853357 0.14206689492202093
0.0778334493195512 0.12785791097639945 0.09920836369240138 0.13863765403374365 0.0967555755662031 0.19930936579180017 0.09403249577940875 0.16636518484049237
0.1154664477242721 0.0885689859357267 0.15097688428060574 0.09778554356727207 0.14417971917379896 0.14031498883908605 0.1453647781985119 0.11734265228072649
0.08149599796391611 0.12218410308533995 0.10912789837508104 0.139691079166554 0.10340936991127943 0.1817152636719542 0.09474699282601054 0.1676292949998648
0.10263228210329972 0.07767769449955386 0.21717370812174655 0.13792939610688215 0.09660099283740796 0.09006848641425765 0.15378098342065818 0.12413645649619394
0.0806918562552673 0.12297781924400504 0.12393203545824646 0.14225334783392413 0.09574174810862567 0.16721429629882167 0.09648487940040072 0.17070401740070895
0.08003258518528522 0.11197997838955485 0.10493858267230413 0.1343759740674658 0.1033344716849328 0.19658645986552561 0.10078198055059936 0.16796996758433225
0.11580296364663267 0.08707879404860693 0.1523670206549971 0.09753740083366944 0.14576889199973478 0.13940415045724727 0.1449958973587086 0.11704488100040333
0.10740094170272384 0.07327995695807575 0.23046204451466992 0.13423301363939022 0.10242880908930428 0.08172572900154233 0.14965979281884254 0.12080971227545119
0.13843736969929232 0.09490503685421256 0.21530656871048606 0.11021257682190956 0.1234849430189419 0.09558338741817567 0.12287879833726334 0.09919131913971858
0.10995841444421836 0.07228408399654652 0.25205664777181963 0.13132842654030705 0.09625109091510023 0.07350435748213567 0.14642139496359605 0.11819558388627635
0.09409873301784792 0.14044467670886074 0.1506446496037693 0.16322088680392313 0.08246063505682254 0.13920186522411948 0.08302975546112612 0.1468987981235308
0.10729029346522821 0.06909239885981387 0.2397735781496297 0.13818479771962774 0.09170539059381283 0.0805084917561164 0.15297625144378815 0.12046879801198317
0.08148601755194856 0.12193073937342504 0.12854504814239295 0.14218652657354572 0.09482280704729741 0.16396547226890434 0.09643955715423101 0.17062383188825486
0.11820781022539546 0.07801944778788732 0.15609898593280244 0.0936233373454648 0.15219379251381976 0.13621898253587106 0.14860847197692822 0.11702917168183098
0.09701184654242788 0.14301849606214725 0.09089519419469204 0.11518771923485445 0.12419023695905432 0.21334392131353236 0.07812732261146647 0.1382252630818253
0.10546173731034773 0.07870229381112401 0.2084309285193794 0.13679954797975574 0.10019128534516428 0.09477332677651219 0.15252128707593662 0.12311959318178017
0.12076337597941843 0.08353943211707784 0.18177725248622056 0.09653130442566575 0.14347024991600552 0.1145805522902411 0.14350026747457179 0.1158375653107989
0.09553787281245733 0.14087684462058156 0.1336505111096444 0.161812672338468 0.08980148145172269 0.1503758096772841 0.08231340288522068 0.1456314051046212
0.14587448997019542 0.09354416685103394 0.1889455167432848 0.11225300022124071 0.1260175784660555 0.11123497217811543 0.12426868563360796 0.09786158993646626
0.1026610655669446 0.14560118866951424 0.09671258595386203 0.11546448767508682 0.11867398098736849 0.20401426212271273 0.07831504381440672 0.1385573852101042
0.07870057105621464 0.127539930292656 0.09723760632140453 0.13824123712273212 0.09748842289668355 0.20113912606239498 0.09376362170063571 0.16588948454727853
0.0879942270914732 0.14744395423529505 0.11426400786183374 0.16282234972642373 0.08229853017144736 0.1758097947771736 0.08282702138257207 0.14654011475378134
0.08131117746305026 0.11204823638999338 0.10307077815599638 0.13445788366799205 0.10069455550513425 0.19950160148184962 0.10084341275099405 0.16807235458499006
0.06519254186624615 0.1070950053819518 0.05940695236960108 0.08365711826980861 0.1356236390135214 0.28714159025425273 0.09456891630500104 0.16731423653961722
0.11087511657510594 0.08550664944323562 0.13687618000491408 0.09602766596237904 0.15344397852402986 0.1592856352630485 0.14275157507243214 0.11523319915485486
0.10681413698452762 0.07338329188085413 0.22468361260502087 0.13460174003392827 0.1042456804481147 0.08505907678516172 0.15007089523185735 0.12114156603053544
0.12071186025314203 0.0827843319496676 0.18605744761718182 0.09612864522044305 0.1441332747444609 0.11192837842883982 0.14290168752173324 0.11535437426453166
0.08266797298474733 0.12176408877042434 0.11648174630211662 0.13995435685307073 0.10372020514712595 0.1725408379402258 0.0949255637786045 0.16794522822368488
0.10589392049081128 0.06962625163605082 0.22710288874865367 0.13925250327210165 0.09646751407769537 0.08609905815687753 0.15415824538059275 0.12139961823721682
0.09698442482302137 0.14554657824105083 0.10481159883011516 0.11831930536958664 0.11421993097367905 0.19788364037271466 0.08025135494632832 0.14198316644350398
0.10528329080530056 0.07873551511961228 0.2139394044090287 0.13659950738498589 0.09806891722925205 0.09213555166416261 0.1522982567411708 0.12293955664648729
0.10447384027820446 0.07226117459909608 0.2538648461848583 0.13359142949840072 0.09269271435330233 0.07393923415652463 0.14894447438105274 0.12023228654856065
0.10307527807810984 0.07092482711097957 0.2673595815281893 0.13190437926091908 0.09060437151580779 0.07035408190563504 0.14706353926553214 0.11871394133482717
0.10236432012240743 0.07052241058866936 0.27185596478270335 0.13130958523495306 0.0898435034117407 0.06952520083387446 0.1464003883141939 0.11817862671145775
0.10207891365362452 0.07039191690947062 0.27335168812334204 0.13111222347326434 0.08957941298222782 0.069304499053732 0.1461803446784007 0.11800100112593792
0.1019744727766509 0.07034904541891199 0.27384962457129575 0.13104713319560982 0.08948996384668732 0.06923956643849608 0.14610777387629928 0.11794241987604882
0.1019378803654593 0.0703348822330994 0.2740155617342659 0.13102559838435984 0.08945999127721362 0.06921928329084724 0.14608376416883107 0.11792303854592387
0.10192533817576116 0.07033018311420035 0.27407091801075945 0.13101844588819422 0.0894499875265008 0.0692127363158345 0.14607578966937473 0.11791660129937481
0.10192108698469823 0.07032861812624192 0.27408941064954345 0.13101606156041146 0.08944665038889649 0.06921058556400621 0.14607313132183186 0.1179144554043703
0.101919653035655 0.070328094668994 0.2740956043722673 0.13101526313067774 0.08944553529456382 0.0692098715479689 0.14607224113226308 0.11791373681760997
0.10191916933155559 0.07032791834303129 0.2740976902642663 0.13101499365316976 0.08944516106954273 0.06920963236562962 0.14607194068495194 0.11791349428785278
0.10191900515440971 0.07032785810060799 0.2740984013022184 0.13101490122067092 0.08944503428309458 0.06920955121078093 0.14607183762961368 0.1179134110986038
0.10191894847514167 0.07032783689648156 0.2740986501349665 0.13101486842098908 0.08944499044065879 0.06920952299245607 0.14607180106041617 0.11791338157889016
0.11892944141026418 0.08206571209946548 0.1999040491823535 0.09555096830182519 0.13916474019966457 0.10768099486122508 0.1420429319830118 0.11466116196219024
0.10666668756473731 0.07187391100178736 0.2470950754631518 0.13226148635763343 0.0998007853941007 0.07580502946813394 0.14746168702858534 0.1190353377218701
0.1036100288266008 0.0709438534865506 0.2648686627534633 0.1319771042804979 0.09199079323645694 0.07068554132886 0.14714462223512229 0.11877939385244811
0.1025346958446813 0.07056655093170273 0.2709975159381919 0.13138996578651546 0.09015406259548885 0.06961623306491843 0.14649000663063738 0.1182509692078639
0.10213779415550407 0.07041236446764991 0.27306194390997224 0.13114539846028037 0.08965961202390806 0.06933469605525457 0.14621733231317827 0.11803085861425233
0.08058089611754207 0.12182769525976575 0.13517360399912412 0.1418363856066278 0.09429382181901412 0.1598818642324339 0.09620207023753886 0.17020366272795337
0.14172655221284708 0.09360082282503708 0.18961958538812465 0.1123209873900445 0.12727750210638392 0.11318973905176036 0.12434395022422508 0.09792086080157726
0.10185074424688437 0.14554158311700197 0.09678044152450745 0.11541083957142911 0.11892773325752058 0.2047169943919724 0.07827865640496931 0.13849300748571494
0.10638701388403696 0.07876938044086469 0.21064028770917279 0.13661086494646205 0.09904371583247806 0.09328803916053212 0.15231091957463752 0.12294977845181583
0.0812881094625581 0.12296492865877807 0.12252345044553792 0.1420761301355655 0.09614250742505565 0.1681488381396167 0.09636467957020965 0.17049135616267858
0.11840040641235927 0.07802647873304205 0.1543865007266094 0.09363177447965047 0.1526693573563734 0.13722389993898895 0.14862186425341342 0.11703971809956308
0.09707064075842267 0.14296681866830324 0.09058173656080709 0.1151442020279672 0.12428007724618984 0.21368567571186736 0.07809780659288208 0.13817304243356063
0.10552558203234881 0.07869704779981077 0.20829516768150697 0.13679394997393368 0.10022529355268361 0.09483335826596927 0.15251504571720664 0.12311455497654032
0.10468092559405376 0.07236577383418374 0.2518965313758818 0.13379140723780494 0.09323174401379278 0.07445391679348189 0.14916743463677656 0.12041226651402445
0.10317989110221598 0.07097392526041064 0.26669509313060275 0.1319841163301414 0.09075703739413535 0.07047179193817915 0.14715244014718748 0.11878570469712726
0.10240925312595668 0.07053994335543096 0.2716330666980568 0.13133661852760867 0.08989070150935959 0.0695569316906445 0.14643052841809504 0.11820295667484781
0.10209816487382568 0.07039747722138955 0.273276441815667 0.13112049980219842 0.08959529142852743 0.06931410286888771 0.14618957216752568 0.11800844982197858
0.10198395586023533 0.07035047997544515 0.27382355151280946 0.13104907569874275 0.08949608548467866 0.06924274371689056 0.1461099396223296 0.11794416812886846
0.08055494409352004 0.121811968509709 0.1353227766614083 0.14182555582167247 0.09425692099604158 0.1598424421134638 0.09619472481817787 0.17019066698600696
0.10508817559343557 0.06934850101844446 0.2342221443903067 0.13869700203688892 0.09432516247341674 0.08386039670022478 0.15354328267820017 0.12091533510908266
0.09687682148977494 0.14555965512331231 0.10605812060586273 0.11835714033255218 0.11378423479768321 0.19705844233054262 0.08027701692120931 0.1420285683990626
0.07797404862038175 0.12783004692723432 0.09929305388459278 0.13860765392595573 0.09678183845193325 0.19917202559854172 0.09401214788021346 0.16632918471114685
0.10227157498959695 0.07831263112561611 0.21363846243427762 0.13833756360511842 0.09565328356909407 0.09304661731075971 0.15423605972093055 0.12450380724460659
0.10668211462893122 0.06731202248696118 0.26094339249241344 0.13462404497392236 0.09199269788538915 0.07204682372155218 0.14903435178228275 0.11736455202854769
0.09730088199969628 0.14536109355884064 0.11074584526132307 0.11839734796501743 0.11337707875208809 0.1924366467200452 0.08030428818496833 0.1420768175580209
0.11885832848437076 0.08881232848072665 0.15263595748558142 0.09631765541268879 0.14728512801104343 0.13732675176314157 0.14318266386722095 0.11558118649522654
0.10806430174321591 0.07332362412956439 0.23038864486047006 0.13407312519002137 0.10265710773911668 0.08134585453682218 0.14948152912977009 0.12066581267101924
0.10442168708394513 0.07141988337772032 0.25923040809605524 0.1326942441714702 0.0929878944229311 0.07187688339790076 0.14794417969565407 0.11942481975432316
0.13712564377325764 0.09427016772352856 0.22418461084255215 0.10965769546232793 0.12062080761391149 0.09318900163794076 0.12226014703038648 0.09869192591609512
0.1262576912694066 0.08306290981896398 0.18383066731899256 0.09437029538330012 0.14679365807758785 0.11215264128109192 0.1402877823906969 0.11324435445996014
0.08349512681682997 0.12165082031635496 0.11595203856161813 0.13976312091022675 0.10416271225673367 0.1724645801242456 0.094795855921719 0.16771574509227208
0.10614383962396287 0.06961226744046653 0.22686540170765154 0.13922453488093306 0.09657103632462227 0.0860804012632687 0.15412728322187133 0.1213752355372237
0.07154945437519608 0.10731027686483136 0.07725024057657594 0.0872366518684373 0.14040231890750926 0.243162408080168 0.09861534559040738 0.1744733037368746
0.10066232234642183 0.07659471686575008 0.20378925323555425 0.13766770168832482 0.10393284289659259 0.0999630177744633 0.15348921367340096 0.12390093151949234
0.10383902568799294 0.07233346210609569 0.250399091394582 0.13400641740454833 0.09406956858189594 0.0753395042336309 0.14940715492716058 0.12060577566409349
0.10306279821268367 0.07100770992627672 0.26620153338169217 0.13205275048815773 0.09096024781235255 0.07063852262807156 0.14722896211142358 0.11884747543934195
0.08971928569810125 0.0618126631350046 0.2378375503489874 0.11508415653190589 0.10507051753945142 0.08129451069068268 0.1710803282175795 0.1381009878382871
0.11683525493466496 0.08201991962508766 0.1901429280474946 0.09634097774428733 0.14459547931023115 0.11123893296552194 0.14321733407956744 0.1156091732931448
0.10654686321970763 0.07208644952711306 0.2437067445527248 0.13266786647759019 0.10111182342164848 0.07656440243592219 0.14791477053546248 0.11940107982983116
0.08131044579460484 0.12207385672256289 0.12924163106115857 0.1419086525297906 0.09652884536687945 0.16239509942557093 0.09625108606368406 0.1702903830357487
0.10541992995354832 0.06946362729379052 0.23200186230073133 0.13892725458758104 0.0949027784882792 0.08437029755725825 0.15379818171681742 0.12111606810199373
0.09693966880447343 0.14556880607274794 0.10567485837917734 0.11835309062778926 0.11391297379620387 0.1972526234013258 0.08027427016493531 0.1420237087533471
0.10526096688163095 0.07871922931974225 0.21425960327024543 0.13656843823485856 0.09799659976442848 0.0920199511603494 0.15226361695737214 0.1229115944113727
0.10446911019881105 0.07225125713506236 0.2539715142947915 0.13357452185234833 0.09267609126289379 0.07391481197151051 0.14892562361746894 0.12021706966711349
0.1030803306716864 0.07091989794452022 0.267392173089846 0.13189602000543005 0.09060330919111444 0.07034763177302882 0.14705421931948692 0.11870641800488704
0.11933862043521831 0.08220585638802443 0.19807265129802892 0.09566496841671422 0.13964862662092106 0.10805891393051761 0.14221240081051845 0.11479796210005705
0.09308740245449103 0.06267582146847879 0.21477191057028336 0.1153206739484188 0.11613413679925491 0.08819331877824634 0.17143192724272407 0.13838480873810258
