Action: 0
[0.12365839016819662, 0.10380600747992753, 0.25345119422470613, 0.10380600747992753, 0.10385988409910443, 0.1038065015882828, 0.10380600747992753, 0.10380600747992753]
[0.10590165656302435, 0.10590165656302435, 0.2586884040588296, 0.10590165656302435, 0.10590165656302435, 0.10590165656302435, 0.10590165656302435, 0.10590165656302435]
[0.10628238744482081, 0.21098563490675484, 0.10762307920163793, 0.10549281745320492, 0.1531366300569511, 0.10549381603022047, 0.10549281745320492, 0.10549281745320492]
[0.125, 0.125, 0.125, 0.125, 0.125, 0.125, 0.125, 0.125]
[0.10639402222129807, 0.10752070936351071, 0.25863260913319525, 0.10545955942225449, 0.10561442117172848, 0.10545955984350401, 0.10545955942225449, 0.10545955942225449]
[0.10443047960711412, 0.10368901525669412, 0.12412112440219952, 0.10368901525669412, 0.2530033192819731, 0.10368901568193684, 0.10368901525669412, 0.10368901525669412]
[0.125, 0.125, 0.125, 0.125, 0.125, 0.125, 0.125, 0.125]
[0.125, 0.125, 0.125, 0.125, 0.125, 0.125, 0.125, 0.125]

Action: 1
[0.10381638194682548, 0.10381638194682548, 0.10381638194682548, 0.10381638194682548, 0.14932377101544275, 0.2277779373036044, 0.10381638194682548, 0.10381638194682548]
[0.10381447586482116, 0.10381447586482116, 0.10381447586482116, 0.10381447586482116, 0.12398867802191134, 0.25312446678916156, 0.10381447586482116, 0.10381447586482116]
[0.10381762461358128, 0.10381753352878864, 0.10381753352878864, 0.10381753352878864, 0.14968140821685164, 0.2274132995256238, 0.10381753352878864, 0.10381753352878864]
[0.125, 0.125, 0.125, 0.125, 0.125, 0.125, 0.125, 0.125]
[0.2116289246239968, 0.1058144623119984, 0.1058144623119984, 0.1058144623119984, 0.15286911889439317, 0.10642964492161808, 0.1058144623119984, 0.1058144623119984]
[0.10398554844198936, 0.10398554844198936, 0.10398554844198936, 0.10398554844198936, 0.12120648177275428, 0.2548802275753096, 0.10398554844198936, 0.10398554844198936]
[0.125, 0.125, 0.125, 0.125, 0.125, 0.125, 0.125, 0.125]
[0.125, 0.125, 0.125, 0.125, 0.125, 0.125, 0.125, 0.125]

