Action: 0
[0.10792868360825868, 0.10452594480549665, 0.2643592310670312, 0.10452594480549665, 0.10508236129718877, 0.10452594480553483, 0.10452594480549665, 0.10452594480549665]
[0.2556916738389184, 0.10273040972053009, 0.12792586783790103, 0.10273040972053009, 0.10273040972053009, 0.10273040972053009, 0.10273040972053009, 0.10273040972053009]
[0.21203337805790345, 0.1058855346726864, 0.16011136059088452, 0.10422460772457898, 0.10507129573385174, 0.10422460777093699, 0.10422460772457898, 0.10422460772457898]
[0.125, 0.125, 0.125, 0.125, 0.125, 0.125, 0.125, 0.125]
[0.10543651951376828, 0.10383838378144185, 0.26375293318834114, 0.10383838378144185, 0.10383838390032632, 0.11161862827179685, 0.10383838378144185, 0.10383838378144185]
[0.10425056803810792, 0.10379739973515004, 0.11341428104822131, 0.10379739899282174, 0.2633481552038611, 0.1037973989961943, 0.10379739899282174, 0.10379739899282174]
[0.125, 0.125, 0.125, 0.125, 0.125, 0.125, 0.125, 0.125]
[0.125, 0.125, 0.125, 0.125, 0.125, 0.125, 0.125, 0.125]

Action: 1
[0.1026620273516032, 0.10266203085540698, 0.1026620273516032, 0.1026620273516032, 0.1529883631572294, 0.23103946922934762, 0.1026620273516032, 0.1026620273516032]
[0.10286808830907794, 0.10286808830907794, 0.10286808830907794, 0.10286808830907794, 0.15613839150572256, 0.22665307863980977, 0.10286808830907794, 0.10286808830907794]
[0.10411688406804645, 0.1041117645879319, 0.1041117645879319, 0.1041117645879319, 0.11150860191664436, 0.26381569107564967, 0.1041117645879319, 0.1041117645879319]
[0.125, 0.125, 0.125, 0.125, 0.125, 0.125, 0.125, 0.125]
[0.10268976380478399, 0.10266253042631085, 0.10265998495843312, 0.10265998495843312, 0.15291641589796953, 0.23109135003720316, 0.10265998495843312, 0.10265998495843312]
[0.10494583633552217, 0.10494583633552217, 0.10494583633552217, 0.10494583633552217, 0.2644917850146887, 0.10583319697217829, 0.10494583633552217, 0.10494583633552217]
[0.125, 0.125, 0.125, 0.125, 0.125, 0.125, 0.125, 0.125]
[0.125, 0.125, 0.125, 0.125, 0.125, 0.125, 0.125, 0.125]

