0.125 0.125 0.125 0.125 0.125 0.125 0.125 0.125
0.099626400996264 0.07845579078455792 0.199252801992528 0.15691158156911583 0.08685378548392246 0.06839735606858895 0.17370757096784492 0.1367947121371779
0.11030863736668604 0.08686805192626526 0.1563457528399143 0.10424166231151831 0.13788579670835754 0.10858506490783158 0.16546295605002906 0.13030207788939788
0.0739055172347121 0.1231758620578535 0.1014283117167123 0.1478110344694242 0.10408737801013272 0.15396982757231686 0.11085827585206814 0.1847637930867802
0.06400064303232851 0.10666773838721419 0.06296490361615302 0.09600096454849276 0.14982718708620643 0.21333547677442838 0.1152011574581913 0.19200192909698552
0.07295173961840629 0.12906846240179573 0.09118967452300786 0.16133557800224466 0.08754208754208755 0.15488215488215487 0.10942760942760943 0.19360269360269358
0.07254935705579434 0.12091559509299056 0.09444619531705019 0.14509871411158867 0.10386613459569499 0.17292657560370364 0.10882403558369151 0.18137339263948582
0.10565176897813265 0.08320076807027947 0.13817013525947502 0.09984092168433537 0.15534010054733344 0.13451749988782588 0.158477653467199 0.12480115210541921
0.07225559423472235 0.13737936729008407 0.09031949279340293 0.15979602571140517 0.0867067130816668 0.15340418468294897 0.10838339135208351 0.19175523085368618
0.10581232610294762 0.08332720680607125 0.13785779436393636 0.09999264816728551 0.15808877184423195 0.13121195335199906 0.15871848915442144 0.12499081020910688
0.08538628433479135 0.16256586162555264 0.0744393248046899 0.1317003438852206 0.11725893310337283 0.1812816498184801 0.08932718976562788 0.1580404126622647
0.12597146361791314 0.09920252759910658 0.16204553359542737 0.11904303311892792 0.14464162408158102 0.11352918102154655 0.1317855311695091 0.10378110579598843
0.061153178296179916 0.1181291445474934 0.05331302723256711 0.09432304818069566 0.1386815543039149 0.2391278966126234 0.10662605446513422 0.18864609636139132
0.09249706734396952 0.0831508517172327 0.18499413468793904 0.1493326147480954 0.09435280557893862 0.09477845143139373 0.16649472121914516 0.13439935327328584
0.07018934560266452 0.11698224267110752 0.11122719580564804 0.14037869120532903 0.11022178406427718 0.17024335824031564 0.10528401840399677 0.17547336400666128
0.09159024212338715 0.14277636329027324 0.0921743013440975 0.12849872696124592 0.13960514724344633 0.23188193763986784 0.09637404522093443 0.07709923617674755
0.056905997348509006 0.11468390350090538 0.054065250829323855 0.08777216948034329 0.12929105717978082 0.28251656937484565 0.09922071332560545 0.17554433896068658
0.0653345299072158 0.1286903444943492 0.08603093235406854 0.14448982575634267 0.09627102485176199 0.207793756867827 0.09800179486082372 0.17338779090761117
0.0975495704138912 0.07217052597387424 0.21103317523192028 0.1443410519477485 0.10335852625628265 0.08591988335904542 0.15979147793971343 0.12583578887752433
0.07507936916075801 0.11391952921068281 0.1234634385980186 0.13670343505281937 0.1130026720619562 0.16442468581012643 0.10252757628961454 0.1708792938160242
0.07310662908535244 0.11330143108393478 0.10557763715097769 0.13596171730072174 0.11677748439660111 0.1833516663809688 0.10197128797554131 0.16995214662590216
0.08875256846293994 0.1535595057676074 0.09331638302315574 0.12389894298771201 0.14376522441007383 0.2294438023150999 0.09292420724078401 0.0743393657926272
0.06422272207648053 0.13117787086706348 0.08781472434296952 0.14203101997683193 0.09695372115594741 0.21102863449378814 0.09633408311472079 0.1704372239721983
0.09521235591519404 0.07976079160583346 0.21656562474782817 0.1407875663028993 0.10427088426832272 0.08480727558698944 0.1558576232575849 0.12273787831534812
0.09141947093562418 0.15014249696927548 0.12193863218025312 0.12479931998245254 0.1426743114429566 0.20054668651312718 0.09359948998683941 0.07487959198947153
0.05460602699964984 0.11127454855614916 0.053473611888991066 0.08422468069768477 0.14658873992026603 0.28617252192711545 0.09521050861477408 0.16844936139536953
0.11338074698549146 0.10212307836030861 0.1496130124314277 0.11440527180764952 0.13898071106968932 0.15097909435987106 0.1275533403586779 0.10296474462688456
0.06434194643067132 0.12563963776870593 0.10222594109944874 0.14229468922167693 0.10306366544671068 0.19516757332076715 0.09651291964600697 0.1707536270660123
0.09382829684967495 0.07824135682101273 0.227600251243337 0.13864419313563417 0.10534675846862113 0.08198502584824274 0.1534848210536935 0.12086929657978364
0.0725966116858015 0.11918881220160171 0.13801015347027493 0.13215070445489124 0.11491553314474234 0.15883677613290578 0.09911302834116845 0.16518838056861404
0.08628126213337745 0.15035524308588488 0.10456390535202152 0.12023232609482568 0.1430027696237185 0.23325085348215732 0.09017424457111926 0.07213939565689541
0.056694217577918 0.10651820619616877 0.05421700016792408 0.080151715147576 0.14112511968364386 0.3103840242430532 0.09060628668856417 0.160303430295152
0.09040047985558179 0.07665640140321002 0.18813258787446283 0.13756715724721422 0.10428294869609252 0.12577286927606682 0.15337711412487912 0.12381044152249278
0.09109556252060624 0.07078214641016076 0.26899200258605993 0.13090463992652485 0.10080509194430237 0.07838174532916965 0.14491681750107754 0.11412199378209859
0.061704831186884954 0.10706981149105482 0.08167105278579374 0.08696275914224619 0.14071910290989595 0.24964119647361466 0.09830572772601744 0.17392551828449238
0.09006984730500395 0.07601611763946053 0.20401132218814028 0.1364118961138268 0.10319995137161163 0.1154310747048431 0.15208908417466957 0.12277070650244412
0.08975523622413147 0.06971246941972536 0.28162841985158454 0.1289339383122551 0.09920859758081235 0.07562222258618216 0.14273516980436868 0.11240394622094035
0.1023747359690701 0.08104072047105408 0.21418792945823562 0.0943483258873197 0.14012459274137282 0.11445058114880516 0.14025512325935885 0.11321799106478361
0.08921411432569842 0.0705294884874124 0.26417654244084837 0.129763850004678 0.10278620628828941 0.08206532456305074 0.1446770088858126 0.11678746500421021
0.07881188937720418 0.1368880242275021 0.16866507835595568 0.15908563731602673 0.08468491643173201 0.14776120868117643 0.08092617202597882 0.14317707358442405
0.08992601802663742 0.07486733004316162 0.2685767464572864 0.13063981572540362 0.095403264497978 0.08207205762360194 0.14462364622429702 0.11389112140163392
0.08711205706522197 0.1419657222914536 0.12286596672948255 0.11449366328346687 0.11478248934988654 0.20373113372197693 0.07765657161835143 0.13739239594016023
0.0951156858869075 0.07581290587738204 0.2302426268091124 0.1312151690156727 0.0988752720063814 0.10434956701475565 0.14629512127568284 0.11809365211410543
0.09285134282307117 0.06849451075767636 0.2861739561681538 0.12655988258767786 0.09175775662551842 0.07915383239108878 0.14110482431790353 0.11390389432891009
0.12070546815612969 0.0886082321905069 0.26596429939187405 0.10298084008909912 0.11784886339917745 0.0963935891309981 0.11481595156202545 0.09268275608018921
0.09894232119418533 0.06633911528161396 0.3042637528098416 0.12055642868671268 0.09234024466849484 0.0746459303038351 0.13441142123727517 0.10850078581804141
0.09353819456386578 0.06418660843065215 0.3269069602977266 0.11945610388386317 0.08594307698973817 0.069273921142788 0.13318464119588921 0.10751049349547685
0.12339709228888134 0.08538128714816315 0.2873981023481315 0.0994904575289091 0.11290786651180865 0.0909593469143639 0.11092443548372403 0.08954141177601818
0.09447875149176924 0.13123410363608784 0.18534863716423766 0.14928155965094655 0.08296700266205989 0.14639766136486984 0.07593888034417716 0.13435340368585189
0.10300637908535316 0.07189006777740885 0.27083238272631 0.1254269544665615 0.0880101724449573 0.08810809046977035 0.13984169400973345 0.11288425901990534
0.10110044237296742 0.06487225640285617 0.31427288127184416 0.11999069267659292 0.08550653459727 0.07248490146443885 0.13378066780509687 0.1079916234089336
0.13253321673216303 0.08461453260749195 0.2830408952898576 0.09844979210391468 0.11187308611292505 0.0911194930636705 0.10976417119645412 0.0886048128935232
0.14492958595543967 0.08499936010855491 0.2656429790187231 0.09664827124739647 0.11786852060634696 0.09517222905759086 0.1077556098832913 0.08698344412265682
0.14967130716146018 0.08507178269681577 0.2577426959675596 0.09667366131405318 0.11966236268072776 0.09638797708390319 0.10778391791283241 0.08700629518264785
0.09343185489757819 0.11321057693020957 0.15415615749403205 0.12861131499193823 0.0973246831767173 0.17169981217684074 0.0872320223423581 0.15433357799032585
0.12091315155236385 0.08082453182211063 0.18204345019478227 0.0896097084468659 0.1426884866263912 0.1431781710524733 0.1332108501687738 0.10753165013623908
0.11129150537668747 0.06623748800471253 0.26723574681454165 0.12107873935719268 0.10448243302433201 0.08570946334460802 0.13499375865645213 0.10897086542147343
0.09779900581862791 0.12917644803687553 0.1816476320847751 0.1499904337852184 0.0853416530518584 0.14475395528172838 0.0762994815342198 0.13499139040669655
0.10676100566758928 0.07102822734430768 0.27026368377351045 0.12394998392782373 0.0910880592584182 0.08715907241258633 0.13819498208072287 0.11155498553504134
0.10489537004496571 0.06387506451026514 0.31511874162308534 0.1180942130523232 0.08859713326346766 0.07146845120643557 0.1316662345523663 0.10628479174709089
0.1020057562707583 0.061778783212057 0.3370083885892425 0.11498854868005734 0.08595146555526918 0.06657371333727626 0.12820365054328778 0.1034896938120516
0.09514083105351573 0.12686807364680283 0.2065818762316191 0.14785809871212288 0.08020034814600728 0.13506371141546367 0.07521477195355816 0.13307228884091057
0.12167561918833222 0.08091343901801233 0.20517546732250433 0.08838825604960346 0.13673435487923352 0.12965187714039447 0.13139507914239557 0.10606590725952414
0.08760167372482154 0.11207690540807472 0.13718782067149868 0.12792404829526774 0.10777371119269197 0.18716110651827292 0.08676587623505118 0.1535088579543213
0.10523918921955909 0.07670848858198422 0.24515728897215705 0.12474924134210591 0.09914746555456494 0.09763791467016168 0.1390860944515718 0.11227431720789532
0.10561907264466125 0.06865772830522093 0.30219065162583764 0.1185010269515069 0.09217524062010844 0.07408555390559868 0.13211980169070991 0.10665092425635621
0.13782640481227287 0.08798627527947143 0.2767166273035508 0.09613129386988671 0.11769622827196101 0.08994578729219 0.10717921868776922 0.08651816448289804
0.11264553852395878 0.06730939189085484 0.31514522386646715 0.11309152608314271 0.09396881074792933 0.06996852349624035 0.1260886119165785 0.10178237347482845
0.10438026990274739 0.06474875798439264 0.33621115470981106 0.11332647373553414 0.08741974001330093 0.06556921627664518 0.12635056101558803 0.1019938263619807
0.10109488717294568 0.06393791761604566 0.34677807744043876 0.11242840514639603 0.08507220230899427 0.06415366412468017 0.12534928155874303 0.10118556463175642
0.08320201321052127 0.11625445562511769 0.18365344299166084 0.1279270695667302 0.09360184801032823 0.15508076167030505 0.08676792544526049 0.15351248348007623
0.09042535530766553 0.14695528222081564 0.14988375219641537 0.14825656833367953 0.08331747587994812 0.17231318284359684 0.07541747171756742 0.13343091150031158
0.10617485362091383 0.08075441169176027 0.252436079788659 0.12411186295003518 0.0925832589434135 0.09386339124022193 0.13837546510996457 0.11170067665503165
0.10611136972230041 0.06883085143674603 0.30590819267941116 0.11789893384457467 0.09072538501900215 0.07296771402904648 0.1314485128088019 0.10610904046011721
0.12217565647055396 0.07737421289418313 0.2454830455724326 0.08447176747937772 0.13845491918743422 0.10510132158574993 0.12557295583501524 0.10136612097525326
0.10995798160288749 0.06711740169581151 0.29962690322738567 0.11510822531814129 0.10193402295832617 0.07432098134746165 0.12833708106365901 0.10359740278632716
0.12337996410573121 0.07680195896445648 0.2421072657710764 0.08405951717527023 0.14266528541565066 0.1051544698879847 0.12496011806950617 0.10087142061032425
0.14580915018395546 0.08846646409909285 0.24542482417895556 0.09491128145977724 0.13605133053408147 0.09809780033413845 0.1058189958961994 0.08542015331379951
0.1353780217616809 0.07855015255587604 0.21567738697847938 0.08235694413349579 0.1552532297353265 0.11152680298395863 0.12242912889098778 0.09882833296019494
0.09120225205935935 0.1173963689845976 0.13988931989408981 0.12547114383515098 0.11405994755812247 0.17631342794352664 0.08510216712297197 0.15056537260218117
0.1389155753785314 0.10010311611427693 0.20012631623937435 0.10067423326619797 0.1325017161550315 0.12482797581768146 0.11224425708932818 0.09060680993957816
0.11754672323861733 0.07110179788230601 0.27521834312441373 0.11702959264072155 0.10267292926344433 0.08062471823113282 0.13047926224271492 0.10532663337664941
0.12691532370660474 0.0776750613220118 0.23158180158769318 0.08441493712772621 0.1442688182070715 0.10835765979529981 0.12548847370032135 0.10129792455327145
0.11221979263203789 0.0673548258018867 0.29195971141936045 0.11539787760772655 0.10462443420890194 0.07592524673242844 0.12866002175070407 0.1038580898469539
0.08654737272442757 0.11696581335644202 0.165847060360376 0.12793227482796 0.10045736031836809 0.16195993264860586 0.08677145597026852 0.15351872979355197
0.11871415505831685 0.08667794619214945 0.1854823717622243 0.08725872813988422 0.14718012519926585 0.14026023983951516 0.1297159600407831 0.10471047376786104
0.11206955362848053 0.07011527760416321 0.2679429667656217 0.11831398134517396 0.10776225638372812 0.0854021212638996 0.13191125979827603 0.10648258321065655
0.10702766467452904 0.06641565004362505 0.3126506068087813 0.1157125320240671 0.09406228828817925 0.07097914139590679 0.1290108379432509 0.10414127882166038
0.10347244315954111 0.06465872638016598 0.33506694372491413 0.1133396046937943 0.08860375703081562 0.06648767973222819 0.12636520105412585 0.10200564422441485
0.13630199835247175 0.08573381579731042 0.2908401210799708 0.0941808365353976 0.11599018669853692 0.08718568433812326 0.10500460431633135 0.08476275288185783
0.11209385506817847 0.06623693535238437 0.3218699963982749 0.11155305073399559 0.09398319144808225 0.06949189862461568 0.12437332671387268 0.10039774566059603
0.10437440489078108 0.06411779313891504 0.3391868034276615 0.1123303152374271 0.0879725846042694 0.06568089635687634 0.12523991863038514 0.10109728371368439
0.10140259284943376 0.06350911778440406 0.3479255327060775 0.11171385857037831 0.08586567792030017 0.06448813200521103 0.12455261545085462 0.10054247271334049
0.10012930909088337 0.06319600214361493 0.35220566264301983 0.11127332030402509 0.08499376594445437 0.0639945034405191 0.12406144815986081 0.10014598827362257
0.09955296629884283 0.06303158755164463 0.3542789226594347 0.11103791637103125 0.08460082673182873 0.0637646653112592 0.12379899034203036 0.09993412473392811
0.09928472508523241 0.06294883356029732 0.3552785583411698 0.11092049318698015 0.08441685440845026 0.06365401929485037 0.12366807225473755 0.09982844386828212
0.13377169728458702 0.08486791292841636 0.2999664935201091 0.09347676994021567 0.1137666106819076 0.08580180009358335 0.10421962260498675 0.08412909294619411
0.1474547013387036 0.08757520435810327 0.27135246856171213 0.09230571927407963 0.1236857722118787 0.0916369984047653 0.10291398850408578 0.08307514734667165
0.1353275995599567 0.07773886491280813 0.22652652778436877 0.08151861561844176 0.14993478114910133 0.10994837498547991 0.12118289724771342 0.0978223387421301
0.13179349388824416 0.07706280931965535 0.20703088323862767 0.08241418110910624 0.16309826099422273 0.11718913861970906 0.12251421549950718 0.09889701733092747
0.11458326777571967 0.06760645112561248 0.2781540464050853 0.1158484798663745 0.11154593622066368 0.078835777084745 0.1291624096420623 0.10426363187973706
0.08710039938880501 0.11686600140464012 0.16128356657414997 0.12774740152962227 0.10305977000271278 0.16399991561834465 0.08664606364617858 0.1532968818355467
0.10455075308280197 0.07614531665819162 0.2578978908796636 0.12261178988579756 0.09834386600868596 0.09339677699855081 0.1367029955890907 0.1103506108972178
0.10547954547694595 0.06774806653936404 0.3081644511888836 0.11685475416653739 0.09273173422161493 0.07356783926512363 0.13028433039164689 0.10516927874988363
0.08481824556513685 0.11698581897792958 0.1709492351159555 0.12786045304984117 0.09742719623202972 0.1618037653307097 0.08672274206858795 0.1534325436598094
0.10341425517528566 0.07587350798012699 0.2632883106117591 0.1221365850283273 0.09634544083392231 0.09284579620902358 0.13617317763606043 0.10992292652549457
0.12254762585435862 0.07892361884936093 0.22708833253905633 0.0851085782427215 0.14326626008496815 0.11441567273267068 0.12651961780559795 0.10213029389126581
0.11104384163335954 0.06757585899045583 0.28957675609629163 0.11547539347340365 0.1053034085184054 0.07835044100585278 0.12874644615616795 0.10392785412606328
0.1239375979062504 0.07663567725783133 0.23723608856773448 0.08375963648222978 0.14545910494588568 0.10794600578333174 0.12451432527806099 0.10051156377867573
0.10143836020765161 0.1340691128077972 0.16849407335462252 0.14371407002889133 0.09659292146102497 0.15324207653409588 0.0731067225799143 0.1293426630260022
0.10850813996065203 0.07772801546325694 0.261044147753615 0.1214590802051341 0.09592719689021069 0.09060243722424917 0.13541781031826144 0.10931317218462068
0.1244061200077934 0.07915121589215977 0.2260258316262445 0.08505766949951164 0.1432596782306851 0.1135863428046192 0.12644393853957253 0.10206920339941397
0.11166088195405574 0.06760189480200668 0.2889317943172429 0.11546318519514881 0.10552884820507728 0.07816369401385524 0.12873283483697934 0.10391686667563393
0.10575290003859918 0.06526484091670127 0.3228843929017495 0.11412051247321513 0.09312819277452875 0.06890484471783247 0.12723585495148013 0.10270846122589362
0.10251109648020078 0.06407489968052246 0.3399035299127313 0.11248645409717514 0.08845601469173078 0.06591619464333141 0.12541400180685047 0.10123780868745763
0.1355589243811558 0.08532907921310506 0.2928024845773041 0.09379797777558464 0.11639539202810248 0.08712021665603255 0.10457774537068916 0.08441817999802619
0.091062086903437 0.1179635737577971 0.16445168218855857 0.12419300713101279 0.10296942538106087 0.16609335907031827 0.08423525701059999 0.14903160855721534
0.10542719601333392 0.07592493847998588 0.25912013997896544 0.12187912100748788 0.09819000394755777 0.09388126719937276 0.13588612446655737 0.10969120890673907
0.08479450208104666 0.11894009241972234 0.15486067150806607 0.12823340328582675 0.09933107203726883 0.17298447510512518 0.08697569961995204 0.15388008394299207
0.07844861817617113 0.12655636456331165 0.11981088937972212 0.12693177881481524 0.09825695674854235 0.21158439906526297 0.08609285867439642 0.15231813457777826
0.10361489614645981 0.07881393612368699 0.234924818473953 0.12489195440577083 0.0990077092565188 0.10709871776108727 0.13924520886732955 0.11240275896519375
0.10631327521222879 0.06883371065625413 0.2965111154944054 0.11821492722517107 0.09415341882571149 0.07777929623700391 0.13180082184657133 0.10639343450265396
0.08501477343446762 0.11721230401366978 0.16708715517776326 0.12787660100343012 0.09807802413796698 0.1645455264349554 0.08673369459363087 0.15345192120411613
0.10361695607731371 0.07598644264970564 0.2610973167182938 0.12225202012844806 0.0969039523287312 0.09381461482376903 0.13630187915813538 0.11002681811560325
0.08433088233359788 0.1189532818517917 0.1554673997727736 0.12823958095129961 0.09893579458207273 0.17320567367819745 0.08697988968870755 0.15388749714155953
0.10392773905563868 0.07660578643040071 0.2547570691836703 0.12291044275094261 0.09765595268441038 0.09648764017288883 0.13703597124620018 0.11061939847584835
0.10541196336173647 0.06786640867170066 0.30654039064665745 0.11694988904987808 0.09287888125369244 0.07470716818449102 0.13039039868695362 0.10525490014489028
0.09685073939675976 0.13358740038949068 0.19465682991068536 0.14595550145453712 0.08368774702211937 0.13965490151653812 0.07424692900078628 0.1313599513090834
0.08171942035428945 0.13001066482003926 0.13274854825859692 0.12712174859885927 0.09392852434958386 0.1957032875546869 0.08622170774531325 0.15254609831863114
0.08882166749681789 0.1576759263948041 0.12927861596733625 0.14472623174487967 0.08290840343549362 0.19271394154614238 0.07362160484413444 0.13025360857039167
0.10596052511161007 0.08865588838732284 0.23900102098299317 0.1230809270818818 0.09340263198941968 0.10190012352059276 0.13722604855248613 0.11077283437369362
0.08444263506579619 0.12720575391194858 0.14767877558864345 0.12739173294197456 0.09730847376650034 0.1766977216341238 0.08640482756064362 0.15287007953036946
0.07759514982338024 0.13576506495223686 0.11658285287056457 0.12532693056763902 0.09673022389934799 0.21260310829891793 0.08500435290674647 0.15039231668116682
0.10292251187666332 0.08548033350422281 0.232076775168878 0.12402213463690274 0.09821097370635003 0.10739192519680596 0.1382754247369647 0.11161992117321247
0.1400172218719206 0.09644017582262374 0.2434078437380078 0.09729207160998923 0.12394755952610449 0.10285886373958471 0.10847339924277903 0.0875628644489903
0.09166234579846512 0.12656444122709337 0.14766045667187855 0.12345104804859645 0.10478215740346268 0.17400627799400967 0.08373201519817847 0.14814125765831573
0.10587785830437008 0.08249468408297642 0.24894013275194746 0.12180286209592874 0.09898289627034837 0.09647788913696047 0.13580110147113247 0.10962257588633585
0.08443933461106504 0.1254185668252066 0.1509600098986556 0.12728155059755764 0.09900701420648177 0.17382556795605542 0.08633009518790867 0.15273786071706918
0.10367382847894278 0.08245871025827559 0.25141526580532814 0.12222257861316058 0.09743466221041182 0.09652557981631865 0.13626905406571785 0.11000032075184454
0.12248314180381034 0.08355938348243497 0.22155047389482513 0.08481845380110352 0.14388994960750154 0.11582812451183737 0.12608832833716285 0.10178214456132423
0.11095069854501796 0.07143914463120277 0.2861013399106133 0.1150522829284717 0.105793223613916 0.07884154626117112 0.12827470947398262 0.10354705463562454
0.08564480672988802 0.12187018805231678 0.16310591453713694 0.12658998167457822 0.10095310468897165 0.1640669952587701 0.08586103104884436 0.15190797800949385
0.07803840220812891 0.13451920480951957 0.12163262285801797 0.12547209488383082 0.09799636807688909 0.20667198112094015 0.08510281218207658 0.150566513860597
0.1152604396689119 0.09534863674920849 0.16458234115687356 0.08666928492576381 0.14700351332326725 0.15829292915153495 0.12883971311352352 0.10400314191091659
0.1114798100083155 0.07540012469378674 0.25563510240316367 0.11834030422085444 0.10947649796866579 0.09122127906617895 0.13194060784026604 0.10650627379876898
0.10705298139246229 0.07011171152634381 0.30583972272740384 0.11556740383265825 0.09554611256518512 0.07302237366626219 0.1288490308402921 0.10401066344939242
0.12201047061221311 0.07990142937334657 0.24418303958930504 0.08326246455931645 0.14101097104708962 0.1059414215250433 0.12377524582250625 0.09991495747117973
0.08717787814979083 0.12205351235448661 0.1480197180025718 0.12380532452929324 0.11023164672233485 0.17617322373432834 0.08397230707204238 0.14856638943515188
0.0903979469806448 0.15510914046899454 0.1348783150043424 0.14444940212435609 0.08723371530854708 0.18444623538141347 0.07348078281978114 0.13000446191192047
0.07855539262795629 0.1426301672960997 0.11193505289714296 0.12432160925705926 0.09324296537102764 0.2158063986418028 0.0843224828004402 0.1491859311084711
0.10299929379221992 0.0909100304821906 0.22856705858207094 0.12341429186439648 0.09707472137562045 0.1083640158185237 0.13759772540702112 0.11107286267795682
0.1058206371371368 0.0763953639851895 0.2923561668213203 0.11739814717867217 0.0934324476359364 0.07804873173247996 0.13089017304845987 0.10565833246080496
0.10357748281528724 0.07129725984699377 0.3244871457965506 0.11349085826079755 0.08962620953967887 0.06884543381221926 0.12653383749375488 0.1021417724347178
0.08348976994796109 0.12498148276233073 0.17520004972699166 0.1258784189824535 0.09580222485073195 0.15821554503205326 0.08537840591853368 0.1510541027789442
0.10186267197274125 0.08495753422942173 0.2640754561431699 0.12010345501022424 0.0952596188788193 0.09174176486442549 0.13390638939199628 0.10809310950920181
0.10373031089652855 0.07396266173421688 0.3104817708650956 0.115246363342677 0.09140991799500875 0.07295615350585549 0.12849109465220854 0.1037217270084093
0.10205918575740877 0.07020781313330483 0.33343518911867925 0.11239718063476153 0.0883286195676234 0.06710008065847867 0.125314468558458 0.10115746257128538
0.08305077015070045 0.12450444827058968 0.17806856397894316 0.12572125592048564 0.09537044143165259 0.15714720477958585 0.08527180836345984 0.15086550710458277
0.0769560231892658 0.14071860583874407 0.12576968547438372 0.12445691416392711 0.09596531809562317 0.2023709014171149 0.08441425482422882 0.1493482969967125
0.0745733496048686 0.14440020683564267 0.10823273748498695 0.12303856518622892 0.09503901002517236 0.22361760842635753 0.08345224421326831 0.14764627822347468
0.10175231364917513 0.09137577893102006 0.22631972847172302 0.12347150596179088 0.097755342841354 0.1105394599234179 0.13766151485590714 0.11112435536561178
0.10552279934646165 0.07656068239542589 0.2911958132405246 0.1175126426889075 0.09375057728208724 0.07867827962864515 0.13101782699793119 0.10576137842001675
0.10353499488413254 0.07136470103381921 0.3239108492717811 0.11354996587179533 0.08978911098684882 0.06905567059800564 0.12659973806900165 0.10219496928461579
0.12004231736185163 0.0820152651325239 0.2516722485803341 0.08258845076649472 0.1378778698728076 0.10392442831630087 0.12277327904989366 0.09910614091979367
0.12521406608741914 0.08355560218841616 0.21755753951069226 0.08140997658247139 0.1581054321440551 0.11544401356388842 0.12102139802409179 0.09769197189896567
0.0873707629388665 0.12633650766713148 0.1386844569771228 0.12252276804875512 0.11485002181125069 0.18010576170008114 0.08310239919828609 0.14702732165850613
0.1173487989220769 0.09697774782832151 0.1707911415289109 0.08527786726688272 0.15313374198066804 0.14736598444270876 0.12677127731017193 0.10233344072025925
0.11143089639968341 0.07803287904877354 0.25825231892617784 0.11717032393437415 0.11088369717244413 0.08814042584480788 0.13063616713280224 0.10545329154093674
0.12409466203014903 0.08435338064730666 0.2231282133046059 0.08354972423113301 0.14859683417654068 0.11181523991468338 0.12420227661822161 0.10025966907735961
0.11100339628379646 0.07367768001103094 0.28627881542862443 0.11419896893656567 0.1070153586666358 0.07772338057728154 0.12732332805315605 0.1027790720429091
0.10512068654337293 0.07066442471474513 0.32084218464973274 0.11317106475266038 0.09344575753326655 0.06872463193145885 0.1261772915973691 0.10185395827739434
0.13641981237495635 0.09256598889482234 0.2830835781400576 0.09337628061696511 0.11835662824445202 0.08805147466471251 0.10410758450876556 0.08403865255526857
0.11178807540514052 0.07303843751868035 0.3169052720691889 0.11040129579612411 0.09540281097473349 0.07001373610961394 0.12308920591000702 0.0993611662165117
0.0854050033655134 0.12520449710379672 0.17261102448375712 0.1253777303254482 0.09740633498517644 0.1585033249511184 0.08503880839465182 0.15045327639053782
0.07749893870541863 0.14087299617181923 0.12401421565812717 0.12436571053949727 0.0965648059831113 0.2030920853200141 0.08435239497461555 0.14923885264739672
0.10207875726061687 0.09005662131196734 0.23544839552110344 0.12271810559781553 0.09762916543136943 0.10480113016511103 0.1368215296739824 0.11044629503803396
0.10517376671408411 0.07596599965548863 0.29588466236875244 0.11695048500105691 0.09335942902545791 0.0770191576061648 0.13039106312804405 0.1052554365009512
0.1031936058507961 0.07108231224232565 0.32622292046320245 0.11325414575079212 0.0895216211625628 0.0685267426443965 0.1262699207102115 0.10192873117571291
0.08336808161236664 0.12486321308779902 0.17574012641023745 0.12581677883152093 0.09581972177026517 0.15807534587382366 0.08533659781616204 0.1509801345978251
0.10153414838916507 0.0873491676037829 0.2639441660528577 0.1195718542961304 0.09506055198300357 0.09161174854106621 0.13331369426747672 0.10761466886651737
0.12073151170489449 0.08875646962698128 0.22626293814144938 0.0837973256581523 0.14197540186826343 0.11334920944104382 0.12457035276943237 0.10055679078978276
0.10970754274629424 0.0762283247789872 0.28790654264348015 0.1138665609513079 0.10492241269542721 0.07793599337216646 0.1269527179561597 0.10247990485617711
0.10450962867386178 0.07252802648435111 0.32152285039392997 0.11281578057753704 0.09268569297124558 0.06862264212344053 0.12578117625585097 0.10153420251978332
0.10153633195238361 0.07079985985300832 0.3385044522573417 0.11127746545816784 0.08805036023486296 0.06561574163449439 0.12406606969739009 0.10014971891235105
0.08266707251990668 0.12681445115285614 0.17942496975493677 0.12513812900015242 0.09503101819110717 0.15588230838945033 0.08487629619140773 0.15016575480018288
0.07650137818609219 0.1452944160361566 0.12574337194047988 0.12366208353490937 0.0954874364277907 0.20104166132204582 0.08387515231063418 0.14839450024189124
0.10135626056531463 0.09380184283496183 0.2358830743126737 0.12203640454323045 0.09696706109447267 0.10406110868910631 0.13606148387133304 0.1098327640889074
0.08251913828850922 0.1354722636095885 0.14569122541340038 0.12578588453791592 0.09768148680539557 0.1765912964739744 0.08531564342571689 0.1509430614454991
0.1331387140320204 0.11792686297205007 0.20061317497934775 0.09829034999314996 0.1257216380975593 0.12626153979042115 0.10958640514161645 0.08846131499383496
0.11470511806963865 0.08324950265564215 0.27369679729022556 0.1146468924744388 0.10103261052338566 0.08166414638891957 0.1278227293707549 0.10318220322699492
0.08597801042655466 0.13149479009894952 0.1582497916515783 0.12533065812536218 0.09897223413796132 0.16457084464587024 0.08500688116328914 0.1503967897504346
0.10308634912594386 0.08941416759218167 0.254129427950048 0.12037483132573219 0.09665175938928981 0.09379716269182174 0.1342089537318238 0.10833734819315899
0.0830670664545576 0.13399170749659034 0.1517681948787276 0.12582558768178048 0.09771407046728596 0.17130009528832243 0.08534257251459895 0.1509907052181366
0.10247154335441608 0.09027267598570866 0.25065270419303964 0.12082218189397494 0.0966037458402017 0.09572946879703775 0.1347077162310437 0.10873996370457746
0.13813593239301653 0.10210422961639712 0.2509741062749973 0.0956730256485823 0.12208225878873341 0.09825644037441349 0.10666828382013577 0.08610572308372406
0.11374973122708146 0.07793944660023731 0.3001804425495462 0.11182039586462138 0.09771430066811634 0.07328593022884702 0.1246713965833913 0.10063835627815923
0.10514454771172654 0.07242069957887019 0.3275348495942871 0.11200479657750442 0.09008633402157276 0.06712746597927641 0.12487698961700866 0.10080431691975399
0.10144811305083609 0.07056741131774284 0.3414252196179911 0.11091382594788272 0.08707716647554695 0.06508518145620674 0.12366063878069906 0.09982244335309445
0.0997213363172541 0.06976299598356024 0.34827730081162955 0.11020628712306038 0.08573340820462877 0.0642412273566856 0.12287178579242702 0.09918565841075436
0.09889259006342917 0.06938083211000871 0.3516211851502061 0.10983621174892252 0.0851026060006585 0.06385480498491636 0.12245917936782853 0.09885259057403027
0.13245991695672962 0.09305972915526657 0.29692121711642316 0.0921687033385659 0.11404727364443804 0.08563010082280963 0.10276122596105781 0.08295183300470932
0.10973185552344121 0.07443965621488689 0.32377802271074924 0.10933689708016235 0.09349655582025558 0.06891132450390897 0.12190248077444964 0.09840320737214611
0.1028052225950079 0.07090403885371246 0.33923822501498657 0.1106755136113518 0.08795829097649115 0.06541580838826375 0.12339493830996985 0.09960796225021662
0.10019764309110035 0.06986878854798123 0.3471505964776836 0.1102541517669433 0.08602583048183302 0.06434910174584144 0.1229251512983681 0.09922873659024896
0.13315368751899403 0.09330900837700616 0.2948651962453311 0.09229554558671009 0.11452547305453477 0.08588245258748564 0.10290264560189914 0.08306599102803908
0.11004168311158664 0.07455564863949865 0.3227215853921202 0.10943665791931148 0.09371031129452419 0.06902741485031624 0.1220137066652622 0.09849299212738034
0.1029477330188509 0.07096133849924198 0.3387132388771829 0.11073151668754828 0.08805806234959798 0.06547236798818953 0.12345737756059488 0.09965836501879347
0.1191252511690318 0.08304560664260344 0.25759182227195737 0.08189241514026432 0.13635289472576548 0.10198253653921954 0.1217385753428407 0.09827089816831719
0.12450665746513413 0.085463574448267 0.21987299359843682 0.08101897663341792 0.15706835918011264 0.11440651637589673 0.12044015033863321 0.09722277196010151
0.1266750074787067 0.08616466818592168 0.20269289899162715 0.08108066518727922 0.16653241067185512 0.11902569674266597 0.12053185451720909 0.09729679822473504
0.1462658443267287 0.09906376763522044 0.22338736343927137 0.09303474814086403 0.1469359786911376 0.10385422315458896 0.1037268012854111 0.08373127332677763
0.13427459458785576 0.08911932686003626 0.2037729326689317 0.08048097536677866 0.16141574844197681 0.11471887631292595 0.11964037532136051 0.09657717044013439
0.14931894243260263 0.09976856666551588 0.22370118597991107 0.09288073136229785 0.14479696881025328 0.10238586245225186 0.10355508407109924 0.08359265822606807
0.11824683485498831 0.07797357333123266 0.2849166038109174 0.11243637369389609 0.1050915830465457 0.07478412904337543 0.12535816589453788 0.1011927363245065
0.08692669203496367 0.12951314350162713 0.16206352739170507 0.1252069080890992 0.10026090860857424 0.16085758431102692 0.08492294635608469 0.15024828970691903
0.10302956092786969 0.09057162229442102 0.25589378917438244 0.11979665147335627 0.09670225186225885 0.0926248115975164 0.13356432634417484 0.10781698632602064
0.08286589161030015 0.13632021392642127 0.15210645026418032 0.12539852238660928 0.09750684911160751 0.17027093500081542 0.08505291083613499 0.1504782268639311
0.10218010923862925 0.09262897887816943 0.2504834326577497 0.1204068795697475 0.09634681637889467 0.09534290653179582 0.13424468513224086 0.10836619161277274
0.10413277052955698 0.07883818712054738 0.3030897549369487 0.11537902169035835 0.092037271094869 0.07404287629640048 0.12863899880999655 0.10384111952132252
0.13641206414433976 0.09848667176104106 0.2747143090472766 0.0936207085380769 0.11820505220547614 0.08992245321960471 0.10438010339991559 0.08425863768426921
0.11189445650710012 0.07760478741256265 0.312232900401315 0.11023008897267106 0.09546081148567395 0.0704715520667877 0.12289832307848547 0.09920708007540395
0.12256023989718316 0.08602588422194306 0.24581796632742517 0.08191018026218634 0.13977296342072676 0.10385556516615432 0.1217649843897576 0.0982922163146236
0.0865232423495876 0.13206496556244415 0.14755027831779285 0.12204288594121648 0.10910545838147566 0.17348479237528536 0.08277691394273813 0.14645146312945975
0.10327800307345344 0.09154367746747633 0.24732728460660994 0.12007617440669266 0.09973624103177853 0.09609408889304119 0.1338759735549245 0.10806855696602338
0.13823077951477158 0.10397088346799127 0.24897925356010348 0.09538419149927357 0.12305538940247863 0.09818747490759128 0.10634625529844383 0.08584577234934622
0.11372120000033632 0.07975561876780658 0.29889874443042774 0.11160272144240266 0.09793965257963162 0.0732109076342554 0.12442870584697727 0.10044244929816239
0.09754230015724949 0.15025797491150553 0.18957665348968453 0.14221681961589616 0.08363466943998567 0.1364313669267642 0.07234507780460805 0.12799513765430653
0.10493942660203812 0.09409790622514246 0.27036194905340194 0.11767464062294647 0.09033027325218662 0.08549018507864604 0.13119844260498656 0.10590717656065181
0.13801688389986821 0.10403193973644871 0.25967005097629225 0.09463648959878192 0.11867054420129952 0.09428862747036068 0.10551262347804492 0.08517284063890374
0.11314032394875054 0.0794008852810834 0.30448179802043396 0.11104286583577101 0.09622680431236624 0.07196423472354893 0.12380450862585214 0.09993857925219392
0.0853887868396493 0.1316106175033014 0.16807363207185885 0.12467237864727192 0.097258765378743 0.1588285692303863 0.08456039595206269 0.14960685437672627
0.10225758770016356 0.0908400472507452 0.25924479060404537 0.11946649270031419 0.09556470561086736 0.09191030875263426 0.13319622395094732 0.10751984343028279
0.10373042653348619 0.07810154267909136 0.30754296412754306 0.11484432636140178 0.09143476528195654 0.07294322787041302 0.12804285342084645 0.10335989372526161
0.10190822822619881 0.07349604751176851 0.33164680480757436 0.11200880665606637 0.08824470621657445 0.0670060200360121 0.12488146055534563 0.10080792599045973
0.09406779250451017 0.14736354128029633 0.2014766242670672 0.14219606738949092 0.08106648862360122 0.13351850404722954 0.07233452123726276 0.1279764606505418
0.11866730914206677 0.10680307917713247 0.19877862744408523 0.08407713453071256 0.1365355660586984 0.12925941475882308 0.12498630745162642 0.10089256143685506
0.08504149449170356 0.13962464276660333 0.13166321777598447 0.12160737484275265 0.10747760345518625 0.18617529305007788 0.08248152380638876 0.1459288498113032
0.13370074211552466 0.12142851158601287 0.19245264540813756 0.09761666610673045 0.1291043770826056 0.12900676032175568 0.10883529788317559 0.08785499949605739
0.11506359177840968 0.08589220911241804 0.2688594540967617 0.11461422901619187 0.10219205202159562 0.08243934580766936 0.12778631205238106 0.10315280611457268
0.08588400432993142 0.13429536175799328 0.15644680967014424 0.12495472460433464 0.09911522498833625 0.16460630495764034 0.08475190016641829 0.14994566952520155
0.1165269977117522 0.10406796970201126 0.17885513797179187 0.08496445362155343 0.14580618118368738 0.14151654858712004 0.1263053668762197 0.10195734434586412
0.12500910240863697 0.09352217380549382 0.18542008062631046 0.0821331687419385 0.1631578233459489 0.13010137683959766 0.12209647174174738 0.0985598024903262
0.11258118276120682 0.07961512587442152 0.26504706010793866 0.11513387188524797 0.11265568684543187 0.08298091275696982 0.12836567507206006 0.10362048469672318
0.08531888889680647 0.13189873480190012 0.15533979720905372 0.12507562468864997 0.10240453259973545 0.1650377702147378 0.0848339019627365 0.15009074962637994
0.10278222410887854 0.09139115933567885 0.2521375509768462 0.12012872253201107 0.09761702466154189 0.09389290731308103 0.13393456079315263 0.10811585027880996
0.12126988805578802 0.09131215115769822 0.22099349498434295 0.0838097097672382 0.14321835411797215 0.11423598761691778 0.12458876257935707 0.10057165172068583
0.12593195533808224 0.08948116244301742 0.2038532818081799 0.08148422141035168 0.16092905177810515 0.11940749358251267 0.12113176794732874 0.097781065692422
0.11197482235751628 0.0780146412267236 0.27503349719964015 0.11413479668828813 0.11110100453240253 0.07976814019066958 0.12725178078530033 0.10272131701945932
0.10563326667550862 0.07426905699413379 0.3147349965276977 0.11318414739691485 0.09481982161239756 0.06930110036672804 0.12619187776939608 0.10186573265722336
0.1020691471643322 0.07230784957111902 0.33500153419850476 0.11142121729994434 0.08881637901157687 0.06587843491135142 0.1242263422732215 0.1002790955699499
0.10009360731759138 0.0712366015140712 0.34503347640095355 0.1103616876064448 0.08637528924814465 0.06452877333264448 0.12304504573434964 0.09932551884580032
0.09904633610318057 0.07067764489137904 0.3499395345298598 0.10981632204066218 0.08531423344679118 0.06393423532410655 0.12243700382742484 0.09883468983659596
0.11734230791239017 0.08385428464794956 0.2623020538344184 0.08155624702680657 0.13473474822968043 0.10110402305285672 0.12123883886373037 0.09786749643216787
