Action: 0
[0.11666449349975516, 0.10115230900592273, 0.17526934343682632, 0.10115230900592273, 0.20230461803380487, 0.10115230900592273, 0.10115230900592273, 0.10115230900592273]
[0.1029693742914985, 0.1029693742914985, 0.27921437995951065, 0.1029693742914985, 0.1029693742914985, 0.1029693742914985, 0.1029693742914985, 0.1029693742914985]
[0.16156356301746985, 0.09985396362707412, 0.2393019949618221, 0.09985396318493808, 0.09986462551959029, 0.09985396331922944, 0.09985396318493808, 0.09985396318493808]
[0.125, 0.125, 0.125, 0.125, 0.125, 0.125, 0.125, 0.125]
[0.13518616463039113, 0.09988319069385296, 0.2654772541045409, 0.09988319069385296, 0.09988458315494364, 0.0999192353347124, 0.09988319069385296, 0.09988319069385296]
[0.16925687166720346, 0.09892569646696853, 0.2068061394129867, 0.09886790194586126, 0.12953968466939622, 0.09886790194586126, 0.09886790194586126, 0.09886790194586126]
[0.125, 0.125, 0.125, 0.125, 0.125, 0.125, 0.125, 0.125]
[0.125, 0.125, 0.125, 0.125, 0.125, 0.125, 0.125, 0.125]

Action: 1
[0.09994155697894747, 0.09994155697894747, 0.09994155697894747, 0.09994155697894747, 0.26684745605911236, 0.13350320206720276, 0.09994155697894747, 0.09994155697894747]
[0.1111111111111111, 0.1111111111111111, 0.1111111111111111, 0.1111111111111111, 0.1111111111111111, 0.2222222222222222, 0.1111111111111111, 0.1111111111111111]
[0.0999547101209176, 0.09995471012053307, 0.09995471012052691, 0.09995471012052691, 0.2593211599640534, 0.14095057931238836, 0.09995471012052691, 0.09995471012052691]
[0.125, 0.125, 0.125, 0.125, 0.125, 0.125, 0.125, 0.125]
[0.15803142955990934, 0.09993936281905591, 0.09993936281905591, 0.09993936281905591, 0.10074553335318719, 0.24152622299162396, 0.09993936281905591, 0.09993936281905591]
[0.12923144462344296, 0.09872463529265899, 0.09872463529265899, 0.09872463529265899, 0.10936517889204761, 0.26778020002121433, 0.09872463529265899, 0.09872463529265899]
[0.125, 0.125, 0.125, 0.125, 0.125, 0.125, 0.125, 0.125]
[0.125, 0.125, 0.125, 0.125, 0.125, 0.125, 0.125, 0.125]

