0.125 0.125 0.125 0.125 0.125 0.125 0.125 0.125
0.07575757575757576 0.12626262626262627 0.09090909090909091 0.15151515151515152 0.0946969696969697 0.15782828282828282 0.11363636363636365 0.1893939393939394
0.07408784041121591 0.12347973401869318 0.08890540849345908 0.14817568082243182 0.09260980051401987 0.1763901740953166 0.11113176061682387 0.18521960102803975
0.09075705008874067 0.1512617501479011 0.08168134507986662 0.136135575133111 0.11344631261092585 0.24293494050975492 0.10210168134983327 0.08168134507986662
0.07295173961840629 0.12906846240179573 0.09118967452300786 0.16133557800224466 0.08754208754208755 0.15488215488215487 0.10942760942760943 0.19360269360269358
0.08758590046537802 0.14597650077563004 0.10510308055845363 0.17517180093075604 0.08254569971329266 0.15927481318128114 0.09162832664070317 0.15271387773450526
0.07770871703058974 0.11970502329046374 0.08618761676913389 0.1436460279485565 0.0967125244211137 0.18874803464302942 0.10773452096141738 0.1795575349356956
0.06393733256622079 0.09922206199835214 0.053579913479110154 0.08929985579851693 0.1300287241179992 0.2781725734845466 0.10715982695822031 0.17859971159703386
0.11005321042030664 0.08883813371277766 0.1375665130253833 0.11104766714097206 0.14755169904560095 0.10660576045533318 0.16507981563045995 0.13325720056916646
0.09510755869413015 0.07677357147598458 0.1902151173882603 0.15354714295196917 0.10587436085506323 0.06909621432838611 0.17119360564943426 0.13819242865677223
0.14234511100241087 0.10301061316299863 0.156968553391236 0.12361273579559837 0.1252344550752136 0.10421920253786646 0.13684437987953907 0.10776494915513701
0.08492512676467429 0.15025214735288528 0.08481875397035224 0.13098905153841284 0.12268073370415067 0.18030257682346235 0.08884474799996694 0.15718686184609537
0.09289041234689561 0.07498382683424103 0.20057736652216554 0.14996765366848205 0.10049605332489192 0.07891105677727793 0.16720274222441206 0.13497088830163387
0.08318819357745832 0.12028338460865148 0.08660403691822907 0.14434006153038176 0.09870638682225974 0.178197813482256 0.10825504614778633 0.1804250769129772
0.0789856945655731 0.11529647968954133 0.08301346537646975 0.13835577562744958 0.10101909298574215 0.20661794050032506 0.1037668317205872 0.17294471953431198
0.06738124342800345 0.09567275019531933 0.05166328510547243 0.0861054751757874 0.13483073000009327 0.2888089955328044 0.10332657021094487 0.1722109503515748
0.08107109823285748 0.1434334814889017 0.0767894924337068 0.1250445736057092 0.11924196454152614 0.2195530601422275 0.08481284122822012 0.150053488326851
0.09078909104224468 0.07328757951602884 0.20523696555563728 0.14657515903205767 0.09824244278072596 0.09053075506841327 0.16342036387604042 0.1319176431288519
0.11334525488110928 0.07477702014138204 0.18990989242255754 0.1495540402827641 0.09639243671035796 0.08007843987001013 0.16556247031710145 0.1303804453747174
0.1282632688277214 0.0809362538807369 0.14624962374567785 0.09712350465688428 0.14972701312729975 0.12213166183440895 0.15416429310616553 0.12140438082110536
0.08042818091900097 0.14229601239515557 0.09249719101975146 0.12405293388295616 0.12125760549761014 0.20646430481840802 0.08414025080757026 0.14886352065954736
0.08925419035601354 0.07204856329943261 0.21470429639720398 0.14409712659886523 0.10168145789797893 0.08786940887070262 0.16065754264082435 0.1296874139389787
0.08305127568518193 0.11568890936945751 0.10090266212801877 0.13882669124334898 0.10618768352344866 0.17768939556384622 0.10412001843251176 0.17353336405418623
0.06747064968394342 0.09479767491843683 0.05637055020715382 0.08531790742659315 0.1440999985798483 0.2789259154189265 0.10238148891191176 0.1706358148531863
0.06535837194186198 0.11563404266637117 0.09316594329509639 0.14454255333296398 0.10355191549057628 0.20625855136078047 0.09803755791279296 0.17345106399955676
0.13929987594208573 0.09562176267690793 0.15938437957635082 0.11474611521228954 0.13351677873628806 0.13036734664234087 0.1270286664132794 0.10003507480045754
0.06586801119534388 0.1165357121148392 0.11516202031914378 0.14566964014354897 0.1026070098634038 0.1805520213984457 0.09880201679301584 0.17480356817225876
0.11703888234081447 0.07907681391256155 0.13442204560153165 0.09489217669507385 0.15788891653564885 0.1474434413549339 0.15062250269059343 0.11861522086884232
0.06529318937862887 0.11551871966988182 0.10931162276025347 0.1443983995873523 0.10958066923865627 0.1846795357924612 0.09793978406794329 0.17327807950482274
0.10566409654859173 0.07143359151721754 0.20140922065117317 0.14286718303443507 0.10217762070582832 0.09373756555926899 0.15815984446628545 0.12455087751719982
0.10666369140208531 0.1400364387328997 0.10282260821457312 0.12603279485960972 0.13391804622972883 0.22038214750063015 0.09452459614470729 0.07561967691576583
0.06394197051774599 0.11312810168524289 0.10089333708830873 0.14141012710655362 0.10294444893086452 0.21207690636680093 0.09591295577661899 0.16969215252786432
0.08728720005342404 0.07046075185035434 0.21909049441833808 0.1409215037007087 0.0989979681091004 0.09929576844127311 0.15711696009616327 0.12682935333063783
0.08409280203208565 0.06788214139939444 0.2667247884293377 0.13576428279878888 0.09466437563458995 0.07731671152913913 0.15136704365775416 0.12218785451891001
0.11087245703106163 0.08949945326603771 0.2410248619620719 0.11187431658254715 0.12394586036912508 0.09736465170491991 0.12473151415994435 0.10068688492429242
0.11039201938486294 0.08911163010585323 0.2320926648299055 0.11138953763231653 0.13111261595023876 0.10145992641976737 0.1241910218079708 0.10025058386908486
0.09572563351554263 0.07727249934387176 0.19879160068626892 0.0965906241798397 0.15375488172640436 0.1183675612589512 0.14358845027331396 0.11590874901580762
0.1041363624783669 0.07641855643590754 0.1862858378875921 0.09552319554488443 0.15931546407906552 0.12169110300583709 0.14200164591448494 0.11462783465386134
0.10477699015993513 0.0762609076754898 0.18179162468934743 0.09532613459436225 0.1633883947817226 0.1223558850098115 0.14170870157609672 0.1143913615132347
0.07044665054136404 0.11229315111711698 0.1211680980316293 0.14036643889639622 0.11159284379421208 0.18048802803996336 0.09520506290364267 0.16843972667567544
0.07187349262588759 0.11279307065475105 0.10720641055964669 0.1409913383184388 0.10038362500493998 0.20193354912518105 0.09562890772902807 0.16918960598212657
0.07183927941617346 0.1124925888722551 0.10373880708773366 0.14061573609031888 0.09797580958064984 0.2092247442093137 0.09537415143517282 0.16873888330838263
0.08371409335141021 0.13108543005031772 0.1199867904032016 0.16385678756289715 0.08529565692344053 0.1852368974896951 0.08335323541243028 0.1474711088066074
0.10801617895408806 0.07007809478083529 0.2161767488513963 0.14015618956167059 0.09542147635786075 0.09280520093295978 0.15515866325101504 0.12218744731017435
0.09578381940200816 0.13529859412950387 0.1083268868597032 0.11795262052315723 0.11707835445173775 0.2040139330425682 0.08000264696353272 0.14154314462778866
0.10308324604464353 0.06791833589017263 0.22125975745535284 0.13583667178034525 0.10149311044802353 0.09670812180912473 0.1514477519700267 0.12225300460231071
0.11702611257715163 0.07604757420013368 0.19367602553840574 0.09505946775016709 0.1463826339664763 0.11642454126572423 0.14131228340174093 0.11407136130020051
0.10597235327000448 0.06506197765948032 0.25416170704074087 0.13012395531896065 0.10406551322885421 0.07842443425718801 0.14507849943770687 0.1171115597870646
0.10238132967156219 0.06446196691345983 0.2794812377420792 0.12892393382691966 0.09384273976710134 0.07113668660672624 0.14374056502792387 0.11603154044422771
0.1180613165092281 0.07486343152004908 0.21176216133724002 0.09357928940006134 0.1420273999263529 0.10829935515765 0.1391118988693449 0.1122951472800736
0.12273995180744308 0.07411119265910637 0.1876320097643482 0.09263899082388298 0.15685583027766245 0.11714115379742364 0.1377140818814738 0.11116678898865957
0.14375100522241904 0.08529922184397043 0.20658995615075945 0.10662402730496305 0.1397223788421378 0.10317395263321286 0.11887783342807073 0.09596162457446673
0.13048242983903735 0.07370334361240558 0.18529204272025096 0.09212917951550695 0.1555380103056182 0.11534376545805793 0.13695621313051481 0.11055501541860835
0.12714464247664262 0.0739146044449992 0.17831298501527904 0.09239325555624898 0.16122943694638028 0.11878438899142278 0.13734877990152833 0.11087190666749878
0.11095318131322732 0.06486223796508446 0.24696734966996753 0.12972447593016892 0.1073430291653617 0.07876458788793922 0.14463310973109877 0.11675202833715201
0.10580618458934243 0.06434429582972065 0.2762140302069835 0.1286885916594413 0.09452768405627256 0.07112130509070852 0.1434781760740338 0.11581973249349717
0.08297240423700462 0.11183236218016362 0.14385707364972114 0.13979045272520454 0.09710075763134579 0.16188401228400215 0.09481439402231265 0.1677485432702454
0.1365470959671314 0.08891448962362232 0.1952133191142678 0.11114311202952792 0.12701922282476735 0.11721768396327627 0.12391627565083185 0.10002880082657511
0.11292135935635972 0.06469138967998962 0.2542526986096172 0.12938277935997924 0.09957057629853344 0.07848455171645811 0.14425214355508134 0.11644450142398133
0.10609025823721831 0.06417387032107268 0.27906121834645964 0.12834774064214535 0.09265171436640302 0.07106407888237821 0.1430981526263919 0.11551296657793082
0.10372307512545668 0.06368660729216642 0.288756645645601 0.12737321458433284 0.09052031325218489 0.06929262217660252 0.14201162879775617 0.11463589312589956
0.12057023926471559 0.0744058187609941 0.2143004738824708 0.09300727345124263 0.140346923999266 0.1074989837573755 0.13826155874244425 0.11160872814149114
0.10843488814551257 0.06423620227451576 0.2618720781700738 0.12847240454903153 0.1018091035816839 0.07631301560576066 0.14323714357929337 0.11562516409412839
0.1398088162392475 0.085365352561424 0.23513580212398447 0.10670669070178 0.12391450825415853 0.09406281154119214 0.11896999694661144 0.09603602163160199
0.12957861903610401 0.07353359550797293 0.19482452576489695 0.09191699438496617 0.15015877895207544 0.1130463074092992 0.13664078568272583 0.11030039326195941
0.08642805945755985 0.10995002661440442 0.12334735737456794 0.13743753326800554 0.10827120647313852 0.1764222760654612 0.09321850082525594 0.16492503992160665
0.10496913548751305 0.06769352616155322 0.22801136346083317 0.13538705232310644 0.09925770121747975 0.09188641442982237 0.1509464598288963 0.1218483470907958
0.10547850267496141 0.06503685092161794 0.2694244565904899 0.13007370184323588 0.09369638986254455 0.07420129588570495 0.1450224705625331 0.11706633165891227
0.13897977330632988 0.08545331620020623 0.23813955294048034 0.10681664525025777 0.12173423055400123 0.09364891296089158 0.11909258806260084 0.096134980725232
0.1293557658937009 0.07353105676325584 0.19584665782791205 0.09191382095406979 0.1494885617471115 0.11293148350450856 0.1366360681645575 0.11029658514488376
0.12706354529694427 0.0737752870977544 0.1817582385459538 0.09221910887219299 0.159080580367276 0.11835041001398694 0.13708989915926004 0.11066293064663157
0.12653960799156172 0.0738478991601003 0.17704153990201885 0.09230987395012538 0.16238213269636356 0.11988227001591123 0.13722482754376847 0.11077184874015045
0.14581955719116954 0.08519980327259954 0.20236826954664622 0.10649975409074944 0.14144484958523357 0.10407870956358423 0.11873927806834303 0.09584977868167448
0.13141023873336297 0.07361110058515617 0.18376068691313738 0.09201387573144522 0.1561835540533181 0.11581908679462272 0.13678480631122306 0.11041665087773425
0.0867635626390827 0.10992279113844917 0.12072134567630322 0.13740348892306148 0.10964298527272615 0.17746622976445303 0.09319540987825041 0.16488418670767377
0.13802140126873072 0.0889263326445495 0.18615648818076688 0.11115791580568687 0.1308111103419982 0.1209518467766602 0.12393278075648967 0.10004212422511817
0.08811246478594138 0.11019547811137276 0.12140016187577894 0.13774434763921595 0.1040972892257317 0.1797304401874319 0.09342660100746822 0.16529321716705914
0.07916132543673224 0.11143719939994104 0.10659014926626124 0.1392964992499263 0.09850037317484077 0.20337928966374136 0.09447936470864568 0.16715579909991157
0.1039351779343176 0.0681982986393042 0.2213495777834207 0.1363965972786084 0.09781167355933224 0.09747971013916414 0.15207202711510517 0.12275693755074756
0.1402352939719534 0.08667769468488794 0.22169419428366008 0.10834711835610993 0.12446101321831252 0.10027332760336233 0.12079895136121509 0.09751240652049892
0.1127816146439767 0.06396997365687962 0.2645228033448082 0.12793994731375924 0.0981003097917905 0.07489590516882313 0.14264349349757932 0.1151459525823833
0.08428042515705456 0.11163165062981928 0.1409784176063194 0.1395395632872741 0.09782057763279811 0.16365766420802846 0.09464422553397722 0.16744747594472892
0.07874623633076117 0.11189855830436647 0.11146634687565371 0.1398731978804581 0.09748037367633455 0.19781693265260908 0.09487051682326723 0.16784783745654971
0.07731023542416705 0.11130709795802753 0.10411576795043608 0.13913387244753445 0.09687942526784105 0.20992389270271178 0.09436906131224075 0.1669606469370413
0.10357091441972549 0.06825528398904718 0.22032848296614854 0.13651056797809435 0.0975443644067829 0.09873177912016066 0.15219909593975595 0.12285951118028492
0.09543772918720327 0.12939834523742436 0.15072059928860362 0.16174793154678044 0.08472481670338326 0.15011697011853173 0.08228046952597093 0.14557313839210237
0.10862267960492625 0.06867487419865576 0.23479513847702213 0.1373497483973115 0.09352282958745373 0.08524210592196121 0.15205181751757724 0.1197408062950921
0.06193864137854185 0.08301717911427041 0.09922575476834233 0.103771473892838 0.11970066536869324 0.20749645416060394 0.11730688353103426 0.207542947785676
0.09993644274740908 0.06835261762149834 0.2182469448781818 0.1367052352429967 0.10274948464698701 0.09855842773151585 0.15241613541271423 0.12303471171869702
0.10468386776508716 0.06529660717042243 0.2657052814199574 0.13059321434084487 0.09481669851381214 0.0757687496553379 0.14560168822777778 0.11753389290676038
0.10397797291950854 0.06404296019222239 0.28376053882391417 0.12808592038444477 0.09148840607251539 0.07056063068351362 0.14280624257788097 0.1152773283460003
0.10313285135021792 0.06357486774811587 0.2905598911755078 0.12714973549623174 0.09018301507602151 0.06920241091522927 0.1417624662920673 0.11443476194660855
0.08244898501643526 0.1115761725529348 0.14709574715082 0.1394702156911685 0.09601657099725686 0.1614308599888419 0.09459718977314037 0.16736425882940217
0.10341871659408894 0.06733558012983432 0.238205444044487 0.13467116025966863 0.0960386043667433 0.088978156768532 0.15014829360294396 0.12120404423370175
0.10477102725447915 0.06479740667903228 0.2734033230534946 0.12959481335806455 0.0927197288081039 0.07358982318505378 0.14448854563951374 0.1166353320222581
0.08284579176211167 0.11178101295645784 0.14312201148426038 0.13972626619557232 0.09669984344358455 0.16338269591241664 0.09477085881090992 0.16767151943468678
0.10365185611383111 0.0674291113947246 0.23658160494433092 0.1348582227894492 0.09631451304869057 0.08943543683471021 0.150356854363759 0.12137240051050427
0.10488515407210813 0.06483749349157586 0.2727754422425972 0.12967498698315172 0.09283133855880181 0.07371016311854937 0.1445779332483796 0.11670748828483654
0.10376158910798597 0.06386234974235702 0.28643332769685564 0.12772469948471404 0.09083567481011191 0.07002662139026805 0.14240350823146475 0.11495222953624264
0.10298398036124065 0.06350721933992022 0.29156629789092464 0.12701443867984044 0.08995963683459286 0.06904381164305662 0.14161162043856837 0.11431299481185642
0.10261392240221626 0.06337730917516089 0.29349718193329083 0.12675461835032178 0.0896088984059587 0.0687469730570301 0.14132194016073188 0.1140791565152896
0.12020743801674162 0.07430035536370753 0.21574730689208396 0.09287544420463441 0.13996516899260886 0.10738816777150416 0.13806558571315805 0.1114505330455613
0.08475080050052937 0.11006462718315621 0.12833212304156152 0.13758078397894524 0.10614621867980874 0.1747128436642409 0.09331566217702374 0.16509694077473427
0.07856349415707993 0.1114528276436081 0.10821153949849413 0.13931603455451014 0.09899212026040341 0.2017921276791722 0.09449261474131992 0.16717924146541213
0.1172096110985737 0.07701220804762342 0.15679857372858774 0.09626526005952926 0.14745529954625847 0.1466359607923339 0.14310477465565843 0.1155183120714351
0.1097791584217971 0.06557891400782823 0.23883752825817048 0.13115782801565645 0.1054291143984304 0.08494422134418268 0.1462311903398438 0.1180420452140908
0.10597834347647707 0.06454142812573183 0.2731453708865198 0.12908285625146365 0.09445224029232689 0.07270743866975553 0.14391775167140797 0.11617457062631727
0.10395777653191199 0.06381237088949827 0.2864895087528612 0.12762474177899655 0.09112390247240837 0.06983736912410649 0.14229206284912002 0.1148622676010969
0.10301787636443181 0.06349699171291069 0.29157056154125965 0.12699398342582138 0.09000964547430088 0.0690275420411877 0.1415888143568486 0.11429458508323927
0.1374395821159616 0.08487846223912815 0.2456783635559302 0.10609807779891019 0.12002565944580973 0.09210014584645612 0.11829143897878493 0.09548827001901916
0.14749405656269235 0.08407267342842338 0.22703666698210676 0.10509084178552922 0.1278017324472544 0.09675382519628577 0.11716844599073183 0.09458175760697629
0.11407271754562917 0.06362522754445668 0.26616931737394034 0.12725045508891336 0.0984291264719291 0.07405298527358943 0.14187476112151984 0.11452540958002203
0.08448929963884981 0.11155738847428064 0.14133674973248286 0.1394467355928508 0.0978595228266342 0.16339295688224287 0.09458126414123795 0.16733608271142097
0.10406986589347933 0.06743470445436321 0.23576820366150064 0.13486940890872642 0.09658692890683386 0.08951909410527462 0.15036932605196812 0.12138246801785377
0.10500365474394771 0.06484865920253322 0.2724429327541465 0.12969731840506643 0.09290682818629442 0.07377018902616145 0.14460283111729047 0.11672758656455978
0.10379746384696953 0.06386685235919976 0.2863008570552261 0.1277337047183995 0.09085885523905814 0.07006838413959576 0.14241354839499165 0.11496033424655955
0.10299430926203622 0.06350775510691149 0.2915124486645444 0.12701551021382299 0.08996635285367889 0.0690768495875716 0.14161281511899368 0.11431395919244068
0.13743628338782202 0.08488154358157622 0.24566130659554278 0.1061019294769703 0.12001719690872947 0.0921142702077026 0.11829573331238327 0.09549173652927324
0.11120499169045038 0.06338819103841567 0.2738770415479541 0.12677638207683134 0.09635670510819663 0.07295173957737221 0.14134620509163134 0.1140987438691482
0.09652342989234393 0.1282451535662454 0.16460638951414663 0.16030644195780674 0.08398249312263781 0.14051310414538745 0.08154719003940604 0.14427579776202606
0.10762371814530025 0.06780441528809317 0.24560982432111103 0.13560883057618633 0.09229599586651287 0.08270958281076633 0.15012454992561122 0.11822308306641885
0.09984290462840954 0.13404247569084676 0.113957506077965 0.11685754290996898 0.11569607379852671 0.20011454673294993 0.07925989866937026 0.14022905149196277
0.10785650015741534 0.06723156965924426 0.22265972542629772 0.13446313931848852 0.10058182496103973 0.09627404931339575 0.14991636577747897 0.12101682538663966
0.12301605716543108 0.07531915760822079 0.19329980496254667 0.09414894701027599 0.14521447434610282 0.11606408932757667 0.13995873316751475 0.11297873641233118
0.08525565224084453 0.1100975712214345 0.12301452384575397 0.1376219640267931 0.1072929378818103 0.1782274009591259 0.09334359299208578 0.16514635683215173
0.09151033975684346 0.1296660898346037 0.12447519293330062 0.16208261229325463 0.08659808880511927 0.17734260514638048 0.08245072016656867 0.14587435106392915
0.10750641274778444 0.06842035657981567 0.2329919036818721 0.13684071315963134 0.09370477951147595 0.08975050774956787 0.15148829458453283 0.11929703198531964
0.08347661043477356 0.11214193107736671 0.13366098690293562 0.14017741384670837 0.09707660266526504 0.17017670384782882 0.09507685460907178 0.16821289661605004
0.08000081765911228 0.10954798435474036 0.10858431416471549 0.13145758122568846 0.10406148242650023 0.20343265771786626 0.09859318591926634 0.16432197653211053
0.06572210267347751 0.09426741742863039 0.061171210324886344 0.0821818510916265 0.13892724704174556 0.3004652462832378 0.09290122297314299 0.164363702183253
0.10063668449600448 0.06787523277010193 0.1989810392611178 0.13575046554020387 0.10716633120658049 0.1160631892942374 0.15135163844557056 0.12217541898618348
0.10538527326171752 0.06560954408771696 0.25788783727828335 0.13121908817543393 0.09625447700234195 0.07924710999027389 0.14629949084634197 0.11809717935789052
0.10440798731485844 0.06421714266220854 0.2807522774080554 0.12843428532441709 0.09202897911274441 0.0713738278971742 0.1431946434885665 0.11559085679197537
0.10333749251741042 0.06364457771361907 0.2894160512680143 0.12728915542723815 0.09038999280329889 0.06944458127523788 0.141917909110667 0.11456023988451432
0.08248748165844057 0.11157912259356959 0.1468233466970046 0.139473903241962 0.0960649502151309 0.16160282080898986 0.09459969089454813 0.16736868389035436
0.10342940963124506 0.06733445177379364 0.23808023712807133 0.1346689035475873 0.09605147079875291 0.08908773639033653 0.15014577753738462 0.12120201319282856
0.12171139830374281 0.07527101348197604 0.19846148268380265 0.09408876685247006 0.1436170041647918 0.11407454296926711 0.13986927132098537 0.11290652022296407
0.10929548517852702 0.06458052943116561 0.2555344332646783 0.12916105886233123 0.10311077210012401 0.07806782644056597 0.14400494174650957 0.1162449529760981
0.10523602733815395 0.06411753543757572 0.2795319135999999 0.12823507087515143 0.09339808273120903 0.0710972719858883 0.14297253424438527 0.11541156378763631
0.1035472442693463 0.06365014742289964 0.28890290290684983 0.12730029484579927 0.09069213930305743 0.06940667715976549 0.14193032873106276 0.11457026536121935
0.12054796225312057 0.07436370043474215 0.21428969520040533 0.0929546255434277 0.1404227217800003 0.10769245004476684 0.13818329409142385 0.11154555065211322
0.10843363178787188 0.06420308737692342 0.26181189868455407 0.12840617475384683 0.10187825590326068 0.07653809191489659 0.14316330230018445 0.11556555727846216
0.08344081478185289 0.11161301630917084 0.14029129166845114 0.13951627038646355 0.09865224169178603 0.1644384138277007 0.09462842687081877 0.16741952446375624
0.1038549503854179 0.06746134348522209 0.23534920361490755 0.13492268697044418 0.0967973542792468 0.08975531587655311 0.15042872711480865 0.12143041827339975
0.1397281444691175 0.08633684503794434 0.2265297938202262 0.10792105629743043 0.12375082676984558 0.09828045897628514 0.12032392396146348 0.09712895066768737
0.11246869741290193 0.0638452113654965 0.26640602305209815 0.127690422730993 0.0977869251386213 0.07451604763296285 0.1423652922090325 0.1149213804578937
0.10556129906014279 0.06383024915289673 0.2836315327050771 0.12766049830579346 0.0918931372721962 0.0701969063205784 0.14233192870810105 0.11489444847521411
0.1034692385819246 0.06354391400255803 0.2904417231279154 0.12708782800511606 0.09023801652297236 0.06914679049547365 0.14169344405943535 0.11437904520460443
0.13760779460210404 0.08489708569392174 0.2452777148263557 0.10612135711740217 0.12011387315426995 0.09215555951864345 0.11831739368164092 0.09550922140566194
0.11125726267341668 0.06339485650679029 0.2737226562106395 0.12678971301358058 0.0963874156857878 0.07297628610630168 0.1413610680912607 0.1141107417122225
0.09653476373058383 0.12824521816479795 0.16456471696295058 0.16030652270599746 0.08398853682969529 0.14053714005491755 0.08154723111565958 0.1442758704353977
0.08264609052186626 0.1100795177616409 0.11604408523781008 0.1320954213139691 0.10211673801078536 0.1928273045259901 0.09907156598547681 0.16511927664246134
0.07793849606067366 0.11111361738591083 0.10506842368805043 0.13889202173238854 0.09780499219117669 0.20830699942705258 0.09420502343588094 0.16667042607886626
0.0769401672465721 0.11095099331875352 0.10236638229731847 0.13868874164844192 0.09668044030114463 0.21387963870026108 0.09406714650937799 0.16642648997813028
0.10275041812917482 0.07554806810665916 0.21808046237692397 0.1351581068915875 0.09687026291506184 0.09925918261993151 0.15069120275823258 0.12164229620242874
0.10491829735821909 0.0701251003939601 0.26491551862641477 0.12977448371309616 0.09316272745258503 0.07561797243679973 0.14468886467713854 0.11679703534178655
0.10365040963586342 0.06848320983603025 0.28283908346198966 0.1273537179602888 0.09078780104593463 0.07027754037871421 0.14198989151691901 0.11461834616425995
0.10268456288506674 0.06789397913369385 0.28962335229728586 0.12643858158116497 0.08969448030226487 0.06890073762951968 0.14096958274795557 0.11379472342304849
0.10221132052262705 0.06767738573227364 0.2921887215747062 0.1260997815456799 0.0892457255879248 0.0684954156537019 0.14059184599197447 0.11348980339111193
0.11958839221565258 0.07924640179952909 0.2148010083480043 0.09230222350800753 0.13922666204665415 0.10685918922481885 0.13721345464772464 0.11076266820960902
0.09692710304651109 0.13662937244455067 0.14690221548063787 0.15715171773070646 0.09105735708729486 0.14995329271139088 0.07994239554127242 0.1414365459576358
0.10870864235472484 0.06757990428594633 0.24285080739983528 0.13515980857189266 0.09405655294711533 0.08418519234584076 0.14962746410889216 0.11783162798575259
0.08309789594599243 0.11907763518880982 0.13524818792804538 0.13878809743022297 0.09642740012686986 0.1666805308154669 0.09413453564832515 0.16654571691626754
0.13556024267485514 0.09899152668485021 0.19038053467919333 0.10986338906927555 0.1258559934201451 0.11798178325746883 0.12248948005186393 0.09887705016234799
0.1123998639152966 0.07120925696795474 0.2513287958293056 0.12850950839987227 0.09904658196598033 0.07856892375766873 0.1432785116040367 0.11565855755988505
0.10572264528103274 0.06874211171378727 0.27728471485502443 0.1276860033155045 0.09230266395166295 0.070984093008464 0.14236036489056997 0.11491740298395409
0.08242603995096902 0.11892369929027433 0.14329884729313264 0.13838750803968933 0.09588749511161544 0.16114856912672892 0.09386283153996319 0.1660650096476272
0.11706783726786038 0.08560816877247442 0.167474496528973 0.09501904794966116 0.14496922967571985 0.13458616561219164 0.14125219665352615 0.11402285753959339
0.1089124516235756 0.07096157370624644 0.24236900812511883 0.12982017900863396 0.10413478669747951 0.08222402820960867 0.1447398115215665 0.11683816110777057
0.10524204614049168 0.0689687202422194 0.27387070569668764 0.12815159662434988 0.09369667994719658 0.07185434770297683 0.1428794666841632 0.1153364369619149
0.08234786282712922 0.11897999273558622 0.1425009754899971 0.1384270659739149 0.09621682956932585 0.1615251320965197 0.09388966213882924 0.16611247916869787
0.10222185458978586 0.08107798412162959 0.23391506507606843 0.13246487628124723 0.09505737625686377 0.08835600340622045 0.1476884516150622 0.1192183886531225
0.10383198972022258 0.07398913681635953 0.2704566621276512 0.12828767975856523 0.09191152838886793 0.07303290218226945 0.14303118922335553 0.1154589117827087
0.12005530543340424 0.0841875493994683 0.2075211831606328 0.09224039037407088 0.14012058003620953 0.10806498760617309 0.1371215355411561 0.11068846844888505
0.08353440574869002 0.1256157637362474 0.12489152046691979 0.13502087499061863 0.10475015251251049 0.1725828564756779 0.0915793760805935 0.16202504998874231
0.10290262256460529 0.08221576926074917 0.22618960017795783 0.13289593797204138 0.0973179669941413 0.09070270562415288 0.14816905323151477 0.11960634417483723
0.10425025394351263 0.07431459892163864 0.267400678276881 0.12862299397721255 0.09262458206787948 0.07362115867968605 0.14340503955369818 0.11576069457949131
0.10304766876145081 0.0722345062916536 0.28325195143885107 0.12656834158003252 0.0902687937230795 0.06960297531979237 0.1411142554631109 0.1139115074220293
0.0814252304936634 0.1249717224426597 0.1440699674868421 0.13729125391867375 0.09483139965459504 0.15954163603457877 0.09311928526657871 0.16474950470240846
0.10193304728885555 0.08177505815735693 0.23454904945595917 0.1323730988022159 0.09469453513528754 0.0879532956633226 0.1475861265750079 0.11913578892199432
0.12032206977531551 0.0858947073526243 0.19623009656019175 0.09297505014181764 0.14198513052165715 0.11280922884948041 0.13821365662873192 0.11157006017018116
0.09642052826202889 0.14534203714368266 0.14100330960804175 0.15580990713875334 0.09098614975292879 0.15094932934258168 0.07925982232710496 0.14022891642487798
0.13802817400264386 0.11019819596586197 0.19043708868126558 0.10802200105252091 0.12265419709158842 0.11300407242865183 0.12043646983019866 0.09721980094726881
0.08667461033692282 0.13068414042820084 0.12059477910806 0.13459727677946667 0.10055932431882823 0.17408107090361005 0.09129206598955132 0.16151673213536
0.10381723126477478 0.08296459514685446 0.2243727057571803 0.13308300218163643 0.09651868511242354 0.09109146270846012 0.1483776158651976 0.11977470196347277
0.10453608604205664 0.07445606450680047 0.2666906692937957 0.12871554089977869 0.09251273247192143 0.0737366975099735 0.14350822246587266 0.11584398680980083
0.10314095393655134 0.0722705930205727 0.28297940401942817 0.12660367195119607 0.09026772389373207 0.06964070223207974 0.14115364619036339 0.11394330475607647
0.11958720524057226 0.08373072970492311 0.21145041738971715 0.09197972182012676 0.13924635534624316 0.10689587008613684 0.13673403422812874 0.11037566618415212
0.1074687247697579 0.07375211741004656 0.2592600933866969 0.12692737366070983 0.10099020135442617 0.07585230368409646 0.1415145494396272 0.11423463629463886
0.10392297961058952 0.07222854196535598 0.27981872484363984 0.12664536522190387 0.09214834875359158 0.07005507982944119 0.14120013107576448 0.11398082869971349
0.08159209268149256 0.12497563681642808 0.14326601737931088 0.137298372219358 0.09525797535638386 0.15972774555240635 0.09312411333139066 0.1647580466632296
0.1337703013366214 0.10727390784527924 0.1919792257235503 0.10853031703868066 0.12434447339492045 0.11542128510539745 0.12100320422073797 0.09767728533481257
0.14631457536832881 0.10111474875135137 0.2060738196617263 0.10463441104894594 0.12898046890099446 0.1020514465431651 0.11665955978143674 0.09417096994405133
0.113674244555634 0.07565341409087581 0.25625179650645324 0.12639720417731545 0.09853407171436326 0.07480833516524495 0.1409234500305293 0.11375748375958392
0.10544174737427305 0.07248765482064423 0.27853505301390225 0.1266915542417205 0.09166482916915009 0.0699051341768432 0.1412516283859182 0.11402239881754843
0.10287949804885445 0.07167978366289253 0.2874131094490633 0.12594261893647224 0.08966696719104494 0.06865304425758677 0.14041662141126082 0.11334835704282502
0.11941163496180318 0.08356716455709523 0.2128342140614001 0.09188183049159172 0.138924449070272 0.10653399807445699 0.13658851219347068 0.11025819658991007
0.08340939200099111 0.1254697142001629 0.1261379120187063 0.13499208800690285 0.10447768783738638 0.17196284933158076 0.09155985099598629 0.16199050560828343
0.10242564736619222 0.08616976720601055 0.2259585304380532 0.13210166409541452 0.09686641492070805 0.09030298115450275 0.14728349713324573 0.11889149768587308
0.10386103727327306 0.07744014293481842 0.26685271790803533 0.1281029408117282 0.0922774791443227 0.07334781611314611 0.14282521908412085 0.1152926467305554
0.1027261520597549 0.07497290299300309 0.28266866832536275 0.1261285006081108 0.08998409307389209 0.06938016678920551 0.14062386560337128 0.1135156505472997
0.10188878408816798 0.07416453410888621 0.28870921210617717 0.12535580773983715 0.08899352727806027 0.06830553699412474 0.13976237071889308 0.11282022696585345
0.08084909430587803 0.12900781626947608 0.14490894382655356 0.13649194702341874 0.09411339836191626 0.15826131710790128 0.09257714667675358 0.16379033642810248
0.1327318297958353 0.11309051946419404 0.19166471821981457 0.1076973641888369 0.12329754385488471 0.11451587275265865 0.12007452395382262 0.09692762776995319
0.1108585125919509 0.0812842176724507 0.2503883968945708 0.12684941729493243 0.0977072169704908 0.07732012910074042 0.14142763390942467 0.11416447556543918
0.12176873731771261 0.08814049834430786 0.20044649850079566 0.09193292608686837 0.1417579224263272 0.10896943679210308 0.13666446922764314 0.11031951130424204
0.10808097283724716 0.07729101612784489 0.2543001626766867 0.1268445867368368 0.10163316520528942 0.07626772015530445 0.14142224819763743 0.11416012806315311
0.0820015086209804 0.12984910624261026 0.13676586672079516 0.13654029175614601 0.09695130875724386 0.161433630777637 0.09260993701721208 0.16384835010737522
0.11564417807946352 0.0984092542166517 0.16367954929829226 0.09357347391708515 0.14378481878349159 0.13351730324120473 0.13910325376330868 0.11228816870050219
0.10796478016250902 0.07993611437199152 0.23945918169883496 0.128577420380847 0.10337127748139759 0.08161731916689254 0.1433542283947652 0.11571967834276228
0.10451256170214727 0.07595312047317916 0.27177465355561087 0.12714178350356092 0.09307488816821521 0.07136178703041021 0.14175360041367166 0.11442760515320483
0.11982866857953828 0.0870484619233196 0.20752200631093096 0.09178982943369257 0.14000422309266566 0.10720726889769386 0.13645174644172806 0.11014779532043108
0.12307749799672994 0.08820108845851551 0.18423952698838933 0.09066536270021651 0.15440571857903918 0.115832218918319 0.1347801511185308 0.10879843524025981
0.10880280088376926 0.07757573688215419 0.24740273759552855 0.12725501031823874 0.10479068748309879 0.0777636776885206 0.14187983986227515 0.11452950928641487
0.10438202668916716 0.07533762227538132 0.2747792737858823 0.1266874940184797 0.09308388623631984 0.07046385083813146 0.14124710154000647 0.11401874461663172
0.08136317768829647 0.1294121014732642 0.14167058816027028 0.13662212915830707 0.09509183674151292 0.15922816766361586 0.0926654441247648 0.16394655498996846
0.13296883817956334 0.11323516492282844 0.19046237194646326 0.10775908748414886 0.1236468462494442 0.11480117165993832 0.12014334082187941 0.09698317873573398
0.11095712582621743 0.08133756962974482 0.24989404994921557 0.12689933037146878 0.09781992468044799 0.07739931894367737 0.14148328326490622 0.11420939733432191
0.10481997129284105 0.07586403902411688 0.27577459125807663 0.12659271683472412 0.09152395654806075 0.07034984783788557 0.14114143205304316 0.11393344515125171
0.102598808707102 0.07446153183235232 0.28602052770784 0.12563828189255974 0.08951022245746067 0.06861886538036346 0.14007730831901807 0.11307445370330374
0.10173456157566715 0.07399215645190853 0.2899769281883376 0.1251851412566129 0.08878324859288649 0.06808924647723312 0.13957209032640272 0.11266662713095159
0.10139626371290676 0.07381897897919114 0.2914938541822193 0.1250029321111359 0.08851039331303864 0.0679059980745927 0.1393689407268933 0.11250263890002231
0.08074325177487233 0.12888956779185126 0.1455530968123078 0.1364555083067842 0.09398803152230205 0.15807150210261794 0.09255243172112322 0.16374660996814105
0.10128896712576707 0.08630395814853871 0.23439546092520136 0.13152835759186912 0.09408612654074096 0.08737730466934046 0.14664430316586005 0.11837552183268223
0.10331541345315524 0.07725339573453766 0.2702069926583623 0.12774541971021863 0.0914357276901552 0.07264556327775738 0.14242660973661686 0.11497087773919676
0.10248285744202495 0.07485834280829158 0.2839671525046797 0.12597559220074347 0.08970400332580586 0.06918063459755337 0.1404533841402319 0.11337803298066915
0.1190680247254365 0.08669627650336356 0.21144294183817777 0.09160498341220825 0.1386495547784888 0.10643527823191484 0.13617696041576033 0.1099259800946499
0.10707510194306104 0.07680771122906202 0.25880032811213444 0.12641024120837216 0.10062678858723142 0.07557262648535924 0.14093798534724475 0.11376921708753494
0.10360022110431723 0.07494423456305646 0.2792654773954433 0.12620451551672787 0.09186195681804168 0.06983091408363336 0.14070861655372494 0.11358406396505508
0.13618416920172052 0.09892260948724103 0.23934889790815408 0.10450936265942433 0.11924033597996178 0.09121605821092674 0.11652014015908953 0.0940584263934819
0.10990223244597931 0.0777387286052133 0.2693550295275362 0.12463169546414488 0.09524981319672121 0.07199893527294897 0.13895503956972569 0.1121685259177304
0.10386046006569467 0.07477832835004147 0.28326909680414686 0.1256448799499711 0.09035039461367567 0.06893178360085689 0.14008466466063937 0.11308039195497395
0.08123187127835611 0.12919595126087163 0.14364228611545304 0.13652542527426245 0.09443460953866753 0.1585394925389918 0.09259985366428237 0.16383051032911494
0.10146812756485148 0.0864028555093036 0.23359128336296991 0.1316077119467547 0.09423955585086169 0.08751074766358873 0.14673277734959067 0.11844694075207923
0.10338559710054772 0.07728967106001715 0.26988969764255705 0.12778220375632435 0.09149306680424486 0.07268815905267041 0.14246762120294668 0.1150039833806919
0.10251039310221416 0.07487216396656024 0.2838445186756849 0.12599036416695064 0.0897258657353635 0.06919551282280353 0.14046985378016733 0.11339132775025555
0.08098611392400903 0.129237623486181 0.14377792925704597 0.1365514826102543 0.09430376537819886 0.15866377887635483 0.09261752733565075 0.16386177913230515
0.10117252831975075 0.08870773883516639 0.23323197118347486 0.131181541317364 0.09400316789619796 0.08738203636082019 0.14625762890159835 0.1180633871856276
0.08049962947878998 0.13540593315641833 0.13143092830663197 0.1362720683621289 0.09499400828344277 0.165442938793285 0.09242801158474832 0.16352648203455472
0.10143103984132629 0.09014765360493769 0.22801010944427763 0.1316705631429488 0.09450849529806686 0.08892578009682954 0.14680285174295932 0.11850350682865392
0.08054529546752402 0.13583304739272656 0.1301948014507722 0.13628730160046798 0.0951048560481891 0.166051592425528 0.09243834369423046 0.16354476192056155
0.1014816283411212 0.09025909095902358 0.22748724181037097 0.13172243429028754 0.09456967686813068 0.08906905266854634 0.1468606842012609 0.11855019086125879
0.13693374518964135 0.10537656929554319 0.22110647769178476 0.10570450940684135 0.12126801272228696 0.09662398763534145 0.11785263959240369 0.0951340584661572
0.11057087362559093 0.08106708792944944 0.2618088604270742 0.12510735767064718 0.09610786066493304 0.0732559703459265 0.1394853674327962 0.11259662190358248
0.12124744479025445 0.08949444149057137 0.2038477046918595 0.09148405015975325 0.14069656633393376 0.10745174732832016 0.13599718501360336 0.10978086019170391
0.09574026602658016 0.15389672049338235 0.14193144197339116 0.15393366997741384 0.08993935669501539 0.14771285321386027 0.07830538864068443 0.13854030297967246
0.11868623038478542 0.10551209066862045 0.1645339454182845 0.09269371781376132 0.14047325606353855 0.129072861046875 0.1377954372276213 0.11123246137651358
0.0823463081723357 0.1379088533318575 0.11360140107473377 0.13325003986843148 0.10368250408615626 0.17893255771360525 0.09037828791076224 0.15990004784211778
0.1022637405469431 0.09095360354859948 0.22005693247896616 0.13207296167428514 0.09680787657320329 0.09172772359548795 0.14725149607565818 0.11886566550685661
0.1038581867200208 0.07990151706873438 0.26424858537124674 0.1280565146784463 0.09229407895774569 0.07361679658305599 0.14277345741014835 0.11525086321060168
0.11965860420392124 0.08947828188785686 0.20500947535152858 0.09176290542761531 0.13975326481741449 0.10781025970015977 0.13641172209836544 0.11011548651313836
0.0828515937359897 0.1336559987594718 0.12353147718010431 0.1337035207363311 0.10393482000634383 0.171192498459607 0.09068586623855501 0.1604442248835973
0.1019605708911276 0.09116079878399579 0.22408433475490885 0.13146152676768025 0.09646701791829097 0.08998058500881995 0.14656979178426438 0.11831537409091222
