0.125 0.125 0.125 0.125 0.125 0.125 0.125 0.125
0.099626400996264 0.07845579078455792 0.199252801992528 0.15691158156911583 0.08685378548392246 0.06839735606858895 0.17370757096784492 0.1367947121371779
0.0745303753200788 0.12421729220013136 0.1056354961590544 0.1490607506401576 0.0931629691500985 0.15527161525016417 0.11179556298011822 0.186325938300197
0.0941861720370306 0.15697695339505102 0.09290686415623167 0.1412792580555459 0.12770256223733997 0.19622119174381378 0.10595944354165944 0.08476755483332754
0.07295173961840629 0.12906846240179573 0.09118967452300786 0.16133557800224466 0.08754208754208755 0.15488215488215487 0.10942760942760943 0.19360269360269358
0.09639053796822279 0.07590754864997545 0.20900896460918036 0.1518150972999509 0.09082352395022068 0.0756371508548222 0.168065553380491 0.13235162328713668
0.07209589488111724 0.12015982480186206 0.11638400608239613 0.14419178976223448 0.09785242798949521 0.1609324769584261 0.10814384232167587 0.1802397372027931
0.07667118608672392 0.11963454996667913 0.1027011349359762 0.14356145996001493 0.0980229002023854 0.17228584892819057 0.1076710949700112 0.17945182495001866
0.09439418468008354 0.14655126573408928 0.09276175566034707 0.13189613916068035 0.12024268312957666 0.23609418376830463 0.09892210437051026 0.0791376834964082
0.07059530825255911 0.12489939152375842 0.08824413531569889 0.15612423940469802 0.08471436990307092 0.18218050593573853 0.10589296237883866 0.18734908728563762
0.11149632607409203 0.08220159399066225 0.1439158086189631 0.0986419127887947 0.1411487449871183 0.1427187578102578 0.15657446474411854 0.12330239098599335
0.07046199335735748 0.12466352670917093 0.08807749169669683 0.15582940838646364 0.08455439202882897 0.1837249077216896 0.10569299003603622 0.18699529006375637
0.10368532051361366 0.0729213004570747 0.21291406289858988 0.1458426009141494 0.08736040948041768 0.08867771980021895 0.16145375436975432 0.12714483156618156
0.1022487256541338 0.14443803297704366 0.11443341964808296 0.1299942296793393 0.11771669188924244 0.21567669008504967 0.09749567225950449 0.07799653780760359
0.06852304812167954 0.12123308513835614 0.08565381015209944 0.15154135642294517 0.091332292179629 0.197082208095237 0.10278457218251934 0.18184962770753418
0.07632213247189877 0.11376612021484664 0.0972097392452976 0.13651934425781595 0.09300716241493871 0.21013681287957048 0.10238950819336198 0.17064918032226994
0.07621982786519246 0.11203089845757269 0.09806527399034907 0.13443707814908723 0.0977345361535141 0.21263822908611016 0.10082780861181544 0.16804634768635904
0.07580408371065173 0.11136800254742384 0.09772954859317601 0.1336416030569086 0.09792476371907723 0.21624879225894533 0.10023120229268145 0.16705200382113575
0.07553007448437872 0.11100311230377657 0.0973948742651908 0.13320373476453187 0.09766931099399523 0.2187914236590631 0.09990280107339893 0.16650466845566486
0.0744926997773299 0.1217910940172772 0.0961263858753033 0.13120021493935746 0.09637410009788991 0.21761507541412722 0.09840016120451811 0.16400026867419681
0.07429128174121721 0.12286996437303398 0.09580243746360541 0.1310472069679154 0.09608336188925899 0.21781133362913832 0.09828540522593657 0.16380900870989426
0.09119829207046845 0.1510288631885369 0.08818040320198173 0.120686489405738 0.11793609172228646 0.26804309971324203 0.09051486705430352 0.0724118936434428
0.05617184480188418 0.09938095618794895 0.04897032623754006 0.08663980795872472 0.12513078521740853 0.31248601120396413 0.09794065247508012 0.17327961591744945
0.09121468397191075 0.07363113043515689 0.1824293679438215 0.14726226087031377 0.09223051327784179 0.11650957756823345 0.16418643114943934 0.13253603478328238
0.13776823173153505 0.1003623286297934 0.20053136460633578 0.11206769338419759 0.12029183609307421 0.10721496182125509 0.12406354334758544 0.09770004038622353
0.08263659409972628 0.12159102711787777 0.12001020615764764 0.13207924129397663 0.10066401041383238 0.1788604383289861 0.09905943097048249 0.1650990516174708
0.07568377414184328 0.12355470419488836 0.10305887851870339 0.1317932652638859 0.09727358484877655 0.20504926250413072 0.09884494894791446 0.1647415815798574
0.07445152835786595 0.12309907555752785 0.09914119141624325 0.1310478262797617 0.0962478127816855 0.21391691304739244 0.09828586970982127 0.1638097828497021
0.07413857003045232 0.12276940740470947 0.09814988494515349 0.13073252463579513 0.09588341718687145 0.216861146525428 0.09804939347684635 0.1634156557947439
0.07404217787103583 0.12263345279142529 0.09787824620508555 0.13061955412588763 0.09575423945739035 0.21783322129739996 0.09796466559441575 0.16327444265735955
0.06253765330746701 0.10358179840830146 0.06197882825267209 0.08275399392351539 0.12939666802330171 0.2949382775294931 0.09930479270821846 0.16550798784703077
0.06467629212273449 0.11442728606329945 0.08580430346330296 0.14303410757912433 0.08755048143431952 0.23585216205816828 0.09701443818410173 0.17164092909494919
0.07282926217452115 0.12153231572292028 0.09527883829125249 0.13047616625593106 0.09439256143548358 0.22453852360802926 0.0978571246919483 0.1630952078199138
0.061927083525950194 0.10266210723500793 0.06119860524465955 0.08204298419013413 0.1331035897418225 0.29652808065399644 0.09845158102816096 0.16408596838026826
0.06427282826471026 0.11371346539141045 0.08523291423940058 0.14214183173926306 0.0873413779631088 0.2403181419179257 0.0964092423970654 0.17057019808711568
0.09867128104565384 0.07779980188337826 0.21512975865925169 0.13920730844064794 0.09246826682961379 0.10125515268218306 0.15410821284434773 0.12136021761492384
0.0782957347060872 0.11962416435551412 0.12555341163939296 0.1328368215496773 0.10062291094927185 0.17739331370070202 0.09962761616225799 0.1660460269370966
0.06358432313874544 0.10431265791956221 0.06693796398540973 0.08352756019707909 0.13705368723596453 0.2772956148925859 0.10023307223649489 0.16705512039415818
0.0805341262780323 0.13398237471994673 0.07043017628443413 0.11680514719174845 0.10330329573925202 0.27555434245251975 0.0792243607039685 0.14016617663009812
0.06923744120725013 0.11332199647752418 0.08573351504572155 0.14165249559690526 0.09081901477945103 0.23317519733722142 0.09607734483964007 0.16998299471628628
0.072892964069086 0.12062018485150118 0.09555913103833702 0.12948801269600357 0.09971742235824539 0.22274625959481975 0.09711600952200268 0.16186001587000445
0.0753310413908987 0.12097872802174073 0.09731541841086645 0.1288717696661466 0.10125430338509075 0.21850519979296365 0.09665382724960997 0.16108971208268325
0.07573428475467744 0.12107965922554818 0.09773500626914097 0.12893117103968924 0.10162765922085377 0.21702987741071178 0.09669837827976693 0.16116396379961154
0.07581896206488409 0.12113051549758327 0.09785355287051799 0.12897505600838627 0.10173719025945623 0.21653461128239962 0.0967312920062897 0.16121882001048282
0.05635893444294858 0.09003006873059122 0.07274403463177244 0.09585670685437984 0.12100618595115864 0.25726260745513363 0.11502804822525582 0.1917134137087597
0.07058753474204424 0.11362339913345415 0.08615129759185644 0.1420292489168177 0.09346715376089856 0.22737338528073206 0.0963328818740155 0.17043509870018123
0.10188145658783145 0.07716834837346219 0.21586993056912063 0.13795704319221633 0.0956031900308624 0.09852567064392015 0.15272411781962897 0.12027024278295784
0.06142133771735611 0.08948674579266166 0.09523868688053051 0.09933306944415471 0.12506576466316927 0.2115885732808327 0.11919968333298564 0.19866613888830942
0.07178884291312539 0.11465864826449686 0.0887483064479769 0.14332331033062107 0.09934821426706279 0.2129341122861593 0.09721059309381255 0.17198797239674526
0.07551569780503446 0.12088713392841409 0.09672731680437283 0.12955839864310095 0.1026379907766037 0.21555666475627214 0.09716879898232574 0.16194799830387618
0.1147855318052435 0.08523487132885951 0.1461708260219568 0.09072815006655315 0.15348635806507974 0.15217113851553962 0.14401293661357642 0.11341018758319141
0.09247070748468326 0.13600371718320248 0.07692070070806924 0.11856734318535603 0.12390821904015632 0.22942891128516826 0.08041958929093712 0.14228081182242722
0.1026205086181233 0.07112186241154549 0.19002280332214191 0.14224372482309097 0.10390798936277006 0.10347262114714499 0.15859113797440139 0.12801935234078185
0.10660599376721036 0.07133203666925753 0.2572372743902165 0.13275574563959194 0.09461540146765274 0.07475170219724885 0.14696606761892148 0.11573577824990065
0.10426927185479845 0.1462353759738926 0.12684327090975683 0.12234135445567879 0.12897618424633361 0.20617371404437337 0.0917560158417591 0.07340481267340727
0.07536586342954635 0.11218618186639351 0.09744295544774385 0.14023272733299189 0.10104604789860429 0.2103325796427527 0.09511437158237711 0.16827927279959026
0.1384758021751346 0.10203643083578165 0.1770338229014927 0.10952856709732903 0.1293467032890365 0.1268396044186803 0.12125262617205328 0.09548644311049197
0.08064769077389841 0.11427816553835371 0.10639791294908622 0.14284770692294213 0.10281566175789646 0.18470760383734058 0.09688800991295207 0.17141724830753055
0.10464858740573067 0.07640534295168686 0.225002267096129 0.13647002909654468 0.09700083305710672 0.09042113678376658 0.15107793208897086 0.11897387152006457
0.08343757449032706 0.11815010136485676 0.12894469139374967 0.1311796211090272 0.10417057316847127 0.17175819625551356 0.09838471583177041 0.163974526386284
0.09689190487309679 0.14931905959988676 0.09783155211930303 0.11951297581045171 0.12841659703208289 0.246685393221069 0.0896347318578388 0.07170778548627103
0.1130582770175956 0.07757966299972191 0.14152834615076568 0.09697457874965237 0.15323777168095787 0.15709264437238954 0.14415922452933397 0.11636949449958285
0.1029291409865619 0.0689897373261928 0.21465389083384304 0.1379794746523856 0.10835228844604368 0.08907712330613632 0.15383681726168963 0.12418152718714705
0.1054510611490264 0.07030314833033378 0.26762112110596736 0.13105647017318398 0.0946598370018987 0.07156910380164908 0.1450848998254214 0.11425435861251935
0.07735465066677738 0.11506506678404281 0.13072644420947588 0.14383133348005353 0.09762239055823382 0.16524734880844652 0.09755516531690588 0.1725976001760642
0.11551042747395629 0.08499771924981554 0.1580750656394581 0.09102901395247046 0.153201091412607 0.13890991649384982 0.1444904983372547 0.11378626744058806
0.07709498828439157 0.1126717779024157 0.10862463109031485 0.14083972237801964 0.10861602782768157 0.1876191130941138 0.0955260725694394 0.16900766685362356
0.10439700316367838 0.07604480197816657 0.22564096170785763 0.13597029099035945 0.0981768323837314 0.09070720591168574 0.15052470146266897 0.11853820240185184
0.08415740011803759 0.11789799877392311 0.12904095793437104 0.13091909619042433 0.10452166255232928 0.17162469205006578 0.09818932214281825 0.16364887023803043
0.07952186576875275 0.1212436153209204 0.10603709580484369 0.12938970543899445 0.10463848895043511 0.20038981783806467 0.09704227907924584 0.16173713179874305
0.06616717137977343 0.10224182575059747 0.06366998609933043 0.08156682688727228 0.1409428811420818 0.2843974627016731 0.09788019226472672 0.16313365377454456
0.06929636891569205 0.10930567344820423 0.08866101526558208 0.1366320918102553 0.10311217722262184 0.23636196176359964 0.09267220140173837 0.16395851017230634
0.09730905067844697 0.06984245724689378 0.20796172992671233 0.13968491449378756 0.09988151447591595 0.10386565472061184 0.15573825541322284 0.12571642304440878
0.08288993059956708 0.11725067731362664 0.12500561383433825 0.13103445784584658 0.10502084931212735 0.17672955540280083 0.09827584338438494 0.16379307230730822
0.07921690346545121 0.12104258071006672 0.10504294620493987 0.12924960206199496 0.1048070827340434 0.20214168069951396 0.09693720154649622 0.1615620025774937
0.09582405329777588 0.14813848468810734 0.09207184171995243 0.11820096439034875 0.12776999098749314 0.25842336298935176 0.08865072329276155 0.07092057863420924
0.07279029977614246 0.10941592627500166 0.0957913438645357 0.13676990784375206 0.10089979093464647 0.22744316526896124 0.09276567662445792 0.16412388941250247
0.09730442770583472 0.0694333640494834 0.21381142845980602 0.1388667280989668 0.09897325898853679 0.10180469876661817 0.1548260386416839 0.12498005528907014
0.1052885887828902 0.0703331722505035 0.2674546083934971 0.1310454578025393 0.0929163266442602 0.073644379363613 0.14507270867843175 0.11424475808426503
0.07666268779776723 0.11380862916376007 0.13820428960966868 0.14226078645470008 0.09718920878796267 0.16467152971470458 0.0964899247257966 0.1707129437456401
0.1034271376369422 0.07549890385826039 0.23807698287915843 0.13486973529411392 0.09512063970958187 0.08612151596586581 0.14930634106633695 0.11757874358974035
0.08397457654757699 0.11779445510164291 0.13186397212449594 0.1308587139696837 0.10397307525134805 0.1698177790658849 0.09814403547726278 0.16357339246210462
0.07949456194416978 0.12123575457238979 0.10667730311810324 0.12938833302568015 0.10470520109239916 0.19972218019589752 0.09704124976926012 0.16173541628210017
0.09595147270662856 0.14827140785898668 0.09247191158054097 0.11828759213036978 0.12785934691442363 0.25747001943305114 0.08871569409777734 0.07097255527822187
0.07273964669280487 0.10929102338771059 0.09670940413138684 0.13661377923463824 0.10097078235693512 0.22707904841668222 0.09265978069827638 0.1639365350815659
0.0714529025380467 0.11173452553797975 0.09929242611516945 0.1396681569224747 0.0969450141894605 0.21857374082509032 0.09473144556480892 0.16760178830696962
0.07675166446273404 0.1197222556246324 0.0988029061096715 0.12852896827847987 0.10236921409843332 0.21676705486908918 0.0963967262088599 0.16066121034809983
0.07210126606237373 0.11205084443843057 0.09998458017888008 0.1400635555480382 0.09748167375855814 0.2152421843756648 0.09499962898040853 0.16807626665764586
0.10353702308417377 0.07622292968285942 0.22214560794862678 0.13634936428258598 0.09628245879899047 0.09564958846896916 0.1509443511797451 0.11886867655404931
0.08393890961201349 0.11783040277928424 0.1281745651499564 0.13082246573935882 0.10417635286273816 0.17341237237793122 0.09811684930451912 0.1635280821741985
0.0794393110804111 0.12116471083953959 0.10580110370041383 0.12930743699343347 0.10469816254717784 0.20097440085215737 0.0969805777450751 0.1616342962417918
0.07823284772440638 0.12089723906563214 0.10034987303434685 0.1286055881206725 0.10427115738299543 0.2104321184306019 0.09645419109050438 0.16075698515084058
0.07237642611912957 0.11222457960886381 0.10045161632133731 0.14028072451107976 0.09801760495223015 0.21316525288394006 0.09514692619012366 0.16833686941329568
0.10359194732216385 0.07622925169691606 0.22235250913245963 0.13634180747628535 0.09640014946314256 0.09528626085543089 0.1509359854845324 0.1188620885690693
0.07274476021672116 0.10210469564998687 0.08333221120307915 0.0850214069873681 0.14449464968342507 0.2402337738998417 0.10202568838484172 0.1700428139747362
0.07062965495912217 0.11024889068353123 0.09546151167414246 0.13781111335441404 0.10511633411063222 0.22188727361334554 0.0934718855795156 0.16537333602529683
0.09681570148937932 0.06931889239379957 0.21539203562452108 0.13863778478759914 0.09972243449054427 0.10076836097048672 0.15457078393483065 0.12477400630883921
0.08277922400788477 0.11713514548045899 0.1266760318071513 0.13096024654518007 0.10504373663079078 0.17548512243817405 0.09822018490888507 0.16370030818147507
0.07920477716099332 0.12103905750354958 0.10543176723579314 0.12925727049601457 0.10486203228593381 0.20169055432568628 0.09694295287201095 0.1615715881200182
0.0781777541436721 0.12086066232082189 0.10025199075491646 0.1285804092435092 0.1042975994155929 0.21067076563446907 0.09643530693263191 0.1607255115543865
0.08535569164751933 0.13234834894588537 0.08300572122999737 0.11538061190154111 0.1156208951038 0.25157384273010136 0.07825815415930613 0.13845673428184932
0.09864184747824488 0.068872571761398 0.20972248278704586 0.137745143522796 0.10164889845202636 0.10582287128837771 0.15357555553959493 0.1239706291705164
0.1056425397719653 0.07031404580319717 0.2657432520783859 0.13107009577099263 0.09352995265605 0.0743338926582914 0.1450999839223036 0.1142662373388141
0.07656092741325787 0.11354243697493749 0.13955556706661798 0.14192804621867186 0.09715247530527721 0.16468265151486258 0.09626424004396873 0.1703136554624062
0.10333956371035972 0.07543122422876454 0.23860526198020712 0.13477627473916257 0.09507200511073928 0.08607552868342914 0.1492028763901189 0.11749726515721866
0.07937107626485268 0.11333627781404848 0.13330402763219218 0.14167034726756061 0.09732685096067836 0.1688975504102929 0.09608945292930197 0.17000441672107272
0.07889714015946003 0.12109314701447627 0.10724325781177528 0.12983888968585533 0.10346255418843889 0.1997872317682835 0.09737916726439151 0.16229861210731916
0.0663499207096365 0.10224808146835061 0.06385849620995804 0.08158034394248696 0.14073862290278738 0.2841674341508223 0.09789641273098434 0.16316068788497393
0.08332751469943592 0.1275701578679488 0.10639392330838258 0.159462697334936 0.09082022320430429 0.2077910751653435 0.08111798081820659 0.1435164276014424
0.11789595809510978 0.08549781106565621 0.14950154529710874 0.09040087621515171 0.1504377773511323 0.14977148239713703 0.1434934543097646 0.11300109526893962
0.08194634961737868 0.11076662091942084 0.1114765211293814 0.13845827614927605 0.10736597747983556 0.18992549254606736 0.09391083077950899 0.16614993137913125
0.11762575376452435 0.08407828914514251 0.15099245097452207 0.09032432133134158 0.15588851123621544 0.1448133332629 0.14337193862117711 0.11290540166417697
0.09690450616797734 0.131033928974175 0.09226692265694728 0.11423470731081925 0.12850560298482117 0.22249175121711262 0.07748093191516435 0.13708164877298307
0.09104384322897333 0.12869092042237962 0.11453134580427424 0.1608636505279745 0.08929903850383734 0.18896327642097965 0.08183063961640441 0.14477728547517704
0.10801337407466835 0.07684292745255515 0.22765512709244082 0.13529147090262494 0.09386964192063832 0.09060782830531726 0.14977321972126162 0.11794641053049354
0.08107284278701295 0.12106681495581839 0.12989494322312348 0.1399474387062801 0.09617921109138625 0.16898095131849628 0.09492087147034652 0.1679369264475361
0.10529491338785078 0.07610443745556439 0.23441530479279057 0.13500502598958875 0.09505458320291538 0.08697293241940562 0.14945611342762774 0.11769668932425686
0.08064154444301651 0.1209950186896362 0.13144287989139092 0.1399601233224975 0.09645433492896487 0.1676244757883248 0.0949294749491722 0.16795214798699695
0.07961367700077493 0.12189587686543976 0.10679127839415486 0.12975053418415428 0.1032153909235364 0.19923217426363113 0.09731290063811573 0.16218816773019287
0.07509368751098983 0.1242825316795346 0.10115112436565155 0.13765690439694234 0.09650133418273986 0.20675884090988492 0.09336729167792611 0.16518828527633078
0.1047799457077266 0.07700827667754052 0.22246807956318312 0.13617384462658405 0.09597968263811278 0.09412446766334795 0.15075004370545733 0.11871565941804765
0.0805228005050536 0.12107410734302028 0.12869156137238474 0.13994192380157383 0.09663348051706994 0.17028868697272417 0.09491713092628486 0.1679303085618886
0.105204408089581 0.07613555497429546 0.23392610706850933 0.13505923383641383 0.09518889208329011 0.08722573275839311 0.14951612374238726 0.11774394744712999
0.08062376980535267 0.12099462922699654 0.13132871620573205 0.13995553098456745 0.09650909416898867 0.16771526228082717 0.09492636014605443 0.1679466371814809
0.11766112476896097 0.08512430019942471 0.1577963060624173 0.09060947524122633 0.15256692646410808 0.1391554593373672 0.14382456387496242 0.11326184405153292
0.05951318439260898 0.08762931837491086 0.08240610478195548 0.10033038898536875 0.13081328389640723 0.22522998013629003 0.1134169614617212 0.2006607779707375
0.09790228943175196 0.07479421866064587 0.20889728419293171 0.13694019240325395 0.10461046458599561 0.10093128245020777 0.1526780951122846 0.12324617316292855
0.10217402986493651 0.07095359754935346 0.25914742681265385 0.13151621609232228 0.09507636387201893 0.07613700502567768 0.1466307662999474 0.11836459448309006
0.10128933410220511 0.06939532346015254 0.2780423358170141 0.1290530539289114 0.09147956720339262 0.07070811264648784 0.14388452430581614 0.11614774853602025
0.10042934102905347 0.06879552407664524 0.2850742891372321 0.12810755704664373 0.09013394109733397 0.06933218042955562 0.1428303658415565 0.11529680134197935
0.10000016450330644 0.06857114858267237 0.28769380163856567 0.127755127701579 0.08963397147077452 0.06892873774917413 0.14243743342250673 0.1149796149314211
0.09981790867798157 0.06848751561663487 0.28867358478098704 0.12762374558970022 0.0894482718741039 0.06879665025746505 0.14229095217239712 0.1148613710307302
0.11684734756272634 0.08019359177982903 0.21162547996884792 0.09340512343935232 0.13960513157141374 0.10738418807957063 0.1388529894710372 0.11208614812722278
0.10482266062363513 0.07016233241318151 0.258292515333393 0.12913016421715848 0.10117096474182975 0.07623371835264689 0.14397049652271252 0.11621714779544264
0.08042284184502081 0.11996289785332469 0.13721886618815257 0.13951446152502806 0.09764457412695092 0.1631918046406007 0.09462719999088859 0.16741735383003364
0.0796003658291434 0.12181316216079632 0.10810626577544583 0.12977760741542568 0.10352572520963582 0.19762165877870175 0.09733320556156927 0.1622220092692821
0.07509388492479939 0.12427414998403015 0.1016461879420153 0.13765240704351747 0.09660957325087942 0.20617666710345584 0.09336424129908143 0.16518288845222096
0.1008229324330713 0.07706054061630017 0.21736455950183442 0.13630124735648103 0.0967314108421166 0.09708246756176454 0.15196571906759895 0.1226711226208329
0.10250793581648049 0.07091089469271944 0.26272947358599563 0.13114222759095867 0.09318550967218413 0.07528215677928243 0.14621379703051657 0.11802800483186279
0.0801368773643336 0.12023578951681002 0.13832238818094972 0.13975024702148178 0.0960308777264632 0.16303639969743955 0.09478712406674417 0.1677002964257781
0.07956360432021219 0.12187069160057977 0.10836747980549553 0.12981014911008512 0.10317474825935759 0.19759302868409964 0.09735761183256386 0.1622626863876064
0.07508975053611835 0.12428412345705404 0.10170664409266314 0.13765673426099456 0.09653829064463748 0.20616919961396868 0.09336717628137024 0.1651880811131935
0.1008205688370608 0.07706015353300633 0.21739161414222896 0.13629936063175377 0.0967155752557096 0.09707968752133365 0.15196361551032844 0.12266942456857838
0.10250639243187246 0.07091010136996995 0.26274081992281595 0.1311407637956334 0.09318214296474832 0.07528092709092254 0.1462121650079674 0.11802668741607006
0.1012194910864644 0.06929127104322094 0.27954718024810615 0.12885983177216928 0.09097161787566592 0.07046766335880845 0.1436690960206126 0.11597384859495234
0.07985580836443526 0.11989243147894761 0.14209549966911106 0.13954730093267723 0.09546959274155936 0.1610331320179802 0.09464947367607672 0.16745676111921265
0.07952537722229863 0.12184931257315582 0.10922023761141449 0.1298249191194591 0.1030638419049632 0.19686647332979051 0.09736868933959433 0.16228114889932385
0.0646257161644105 0.10606749317289405 0.06065956562899836 0.08192463879570261 0.13730287709634315 0.2929599703029301 0.09261046124731599 0.16384927759140522
0.09914804301997422 0.07559230172150037 0.19761803220963844 0.1356472983793297 0.10574456144832471 0.11293057991959818 0.15123661476023773 0.12208256854139675
0.13712100309506747 0.09406024579885675 0.2107246227865452 0.10885622352245813 0.12632423481977573 0.10357650317831404 0.12136656562877048 0.09797060117021231
0.0969434611046896 0.06191817665387698 0.2248341109270757 0.1123502891531702 0.1143160646595867 0.08780129977666584 0.16701625074113063 0.13482034698380424
0.10266872534004337 0.06946844598506074 0.2650829579984464 0.13036690016440391 0.09637431545478037 0.07335908009913789 0.14534936481016375 0.11733021014796353
0.08129569954822484 0.11984653719253076 0.13878394126156435 0.13946223193927038 0.09659944349815958 0.16206569352648992 0.09459177470663557 0.16735467832712447
0.07977460325183781 0.1218214453356272 0.10847178809304671 0.1297994192694334 0.10330510505727009 0.19722880045391794 0.09734956445207506 0.16224927408679174
0.07599856207676088 0.1241611896194901 0.10165732755369837 0.1374971213393494 0.0964961077899443 0.20593422893119648 0.09325891708234134 0.16499654560721927
0.10226263474512194 0.07693281652036232 0.2170860199721217 0.13605476046362502 0.09657955199075252 0.09694402731414534 0.15169090457660878 0.12244928441726251
0.08141421225777162 0.12087929777804261 0.1277874717825432 0.1397064757004342 0.09665782666297808 0.17114950928524078 0.09475743569246842 0.16764777084052104
0.07969862093153544 0.12179416193355797 0.10591404330537234 0.12965211826596632 0.10319075865589383 0.20044606037574159 0.09723908869947473 0.16206514783245787
0.07607029593315172 0.12406416588095914 0.10102164783380706 0.13738620626712086 0.09640388186774038 0.20700666696767217 0.09318368772900372 0.16486344752054502
0.10229323494961391 0.07693547573720316 0.21681271320388873 0.13606965255959574 0.09657321972950113 0.0971455083642953 0.1517075081522657 0.12246268730363617
0.10445037464233625 0.0707533502281718 0.26216749538601725 0.13083712951206194 0.09299796281639913 0.07516663541309775 0.1458736354410601 0.11775341656085576
0.10326864576477593 0.06912511083285533 0.27897576793992057 0.1285422338694511 0.09077074039829891 0.07031449265177422 0.14331499806041784 0.11568801048250599
0.1023955993049413 0.06857668996669698 0.28514442300934284 0.12770373265035082 0.08977685330866053 0.06908921059885309 0.1423801317758389 0.11493335938531574
0.101981852014933 0.0683826342700282 0.28740740014321997 0.12740297697302969 0.08938139300512268 0.06873625267786033 0.14204481164007934 0.1146626792757267
0.10181037534239926 0.06831287862278075 0.2882385604432126 0.12729444535268247 0.08923123657618313 0.06862369586256063 0.14192380698276685 0.11456500081741422
0.13603465033787335 0.09130308002321944 0.24112159140656725 0.106340475030678 0.11923082344933496 0.0917012584218564 0.1185616938028604 0.0957064275276102
0.11000076601655023 0.06987697560930077 0.2687666550584617 0.12708956030000104 0.09561997563710553 0.07257008766962347 0.14169537543895636 0.11438060427000094
0.1042045880302507 0.06872537251526983 0.28105798741011273 0.12787081301261505 0.09091932582285266 0.0695717675864658 0.14256641391107974 0.11508373171135354
0.10260241062698747 0.06846280834551176 0.2858375480133882 0.12753383981448052 0.08970617945896499 0.06888604396522137 0.14219071394241334 0.11478045583303245
0.10209502438524966 0.06834354521914571 0.28763240683308544 0.12734132488209127 0.08933065118149063 0.06867378094546997 0.14197607415958532 0.11460719239388215
0.10192193828907115 0.0682938054511344 0.28829863538469197 0.12726174881009186 0.08920241122611237 0.0685985341319966 0.14188735277781883 0.11453557392908267
0.08131020738250445 0.11944969693581729 0.14395679007584802 0.13912344517074396 0.09489231372958062 0.1599574236021953 0.09436198889841764 0.16694813420489274
0.1048347513056991 0.07560951165638566 0.24007810967876034 0.1343118611783101 0.09432059729194582 0.08506402560483564 0.14868875148758787 0.11709239179647547
0.12106273605738935 0.08130854090629284 0.19653412612987778 0.09406610537256099 0.14204287616653388 0.11227070541121106 0.1398355835090608 0.1128793264470732
0.10828210127153451 0.07039462757700944 0.2520055226913018 0.12938994043714722 0.10195922983888646 0.0772575041689734 0.14426012762171483 0.11645094639343248
0.10441701327070192 0.06919036956234788 0.27486570667053367 0.12869308362653356 0.09275927306928601 0.0707675942545966 0.14348318428212026 0.11582377526388021
0.08181904813345862 0.11967599981296215 0.1409613597231508 0.13927917299464412 0.09573758252910297 0.16092421622543662 0.09446761298767167 0.16713500759357294
0.10505807363872174 0.07569945062524543 0.2388560684546014 0.13444630576053107 0.0945889021827785 0.08530401227760018 0.14883758716672546 0.11720959989379633
0.0819926010482308 0.1206493456990872 0.132762724516209 0.13956894340264797 0.0962131920138841 0.16666630832018464 0.09466415291657863 0.16748273208317757
0.07985608465091602 0.12184531040830125 0.10708017802483087 0.12973164724741573 0.1031563071510026 0.198867178022702 0.0972987354355618 0.16216455905926966
0.07540703334091514 0.1333324423952106 0.10033402230105146 0.13571701522308732 0.09548957489871837 0.2048079528133052 0.09205154076000704 0.16286041826770475
0.09314524703502465 0.15951289355469103 0.11843140040090076 0.15324888241948198 0.08511095136463771 0.17678808154270453 0.08016095388095981 0.13360158980159967
0.08054018662186427 0.137538324819812 0.10224526310260243 0.12700525238783292 0.09887326543871328 0.19978720285350912 0.09525393929087468 0.1587565654847911
0.07809728264418421 0.13293246857788282 0.09850407702664168 0.1268366260856718 0.10183880365885302 0.20811748983542272 0.09512746956425386 0.15854578260708974
0.07485814674515763 0.1351564634015225 0.09813421335909174 0.1352409574580501 0.09491387192084433 0.20767854875934386 0.09172864940632963 0.1622891489496601
0.13865798400860035 0.11260733981372023 0.17559861530145873 0.10788401881700051 0.12665132128885292 0.125115942793869 0.11943204362321584 0.09405273435328249
0.08594429721287565 0.1313843424809282 0.11587315867142645 0.1350296810406479 0.10065427582143556 0.17749327864416523 0.09158534887974377 0.16203561724877744
0.10614352412129568 0.08351505269584795 0.22696500613452228 0.13408910317449718 0.09568771054461475 0.08825926159767744 0.14844214922044455 0.11689819251110009
0.08164888740179031 0.12807184088868537 0.12937334496633876 0.1384293922592471 0.09580723845533988 0.16666278535036055 0.09389123996714151 0.1661152707110965
0.1048399837337847 0.08289841902254529 0.23294820471782124 0.1338440276938223 0.09441799131567409 0.0861959959634978 0.14817084058900962 0.11668453696384508
0.07173458290692168 0.1127275326841115 0.08033421610839521 0.08505954513124615 0.14028871361833722 0.24358205087926108 0.09615426840923479 0.1701190902624923
0.10040738818196886 0.08142378736013917 0.2051221571434199 0.13412636432222866 0.10539121764608625 0.10327447066703971 0.14954088678911165 0.12071372789000581
0.1040051159570657 0.07513949696158242 0.25682872616657876 0.13041380610521633 0.09472839595623614 0.07611037192489978 0.14540166143372624 0.11737242549469466
0.1030811853234013 0.07308957712597115 0.27640002050893986 0.12808724972991284 0.09094351706915889 0.07031220078682147 0.14280772469887293 0.11527852475692155
0.10219038939081365 0.0723395065978381 0.2836558112257528 0.12715925553697463 0.08956173278829951 0.06887689404999926 0.14177308042704484 0.11444332998327716
0.10173808853461569 0.07206399521017572 0.28633483826734274 0.12681567495380014 0.0890571259715426 0.06846615588695566 0.14139001371714732 0.11413410745842012
0.10154417767560275 0.07196315750593589 0.28732392027994885 0.1266899484324755 0.0888729815159852 0.06833502297237733 0.14124983802844657 0.11402095358922795
0.11874947128433636 0.08417733832822723 0.21043194551271524 0.09263436285939844 0.1385758043917984 0.10656264009081208 0.13770720210143408 0.11116123543127811
0.10692883791357408 0.07431568625479565 0.25671011764928386 0.12801243915015567 0.10044113442408624 0.07565627288764165 0.1427243164853228 0.11521119523514009
0.08178029381319613 0.12599840417203373 0.13614858186788692 0.13814526346795156 0.09676930312877292 0.16168531086252802 0.09369852652608887 0.16577431616154184
0.0790837032584558 0.13189097113539874 0.10689730015318742 0.12815353867548473 0.10231111450498867 0.1953562949215151 0.09611515400661357 0.16019192334435592
0.05498302630834032 0.09884763966290393 0.07323414694896238 0.09908846546938428 0.11599205402143661 0.24766468872829125 0.11201304792191268 0.19817693093876856
0.07074344396618017 0.128085024283047 0.09244524344493042 0.1352006350044473 0.09773080939125176 0.22185278164092054 0.09170130026388601 0.16224076200533677
0.1007233155764853 0.08376620955466133 0.2119181296195379 0.13515542492237478 0.09650774808970489 0.09960107724439099 0.1506882125627074 0.1216398824301373
0.10649521630282392 0.07523942403082687 0.2657592254643246 0.13011508024338395 0.09197813060150194 0.07293652118240018 0.14404274247537824 0.11343365969936037
0.08177309196691473 0.12628121599204328 0.13826545039175342 0.1382557640654369 0.09499405716494976 0.16075002878295083 0.09377347475742678 0.1659069168785243
0.10456877706195268 0.08243046418416491 0.23658469207348395 0.13343748987359053 0.0939675171182957 0.08496015380108976 0.14772078651044612 0.11633011937697633
0.08142455338256313 0.12783515212864677 0.1315625415925737 0.138399108545819 0.09543373167165715 0.16539528271441944 0.0938706997093381 0.1660789302549828
0.07899145052425093 0.132200285364039 0.10583722950600395 0.12811055887408188 0.10195982556158133 0.19667953242187894 0.09608291915556141 0.1601381985926023
0.0752503778891404 0.1353517203489735 0.0999989998812778 0.13561754352163344 0.09517797063971596 0.2038782624960169 0.09198407299728183 0.16274105222596014
0.10422602290606174 0.0845655436334385 0.2206363936465716 0.1350014857242695 0.09514077088900223 0.09328398605316014 0.14945219420838954 0.11769360293910676
0.12083521496227605 0.08693868368300216 0.18999082703728984 0.09382273249626878 0.1421139923507363 0.11423747709239121 0.13947379338251298 0.11258727899552255
0.10814218400867474 0.07515784391297575 0.24874365143975888 0.12891190329782645 0.10183691328323805 0.07745963920369676 0.1437271518857856 0.11602071296804381
0.08204250228651519 0.12622594244942342 0.13436047625185626 0.1382203092121257 0.09710189439743494 0.1624350772303041 0.09374942711778961 0.16586437105455082
0.07913565663798544 0.13192632457543046 0.10649437313751667 0.12814597602519923 0.10237949033475063 0.19562622723871909 0.09610948201889942 0.16018247003149902
0.06439285641716608 0.11573572169780066 0.059746329756276605 0.08091010539151591 0.13582281248376463 0.2901083660713394 0.09146359739910495 0.16182021078303183
0.09909919915304129 0.08216367770673515 0.1959497137249877 0.13456588642336767 0.10493675723913373 0.11214454683997878 0.15003092113172484 0.12110929778103091
0.10408316673178539 0.07545722826523453 0.25330588393229153 0.13081610796400847 0.09491528457884037 0.07783763337647934 0.14585019798375273 0.11773449716760763
0.10329054756871965 0.07321419918718126 0.2750800656793465 0.1282442987806134 0.09108652823302835 0.07068166897823301 0.14298282267032567 0.11541986890255206
0.10234898194089921 0.07238203749266328 0.2831548583949287 0.12720886241610757 0.08962470641573994 0.06896418876989241 0.14182838839527215 0.11448797617449681
0.10185524231520734 0.07207513298318556 0.28613579762361707 0.12682548324605178 0.08907793478909475 0.06848652489035117 0.14140094923104576 0.1141429349214466
0.09277718475684418 0.14396855400795772 0.16386687382949322 0.15840404769914546 0.08112524123140533 0.13671500519461866 0.08057945035130443 0.1425636429292309
0.09716834955129848 0.16228318560220603 0.13542441337235983 0.15340324896920754 0.08247122138731092 0.15527171588877392 0.08024169946081626 0.13373616576802708
0.10006046697262151 0.16993715458765618 0.09781689244577667 0.11723451855952496 0.12093506123339921 0.23574930614566272 0.08792588891964372 0.07034071113571497
0.05608567101651384 0.10163400319677243 0.0697520746278933 0.09555262491620675 0.11755687573922378 0.2602974898961341 0.10801601077484241 0.1911052498324135
0.12705460401977525 0.10512184621717748 0.16420539867251605 0.11039063486777133 0.13177459746777323 0.1390240276035071 0.12307731977048533 0.0993515713809942
0.11034375597261561 0.07788836253542611 0.2382573277953862 0.12967761010924478 0.10031798681143494 0.08222424983935449 0.14458085783821767 0.1167098490983203
0.13945400449773518 0.09785712473761371 0.22319247148881355 0.10669104312988133 0.12275612821533953 0.09507473804204984 0.11895255107167367 0.0960219388168932
0.14641466542239873 0.09944123315376457 0.2151107633715551 0.10460435736315367 0.12716931475028992 0.09648969214740905 0.11662605216459071 0.09414392162683828
0.08776745170246764 0.12906309279961603 0.1252881425064509 0.13537064518159633 0.1011343326938135 0.16711494938366578 0.09181661151447404 0.1624447742179156
0.10627246862395359 0.08296362819476025 0.23084621913249972 0.1336704638559648 0.09549023195416172 0.08624506505278258 0.14797869828580554 0.11653322490007187
0.08174695942697036 0.12795127077656482 0.13026436762069102 0.13841034844690595 0.09576509522900015 0.1658912170691574 0.09387832329442318 0.16609241813628714
0.09500675209861642 0.15890202740443846 0.12684823454383934 0.15395982529416358 0.08552202814101091 0.16500691467171336 0.08053283169233173 0.13422138615388618
0.09933720886166336 0.16870886428403553 0.09584849942837055 0.11695754360672049 0.12150570137503125 0.23974949857510602 0.08771815770504038 0.0701745261640323
0.07672934084048542 0.13901602581285558 0.09514374792753548 0.13091908017265427 0.09677204718262797 0.21551957269607308 0.08879728916058291 0.15710289620718512
0.07452150988481444 0.1361217227918095 0.09720282821557666 0.13495575186671063 0.0936584781811008 0.21005760120599248 0.09153520561394286 0.16194690224005273
0.1153183377248805 0.09383318469251675 0.14580766122248742 0.08976405433219717 0.1506742989811041 0.1499147692074451 0.14248262592412247 0.11220506791524645
0.08179380905867782 0.1275015198719915 0.10907825352259101 0.13516333271415162 0.1057623074055331 0.18682877859003963 0.09167599958003328 0.16219599925698194
0.1027562771285686 0.08317576653270728 0.21856589169127807 0.134317638218386 0.09764093981999314 0.0929034693033637 0.14975414290915573 0.12088587439654738
0.08112354685499361 0.12804146506966677 0.1274634203078048 0.13850623529919331 0.09624511417605242 0.16846937633902162 0.09394335959423548 0.16620748235903196
0.0789057860893277 0.1321812436209478 0.10488590062346617 0.12805543491784008 0.102099221306398 0.19776154360634016 0.09604157618838007 0.16006929364730008
0.07522952851704823 0.1353189978812921 0.09976815920244052 0.13558639738737568 0.09518742027375741 0.2042428720800589 0.09196294779317656 0.16270367686485082
0.07723293716510235 0.13261923467720282 0.09804855526489592 0.1270341566374586 0.10108993955763751 0.20990686342278547 0.09527561747809395 0.15879269579682323
0.07474002326553486 0.13505915071001812 0.09800924494757972 0.1352089238589446 0.0947316957340953 0.20829333058354885 0.09170692226954504 0.1622507086307335
0.07390923934779431 0.14210588885990563 0.09750569920496635 0.1343722250821687 0.09291344072253849 0.2068074144543793 0.09113942222964487 0.16124667009860244
0.11519229728313808 0.09470298544224691 0.1459578122289904 0.089798325082986 0.1504729971637952 0.14909065250386322 0.14253702394124762 0.11224790635373248
0.09575641528455835 0.1555238673586712 0.08913823315496988 0.1102269998334875 0.12383885865961355 0.21848056515188838 0.0747626607566263 0.132272399800185
0.1050645704122657 0.09113856267391082 0.20691766105221365 0.13207336605904488 0.10069903213936943 0.09798883127556784 0.14725194693448734 0.1188660294531404
0.08101659362200636 0.13378101071337664 0.1241671760925881 0.13739173459520276 0.09627968552321932 0.16930628056174787 0.09318743737761581 0.16487008151424334
0.10485253455042233 0.08373107427891097 0.23075095453917052 0.13402671788080733 0.0946550333939854 0.08676679388886276 0.14837308613585506 0.11684380533198586
0.08115842692257558 0.13213328913723346 0.12981430062878602 0.13769407103030196 0.09518636492838799 0.1653881617653651 0.09339250035098742 0.16523288523636234
0.10470923540797572 0.08338343391679201 0.23310709934963386 0.1338020769560613 0.0942622067501404 0.08596358369576214 0.1481243993978375 0.11664796452579704
0.1204212880783086 0.08941793606955706 0.1934738342292419 0.09324136470128613 0.141153840493621 0.11179254767826147 0.13860955110818057 0.11188963764154336
