Action: 0
[0.1599909838425124, 0.09281388457874133, 0.27274689300861893, 0.09281386081977898, 0.10318906478330701, 0.09281759132748336, 0.09281386081977898, 0.09281386081977898]
[0.25194332244013423, 0.11190145546743312, 0.14877847945105296, 0.08739404858280876, 0.13780054831014457, 0.08739404858280876, 0.08739404858280876, 0.08739404858280876]
[0.12178459582382357, 0.08926024307112622, 0.2991782163647969, 0.08926023266208961, 0.10125352937887364, 0.12074271737511091, 0.08926023266208961, 0.08926023266208961]
[0.125, 0.125, 0.125, 0.125, 0.125, 0.125, 0.125, 0.125]
[0.17075804629893734, 0.08933157839684962, 0.23779389283729596, 0.08933157839684962, 0.14478221766551239, 0.08933952961085588, 0.08933157839684962, 0.08933157839684962]
[0.1316958619350149, 0.0876878246056872, 0.1626193536397529, 0.0876878246056872, 0.24274330501581426, 0.11219018098666925, 0.0876878246056872, 0.0876878246056872]
[0.125, 0.125, 0.125, 0.125, 0.125, 0.125, 0.125, 0.125]
[0.125, 0.125, 0.125, 0.125, 0.125, 0.125, 0.125, 0.125]

Action: 1
[0.098376458583853, 0.09256178785338878, 0.09256178785338878, 0.09256178785338878, 0.13807905562195774, 0.3007355465272453, 0.09256178785338878, 0.09256178785338878]
[0.1111111111111111, 0.1111111111111111, 0.1111111111111111, 0.1111111111111111, 0.2222222222222222, 0.1111111111111111, 0.1111111111111111, 0.1111111111111111]
[0.10710060483170217, 0.09137074919290356, 0.09137074919290356, 0.09137074919290356, 0.1386590620832014, 0.29738658712057875, 0.09137074919290356, 0.09137074919290356]
[0.125, 0.125, 0.125, 0.125, 0.125, 0.125, 0.125, 0.125]
[0.09343616349040491, 0.09343616349040491, 0.09343616349040491, 0.09343616349040491, 0.23207802201867164, 0.20730499703889876, 0.09343616349040491, 0.09343616349040491]
[0.13957840034315971, 0.09573309548190356, 0.08882177441630677, 0.08882177441630677, 0.15973284052705927, 0.24966856598265055, 0.08882177441630677, 0.08882177441630677]
[0.125, 0.125, 0.125, 0.125, 0.125, 0.125, 0.125, 0.125]
[0.125, 0.125, 0.125, 0.125, 0.125, 0.125, 0.125, 0.125]

