0.5066612591040001 0.15616090089600004 0.09201682089599997 0.028361019103999994 0.140250460896 0.043227379104000006 0.02547145910399999 0.007850700895999999 
0.49022029055999994 0.14281210943999997 0.10877810943999998 0.03168949055999999 0.14354866944 0.04181893056 0.03185293056 0.00927946944 
0.5489478874880002 0.12910039251199998 0.128849232512 0.030302487487999994 0.106747152512 0.02510456748799999 0.025055727487999994 0.005892552511999997 
0.5368830987520001 0.12626302124799998 0.140914021248 0.03313985875199999 0.10440106124799998 0.024552818751999987 0.02740181875199999 0.006444301247999996 
0.49022029055999994 0.14281210943999997 0.10877810943999998 0.03168949055999999 0.14354866944 0.04181893056 0.03185293056 0.00927946944 
0.5308507043840002 0.124844335616 0.12460145561600001 0.029303504383999996 0.12484433561599999 0.02936062438399999 0.029303504383999996 0.0068915356159999965 
0.50142496404 0.13880098596 0.09106583595999997 0.02520821403999999 0.16139719596000002 0.044676854040000005 0.029312004039999996 0.008113945959999999 
0.5433164100000001 0.12744459000000002 0.12007359000000002 0.028165410000000002 0.12007359000000002 0.028165410000000002 0.02653641 0.0062245899999999995 
0.47918982988799996 0.161781050112 0.10633049011199996 0.035898629887999994 0.13264601011199997 0.044783109888 0.02943366988799999 0.009937210111999998 
0.4770387940499999 0.15454970594999998 0.08090131595000001 0.02621018405000001 0.16874270595000002 0.05466879405000001 0.028617184050000015 0.009271315950000006 
0.500968435968 0.15440628403200002 0.09098292403199996 0.028042355967999994 0.145943284032 0.044981995968 0.026505355967999987 0.008169364031999998 
0.4770387940499999 0.15454970594999998 0.08090131595000001 0.02621018405000001 0.16874270595000002 0.05466879405000001 0.028617184050000015 0.009271315950000006 
0.5309832844800001 0.12487551551999998 0.13936551552 0.03277568447999999 0.11030087552000002 0.025940324479999995 0.028950324479999998 0.0068084755199999975 
0.5308507043840002 0.124844335616 0.12460145561600001 0.029303504383999996 0.12484433561599999 0.02936062438399999 0.029303504383999996 0.0068915356159999965 
0.5369493888000001 0.11154021120000002 0.1333994112 0.0277109888 0.12627861119999997 0.026231788799999992 0.0313725888 0.006517011199999999 
0.5372795610000002 0.11873943900000002 0.12611043900000002 0.027870561000000002 0.12602853900000002 0.027852461000000002 0.029581461 0.006537538999999999 
0.47222730719999995 0.16764709280000004 0.09263789280000001 0.03288770720000001 0.14474069280000001 0.05138490720000002 0.028394107200000008 0.010080292800000007 
0.48775876695 0.15802273305000003 0.08271932305000002 0.02679917695000001 0.15802273305 0.05119576695000001 0.02679917695000001 0.008682323050000005 
0.4883259653999999 0.1660910346 0.08281551460000001 0.028167485400000008 0.1496750346 0.050907965400000005 0.02538348540000001 0.008633514600000005 
0.3993004224 0.16151477759999996 0.05808837760000002 0.0234964224 0.22227557760000005 0.0899092224 0.032335622400000014 0.013079577600000003 
0.5373459000000002 0.12604410000000002 0.11875410000000003 0.027855900000000003 0.12604410000000002 0.029565900000000006 0.0278559 0.006534099999999999 
0.48457398528 0.15639689472000004 0.10752521471999997 0.034703905279999996 0.13413641471999999 0.04329270528000001 0.029764385279999993 0.009606494719999999 
0.4959147996 0.1372757004 0.09657600039999999 0.026733499599999995 0.15962360040000004 0.04418589960000001 0.031085599599999996 0.008604900399999999 
0.5552544816 0.10797351839999997 0.13794711840000004 0.026824881599999996 0.11534271840000002 0.022429281599999993 0.028655681600000003 0.005572318399999998 
0.5309832844800001 0.11030087552000001 0.14698311552 0.03053272448 0.11750631552 0.024409524479999996 0.032527284479999995 0.006756875519999998 
0.5372795610000001 0.133481439 0.11873943900000002 0.029499561 0.11873943900000002 0.029499561 0.026241561 0.006519438999999999 
0.41755240800000004 0.15600859199999997 0.06074359200000003 0.022695408000000004 0.21799159200000004 0.081447408 0.03171240800000002 0.011848592000000003 
0.47703879404999994 0.16874270595000002 0.08090131595000001 0.02861718405000001 0.15454970595 0.05466879405000002 0.026210184050000005 0.009271315950000004 
0.500968435968 0.17674860403200002 0.09098292403199996 0.03210003596799999 0.12461652403199999 0.043966435968000005 0.02263211596799999 0.007984924031999997 
0.3782185407 0.1974565593 0.04160445930000001 0.021720440700000003 0.21367275930000004 0.11155214070000002 0.023504240700000005 0.012270859300000003 
0.46649552399999994 0.17218947600000004 0.07911327600000002 0.029201724000000016 0.15799647600000002 0.058318524000000024 0.026794724000000016 0.009890276000000009 
0.51235408224 0.16536295776000004 0.09305071775999996 0.030032242239999993 0.12744871776 0.04113424224000001 0.02314648223999999 0.007470557759999999 
0.46655442494999994 0.15801642505000002 0.08525447505000001 0.02887467495000001 0.16503407505 0.05589507495000002 0.03015702495000001 0.010213825050000005 
0.4900186368 0.17288536320000003 0.09542776319999999 0.0336682368 0.1286917632 0.04540423680000001 0.025061836799999997 0.008842163200000001 
0.5127562440000001 0.134663256 0.09312375599999997 0.024456743999999996 0.15751335600000005 0.041367144000000015 0.028606643999999994 0.007512855999999999 
0.4791898298880001 0.16906481011200006 0.09975161011199997 0.035193749887999996 0.132646010112 0.04679934988800001 0.02761254988799999 0.009742090111999998 
0.46643793195999994 0.16499286804000002 0.09150217804 0.03236702196000001 0.15111526804 0.053453931960000006 0.029644621960000006 0.010486178040000006 
0.5184535356 0.1289659644 0.09415846439999996 0.02342203559999999 0.15926350440000003 0.0396169956 0.028924495599999992 0.007195004399999998 
0.506661259104 0.17105578089600001 0.09201682089599995 0.03106613910399999 0.12603262089599998 0.042550339104 0.022889299103999988 0.007727740895999998 
0.49579097568 0.14443497432000002 0.09004262431999996 0.026231425679999986 0.15958374432000003 0.04649030568000001 0.028982655679999993 0.008443294319999997 
0.49546328832 0.15270951168000002 0.09648807167999998 0.02973912832 0.14433951168 0.04448768832 0.028109128319999996 0.00866367168 
0.5070589524000001 0.13316699760000003 0.10555304759999996 0.027721002399999993 0.14847944760000006 0.038994602400000015 0.030908552399999997 0.0081173976 
0.39930042239999997 0.1552834976 0.0684835776 0.026632502399999997 0.2152915776 0.0837245024 0.036924422400000004 0.014359497600000002 
0.47709769499999993 0.16158730500000001 0.08091130500000003 0.027403695000000016 0.16158730500000001 0.05472769500000002 0.027403695000000016 0.009281305000000009 
0.501155424 0.16174857600000003 0.09759657599999999 0.031499424000000005 0.131616576 0.042479424000000016 0.025631423999999996 0.008272576 
0.46131224039999985 0.1702762596 0.0842965596 0.03111494040000001 0.1562409596 0.05767054040000002 0.02855024040000001 0.010538259600000007 
0.48290012133999993 0.16424557866 0.08824135866000002 0.03001294134000001 0.14801197866000002 0.05034232134000001 0.027046541340000008 0.009199158660000005 
0.5127562440000001 0.134663256 0.09985575599999999 0.026224743999999998 0.15014775600000005 0.03943274400000001 0.029240244000000002 0.007679256000000001 
0.5429154931200002 0.12768170688 0.13488162688000002 0.031721173119999994 0.10557410687999998 0.024828693119999988 0.02622877312 0.006168426879999998 
0.5551859316640001 0.10796018833599998 0.145717908336 0.02833597166399999 0.10796018833599998 0.02099369166399999 0.028335971663999992 0.005510148335999996 
0.5368830987520001 0.10440106124799998 0.140914021248 0.02740181875199999 0.12626302124799998 0.024552818751999987 0.03313985875199999 0.006444301247999996 
0.5309832844800001 0.11030087552000001 0.14698311552 0.03053272448 0.11750631552 0.024409524479999996 0.032527284479999995 0.006756875519999998 
0.49022029055999994 0.14281210943999997 0.10877810943999998 0.03168949055999999 0.14354866944 0.04181893056 0.03185293056 0.00927946944 
0.489958140672 0.15101273932800002 0.10199321932799996 0.03143590067199999 0.14273573932800002 0.04399338067200001 0.02971290067199999 0.009157979327999999 
0.4717383630049999 0.152832486995 0.08620174699500001 0.027927403005000007 0.16686778699500002 0.05406136300500001 0.03049210300500001 0.009878746995000005 
0.49546328832 0.15991143168000002 0.08998311167999996 0.029042168319999995 0.14433951168 0.04658576832000001 0.02621408831999999 0.008460631679999999 
0.4611970563199999 0.14941734367999998 0.09047406368000001 0.02931153632000001 0.17023374368000002 0.05515185632000002 0.03339513632000002 0.010819263680000007 
0.5309832844800001 0.12487551551999998 0.13191719552000006 0.03102400448 0.11750631552000002 0.027634884479999993 0.02919320448 0.006865595519999997 
0.5552544816000001 0.11534271840000002 0.1303295184 0.0270732816 0.11534271840000002 0.0239600816 0.0270732816 0.005623918399999999 
0.5070589524 0.12613154759999998 0.09874624759999998 0.024563252399999992 0.1632106476 0.0405988524 0.031784152399999994 0.007906347599999999 
0.5312427120000001 0.12461248800000002 0.132147288 0.030997512 0.11740528800000002 0.027539512000000002 0.029204711999999997 0.006850487999999999 
0.40832501528000004 0.16516517472 0.06465658472000003 0.026153225280000008 0.20634458472000003 0.08346522528 0.03267381528000001 0.013216374720000002 
0.49579097568 0.14443497432000002 0.10320742431999996 0.030066625679999986 0.14517990432000005 0.04229414568000001 0.030221695679999997 0.00880425432 
0.39935083912 0.16153517087999997 0.06323556088000003 0.025578429120000006 0.21531876088 0.08709522911999998 0.03409483912000001 0.013791170880000004 
0.5071215600000001 0.13318344000000004 0.09875843999999999 0.02593656 0.15578244000000005 0.040912560000000014 0.03033756 0.007967440000000001 
0.44048760209999993 0.20491547789999998 0.06974939790000001 0.03244752210000001 0.1487146479 0.0691822721 0.02354835210000001 0.010954727900000004 
0.5014868760000001 0.13170362400000002 0.10439312399999998 0.027416375999999996 0.15405152400000005 0.040457976000000014 0.032068476 0.008422024 
0.5070589524000001 0.13316699760000003 0.10555304759999996 0.027721002399999993 0.14847944760000006 0.038994602400000015 0.030908552399999997 0.0081173976 
0.3993004224000001 0.16151477760000002 0.06848357760000003 0.027701222400000006 0.20846277760000004 0.0843220224 0.03575322240000001 0.014461977600000004 
0.4770387940499999 0.15454970594999998 0.08717030595000001 0.02824119405000001 0.16156735595000002 0.05234414405000001 0.029523544050000013 0.009564955950000006 
0.4992995826 0.1698234174 0.07825921740000001 0.026617782600000008 0.1457903174 0.04958668260000001 0.022850882600000007 0.007772117400000004 
0.4082734656 0.15254173439999996 0.059393734400000016 0.0221910656 0.22727053440000006 0.0849142656 0.033062265600000015 0.012352934400000003 
0.4561865488399999 0.16838430116 0.08335993116 0.03076921884000001 0.16136665116 0.05956249884000002 0.029486868840000006 0.010883981160000005 
0.36990604529999993 0.19311685469999998 0.0452522547 0.0236248453 0.21548095470000003 0.11249614530000002 0.02636074530000001 0.013762154700000005 
0.48483325439999997 0.1633395456 0.10758274559999997 0.036244454399999994 0.12732994560000002 0.04289725440000001 0.028254054399999996 0.0095187456 
0.4082734656 0.15254173439999996 0.059393734400000016 0.0221910656 0.22727053440000006 0.0849142656 0.033062265600000015 0.012352934400000003 
0.4716788075999999 0.1528131924 0.0925302924 0.029977707600000007 0.15975199240000001 0.051756007600000015 0.03133890760000001 0.010153092400000004 
0.4958521920000001 0.13022380800000002 0.11002780799999998 0.028896191999999994 0.15232060800000005 0.04000339200000001 0.033799392 0.008876608000000001 
0.4900186368 0.15815416320000003 0.10873336319999997 0.0350938368 0.12869176320000003 0.04153543680000001 0.028556236799999996 0.009216563200000001 
0.4823987805 0.16338271950000005 0.08181031950000002 0.027708180500000016 0.15628621950000002 0.05293228050000002 0.02650468050000001 0.008976819500000005 
0.5067238176000001 0.16354578240000003 0.09868098239999998 0.0318494176 0.12604818240000001 0.04068221760000001 0.024547017599999995 0.007922582400000001 
0.46649552399999994 0.17218947600000004 0.07911327600000002 0.029201724000000016 0.15799647600000002 0.058318524000000024 0.026794724000000016 0.009890276000000009 
0.5066612591040001 0.15616090089600004 0.09201682089599997 0.028361019103999994 0.140250460896 0.043227379104000006 0.02547145910399999 0.007850700895999999 
0.47405918208 0.13810401792 0.10519201791999998 0.030644782079999995 0.15970977792 0.04652702208 0.03543902207999999 0.010324177919999997 
0.477533232 0.16953076800000003 0.08098516800000002 0.028750832000000018 0.153456768 0.054479232000000016 0.02602483200000001 0.009239168000000008 
0.47691968323999995 0.15451111676 0.09355840676000002 0.03031079324000001 0.15451111676 0.05005808324000001 0.03031079324000001 0.009820006760000005 
0.5066612591040001 0.15616090089600004 0.09201682089599997 0.028361019103999994 0.140250460896 0.043227379104000006 0.02547145910399999 0.007850700895999999 
0.51269294076 0.12753300924 0.09311225923999995 0.023161790759999988 0.16502409924000003 0.04104995076 0.029970700759999993 0.007455249239999998 
0.5614239758400001 0.11662430416 0.13177762416 0.027374095839999998 0.10917322415999998 0.022678495839999993 0.025625175839999993 0.005323104159999997 
0.5552544816000001 0.11534271840000002 0.1303295184 0.0270732816 0.11534271840000002 0.0239600816 0.0270732816 0.005623918399999999 
0.5490849873600002 0.11406113264000002 0.12888141264000003 0.026772467360000003 0.12151221263999999 0.025241667359999994 0.028521387359999994 0.005924732639999998 
0.5191836559360001 0.114895064064 0.14371682406400002 0.031804455935999995 0.12210050406399998 0.02702077593599999 0.033799015935999994 0.007479704063999997 
0.5433164100000002 0.12007359000000002 0.12007359000000002 0.026536410000000003 0.12744459000000002 0.028165410000000005 0.02816541 0.0062245899999999995 
0.500968435968 0.17674860403200002 0.09098292403199996 0.03210003596799999 0.12461652403199999 0.043966435968000005 0.02263211596799999 0.007984924031999997 
0.36986037788699994 0.199418332113 0.04068505211299999 0.021936237887 0.21545435211300001 0.11616693788700003 0.023700217887 0.012778492113000002 
0.4510608572799999 0.16649234272000002 0.08848562272 0.03266117728000001 0.15955354272 0.05889325728000002 0.03129997728000001 0.011553222720000006 
0.501155424 0.16174857600000003 0.09759657599999999 0.031499424000000005 0.131616576 0.042479424000000016 0.025631423999999996 0.008272576 
0.48489447072 0.14126057928000002 0.10093912927999997 0.02940582071999999 0.15607640928000005 0.04546854072000001 0.032489990719999993 0.009465059279999999 
0.47759352659999993 0.17682347340000001 0.08099539340000002 0.02998760660000001 0.14638547340000002 0.05419752660000001 0.024825606600000008 0.009191393400000004 
0.49022029056 0.12194290944 0.10877810943999998 0.027058690559999994 0.16515442944 0.04108237056 0.03664717055999999 0.009116029439999998 
0.5551859316640001 0.10796018833599998 0.145717908336 0.02833597166399999 0.10796018833599998 0.02099369166399999 0.028335971663999992 0.005510148335999996 
0.5313753900000001 0.13201461 0.11743461000000002 0.029175390000000002 0.12464361000000003 0.030966390000000003 0.02754639 0.006843609999999999 
0.473805674496 0.16716520550400002 0.09863080550399997 0.034798314495999995 0.13803016550400002 0.048698954496000015 0.02873335449599999 0.010137525504 
0.46643793195999983 0.16499286804 0.07310854804000001 0.02586065196000001 0.17216821804000002 0.06090098196000002 0.02698530196000001 0.009545498040000005 
0.4955870304000001 0.15995136960000006 0.10316496959999998 0.0332966304 0.1301541696 0.04200743040000002 0.027093830399999994 0.0087445696 
0.48239878049999996 0.15628621950000002 0.08181031950000002 0.026504680500000013 0.16338271950000002 0.05293228050000001 0.027708180500000016 0.008976819500000007 
0.49381277399999995 0.16795722600000002 0.08374602600000003 0.028483974000000013 0.144188226 0.04904177400000001 0.02445297400000001 0.008317026000000005 
0.47173836300499983 0.166867786995 0.086201746995 0.030492103005000007 0.152832486995 0.05406136300500001 0.027927403005000004 0.009878746995000003 
0.39486375104 0.16602225895999995 0.06252504896000002 0.02628894104 0.21289944896 0.08951454103999996 0.033711751040000015 0.01417425896 
0.4769196832399999 0.17603716676000003 0.07475143676000001 0.027591713240000013 0.15451111675999998 0.057032033240000016 0.02421776324000001 0.008939086760000006 
0.500968435968 0.15440628403200002 0.11116308403199997 0.034262195967999995 0.12461652403199999 0.038408755968 0.027651955967999988 0.008522764031999999 
0.49034272320000005 0.13573327680000002 0.09549087679999999 0.026433123199999995 0.16519567680000002 0.045728323200000004 0.032170723199999994 0.008905276799999999 
0.365704643304 0.203574066696 0.049349996696 0.027471293304000003 0.200313996696 0.11150729330400001 0.027031363304 0.015047346696000004 
0.374062293 0.195286707 0.045760707000000005 0.023890293000000003 0.21132470700000003 0.11032629300000002 0.025852293000000005 0.013496707000000004 
0.4510608572799999 0.16649234272000002 0.08242330272000001 0.03042349728000001 0.16649234272000002 0.06145445728000002 0.03042349728000001 0.011229702720000007 
0.47222730719999995 0.1821896928 0.08008533280000002 0.03089766720000001 0.14474069280000001 0.05584230720000001 0.02454666720000001 0.009470332800000005 
0.36168591095999997 0.18882536904 0.05347238903999999 0.027916330959999996 0.21069248904000004 0.10999623096000002 0.031149210960000007 0.016262069040000004 
0.47173836300499983 0.166867786995 0.086201746995 0.030492103005000007 0.152832486995 0.05406136300500001 0.027927403005000004 0.009878746995000003 
0.49552584681600004 0.15272879318400004 0.10315223318399996 0.031793126815999995 0.137168033184 0.042277326816000015 0.02855388681599999 0.008800753183999999 
0.46655442494999994 0.15801642505000002 0.08525447505000001 0.02887467495000001 0.16503407505 0.05589507495000002 0.03015702495000001 0.010213825050000005 
0.5250171801600002 0.12347241984 0.13043497984000002 0.030675420159999998 0.12347241983999999 0.029037980159999987 0.03067542016 0.007214179839999998 
0.5184535356 0.1289659644 0.09415846439999996 0.02342203559999999 0.15926350440000003 0.0396169956 0.028924495599999992 0.007195004399999998 
0.4900186368 0.15815416320000003 0.09542776319999999 0.030799436800000003 0.1427533632 0.04607383680000001 0.027800236799999996 0.0089725632 
0.50693234592 0.12610005408 0.09206605407999996 0.02290154591999999 0.17078469408 0.04248290592 0.031016905919999987 0.007715494079999997 
0.5432493339000001 0.1200587661 0.1275116661 0.028180233899999997 0.1200587661 0.0265331339 0.0281802339 0.006227866099999999 
0.36990604529999993 0.19311685469999998 0.0452522547 0.0236248453 0.21548095470000003 0.11249614530000002 0.02636074530000001 0.013762154700000005 
0.46649552399999994 0.17218947600000004 0.07911327600000002 0.029201724000000016 0.15799647600000002 0.058318524000000024 0.026794724000000016 0.009890276000000009 
0.495525846816 0.167296313184 0.10315223318399996 0.03482560681599999 0.12326267318399999 0.041615166816 0.02565924681599999 0.008662913183999999 
0.4770387940499999 0.16156735595 0.08717030595000001 0.02952354405000001 0.15454970595 0.05234414405000001 0.02824119405000001 0.009564955950000006 
0.50109355296 0.16917604704000003 0.09758452703999997 0.03294587295999999 0.12464764703999999 0.042082752960000004 0.024274272959999992 0.008195327039999999 
0.37392272517600006 0.18895959482400002 0.041131914824000006 0.020785765176000004 0.22454514482400004 0.11347253517600002 0.024700215176000004 0.012482104824000001 
0.4769196832399999 0.17603716676000003 0.07475143676000001 0.027591713240000013 0.15451111675999998 0.057032033240000016 0.02421776324000001 0.008939086760000006 
0.4900186368 0.17288536320000003 0.09542776319999999 0.0336682368 0.1286917632 0.04540423680000001 0.025061836799999997 0.008842163200000001 
0.4613122403999999 0.1562409596 0.09049665960000002 0.03065014040000001 0.16317975960000003 0.055267040400000016 0.03201134040000001 0.010841859600000007 
0.5312427120000001 0.139518288 0.11740528800000001 0.030833711999999996 0.11740528800000001 0.030833711999999996 0.025946712 0.006814287999999998 
0.500968435968 0.15440628403200002 0.09098292403199996 0.028042355967999994 0.145943284032 0.044981995968 0.026505355967999987 0.008169364031999998 
0.4823392250949999 0.156266924905 0.088138864905 0.028554985095000006 0.15626692490500002 0.05062692509500001 0.028554985095000006 0.009251164905000003 
0.5250834702080002 0.12348800979199999 0.137817009792 0.03241151020799999 0.116200689792 0.027327830207999993 0.030498830207999993 0.007172649791999996 
0.5250834702080002 0.116200689792 0.137817009792 0.030498830207999993 0.12348800979199999 0.027327830207999993 0.03241151020799999 0.0071726497919999965 
0.5309832844800001 0.11750631552 0.14698311552000004 0.032527284479999995 0.11030087552 0.024409524479999993 0.030532724480000002 0.006756875519999999 
0.5195670480000001 0.121873752 0.12195295200000002 0.028606248 0.136451952 0.032007247999999995 0.032028047999999996 0.007512751999999999 
0.47912933376 0.16904346624000002 0.09330714623999999 0.03292005376 0.13958106624 0.049246133760000005 0.027182453759999996 0.00959034624 
0.47167880759999997 0.17410269240000004 0.07999231240000002 0.029526187600000014 0.15281319240000002 0.056405307600000024 0.025915687600000008 0.009565812400000005 
0.39042707968 0.15792556031999996 0.06696172032000001 0.027085639680000002 0.21733612032000005 0.08791123968 0.03727507968000001 0.015077560320000002 
0.47173836300499983 0.166867786995 0.073939326995 0.026154523005000006 0.166867786995 0.05902606300500001 0.026154523005000006 0.009251626995000005 
0.39486375104 0.15972016895999996 0.06252504896000002 0.025291031040000002 0.21980584896000002 0.08891023104 0.034805351040000015 0.014078568960000004 
0.47167880759999997 0.15975199240000001 0.09253029240000002 0.031338907600000014 0.1528131924 0.051756007600000015 0.02997770760000001 0.010153092400000006 
0.39042707968 0.15792556031999996 0.06696172032000001 0.027085639680000002 0.21733612032000005 0.08791123968 0.03727507968000001 0.015077560320000002 
0.47167880759999986 0.1741026924 0.07392999240000002 0.027288507600000015 0.15975199240000001 0.05896650760000002 0.025039207600000012 0.009242292400000008 
0.4900186368 0.17288536320000003 0.09542776319999999 0.0336682368 0.1286917632 0.04540423680000001 0.025061836799999997 0.008842163200000001 
0.5184535356 0.1289659644 0.09415846439999996 0.02342203559999999 0.15926350440000003 0.0396169956 0.028924495599999992 0.007195004399999998 
0.489958140672 0.17286401932800002 0.10199321932799997 0.03598462067199999 0.121877699328 0.043000140672 0.025370940671999992 0.008951219327999999 
0.49040463516000005 0.13575041484 0.10208616483999997 0.02825878515999999 0.15785000484000006 0.04369494516000001 0.03285919515999999 0.009095854839999999 
0.4769196832399999 0.15451111675999998 0.07475143676000001 0.02421776324000001 0.17603716676000003 0.057032033240000016 0.02759171324000001 0.008939086760000005 
0.50109355296 0.15444484704000003 0.09758452703999998 0.03007707296 0.13870924703999998 0.042752352960000004 0.027012672959999994 0.00832572704 
0.47709769499999993 0.16158730500000001 0.08091130500000003 0.027403695000000016 0.16158730500000001 0.05472769500000002 0.027403695000000016 0.009281305000000009 
0.48457398528 0.15639689472000004 0.10752521471999997 0.034703905279999996 0.13413641471999999 0.04329270528000001 0.029764385279999993 0.009606494719999999 
0.4717966094999999 0.1597918905 0.08621239050000001 0.02919910950000001 0.15979189050000003 0.05411960950000002 0.029199109500000014 0.009889390500000006 
0.46698033712 0.17289406288000003 0.08533230288000002 0.03159329712000001 0.15006556288 0.05556003712000001 0.027421797120000004 0.010152602880000004 
0.3782185407 0.1911304593 0.0462691593 0.0233818407 0.21367275930000001 0.1079782407 0.026139540700000005 0.013209459300000004 
0.46131224039999985 0.1702762596 0.07823423960000002 0.028877260400000014 0.1631797596 0.06023174040000002 0.02767376040000001 0.010214739600000007 
0.48457398528 0.15639689472000004 0.10087241471999997 0.032556705279999994 0.14116721472000002 0.045561905280000016 0.029386385279999993 0.00948449472 
0.4903427232 0.15062815680000002 0.10207327679999997 0.0313558432 0.14284777680000002 0.04388134320000001 0.02973622319999999 0.0091346568 
0.5067238176000001 0.15618018240000003 0.09868098239999999 0.0304150176 0.13307898240000002 0.04101701760000001 0.025916217599999996 0.0079877824 
0.4959147996 0.15962360040000004 0.10323320039999996 0.03322839959999999 0.1302402504 0.04192134960000001 0.02711174959999999 0.008726650399999999 
0.4774742772799999 0.18421402271999998 0.08724988272 0.033661817280000006 0.13263852272 0.05117317728 0.024237317280000007 0.009350982720000003 
0.36579597813 0.19097111187 0.04936232187 0.02577058813 0.21308672187000002 0.11124618813000002 0.028754978130000008 0.015012111870000004 
0.4823392250949999 0.156266924905 0.088138864905 0.028554985095000006 0.15626692490500002 0.05062692509500001 0.028554985095000006 0.009251164905000003 
0.4992995825999999 0.16982341739999998 0.08467653740000003 0.02880046260000001 0.1387014174 0.04717558260000001 0.023522462600000005 0.008000537400000004 
0.40373709376000005 0.15084682623999998 0.06924450624000002 0.02587157376 0.21768370624000005 0.08133237375999999 0.03733469376000001 0.013949226240000001 
0.495852192 0.16705180800000002 0.09656380799999999 0.032532191999999995 0.13022380800000002 0.043872192000000004 0.025360191999999997 0.008543808 
0.500968435968 0.15440628403200002 0.09098292403199996 0.028042355967999994 0.145943284032 0.044981995968 0.026505355967999987 0.008169364031999998 
0.50142496404 0.12473008596 0.10438023595999996 0.02596471403999999 0.16139719596000004 0.04014775404000001 0.03359760403999999 0.008357445959999998 
0.4722273072 0.17483669280000003 0.09263789280000001 0.03429810720000001 0.1378854928 0.05105050720000002 0.02704930720000001 0.010014692800000006 
0.36579597813 0.19097111187 0.04936232187 0.02577058813 0.21308672187000002 0.11124618813000002 0.028754978130000008 0.015012111870000004 
0.5013616608 0.1460578392 0.09763673919999999 0.028443760799999995 0.14681113920000002 0.04276936080000001 0.0285904608 0.0083290392 
0.5429154931200001 0.10557410687999998 0.15028610688000002 0.02922429311999999 0.11277954687999998 0.02193085311999999 0.03121885312 0.0060707468799999975 
0.5429840430560001 0.10558743694399998 0.142515316944 0.027713203055999988 0.120162076944 0.02336644305599999 0.03153856305599999 0.006132916943999996 
0.5368830987520002 0.126263021248 0.12601738124800002 0.029636498751999998 0.118811941248 0.02794193875199999 0.027887578751999997 0.006558541247999997 
0.4903427232 0.1428477768 0.09549087679999997 0.027818623199999993 0.15783007680000002 0.04597942320000001 0.030736323199999995 0.0089541768 
0.5133501317120002 0.120728588288 0.14210202828800003 0.03341925171199999 0.12072858828799998 0.028392691711999988 0.033419251712 0.007859468287999997 
0.501486876 0.13170362400000002 0.09766112399999999 0.025648375999999997 0.16141712400000002 0.04239237600000001 0.031434876 0.008255624 
0.48283915679999995 0.1642248432 0.09471964320000001 0.032216356800000005 0.14098404320000002 0.04795195680000001 0.02765715680000001 0.009406843200000004 
0.378171847053 0.191106862947 0.051032382947 0.025788907053 0.207142882947 0.10467840705300001 0.027952887053000003 0.014125822947000002 
0.5014868760000001 0.13170362400000002 0.10439312399999998 0.027416375999999996 0.15405152400000005 0.040457976000000014 0.032068476 0.008422024 
0.477533232 0.18423676800000002 0.08098516800000002 0.031244832000000014 0.13943476800000001 0.05379523200000001 0.02364683200000001 0.009123168000000004 
0.5013616608 0.15401305920000002 0.11125033919999998 0.0341749408 0.1247143392 0.038310940800000005 0.02767366079999999 0.008501059199999998 
0.4992995826 0.1698234174 0.07825921740000001 0.026617782600000008 0.1457903174 0.04958668260000001 0.022850882600000007 0.007772117400000004 
0.5070589524 0.12613154759999998 0.09874624759999998 0.024563252399999992 0.1632106476 0.0405988524 0.031784152399999994 0.007906347599999999 
0.5137940808000001 0.1276467192 0.12059791920000001 0.029961280799999997 0.1349358192 0.033523380799999995 0.0316721808 0.007868619199999998 
0.5490849873600001 0.10677381263999998 0.13641437264000003 0.026526827359999998 0.12151221264 0.023628987359999992 0.03018842736 0.005870372639999997 
0.5014868760000001 0.13881812400000001 0.09766112399999999 0.027033875999999995 0.15405152400000005 0.042643476000000013 0.030000475999999998 0.008304523999999999 
0.50109355296 0.15444484704000003 0.09758452703999998 0.03007707296 0.13870924703999998 0.042752352960000004 0.027012672959999994 0.00832572704 
0.48239878049999996 0.15628621950000002 0.08181031950000002 0.026504680500000013 0.16338271950000002 0.05293228050000001 0.027708180500000016 0.008976819500000007 
0.49546328832 0.15991143168000002 0.10994151167999998 0.03548376832 0.12324711168 0.03977816832000001 0.02734808831999999 0.008826631679999999 
0.5013616608 0.12471433920000001 0.09763673919999998 0.024287260799999995 0.16890793920000002 0.042016060800000005 0.032893660799999995 0.008182339199999998 
0.5250834702080002 0.12348800979199999 0.137817009792 0.03241151020799999 0.116200689792 0.027327830207999993 0.030498830207999993 0.007172649791999996 
0.5250171801600002 0.12347241984 0.13043497984000002 0.030675420159999998 0.12347241983999999 0.029037980159999987 0.03067542016 0.007214179839999998 
0.5368830987520001 0.12626302124799998 0.140914021248 0.03313985875199999 0.10440106124799998 0.024552818751999987 0.02740181875199999 0.006444301247999996 
0.5372795610000002 0.11873943900000002 0.118739439 0.026241561 0.133481439 0.029499560999999997 0.029499560999999997 0.006519438999999999 
0.5308507043840001 0.10322801561599998 0.146946415616 0.02857486438399999 0.12484433561599997 0.024276944383999986 0.034558544383999995 0.006720175615999996 
0.47944621824000005 0.13967338176000002 0.09980498175999998 0.029075418239999994 0.16152466176000002 0.047055738240000006 0.03362413823999999 0.009795461759999997 
0.46643793195999983 0.16499286804 0.07310854804000001 0.02586065196000001 0.17216821804000002 0.06090098196000002 0.02698530196000001 0.009545498040000005 
0.4955870304000001 0.15995136960000006 0.10316496959999998 0.0332966304 0.1301541696 0.04200743040000002 0.027093830399999994 0.0087445696 
0.50693234592 0.12610005408 0.09206605407999996 0.02290154591999999 0.17078469408 0.04248290592 0.031016905919999987 0.007715494079999997 
0.4665544249499999 0.16503407504999998 0.08525447505 0.030157024950000007 0.15801642505 0.05589507495000001 0.028874674950000012 0.010213825050000007 
0.484452993024 0.14931596697600003 0.10749836697599996 0.033132673024 0.141131966976 0.043499073024 0.03131667302399999 0.009652286975999999 
0.47167880759999986 0.1597519924 0.07392999240000002 0.025039207600000012 0.17410269240000004 0.05896650760000002 0.02728850760000001 0.009242292400000006 
0.5066612591040001 0.15616090089600004 0.09201682089599997 0.028361019103999994 0.140250460896 0.043227379104000006 0.02547145910399999 0.007850700895999999 
0.4510608572799999 0.16649234272000002 0.08242330272000001 0.03042349728000001 0.16649234272000002 0.06145445728000002 0.03042349728000001 0.011229702720000007 
0.4082734656000001 0.1525417344 0.07002253440000003 0.026162265600000005 0.21314733440000003 0.0796374656 0.03655666560000002 0.013658534400000002 
0.49579097568 0.14443497432000002 0.10320742431999996 0.030066625679999986 0.14517990432000005 0.04229414568000001 0.030221695679999997 0.00880425432 
0.4613122403999999 0.1631797596 0.0904966596 0.03201134040000001 0.1562409596 0.055267040400000016 0.030650140400000008 0.010841859600000005 
0.5067238176000001 0.15618018240000003 0.09868098239999999 0.0304150176 0.13307898240000002 0.04101701760000001 0.025916217599999996 0.0079877824 
0.47167880759999986 0.1741026924 0.07392999240000002 0.027288507600000015 0.15975199240000001 0.05896650760000002 0.025039207600000012 0.009242292400000008 
0.40837543200000004 0.16518556799999998 0.05940856800000002 0.024030432000000004 0.21320056800000003 0.08623843199999999 0.031015432000000016 0.012545568000000003 
0.4770387940499999 0.15454970594999998 0.08717030595000001 0.02824119405000001 0.16156735595000002 0.05234414405000001 0.029523544050000013 0.009564955950000006 
0.49375180945999997 0.18280589054000002 0.07738967054000001 0.02865262946000001 0.13716029054 0.05078200946000001 0.021498229460000007 0.007959470540000005 
0.4770387940499999 0.16156735595 0.07477010595000001 0.02532374405000001 0.16874270595000002 0.05715114405000001 0.026448394050000008 0.008957755950000005 
0.4883259653999999 0.17336233460000003 0.0892328346 0.03167886540000001 0.1356530346 0.04815866540000001 0.024788165400000006 0.008800134600000004 
0.4129129368 0.15427516319999998 0.06538306320000002 0.024428836800000003 0.2155694632 0.08054243679999998 0.03413453680000002 0.012753563200000003 
0.48239878049999996 0.15628621950000002 0.08181031950000002 0.026504680500000013 0.16338271950000002 0.05293228050000001 0.027708180500000016 0.008976819500000007 
0.50109355296 0.15444484704000003 0.10431124703999997 0.032150352959999996 0.13160032704000002 0.04056127296000001 0.027394872959999993 0.008443527039999999 
0.4823392250949999 0.156266924905 0.088138864905 0.028554985095000006 0.15626692490500002 0.05062692509500001 0.028554985095000006 0.009251164905000003 
0.5309832844800001 0.11750631552 0.14698311552000004 0.032527284479999995 0.11030087552 0.024409524479999993 0.030532724480000002 0.006756875519999999 
0.5309832844800001 0.12487551551999998 0.13936551552 0.03277568447999999 0.11030087552000002 0.025940324479999995 0.028950324479999998 0.0068084755199999975 
0.5368830987520001 0.12626302124799998 0.140914021248 0.03313985875199999 0.10440106124799998 0.024552818751999987 0.02740181875199999 0.006444301247999996 
0.5489478874880002 0.12910039251199998 0.128849232512 0.030302487487999994 0.106747152512 0.02510456748799999 0.025055727487999994 0.005892552511999997 
0.5013616608 0.12471433920000001 0.11125033919999996 0.027673660799999993 0.15401305920000002 0.038310940800000005 0.0341749408 0.0085010592 
0.5067238176000001 0.15618018240000003 0.09868098239999999 0.0304150176 0.13307898240000002 0.04101701760000001 0.025916217599999996 0.0079877824 
0.4561865488399999 0.16136665115999999 0.08949114116 0.03165565884000001 0.16136665115999999 0.05708014884000001 0.03165565884000001 0.011197541160000005 
0.5133501317120002 0.120728588288 0.14210202828800003 0.03341925171199999 0.12072858828799998 0.028392691711999988 0.033419251712 0.007859468287999997 
0.5493532590000002 0.12886064100000003 0.11403674100000001 0.026749359 0.121407741 0.028478358999999998 0.025202258999999994 0.005911640999999999 
0.46698033712 0.17289406288000003 0.08533230288000002 0.03159329712000001 0.15006556288 0.05556003712000001 0.027421797120000004 0.010152602880000004 
0.44599275775999986 0.16462164224 0.08749140224 0.03229419776000001 0.16462164224000003 0.06076395776000003 0.03229419776000001 0.011920202240000009 
0.40827346560000005 0.17166043439999995 0.059393734400000016 0.024972365599999997 0.20631853440000003 0.08674756559999998 0.03001426560000001 0.0126196344 
0.4510608572799999 0.16649234272000002 0.08242330272000001 0.03042349728000001 0.16649234272000002 0.06145445728000002 0.03042349728000001 0.011229702720000007 
0.4611970563199999 0.17023374368000002 0.09047406368000001 0.03339513632000001 0.14941734367999998 0.05515185632000001 0.02931153632000001 0.010819263680000007 
0.50109355296 0.16917604704000003 0.09758452703999997 0.03294587295999999 0.12464764703999999 0.042082752960000004 0.024274272959999992 0.008195327039999999 
0.47173836300499983 0.166867786995 0.086201746995 0.030492103005000007 0.152832486995 0.05406136300500001 0.027927403005000004 0.009878746995000003 
0.36168591095999997 0.19501088904 0.05347238904 0.02883081096 0.20433272904 0.11017047096000002 0.03020897096 0.01628782904 
0.35762202432 0.18670373568 0.052871575680000005 0.027602664320000005 0.21475637568000003 0.11211786432000002 0.03175002432 0.016575735680000002 
0.4848332544 0.14124274560000002 0.10758274559999997 0.03134125439999999 0.14893570560000002 0.04338829440000001 0.0330482944 0.0096277056 
0.36570464330400004 0.184806636696 0.049349996696 0.024938723304 0.219610086696 0.110978633304 0.029635273304000002 0.014976006696 
0.46643793195999994 0.15111526804 0.08523318804 0.027613611960000006 0.17216821804000002 0.05577858196000002 0.03146066196000001 0.010192538040000004 
0.5371454088000001 0.11870979120000001 0.13361559120000002 0.0295292088 0.11870979120000003 0.0262350088 0.029529208799999998 0.006525991199999999 
0.5309832844800001 0.11030087552000001 0.14698311552 0.03053272448 0.11750631552 0.024409524479999996 0.032527284479999995 0.006756875519999998 
0.5430510864000001 0.1128077136 0.1425329136 0.029608286399999996 0.11280771360000001 0.0234334864 0.029608286399999996 0.006150513599999998 
0.37401611247 0.19526259753 0.04114218753 0.02147910247 0.21787518753000004 0.11374610247000003 0.023966512470000003 0.012512197530000003 
0.49022029055999994 0.14281210943999997 0.10877810943999998 0.03168949055999999 0.14354866944 0.04181893056 0.03185293056 0.00927946944 
0.500968435968 0.17674860403200002 0.09098292403199996 0.03210003596799999 0.12461652403199999 0.043966435968000005 0.02263211596799999 0.007984924031999997 
0.36986037788699994 0.199418332113 0.04068505211299999 0.021936237887 0.21545435211300001 0.11616693788700003 0.023700217887 0.012778492113000002 
0.49579097568 0.14443497432000002 0.09004262431999996 0.026231425679999986 0.15958374432000003 0.04649030568000001 0.028982655679999993 0.008443294319999997 
0.5013616608 0.1460578392 0.09763673919999999 0.028443760799999995 0.14681113920000002 0.04276936080000001 0.0285904608 0.0083290392 
0.489958140672 0.15101273932800002 0.10199321932799996 0.03143590067199999 0.14273573932800002 0.04399338067200001 0.02971290067199999 0.009157979327999999 
0.46119705631999985 0.17023374368 0.07228710368 0.02668209632000001 0.17023374368000002 0.06283545632000002 0.026682096320000008 0.009848703680000006 
0.408375432 0.15881266799999996 0.06466456800000002 0.025147332000000005 0.21320056799999998 0.08291133199999999 0.03375943200000001 0.013128668000000003 
0.46643793195999994 0.15111526804 0.09150217804 0.029644621960000006 0.16499286804000002 0.05345393196000001 0.03236702196000001 0.010486178040000006 
0.40378694400000004 0.157028256 0.06925305600000002 0.026931744000000004 0.210805056 0.081979744 0.03615494400000001 0.014060256000000004 
0.47173836300499983 0.166867786995 0.086201746995 0.030492103005000007 0.152832486995 0.05406136300500001 0.027927403005000004 0.009878746995000003 
0.4900186368 0.17288536320000003 0.09542776319999999 0.0336682368 0.1286917632 0.04540423680000001 0.025061836799999997 0.008842163200000001 
0.4769196832399999 0.17603716676000003 0.07475143676000001 0.027591713240000013 0.15451111675999998 0.057032033240000016 0.02421776324000001 0.008939086760000006 
0.5067238176000001 0.16354578240000003 0.09202818239999998 0.029702217599999997 0.13307898240000002 0.042951417600000014 0.024169017599999995 0.0078005824000000005 
0.4613122403999999 0.1562409596 0.0842965596 0.02855024040000001 0.17027625960000004 0.05767054040000002 0.031114940400000013 0.010538259600000006 
0.5429840430560001 0.10558743694399998 0.142515316944 0.027713203055999988 0.120162076944 0.02336644305599999 0.03153856305599999 0.006132916943999996 
