0.125 0.125 0.125 0.125 0.125 0.125 0.125 0.125
0.06578947368421052 0.10964912280701754 0.05921052631578946 0.09868421052631579 0.13157894736842105 0.21929824561403508 0.11842105263157893 0.19736842105263158
0.07295173961840629 0.12906846240179573 0.09118967452300786 0.16133557800224466 0.08754208754208755 0.15488215488215487 0.10942760942760943 0.19360269360269358
0.0986809039440685 0.07771121185595395 0.197361807888137 0.1554224237119079 0.08602950600252127 0.07723866263839801 0.17205901200504253 0.135496471953971
0.07372086564863402 0.12286810941439004 0.10447312636606589 0.14744173129726804 0.09215108206079253 0.1644616226183135 0.11058129847295105 0.18430216412158507
0.07277991791872168 0.12129986319786949 0.09578534734300996 0.14555983583744336 0.09873831309780506 0.17471705093026366 0.10916987687808255 0.1819497947968042
0.07221002253349688 0.12035003755582813 0.09441112826037414 0.14442004506699377 0.10475999857322425 0.17500867787609534 0.10831503380024533 0.1805250563337422
0.08829911242937742 0.14716518738229573 0.08659876909570606 0.13244866864406615 0.12949303397704276 0.23718952580202265 0.09933650148304961 0.07946920118643969
0.06128757368739247 0.10843186113923284 0.05343019244541908 0.09453034048035684 0.12257514737478493 0.26382381902126206 0.10686038489083816 0.18906068096071368
0.0945029558958582 0.07628551861472892 0.1890059117917164 0.15257103722945783 0.0947353399019368 0.08547998244724496 0.17010532061254477 0.13731393350651205
0.07155091260904632 0.1192515210150772 0.10120697255696436 0.14310182521809264 0.10338055936721988 0.17530455879741447 0.10732636891356948 0.17887728152261576
0.07438671619976446 0.11594822633003694 0.0916602785100286 0.13913787159604432 0.10210187606791697 0.19848928810411995 0.10435340369703325 0.1739223394950554
0.07364556386435817 0.1144193768965827 0.08976626533313145 0.13730325227589923 0.10072382026348828 0.20953521681474166 0.10297743920692443 0.17162906534487402
0.07306500458168241 0.11353256331449103 0.08897705548369654 0.13623907597738924 0.10356184972633711 0.2121462989616253 0.10217930698304192 0.17029884497173653
0.07270630365851237 0.1130052626964752 0.08852892927604741 0.13560631523577024 0.10367230266080511 0.2152682560008492 0.1017047364268277 0.1695078940447128
0.07245791755151265 0.11262849622915698 0.08822412041234497 0.13515419547498836 0.1053135618650269 0.21591331751699328 0.10136564660624128 0.16894274434373546
0.05075463265308829 0.08979665777084853 0.06865574327145167 0.11224582221356065 0.11146467308413308 0.21570424494707569 0.1268865816327207 0.2244916444271213
0.09700315416146373 0.07272878723587542 0.19728580185623257 0.14545757447175084 0.10183920894244364 0.09784879157331948 0.1610275142707213 0.12680916748819304
0.11075122517286552 0.07956307146950692 0.1625120773510456 0.0954756857634083 0.1568468088557945 0.12395781662215337 0.15154870756096556 0.11934460720426036
0.06915593620724501 0.12235281021281809 0.09975992891507794 0.15294101276602262 0.10445396512217114 0.16407322714657072 0.10373390431086751 0.1835292153192271
0.09750703434142544 0.07186602676973211 0.21388612995779593 0.14373205353946422 0.10009069308143953 0.0884959034542719 0.15911729166762012 0.12530486718825085
0.07497937166446152 0.11381519030712799 0.12029813314453161 0.13657822836855357 0.10678295829233328 0.17438966148588497 0.10243367127641519 0.17072278546069197
0.10733392960170303 0.07859474310872873 0.1513399062939242 0.09431369173047449 0.15879620777297038 0.14202513424105145 0.14970427258805474 0.1178921146630931
0.04939382170526218 0.08738906917084846 0.07072133595728897 0.10923633646356058 0.12501792103742074 0.21628428847534245 0.12348455426315545 0.21847267292712116
0.1203052711333701 0.09711389356549152 0.16065629774603815 0.12139236695686441 0.13675422018141228 0.11918139013060429 0.13534343002504137 0.10925313026117796
0.08886210959070515 0.07173206436840054 0.22610569547834208 0.1434641287368011 0.10316998934528203 0.07759649935407888 0.15995179726326925 0.12911771586312096
0.10830397984084397 0.07829501220878597 0.17836519019626443 0.09395401465054318 0.15725152602817258 0.117254402174047 0.14913335658816376 0.11744251831317896
0.06654854793397717 0.11773973865242113 0.1152371698296756 0.14717467331552642 0.10698540666928323 0.1698820337195191 0.09982282190096575 0.17660960797863168
0.07509360160183123 0.11206185157243496 0.10111633098394995 0.13447422188692196 0.10725676980164303 0.20104878037937496 0.10085566641519148 0.1680927773586524
0.07742286096615741 0.11056716316229667 0.09751605813058074 0.13268059579475597 0.10616809326907202 0.2102840370876251 0.099510446846067 0.16585074474344497
0.0657703108927814 0.11636285773338248 0.09945977301620942 0.14545357216672808 0.0969503896273675 0.20280334362428518 0.0986554663391721 0.1745442866000737
0.11354475764773471 0.07806037074541672 0.1451176136062831 0.09367244489450005 0.15521678809267866 0.14861104842780126 0.1486864204674604 0.11709055611812506
0.06562417780362102 0.11610431457563719 0.10799166712117368 0.14513039321954646 0.10807552273362792 0.18448118597750632 0.09843626670543153 0.17415647186345576
0.09272358190060974 0.13494904897211804 0.12037458711297543 0.16193885876654163 0.0905024277055086 0.1736275489550705 0.08470647997019101 0.14117746661698502
0.12102864438670895 0.07770169208505803 0.1500656190454602 0.09324203050206964 0.15259704455164144 0.14080920828231658 0.14800322301915816 0.11655253812758705
0.0654580302937825 0.1158103612889998 0.1086623947267401 0.14476295161124975 0.10737388952712747 0.18602978517792684 0.09818704544067375 0.1737155419334997
0.1030423459998737 0.0699740512924645 0.22052501414757597 0.139948102584929 0.0992369965743954 0.09033914883587525 0.1549283024139222 0.12200603815096374
0.08404658768882674 0.11160204567907074 0.12423154202109131 0.13392245481488485 0.10577572100884032 0.17257673915751617 0.10044184111116367 0.16740306851860606
0.0801297661025595 0.11066731923782143 0.10403298318165596 0.1328007830853857 0.1061865455472379 0.2005810366745683 0.09960058731403927 0.1660009788567321
0.07901214687213048 0.10995976080962912 0.09948114589977083 0.13195171297155495 0.10565123145138644 0.21004057605241835 0.09896378472866621 0.16493964121444366
0.0770777324791314 0.1363682959246171 0.08172369230422043 0.11888518106248672 0.1168282394912092 0.24581947517749053 0.08063516628586054 0.14266221727498404
0.11539149926654194 0.0931473548296182 0.17017909172585635 0.11643419353702275 0.13444591142414505 0.13579573835863554 0.12981543667485967 0.10479077418332046
0.08562448270362162 0.06911855832701987 0.24179339079721446 0.13823711665403973 0.10318408994739768 0.08350488771555202 0.15412406886651892 0.12441340498863575
0.08399864814002189 0.0678061376551984 0.27024705483597017 0.1356122753103968 0.0952343354480886 0.07385293417892756 0.1511975666520394 0.12205104777935712
0.08302220272664587 0.0670179226829551 0.28154713161568423 0.1340358453659102 0.0927203808802676 0.07158429099125506 0.14943996490796255 0.12063226082931919
0.0969074825876308 0.0782265220888104 0.20982342860540193 0.097783152611013 0.14364059250330913 0.11091781458917276 0.1453612238814462 0.11733978313321561
0.08377078732554764 0.06762220181700834 0.25975863943024535 0.13524440363401669 0.10301765825603333 0.07807892908054785 0.15078741718598573 0.121719963270615
0.08309076626399249 0.06707326915286141 0.27879119729628055 0.13414653830572282 0.0942971844848681 0.07230578074593756 0.14956337927518648 0.12073188447515054
0.08259217711249486 0.06667079357273681 0.28559037528568065 0.13334158714547362 0.09211896559049897 0.07101275405969805 0.14866591880249075 0.12000742843092627
0.08238350737385014 0.06650234932587903 0.28796931342977855 0.13300469865175807 0.0914962696427687 0.07064931951645295 0.14829031327293024 0.11970422878658225
0.08230620082507854 0.0664399452443405 0.28879655612149324 0.132879890488681 0.09130142293251978 0.07053292146293262 0.14815116148514135 0.11959190143981291
0.08227864758685471 0.0664177034737261 0.28908407794404484 0.1328354069474522 0.0912372169946117 0.07049351514426513 0.14810156565633847 0.11955186625270696
0.056199276962308344 0.09942949001023785 0.19754652346824828 0.1988589800204757 0.06231078705827796 0.10552316192986864 0.10115869853215503 0.17897308201842813
0.09914744714103166 0.06877434257449576 0.2577266360145296 0.13754868514899152 0.08839699360269476 0.07621960850385012 0.1522720486793882 0.11991423833501823
0.08331123695152837 0.11135883772162307 0.13377365859829457 0.1336306052659477 0.10325648713998689 0.16740796379072417 0.10022295394946078 0.1670382565824346
0.07994796082698864 0.11053838512265525 0.10693234438919744 0.1326460621471863 0.10556712407899657 0.1990759991406033 0.09948454661038972 0.16580757768398285
0.06480911556402526 0.11466228138250623 0.10339355028639619 0.1433278517281328 0.09834906089236346 0.20625104472677877 0.09721367334603791 0.17199342207375934
0.10237173084639939 0.06955046138547892 0.22334162070454924 0.13910092277095784 0.09695762177639561 0.09341973184776287 0.15399043953480065 0.12126747113365553
0.08363824399365943 0.11108731083209444 0.1271136073776646 0.13330477299851334 0.10490652293326602 0.1733399958677756 0.09997857974888501 0.16663096624814167
0.09862264844350746 0.13623569669758048 0.09803985286140142 0.12261212702782244 0.1305942718524102 0.24836903162971766 0.09195909527086682 0.07356727621669346
0.06326022689002023 0.11192193988234349 0.09955165376596922 0.13990242485292936 0.1013137319775082 0.22127677247268404 0.09489034033503034 0.16788290982351523
0.11501074709747706 0.09284000066904774 0.1809277560042196 0.11605000083630969 0.130390754968656 0.13094864918694954 0.1293870904846617 0.10444500075267871
0.09371538210993964 0.06762721307117871 0.24798810508195424 0.13525442614235741 0.10114842876446764 0.08173886976714327 0.1507985915348373 0.12172898352812166
0.07122496080282678 0.11496846084073885 0.13434522243863717 0.14371057605092355 0.09850931372446387 0.1673155146032838 0.09747326027801773 0.17245269126110827
0.10269519188585745 0.06883310164149271 0.2359392254157254 0.13766620328298543 0.09599292595901775 0.08645451568880189 0.15240214608454225 0.12001669004157704
0.1042483377085567 0.13830684516300434 0.1216335204202204 0.12447616064670387 0.1304062725340658 0.21288604665439842 0.09335712048502792 0.07468569638802233
0.05063961746987571 0.0808465768528546 0.07566703667877715 0.10105822106606824 0.12303181153441682 0.2524005661042286 0.11423972816164236 0.20211644213213648
0.06656379271917502 0.11194809948793083 0.09489497404841525 0.13993512435991354 0.10045824420515685 0.22336509681644073 0.09491251913107179 0.16792214923189622
0.10903190565395762 0.07868079313220824 0.15229565920731764 0.0983509914152603 0.1477470053903855 0.1496671011001713 0.14620535440238697 0.11802118969831236
0.10392234233683441 0.06713203720672997 0.23482651170306246 0.13426407441345994 0.10458606743937264 0.08473687666446453 0.14969442326396207 0.12083766697211398
0.11744948549663703 0.07673184101065932 0.1935324914087807 0.09591480126332413 0.1458347134183602 0.11285511176942747 0.14258379411682215 0.11509776151598895
0.08060153236311582 0.11230103502352959 0.12101246001061969 0.140376293779412 0.10624171555063537 0.17580366365222677 0.0952117470851664 0.16845155253529437
0.1048036264996428 0.06884797414122563 0.2305680734423176 0.13769594828245127 0.09765783134895208 0.08794884968415781 0.15243507502167986 0.12004262157957289
0.0796880489654432 0.11397045450712297 0.13012384994809728 0.1424630681339037 0.09744974018831229 0.1687220320230057 0.09662712447343035 0.17095568176068443
0.10446181315778345 0.06877966537384037 0.2345767837522185 0.13755933074768073 0.0957413967576738 0.08667365730269415 0.15228383379474622 0.11992351911336267
0.07963554626028872 0.11396069158912656 0.13098867411215656 0.1424508644864082 0.09705139087631202 0.16835294807514992 0.09661884721686816 0.1709410373836898
0.11705389082027244 0.07707792148696845 0.15805276475162672 0.09249350578436215 0.15371221361540882 0.1391777327643023 0.14681508854660655 0.11561688223045267
0.06910586939759383 0.09635976562732655 0.06783996254484018 0.08400594952125905 0.1543043457817179 0.26540896079984294 0.09496324728490153 0.1680118990425181
0.09880345283737357 0.06884513979247554 0.2019206024682971 0.1376902795849511 0.10881181924514924 0.10649306810207583 0.15351438634322156 0.12392125162645598
0.13456548668762466 0.0888037048616462 0.21160652657938983 0.11100463107705776 0.12772840645377262 0.10262519664792977 0.1237618797232271 0.09990416796935198
0.14420152428316393 0.08673850804531617 0.21187475697522992 0.1084231350566452 0.13038035901289816 0.09991719076634217 0.12088370430942384 0.09758082155098068
0.08741910930261682 0.11177874110270394 0.12486624501901811 0.13972342637837995 0.10289855071407498 0.1708768831551186 0.09476893267403162 0.1676681116540559
0.08053275878657118 0.11040072186418853 0.10578002845441753 0.1324808662370262 0.10537877479062227 0.2004651173931219 0.09936064967776967 0.16560108279628274
0.11660592085482725 0.07793974969565375 0.15463130980834539 0.09742468711956717 0.14830844662083942 0.14335192050491485 0.1448283408523715 0.11690962454348061
0.10811207776784387 0.06672804569926677 0.23490335002353238 0.13345609139853354 0.10442072430139254 0.08347564605119166 0.14879358249955904 0.12011048225868019
0.0948360153908563 0.1308388207586092 0.15090881158414976 0.16354852594826153 0.08526700340761237 0.1442107254877424 0.08319642406933303 0.14719367335343533
0.10700429525541508 0.06833140594767224 0.24265172194061974 0.1366628118953445 0.09267459097169317 0.08224188484185396 0.1512913505719727 0.11914193857542853
0.09858212790535945 0.135839405084923 0.11060239902366188 0.11842409674070212 0.11508641218447423 0.1990342121392127 0.08032243083282403 0.14210891608884255
0.10669164204914582 0.06827053407451189 0.2194250380347029 0.13654106814902378 0.09965665962136344 0.09429499538292077 0.1522331013542101 0.1228869613341214
0.1052566704980615 0.06623915594456406 0.2607852925837124 0.13247831188912812 0.09360738742895444 0.074699269640172 0.14770343131519206 0.1192304807002153
0.10356499448401686 0.06529964117426358 0.27559612290196767 0.13059928234852716 0.09118575924082498 0.07060639213321837 0.14560845360350716 0.11753935411367444
0.061528948940095654 0.08528752836945051 0.16824517302657527 0.17057505673890103 0.07210642145373301 0.12187241707470009 0.11569438630986333 0.20469006808668125
0.07780149674572118 0.11286568386530162 0.11677691589863846 0.13543882063836193 0.10050668618172824 0.18573275539352474 0.10157911547877148 0.16929852579795243
0.07931586824842149 0.11016937860671924 0.10385220365133885 0.1322032543280631 0.10462316249304218 0.20542962401628886 0.09915244074604734 0.16525406791007888
0.07669238697755869 0.11229341650997228 0.10126092584430973 0.14036677063746533 0.09736505530251753 0.2083760320525894 0.09520528791062867 0.1684401247649584
0.10287002280309522 0.06915377842597882 0.2173545458468225 0.13830755685195764 0.09701215418373652 0.09662253629118114 0.1542026044304662 0.12447680116676188
0.08170411805403648 0.11363993313799006 0.12703978700179744 0.14204991642248757 0.09710849845138686 0.17165094739093364 0.09634689983438288 0.17045989970698508
0.08021851407719456 0.11052116783182643 0.10631656601223584 0.13262540139819173 0.10418730111327744 0.20088024677089045 0.0994690510486438 0.16578175174773965
0.06561063212535927 0.09588832307382641 0.06060821296125366 0.08359494832077174 0.13842815525647456 0.29418119438859425 0.09449863723217675 0.1671898966415435
0.10029403152989672 0.068833090129105 0.19865964756438648 0.13766618025821 0.10564277398718835 0.11151719690646195 0.1534875173923625 0.12389956223238902
0.10454659937342631 0.06669152623709332 0.2532418023110945 0.13338305247418664 0.09541562415826385 0.07796449866958911 0.14871214954957823 0.120044747226768
0.10367247339324205 0.06547919881756266 0.27293538211487417 0.13095839763512532 0.09177384963907888 0.0713093001800883 0.14600884034841582 0.11786255787161276
0.1374466673491589 0.08691491866745582 0.23385575336944958 0.10864364833431978 0.12093575204206727 0.09329441657884464 0.12112956015781623 0.09777928350088778
0.12746326825670956 0.07497509458274552 0.19061204656045846 0.0937188682284319 0.14844693963520103 0.11300174868991997 0.13931939217241518 0.11246264187411827
0.0848346931988795 0.11162516110435107 0.12003869416284135 0.13953145138043885 0.10649341156261993 0.17540012338934946 0.09463872354499331 0.1674377416565266
0.07807352992715662 0.11300476562950194 0.10528632008410237 0.14125595703687743 0.09831831342146896 0.1987455772055404 0.09580838825109948 0.1695071484442529
0.14150716743743763 0.09281896259185685 0.18086959438326652 0.11138275511022822 0.12950998433513336 0.12350333290808087 0.12330528852251556 0.097102914711481
0.08736167728201172 0.11159784984477161 0.11786168608222221 0.13949731230596452 0.10251151819236495 0.17915761317885343 0.09461556834665419 0.1673967747671574
0.0895177716675336 0.0573613893875135 0.19126006515810734 0.114722778775027 0.11583184529784367 0.10580302739594188 0.1820996488492492 0.14340347346878374
0.07956989720333611 0.11374624904388739 0.12139538156586768 0.14218281130485924 0.10100509084434744 0.17504415923901012 0.09643703723286107 0.17061937356583107
0.10559321367896152 0.06884395094256507 0.23101043454015133 0.13768790188513014 0.09658596992228395 0.08781675493017428 0.15242616732908176 0.12003560677165191
0.06075117928160297 0.08383583425625714 0.09598584973804451 0.10479479282032142 0.11935797029123489 0.20722110913153297 0.11846367884036332 0.20958958564064284
0.09955057890444739 0.06926010888313365 0.21529307038156392 0.1385202177662673 0.10166943255777453 0.09659869003746858 0.15443970547970398 0.12466819598964057
0.10410685026299366 0.06642157885310614 0.25948430628346075 0.13284315770621227 0.09422564690337805 0.07524941088131694 0.14811020717394113 0.11955884193559103
0.12066637299770092 0.07614408513885867 0.20042642819401943 0.09518010642357334 0.14195868268863948 0.10991657595656337 0.1414916208923568 0.11421612770828801
0.10803571903076943 0.06566779773268934 0.25184295450023525 0.13133559546537868 0.10162718661968509 0.076859322952345 0.1464293877800565 0.1182020359188408
0.10447320898568652 0.06536091761952194 0.2721274462258426 0.13072183523904388 0.09288167621236296 0.07104017307170729 0.14574509093069518 0.11764965171513948
0.09438633322889417 0.13036887380876125 0.15987978704528044 0.16296109226095154 0.08297274049500518 0.139868591019593 0.08289759910665796 0.1466649830348564
0.08310587755910163 0.11111258972015524 0.11384984644827655 0.13333510766418627 0.10163343499785864 0.19029292828204922 0.10000133074813972 0.16666888458023282
0.07770891862589745 0.11266008411413239 0.10368157584464933 0.1408251051426655 0.09705329930220488 0.2035647325285744 0.09551615827067747 0.16899012617119857
0.07673058843209438 0.11260536702627166 0.10143133620242925 0.14075670878283958 0.0960316589000699 0.2080665224207008 0.09546976769618684 0.16890805053940747
0.11651230247171125 0.07818109431024853 0.15362891137855303 0.09772636788781067 0.1458194979170561 0.14558337499274104 0.14527680957650663 0.1172716414653728
0.12366777998415912 0.07582491527393129 0.16654171017600894 0.09478114409241412 0.15748268820632788 0.12706585276515064 0.14089853659111112 0.11373737291089693
0.08428118958779435 0.11148461338850847 0.11465308887731906 0.13935576673563557 0.1081929861851715 0.18028587161776863 0.09451956352503979 0.1672269200827627
0.1181001192671783 0.07792788146999363 0.15742505611175375 0.09740985183749204 0.14914003683546703 0.13829894506395757 0.14480628720916727 0.11689182220499045
0.1240109975361688 0.07575214406060873 0.1676216224386386 0.09469018007576091 0.15837448330954867 0.12515904401752856 0.14076331247083265 0.11362821609091309
0.1097857880698878 0.06618626965685527 0.23919600966630278 0.13237253931371054 0.10577105971498861 0.07996754540883824 0.14758550278707724 0.11913528538233949
0.10534843956018301 0.06561727931483938 0.2675277715913106 0.13123455862967875 0.09404280952255122 0.0718012993664126 0.14631673924831348 0.11811110276671088
0.12086501113481504 0.07596062862711048 0.20267080101239845 0.09495078578388809 0.14162030227816363 0.10884080786362642 0.14115072035933213 0.11394094294066569
0.08405695433761727 0.11177877532543348 0.1227535416348577 0.13972346915679185 0.10518324048836232 0.17406689437983264 0.09476896168895449 0.1676681629881502
0.1039799429371837 0.06862162006690302 0.2254372217798552 0.13724324013380604 0.09787714444501448 0.09030594380046418 0.15301597071634793 0.12351891612042544
0.10481243713637554 0.06615241033744786 0.2630536643974382 0.1323048206748957 0.09312711074127888 0.07396521654672926 0.1475100015584285 0.11907433860740614
0.10366190513420567 0.06522834103088412 0.2763609300764105 0.13045668206176825 0.09100567274243339 0.07042599017312347 0.1454494649255834 0.11741101385559141
0.10295054141049734 0.0649067263646266 0.2810381541259033 0.1298134527292532 0.09018162272125835 0.06954508297011518 0.1447323122220181 0.11683210745632788
0.12005251956944701 0.07579020497137641 0.20665463089072234 0.09473775621422051 0.1401740931828017 0.10807145011830221 0.14083403759606514 0.11368530745706462
0.10782445808032155 0.06551886199521516 0.25411852059214446 0.13103772399043032 0.10106566498257491 0.07640353545322258 0.14609728331470367 0.1179339515913873
0.12156207596695644 0.07598258690474262 0.19848701666249347 0.09497823363092828 0.14381331095524078 0.11001137209505499 0.1411915234274695 0.11397388035711392
0.10840142342011179 0.06567057857408189 0.2510383811140134 0.13134115714816377 0.10201818542033628 0.07688764424863463 0.14643558864131093 0.1182070414333474
0.1046906192740516 0.06536276882891974 0.2718044528719893 0.13072553765783948 0.09296521491004198 0.07104920371375 0.14574921885135236 0.11765298389205552
0.12064371142329647 0.0758994587462878 0.20392124808019282 0.09487432343285976 0.1411957973938069 0.1085792188651271 0.1410370539389975 0.11384918811943169
0.10804098654631093 0.06557324242033757 0.25309553956795106 0.13114648484067515 0.10134806480706753 0.07654530191480487 0.14621854354624528 0.11803183635660763
0.12163533934814176 0.07599535365152474 0.19818466563474724 0.09499419206440593 0.143919772939582 0.11006239917364212 0.14121524671066912 0.1139930304772871
0.10842758138689619 0.06567662036449516 0.25092482181679676 0.13135324072899032 0.1020482117201384 0.07690254639441918 0.14644906093217278 0.11821791665609128
0.09536699663089723 0.13049210918266915 0.15471086498073772 0.16311513647833642 0.0846862414434605 0.14184906772311215 0.08297596073028418 0.14680362283050277
0.10806885288189294 0.06813288819701034 0.24386928080332182 0.13626577639402068 0.09232753224559258 0.08168804846565503 0.1508518159510526 0.11879580506145394
0.08283131236621151 0.11353075790076159 0.13285265285016776 0.141913447375952 0.09613576466298142 0.1661855897725724 0.09625433822021091 0.17029613685114237
0.10595192721121242 0.06859009570675449 0.23546361670883248 0.13718019141350898 0.09525744468458085 0.08609962592245293 0.15186411096652194 0.11959298738613604
0.07251458322163941 0.09985464445438201 0.08034835213123034 0.08705276696023047 0.14178421536780542 0.2459324282500778 0.09840747569417357 0.17410553392046094
0.10170807428447404 0.0686408393231546 0.2070192698479021 0.1372816786463092 0.10587371510416332 0.10286408522307515 0.1530588267892432 0.12355351078167827
0.10484160716934861 0.06648570525395514 0.25623388169232286 0.13297141050791028 0.09518616736565505 0.07635375907695915 0.14825319947672977 0.11967426945711925
0.10389457600334388 0.06537946146681872 0.2739315653741566 0.13075892293363744 0.09160697048259361 0.07095903215674741 0.1457864409424286 0.11768303064027369
0.1030859122101076 0.0649626294921554 0.2801803782959523 0.1299252589843108 0.09037077550022231 0.06968534457871499 0.14485696785265695 0.11693273308587972
0.12010767272889364 0.07580244471872466 0.20640414117934167 0.09475305589840582 0.14025094195660273 0.10812129483574717 0.14085678160419732 0.11370366707808698
0.10784648921005704 0.0655238988526591 0.25402492959066436 0.1310477977053182 0.1010882278262558 0.07641712412522536 0.14610851475503384 0.11794301793478636
0.10447509396668084 0.06529833849374309 0.2728810553928957 0.13059667698748617 0.09269757198501287 0.07090870506506748 0.14560554882037635 0.11753700928873755
0.10322623037738496 0.06496861969837753 0.27977185579091024 0.12993723939675506 0.09059623844308087 0.06968597571794022 0.14487032511847167 0.11694351545707955
0.10273991942653637 0.06482219574010435 0.28222992999529295 0.1296443914802087 0.08999518463872848 0.06934460484109677 0.14454382154584464 0.11667995233218784
0.10255462863582138 0.06476702197070093 0.2831001125006109 0.12953404394140186 0.08980722981135202 0.06923553131788518 0.14442079227496596 0.1165806395472617
0.10248586609993356 0.06474716399971188 0.2834074481533129 0.12949432799942376 0.08974525957828564 0.06919852700631421 0.14437651196353665 0.1165448951994814
0.09398922818883713 0.1301611784964486 0.16254652615600934 0.16270147312056074 0.0823056878079502 0.13909904844296916 0.08276553197872002 0.14643132580850465
0.12158347468648786 0.0768680003403015 0.1675333760624649 0.0922416004083618 0.14859691488814447 0.13145939436035586 0.14641523874343143 0.11530200051045225
0.07203852625022092 0.10330722471738114 0.06876467547215546 0.08320318796363776 0.15211776819771652 0.2601064637735874 0.09405577769802531 0.16640637592727553
0.10100079052853869 0.07555921008786208 0.2004821997288951 0.13607210537328562 0.10762572669608726 0.10508482989289021 0.1517102428564841 0.12246489483595704
0.10443720429917795 0.0714677450835935 0.253048040957124 0.13240681202039092 0.09531731197517841 0.07653304054882207 0.14762371429736124 0.11916613081835185
0.10349107992882774 0.0699777708601878 0.27213198097608465 0.13012361932425498 0.0913428892491816 0.07074327744094955 0.14507812482868426 0.11711125739182947
0.10264412284889594 0.06941479255312659 0.2789135017332792 0.1292424306624791 0.08999312169324922 0.06937817768158652 0.14409566523115205 0.11631818759623117
0.1194719791123813 0.080883297722259 0.20546840366545638 0.09416788712937772 0.13949921407198843 0.10752086481662673 0.13998688892665703 0.11300146455525326
0.10727002542097798 0.07075705582959331 0.2528659974314136 0.13020217191022113 0.10055952697090674 0.075997562617785 0.14516570509990323 0.11718195471919901
0.08198997631471132 0.1206536414615673 0.13396216612487885 0.14029656675567134 0.09699535974996534 0.16258873812168403 0.09515767136471621 0.1683558801068056
0.11880082586582656 0.07695444273542783 0.15882589594372323 0.09234533128251339 0.15349691107192256 0.13756503807282017 0.14657989092462442 0.11543166410314173
0.08276049938500171 0.1193826736892351 0.1120532990259048 0.13785236594934386 0.10647161299134537 0.182556844219532 0.09349986560042453 0.16542283913921263
0.1032548384006704 0.0766740471665147 0.21983925286481928 0.13630052031608933 0.09778469902568952 0.09151126546991722 0.15196490847181898 0.12267046828448039
0.1044109250222807 0.07119101553655212 0.2603112495328831 0.13175548938269438 0.09288269578710585 0.07397114613156235 0.1468975381624966 0.11857994044442496
0.10325458519518702 0.0697950647520681 0.2747406587536367 0.12981259649897717 0.09065868191838951 0.07017571844350395 0.14473135758915812 0.11683133684907944
0.08132206939895313 0.12056761282802714 0.13875362556518503 0.14032381080737377 0.09497037358287663 0.16049778490982133 0.09517614993891439 0.16838857296884852
0.10559736446860712 0.0685007389880872 0.23783623622887082 0.1370014779761744 0.09488778581159203 0.0850729427537096 0.15166626784501194 0.1194371859279469
0.0817986537899833 0.1206199625932017 0.13076279111353023 0.14061584464173973 0.09594147015775785 0.1661480390723457 0.09537422506135391 0.16873901357008766
0.08067310318537621 0.11064799376138514 0.10722054402414836 0.13277759251366214 0.1040449282131089 0.19908065327499502 0.09958319438524661 0.16597199064207768
0.07624939559736141 0.12364485691217295 0.10091887255486022 0.13848238695135345 0.09623821979015522 0.2043602196593808 0.0939271841930919 0.16617886434162413
0.07551524533198983 0.12519665073656458 0.09959352830599645 0.13857203906015061 0.09466272838208993 0.20618536960066486 0.09398799171036304 0.16628644687218072
0.10152417976550994 0.08365124525992094 0.21409014904395177 0.1359524253556212 0.09532304497051494 0.09552496421628918 0.15157680856813285 0.12235718282005906
0.10386054843188594 0.07579716906656504 0.2576314825210906 0.13134139961792113 0.09223721567451777 0.07448906605489494 0.14643585897699565 0.11820725965612902
0.08099687978168445 0.1272261326763713 0.1344581248307254 0.13943999280390204 0.094786223364165 0.16118796440712704 0.09457669077134227 0.16732799136468243
0.10175619266849247 0.08306787642215976 0.2277627820680132 0.13462288568126177 0.09439529825582967 0.08713989674050683 0.15009447105060078 0.12116059711313557
0.10345331238251466 0.0753831915144194 0.26259213719010577 0.13072102133898192 0.09164414709774212 0.07281308777828745 0.1457441834928649 0.11764891920508375
0.09002418748926999 0.0645260801638428 0.24125775617858722 0.11321970795299377 0.10530373857567545 0.08149617991517005 0.16830870018086835 0.1358636495435925
0.1167280846876251 0.08466752053637662 0.19417973676218725 0.09458853505856996 0.1447554458432169 0.11096222471586602 0.14061221032587415 0.11350624207028394
0.09480026264007563 0.14677770846608088 0.13777854560183347 0.15825053671635742 0.09034309469761209 0.14912300885151952 0.08050135998179922 0.14242548304472166
0.10868225805683929 0.06851687828851381 0.23736908344520727 0.13703375657702763 0.093960224250176 0.08327047155256223 0.15170200158303426 0.11946532624663948
0.0819242496075032 0.12591495003623113 0.13015934975799123 0.13970851665125605 0.09526098639669318 0.16462290757927017 0.09475881998954759 0.16765021998150725
0.115986479109848 0.09430457222693818 0.16053668812130273 0.09571016031408705 0.14331223677998586 0.13301808946969393 0.14227958160123988 0.11485219237690446
0.10761930262196097 0.07735256758179054 0.23537288123755387 0.13143221651533474 0.10241476390693571 0.08098216023239153 0.1465371130402314 0.11828899486380126
0.08159084963106253 0.12746455239195487 0.1295568388065254 0.1393536620103978 0.09683084275515308 0.1634607240201593 0.09451813597226984 0.16722439441247738
0.10202043202517906 0.08320307809091526 0.22582727025254726 0.13479259266134264 0.09493332729706991 0.08762628460904641 0.15028368166869097 0.12131333339520838
0.08067204938860413 0.1287943689605474 0.12748672870175817 0.13956122943480892 0.09534213134796761 0.1660110960104987 0.09465892083404431 0.16747347532177068
0.10590220145127598 0.06881931590582219 0.23361558097386143 0.13763863181164437 0.09536588721249867 0.08629410593825712 0.1523716233323861 0.11999265337425406
0.07171740532903244 0.11093954640187562 0.07943026131074177 0.0858129186853738 0.14023484946936354 0.24323327335374698 0.09700590807911821 0.1716258373707476
0.1119605665428595 0.091072585173687 0.1424444416461535 0.09425440312179735 0.15561972691459847 0.1514274920945831 0.1401155007601644 0.11310528374615682
0.14001326502356284 0.10095029589570498 0.18633381101845817 0.10772541446583708 0.13768212596886303 0.11023641668894694 0.12010579791937356 0.09695287301925336
0.08588886927026518 0.1300288641422752 0.1173664236254369 0.13643940019527892 0.1025832533226055 0.17142440299039702 0.09254150621940657 0.16372728023433467
0.11634500377524522 0.09896842856698217 0.1556084005805933 0.0949802885916856 0.14479563749408295 0.1341313164167329 0.141194578264655 0.11397634631002271
0.12210367566926862 0.09180034315107033 0.1652630870707027 0.09298802794710322 0.1553125865224459 0.12271369709495275 0.13823294900793257 0.11158563353652386
0.08250929787464097 0.1324528633694263 0.11242843559869278 0.1359633594160231 0.10587473938494565 0.17539664667052332 0.09221862638652004 0.16315603129922773
0.10217290340566924 0.08795158781197958 0.218044488459031 0.1344587974322841 0.09676972522818619 0.0896780550754119 0.1499115248983824 0.12101291768905569
0.10357774901343864 0.07864790857376765 0.25856844265274376 0.13062638359241563 0.09214113337565229 0.07323596809084612 0.1456386694679619 0.11756374523317406
0.1193472986589983 0.08870314498833602 0.1987325646691464 0.09369644002049943 0.13970687138402574 0.10809190111944313 0.1392860511349514 0.11243572802459931
0.10681784334859469 0.07821998238947023 0.24922243909607739 0.1292654344195698 0.10024310556148926 0.07577099150357583 0.14412131270360992 0.11633889097761282
0.12008010073116025 0.08854836725868905 0.19563915261528447 0.09359113119660187 0.14207771078135917 0.10862467748573605 0.13912950249524697 0.11230935743592224
0.10705620174537801 0.07824956065087683 0.24801106501646386 0.12935028709824894 0.10079161521813726 0.07591009477442323 0.14421591710804768 0.11641525838842405
0.13741412622742252 0.10128581666492577 0.223320137165556 0.10704920168546003 0.12202305376773646 0.0932115118390917 0.11935187113289351 0.09634428151691403
0.10973509144795214 0.07928008789235888 0.25778761997170335 0.1276859475070134 0.09567232347345668 0.07256127428293625 0.14236030266826716 0.11491735275631206
0.10373875892500174 0.07617549466376622 0.27259591354703117 0.12852085099987046 0.09058151145123408 0.06942754675664092 0.14329115775657197 0.11566876589988341
0.0924741204324995 0.14982757963272877 0.15748017259801983 0.15898079906332707 0.08087673609148284 0.13640503176229865 0.080872841262649 0.14308271915699436
0.12170404194476685 0.07712742848751238 0.1663614373223723 0.09255291418501485 0.14854899963701013 0.1311046480967933 0.14690938759526165 0.11569114273126856
0.08257259169919454 0.12891910258970596 0.1128201407535836 0.1363033575490895 0.10462967583548555 0.17874186869812925 0.09244923381590418 0.1635640290589074
0.10219278229069914 0.08740274160657177 0.21823364915554283 0.13446961883779404 0.09651773224648104 0.09023722895093811 0.1499235899579584 0.12102265695401462
0.0803257584446251 0.1335317976104033 0.12536247439175868 0.13876083009727538 0.09521927510431624 0.16617082695152152 0.0941160412833694 0.16651299611673046
0.10127655039841915 0.08986737653175 0.2231110041280705 0.13390863238346215 0.09420819400331772 0.08781234148382532 0.14929813192603913 0.12051776914511594
0.10309621584315043 0.0800754213489336 0.2602335380110628 0.13018182774581347 0.09137573054535394 0.07273059865964367 0.14514302287480993 0.11716364497123212
0.10226553940372266 0.07749113141929813 0.27362037649687726 0.12851268855513248 0.0897200453220683 0.0694467418634552 0.1432820572398268 0.11566141969961923
0.11856899499870871 0.08950088400437312 0.20298030883228024 0.09325492257584742 0.13843335038847498 0.10672592630997924 0.13862970579931944 0.1119059070910169
0.12187662286759576 0.09108407271819818 0.17943859695555375 0.09225790610432384 0.15237262124941944 0.11511311892911355 0.13714757385060677 0.1107094873251886
0.1077060277904678 0.08019861937939492 0.24137884255839837 0.12950557702026128 0.10312609859037962 0.07714076156057156 0.1443890537822913 0.11655501931823517
0.12023792087857149 0.09023562159530786 0.19308509446804048 0.09349445329002432 0.14287814318870667 0.10888963833749281 0.13898578429382719 0.11219334394802917
0.10703489378501517 0.07983762036643931 0.24680087759182273 0.12919333816206258 0.10090903732084532 0.07590929767115165 0.14404093075680707 0.11627400434585632
0.10341450990748385 0.0776597915269964 0.2684985079065864 0.12883502468973196 0.09185673796446896 0.07014246780900395 0.1436414379749698 0.11595152222075876
0.10203672173069718 0.076860543024395 0.27652699605719366 0.1280958885577026 0.08955038896437623 0.06882580561653318 0.14281735634716988 0.11528629970193233
0.10149120886446117 0.07654196864208099 0.27942829960739657 0.12776749863570944 0.08888041539746551 0.06844863398988957 0.14245122609085814 0.11499074877213851
0.10128104834415981 0.07641963398105972 0.28046963627522464 0.12764342312030602 0.08866827800682758 0.06832600831359671 0.14231289115055012 0.1148790808082754
0.10120224085853731 0.07637419630733445 0.28084266424111415 0.12759836755109835 0.08859751004728854 0.06828383264539907 0.1422626575532395 0.11483853079598852
0.1011732225768724 0.07635763701317319 0.2809762220441136 0.12758218205817812 0.088573172775184 0.06826898774361241 0.14224461193650606 0.11482396385236031
0.07998821585959184 0.13231590058168108 0.13887666076675428 0.13817957792688448 0.0933694837451768 0.15773286692680685 0.09372180068084339 0.16581549351226138
0.10078779019084222 0.08929790024048766 0.2283602811776864 0.13334929485219665 0.0934478501021343 0.08606800574939097 0.1486745123202849 0.12001436536697697
0.10281666013932919 0.07984608191140564 0.2621518091346015 0.12994873403140164 0.09107167673226929 0.0723280366444372 0.14488314077829406 0.11695386062826148
0.10214182576883557 0.07740507141038133 0.27431013211981375 0.12842735936101898 0.08960482279764094 0.06933924356115187 0.14318692155624055 0.11558462342491709
0.08017973017093548 0.13266061593047757 0.13744945811603737 0.1382484158479015 0.09361345582420998 0.15818173434394486 0.09376849074901147 0.16589809901748181
0.1008737222112546 0.08939389671437539 0.2278052096880902 0.13340718119309913 0.09353690943956224 0.08617756640931427 0.14873905127051498 0.12006646307378922
0.10285344811706172 0.07987600958292221 0.26194836627025586 0.12997292679485092 0.09110522821622506 0.07235827299920854 0.1449101139041099 0.11697563411536584
0.11894496993069767 0.09013756475232272 0.19956581297317905 0.09346481529975886 0.1391267378373165 0.10766059541632837 0.1389417254306863 0.11215777835971065
0.10656935809824128 0.07968995417078863 0.24930430159494793 0.1289801396967995 0.09998641159968955 0.07558447873404169 0.14380323037837198 0.11608212572711955
0.10323633122536552 0.07757757951498351 0.2694171171405918 0.12873429360876346 0.09160634672626512 0.07003833719920873 0.14352913033693476 0.11586086424788711
0.10196904398380202 0.07682499210168345 0.27685864043311176 0.12805695685398202 0.08947566950571877 0.06878948555024562 0.14277395040287247 0.11525126116858381
0.0801421224873379 0.13247961307308265 0.13799898007630018 0.13822292469842298 0.09357682288558401 0.15796082604136485 0.09375120109979994 0.16586750963810756
0.13205433243255776 0.11699567746322974 0.1866090641180993 0.10916121275029023 0.12245032519802894 0.1127776907051197 0.12170660585741314 0.0982450914752612
0.10965513847618055 0.08431623963462878 0.24390107529664432 0.12898402006553025 0.09674155176557847 0.07650880000253357 0.14380755669992698 0.11608561805897721
0.0912545164117792 0.06879867207958233 0.23449178884935082 0.11305106468240282 0.10650517770555773 0.08217950202009555 0.16805800063234808 0.13566127761888339
0.10077467186582055 0.07650284188755568 0.2648199625245663 0.1301579889614296 0.09372863247927007 0.07175726780683532 0.1451164444092357 0.11714219006528667
0.10163100929258392 0.07680637184063598 0.275306730713729 0.1283528100426608 0.09007540605647311 0.0692063383858692 0.14310380462965316 0.11551752903839474
0.1014488971347887 0.07656929739519966 0.2790059080733951 0.12783365013889567 0.08902525584023722 0.06854172621224613 0.14252498008023143 0.11505028512500609
0.10128637086041943 0.0764354284372983 0.2803208351749685 0.12766375720856663 0.088709722914686 0.06835094177485972 0.14233556214149143 0.11489738148770995
0.11819261989640707 0.08919842238907807 0.20494416138184646 0.09313703785126011 0.1379735079619831 0.10633534285932349 0.13845446223858965 0.11176444542151213
0.08186094306582299 0.13410605788192728 0.12104522393028386 0.13591735218465223 0.10233067457284133 0.1694515042611256 0.09218742148176412 0.16310082262158265
0.07524276083399647 0.14601900854553507 0.1023491703219214 0.1357400537535684 0.09445162159541014 0.1912421535515618 0.09206716689372466 0.1628880645042821
