0.125 0.125 0.125 0.125 0.125 0.125 0.125 0.125
0.099626400996264 0.07845579078455792 0.199252801992528 0.15691158156911583 0.08685378548392246 0.06839735606858895 0.17370757096784492 0.1367947121371779
0.0745303753200788 0.12421729220013136 0.1056354961590544 0.1490607506401576 0.0931629691500985 0.15527161525016417 0.11179556298011822 0.186325938300197
0.07346369166295703 0.1224394861049284 0.09668129484448348 0.14692738332591407 0.09182961457869628 0.17480376283119256 0.11019553749443556 0.18365922915739255
0.0913304417122394 0.15221740285373236 0.08955850938014413 0.13699566256835913 0.12387376747086022 0.22108007154737983 0.10274674692626935 0.08219739754101547
0.07295173961840629 0.12906846240179573 0.09118967452300786 0.16133557800224466 0.08754208754208755 0.15488215488215487 0.10942760942760943 0.19360269360269358
0.07177843314445657 0.11963072190742764 0.09348263744116796 0.14355686628891315 0.09707155909839077 0.18736604954181768 0.10766764971668487 0.17944608286114141
0.07009669818667792 0.13019782396852367 0.0916383600152568 0.14019339637335584 0.09575744987318387 0.19172947883629005 0.1051450472800169 0.17524174546669483
0.0690425728096467 0.12958046895223474 0.09020399233770479 0.1380851456192934 0.09430677192602388 0.20261075711650978 0.10356385921447005 0.17260643202411674
0.0844946986198642 0.15864480863773966 0.08274400157698235 0.1267420479297963 0.11534539471293605 0.2609272838174564 0.09505653594734724 0.07604522875787778
0.08395833832983461 0.14854167550663047 0.07319444880036863 0.12949787095449836 0.10075000599580153 0.22082687670702603 0.08783333856044236 0.15539744514539802
0.10287015856258164 0.09287437959628246 0.1323525223277794 0.09721229984163966 0.14136067430817467 0.15750935271762015 0.15430523784387246 0.12151537480204956
0.060818337066294886 0.10760167327113712 0.053021114365487856 0.09380658695432467 0.12163667413258977 0.2694602115705407 0.10604222873097571 0.18761317390864934
0.09336084374625096 0.07536357266263632 0.18672168749250193 0.15072714532527265 0.08402475937162586 0.10609804186571516 0.16804951874325172 0.1356544307927454
0.09192166944480339 0.15076187315427456 0.11942279939644991 0.1686486787851304 0.07947450869091555 0.15452718524865452 0.08821623197991436 0.14702705329985727
0.0742225139755705 0.13031337326000794 0.09849346349751437 0.13605498595191956 0.09172955372643869 0.19707613768470977 0.10204123946393966 0.17006873243989942
0.0891248769659161 0.1562808001835147 0.08749336920995474 0.12447030833763334 0.11321779391246119 0.2613779351347149 0.093352731253225 0.07468218500257999
0.05689468337770782 0.10065982443748307 0.053764615547007004 0.08775471874036986 0.11378936675541564 0.3124263672591197 0.09920098640215723 0.17550943748073972
0.09134854097078351 0.07373918367521079 0.1922980577061896 0.14747836735042158 0.08221368687370516 0.11576425906089974 0.16442737374741032 0.1327305306153794
0.09753832594893891 0.07557970374155504 0.23848422792471435 0.14084368595852223 0.08907349426952711 0.07977400899014295 0.15591975002327244 0.12278680314332707
0.09340701588680908 0.15254184703520401 0.11702089738901249 0.12757161394998684 0.12296787861966325 0.21426906828684192 0.09567871046249014 0.07654296836999211
0.05711188983027813 0.10104411277664593 0.059625087431739617 0.0880897393437426 0.11422377966055626 0.30414620692445193 0.09957970534510034 0.1761794786874852
0.09040198282746668 0.07297509457156949 0.19934563808183697 0.14595018914313898 0.08136178454472001 0.11588657151300279 0.16272356908944002 0.1313551702288251
0.1302767146937407 0.10094408257825298 0.20654202152586545 0.11284752712248772 0.11898275405702191 0.10710015322998354 0.12492685135253015 0.09837989544011749
0.06748493857493214 0.1193964297864184 0.12143394189816117 0.149245537233023 0.08098192628991857 0.18113517367552093 0.10122740786239823 0.1790946446796276
0.09950272800311766 0.07847112153607295 0.22597157610448415 0.13997183733828253 0.08859970382710654 0.09050172544216556 0.15495457776155003 0.12202672998722068
0.06869174795180256 0.10499944453901526 0.08210773271240333 0.08746420171446542 0.13510821654868066 0.24174321104734356 0.1049570420573585 0.17492840342893085
0.0777436998744355 0.13754654593169358 0.07973842176785058 0.11991237337634827 0.09329243984932262 0.26653980051086057 0.08133187063787098 0.14389484805161792
0.08970368414577283 0.0724114076839371 0.2104059488392536 0.1448228153678742 0.08073331573119555 0.11011566293848883 0.1614666314623911 0.1303405338310868
0.09971551595569579 0.07270108133956599 0.2620339842354418 0.13538186069843436 0.08573199215074376 0.07653706878829589 0.1498732849408797 0.11802521189094278
0.06887438627766153 0.10458924406705876 0.08885434153605143 0.08754597902433336 0.13480093779065688 0.23518797842637132 0.10505517482920002 0.17509195804866673
0.06553775240665051 0.11595140810407399 0.09930553344970158 0.14493926013009248 0.07864530288798062 0.2233870022554139 0.09830662860997579 0.17392711215611098
0.09882026440517436 0.07793113846439331 0.22287986320795064 0.1392747163443267 0.08796291606894723 0.09752928186487882 0.15418283616465958 0.12141898347966944
0.0786222740485628 0.12018680121298216 0.12803084024331363 0.13349598115052538 0.09664706327812479 0.17602507776544055 0.10012198586289404 0.1668699764381567
0.09237550488307492 0.151578456564697 0.09791061049618328 0.12133129291508851 0.12336008311596597 0.24964680658962074 0.09099846968631639 0.07279877574905312
0.09970087743050611 0.08048143117884228 0.1544358929244278 0.10060178897355285 0.13443325268254688 0.16007329389610145 0.14955131614575914 0.1207221467682634
0.08638618974820522 0.0697334302786717 0.2380690350972165 0.1394668605573434 0.09606632339094041 0.08926284487924438 0.1554951415467694 0.12552017450160904
0.11175055542645426 0.08160362649215733 0.1905245164338688 0.09131863203656113 0.14727997613989247 0.11842419384352147 0.14495020958184304 0.11414829004570139
0.06537980807275 0.11567196812871154 0.12172029654042253 0.14458996016088943 0.09876556967063697 0.18229473312439726 0.09806971210912502 0.1735079521930673
0.09751857139012751 0.07690510053677205 0.23164548720309 0.13736636665004656 0.09497845216341984 0.08976051344745718 0.15207021460648215 0.1197552940026047
0.07803011938560586 0.1193049214497586 0.1299780833248417 0.1325414624775647 0.10282775671845942 0.17223473168864026 0.09940609685817353 0.16567682809695589
0.09202335652963455 0.15101021356852554 0.09830364448921267 0.12091463756240671 0.12701324911612036 0.2475001380248511 0.09068597817180503 0.07254878253744403
0.0538491425606317 0.09527155991496379 0.05890667690477586 0.08305725736176331 0.13195893648231066 0.31695109938220883 0.0938908126698194 0.16611451472352662
0.08734323174819204 0.07050598225456467 0.20167579662507645 0.14101196450912934 0.0972258786489304 0.11810856100914502 0.15721781714674568 0.1269107680582164
0.09823402796109652 0.07167035918568168 0.26299649925483315 0.1335542846793409 0.09213280029853042 0.0771300049693349 0.1478500831615007 0.11643194048968183
0.07803690649519866 0.11852924665137363 0.1370984154196848 0.13229889753458077 0.10214566833929359 0.16729307049070688 0.0992241731509356 0.16537362191822597
0.06364331199969167 0.1043616233548874 0.06904512168931881 0.08361715248740993 0.14036061106490583 0.27139729144407465 0.1003405829848919 0.16723430497481986
0.06334564298815072 0.11207306067134358 0.09367467177940939 0.14009132583917946 0.0949777661079917 0.23270947712468365 0.09501846448222609 0.16810959100701536
0.09773624341984627 0.07707429608652734 0.22039941802555926 0.1380391539233155 0.0948269834427224 0.09876706083049475 0.15281501777428497 0.12034182649724942
0.06750375329266031 0.10319466714954766 0.08289586531243474 0.08597044592025538 0.14223632743255554 0.24309351394772927 0.10316453510430645 0.17194089184051076
0.06382834909318973 0.11292707916487413 0.09724029595897395 0.14115884895609265 0.09587112524025271 0.22384115919952102 0.0957425236397846 0.16939061874731118
0.07236602081389999 0.12077866759943746 0.0986230824633399 0.1297018595879106 0.1007644906424009 0.21836215971718975 0.09727639469093297 0.16212732448488826
0.06356406315290072 0.10228129959276294 0.062418356047326776 0.08171305498614931 0.13698723638962362 0.2915542138755589 0.09805566598337916 0.16342610997229862
0.06259088282472876 0.11073771576682778 0.09133931663445223 0.13842214470853473 0.09843596172408664 0.23848108045403507 0.09388632423709313 0.16610657365024167
0.0987463008111241 0.07971086932946161 0.1531055771264896 0.09963858666182701 0.14444019026818983 0.15667272059202927 0.14811945121668613 0.11956630399419242
0.09313745117603438 0.06824496146129565 0.23848384717267235 0.1364899229225913 0.10098738095384908 0.08763942743967928 0.15217607824354581 0.12284093063033216
0.0712119369982474 0.11503789219722134 0.13334039344740067 0.1437973652465267 0.09575020119253326 0.17077324662894228 0.09753212599329637 0.17255683829583202
0.1005844494357559 0.07625831840273743 0.23639062055049265 0.13621574456499994 0.09370391170504946 0.08729833911181138 0.15079642865966614 0.11875218756948709
0.08129900557735198 0.11874729865963209 0.13114497184453758 0.13193084155837648 0.10223558206128006 0.1707806171820687 0.09894813116878237 0.1649135519479706
0.09518358666457778 0.15022605216533003 0.09835622827840089 0.12025548554546399 0.12757348845450564 0.24606025340534524 0.090191614159098 0.0721532913272784
0.06881869381811122 0.11077857911294314 0.09932630439325917 0.13847322389117891 0.09946126703380702 0.22305309383335573 0.09392096924793006 0.1661678686694147
0.0925434924497629 0.06980052996484565 0.21901073447645386 0.1396010599296913 0.09708077482724173 0.10067769058322378 0.15564476383205877 0.12564095393672214
0.1016186089341793 0.07077352224164045 0.26919279942311614 0.13189785690113523 0.0919597501937254 0.07355323753887777 0.14601634952018225 0.11498787524714353
0.07159459219863541 0.11466888309682206 0.14026480432071023 0.1433361038710276 0.09572645677280761 0.16518656464311066 0.09721927045165349 0.1720033246452331
0.10032450045068379 0.07597276721340705 0.2390290446262093 0.13572346832342697 0.0942494602143664 0.08612627688110396 0.15025145862422518 0.11832302366657736
0.11742190082839635 0.08103637146896141 0.190468133940545 0.09004470019245708 0.14924473904491467 0.11630018374057155 0.14292809554358266 0.11255587524057134
0.07185523817282206 0.11331904606020209 0.12181777305517842 0.1416488075752526 0.10587774333115438 0.17942797931622034 0.096074843398867 0.16997856909030315
0.10078330080986546 0.07617816712846295 0.23126839346996475 0.13622477878556724 0.09712580110799694 0.08885306522828995 0.15080642991320425 0.11876006355664837
0.0812059541386254 0.11852967817359941 0.12990662091539742 0.1316790711400289 0.10420251934998197 0.1711180140023091 0.0987593033550217 0.16459883892503613
0.057696581520936825 0.09105472256174861 0.0793288029991128 0.0971939579136816 0.12482642375260873 0.2388788459281305 0.1166327494964179 0.1943879158273632
0.05649077841487771 0.09434926825647023 0.05649376136445437 0.08225320822358943 0.14157153353283683 0.3113531462034914 0.0929818875571011 0.16450641644717887
0.06516000279129952 0.10881995572512806 0.08893204214231759 0.13602494465641007 0.10183579932012278 0.24373692453181275 0.09226039724521727 0.16322993358769206
0.09609491912910796 0.06941612759006179 0.2136604305748052 0.13883225518012357 0.09815875048735875 0.10410088346665193 0.15478760390977958 0.12494902966211123
0.10237058022085901 0.07078145561214812 0.2670113279520143 0.13194975120736166 0.0926284280955053 0.07415154182452817 0.1460737986503963 0.1150331164371871
0.06742037352104226 0.10056786553185523 0.08597308563314439 0.08767454943802763 0.14165969609253895 0.24224497067304424 0.09911036023429211 0.17534909887605526
0.09571183293462641 0.06878906274705422 0.21096124319790246 0.13757812549410844 0.10629697452983054 0.10345310525014006 0.1533893429016403 0.12382031294469761
0.09699217957291086 0.06674458879221078 0.2609492104570519 0.13348917758442155 0.09574656206767282 0.07710755057204703 0.14883047112770578 0.1201402598259794
0.09560694110818184 0.06561398488243782 0.2794039687100874 0.13122796976487563 0.0921355192762095 0.07159705031405547 0.1463093931557643 0.11810517278838807
0.11101571820259855 0.0763189951576605 0.20940775662079447 0.09539874394707562 0.14186322959605216 0.10970042348367523 0.14181664025565272 0.11447849273649076
0.09830931857713394 0.0658953889861337 0.25865664915965647 0.1317907779722674 0.10233870605093187 0.07746057677244231 0.14693688230639368 0.11861170017504068
0.12807806877175582 0.08769074274858801 0.2327627187798992 0.109613428435735 0.1251913182260703 0.09580084484654529 0.12221079259924483 0.0986520855921615
0.11583245921283143 0.07564692061516304 0.1933364343675387 0.0945586507689538 0.15150808404422852 0.115079284746334 0.14056778532220596 0.11347038092274456
0.10352511831624164 0.06576166009334351 0.25151404792414167 0.13152332018668703 0.1043275874772295 0.07833859099933066 0.14663868683500778 0.11837098816801833
0.10029079128527772 0.06534033893032819 0.2749730986544284 0.13068067786065637 0.09380252336881856 0.07160075630066068 0.14569920352523927 0.11761261007459074
0.0788185083102443 0.11320349505264865 0.14113799546018502 0.14150436881581083 0.09666214783569435 0.1628913657061547 0.0959768762402891 0.16980524257897298
0.11398282404490577 0.08497885930342473 0.1609959925947272 0.09118910288192454 0.152339251507113 0.13778298331641248 0.14474460774908657 0.11398637860240568
0.05821485127032471 0.08138422988526525 0.08344357834447255 0.10173028735658156 0.13114786580821355 0.2256191573493218 0.11499945527265741 0.20346057471316312
0.09710930732495665 0.06918932741127615 0.21072845617376623 0.1383786548225523 0.10489816692389543 0.10087342464139554 0.15428187336186056 0.12454078934029708
0.10064028393868546 0.06645530205572871 0.2602717796810944 0.13291060411145741 0.0954805748786086 0.07643650675163828 0.14818540488247564 0.11961954370031166
0.09960686619178451 0.06526152261377416 0.2784232418814381 0.13052304522754832 0.09200326867814523 0.07118785979956305 0.14552345490295313 0.11747074070479349
0.11560333996372243 0.0758468108935638 0.20842305412977458 0.09480851361695476 0.14156777100058646 0.1090410708274599 0.14093922322759245 0.11377021634034572
0.0819138631045918 0.11144434883537788 0.12505312004281563 0.13930543604422235 0.10574399581237975 0.17488728672102988 0.09448542618651604 0.1671665232530668
0.10409828944485368 0.0757002189990027 0.23193466639382723 0.1355410092535445 0.09671269540839887 0.0877996947817189 0.15004946893351281 0.11816395678514136
0.08105171632091988 0.11330941876789459 0.13149568867644476 0.14163677345986825 0.0974312910371708 0.16904430245655783 0.09606668112930195 0.1699641281518419
0.11627890413311237 0.084875740507914 0.15775780947585882 0.0910479903307173 0.15242653545503926 0.13928241261139446 0.14452061957256712 0.11380998791339661
0.08178753854719958 0.11120262734748461 0.11343892864288423 0.13900328418435576 0.10774853105501954 0.18573466079852718 0.09428048840330218 0.16680394102122692
0.10440791733570205 0.07592485761900757 0.22712423129624373 0.13596437913234913 0.09764572817278308 0.08988168117672643 0.15051815679283254 0.11853304847435564
0.08110122348477772 0.11332036037218035 0.13041507754594528 0.14165045046522545 0.09762839071726362 0.1698279991494884 0.09607595770684857 0.1699805405582705
0.13949908899681868 0.10181337757620368 0.18883126640618672 0.10921290714990828 0.12782485931006424 0.11670407053930683 0.12090317763441208 0.09521125238709953
0.07459082605887535 0.09688834370996918 0.0731534441952285 0.08446676118305005 0.14896224198739258 0.25752069568376246 0.09548416481562179 0.1689335223661001
0.10103153273344632 0.06837998795847663 0.20418774615482493 0.13675997591695327 0.1080771146126741 0.10600249711931596 0.1524771671790509 0.12308397832525796
0.10331987222997153 0.06631686300178402 0.25722123188560814 0.13263372600356804 0.09605440425034167 0.07720684277079093 0.14787670645472437 0.11937035340321125
0.08084724646575597 0.11309186187331897 0.13710459262647834 0.1413648273416487 0.09719896233036865 0.16487248583376737 0.09588223071868349 0.16963779280997845
0.1043500522252468 0.07557276104571307 0.23690058132780717 0.1351154053697933 0.09482756802424201 0.08586240656644252 0.1495783079388839 0.1177929175018711
0.07197589323663743 0.09954947938327464 0.08131322043476387 0.08678672561618814 0.14213867070598848 0.246555826085515 0.09810673330525616 0.17357345123237627
0.11297514162701304 0.07637964584143926 0.14517021993818544 0.09547455730179907 0.1586476852877285 0.15485393934228506 0.14192934189939088 0.11456946876215889
0.10809166693811874 0.06639848019509499 0.2320156372651208 0.13279696039018998 0.10720517455063505 0.08591611569553238 0.14805870061413717 0.11951726435117097
0.13979748838807074 0.08703983113013822 0.22199528431554294 0.10879978891267277 0.1260380611445038 0.09710609083726826 0.12130364525039786 0.09791981002140548
0.1114629081919162 0.06470968477771867 0.2613901410249827 0.12941936955543734 0.09795008462584592 0.07429744033179982 0.14429293889240552 0.11647743259989361
0.10481286169743949 0.06473300436480155 0.2777856348122705 0.1294660087296031 0.09195654514783419 0.07038159930034342 0.14434493809106494 0.1165194078566428
0.08210387469314431 0.1127181848378712 0.14158911197466462 0.140897731047339 0.09612689495420443 0.16192150765603536 0.09556541757993427 0.16907727725680677
0.07942913630413426 0.12136179971304609 0.10887521190383327 0.13022683877225857 0.10297024719440223 0.1966830885678083 0.09767012907919394 0.16278354846532322
0.0786019256415697 0.12131825301649363 0.10096434260001302 0.12907603163428763 0.10367162140012492 0.20821576243893594 0.09680702372571574 0.16134503954285953
0.06528905544866467 0.09510544039329097 0.05987534619143717 0.08291243521466393 0.13814110291648565 0.29912464872868355 0.09372710067744618 0.16582487042932786
0.07229787160806098 0.10815377250096322 0.08930997721228955 0.135192215626204 0.10190246221273909 0.23921745235922065 0.09169558972907753 0.16223065875144482
0.10224557745256277 0.0688395592946321 0.2126151653187711 0.1376791185892642 0.09833094665022879 0.1028764832982624 0.15350194266594083 0.1239112067303378
0.08190465646789967 0.11297473923932257 0.12689107450217407 0.14121842404915322 0.09751162597246497 0.17425443981579333 0.09578293109420828 0.16946210885898383
0.07951887744849111 0.12112957641486576 0.10546194402922876 0.12994188022420547 0.103151671429658 0.2009122900051401 0.0974564101681541 0.16242735028025682
0.06570169858582778 0.09542014310024798 0.060645900703603824 0.083186791420729 0.13842362939600852 0.29621101147651835 0.0940372424756067 0.166373582841458
0.10053927273501434 0.06849607190977 0.19870752638808353 0.13699214381954 0.10613552917853172 0.11310050946700236 0.1527360170644722 0.12329292943758598
0.1050153968986745 0.06629483816937014 0.25486369410262677 0.13258967633874028 0.09567835184454516 0.07839973957544699 0.14782759436572981 0.11933070870486624
0.0949874149251591 0.13000445672501204 0.15719154867179697 0.16250557090626505 0.08378218258476518 0.1426079349973068 0.08266587737405656 0.14625501381563852
0.10718974510367943 0.07614776598451982 0.2445748958515461 0.1339800899633691 0.09139854270455451 0.08158433792513509 0.14832146711451524 0.11680315535268077
0.12223427636895233 0.07601538510944647 0.19781137098780086 0.0950192313868081 0.1417195154811943 0.11192467365646278 0.14125246934516547 0.11402307766416969
0.08460071129127321 0.11122220366389225 0.12257930200768587 0.13902775457986533 0.10568986416288632 0.17574977308351963 0.09429708571503909 0.16683330549583839
0.10586012763852834 0.07559610498639782 0.23057270823971926 0.13534626026358113 0.09690724693237678 0.08788950252892387 0.14983387379606863 0.11799417561440405
0.08271333009769205 0.11309152180847525 0.13109909310981677 0.14136440226059407 0.0973564323554486 0.1688559952524226 0.0958819424028377 0.16963728271271286
0.14133851221608004 0.10155751997698273 0.18872747394731182 0.10893602473494282 0.1275962503417216 0.11627769364609017 0.12059665741922848 0.09496986771764246
0.08799812419734637 0.11121957120042866 0.1205598540407734 0.13902446400053586 0.10267962469575295 0.17739415122067806 0.09429485384384172 0.166829356800643
0.10688756861193925 0.07562046032403508 0.22968905838703504 0.1353864500342865 0.09631516286745605 0.08819372140052228 0.14987836552432207 0.11802921285040363
0.09900735874353014 0.1350733340816733 0.10904002266191755 0.11775623996863828 0.11613389967874857 0.2018122071852673 0.07986944971785899 0.14130748796236592
0.0799979481958461 0.11097164497384279 0.1022014072160234 0.1387145562173035 0.09959817367375254 0.20797414674116585 0.09408465552130152 0.16645746746076417
0.07709803886695346 0.11182818319349808 0.1012065735502302 0.1397852289918726 0.09661427599508497 0.21091457364371302 0.09481085096840054 0.1677422747902471
0.07823419012919719 0.12012814485036569 0.09919929165894406 0.12897993396760377 0.10222983744593764 0.21326873401274407 0.09673495047570282 0.16122491745950468
0.06518477236302524 0.09490085250604646 0.05952876844491614 0.08273407654373283 0.1374589030532729 0.30119899616949486 0.0935254778320458 0.16546815308746565
0.10043319830079679 0.0684857261195794 0.1981689816917887 0.1369714522391588 0.1059565851863992 0.11399680195053924 0.15271294749649494 0.12327430701524293
0.10503137492838857 0.06630172776447639 0.2546526201478337 0.13260345552895278 0.09566670450482936 0.07855805001494261 0.147842957134519 0.11934310997605752
0.10415072683081714 0.06501749992376495 0.27559281235018385 0.1300349998475299 0.09184596230997434 0.07134717814942344 0.14497932072552958 0.11703149986277692
0.10321876049326287 0.06451248902103457 0.2831833928727867 0.12902497804206914 0.09042378713405662 0.06966089041172535 0.14385322178720247 0.11612248023786223
0.08207789420571543 0.11263053736182367 0.14275471398568862 0.14078817170227959 0.09575850744647094 0.16155326149200086 0.09549110776328529 0.16894580604273549
0.0960853953864926 0.14600706213057518 0.1313256044748514 0.1566671991560562 0.08642019629890574 0.16496388526877373 0.08194899648162941 0.13658166080271567
0.07013474891139167 0.10643714239343033 0.0680641627463022 0.08301482234223934 0.1372937465027026 0.26940794560876785 0.0996177868106872 0.16602964468447867
0.07382440890722812 0.10916526170876355 0.0918375419463439 0.13645657713595444 0.10252564263548902 0.22988951843694988 0.09255315666612562 0.16374789256314534
0.10263333147614508 0.06884176608637473 0.21374718613785795 0.13768353217274945 0.09844725088994764 0.10122489079929559 0.15350686348215498 0.12391517895547453
0.1051118444752853 0.06604985762384565 0.26067910301737396 0.1320997152476913 0.09375123016964115 0.07613718142976976 0.14728132431347074 0.11888974372292214
0.10397007437466965 0.06488434311155779 0.27780509674559994 0.12976868622311558 0.09128344454858352 0.07081413648721051 0.1446824009084587 0.11679181760080405
0.08224105454983198 0.11269366136121797 0.14157743966877925 0.14086707670152246 0.09597914886001482 0.16205650088012183 0.09554462593668481 0.16904049204182695
0.10506685873102124 0.0753564709920186 0.23850632246007197 0.13475556411481893 0.09443767363673979 0.08521795144658736 0.149179948877618 0.1174792097411242
0.08258008622915348 0.11306980530785599 0.13287352079156167 0.14133725663482 0.09683160510999184 0.16783948737773768 0.0958635305870953 0.169604707961784
0.14155756965257055 0.10149118088481264 0.1893023874609515 0.10886236439934592 0.12737499252946557 0.11599074165827525 0.1205151123997643 0.09490565101481441
0.07653595345438192 0.09667151073858812 0.07316524349667251 0.08427772731056402 0.14868871427474348 0.25683492175284967 0.09527047435107236 0.16855545462112803
0.08782135124957977 0.1278594651957391 0.10892296703362336 0.15982433149467387 0.09223814223046514 0.19818990190776936 0.08130194254294279 0.14384189834520647
0.1434073663199507 0.10295465684553527 0.18028493584082053 0.10886238358359453 0.12621139056093458 0.12285846547210429 0.1205151336375161 0.09490566773954394
0.07662897991634954 0.09644078600235713 0.07176492951102183 0.0840765826687216 0.14795467627845899 0.25993778683404933 0.09504309345159834 0.1681531653374432
0.10278381406301282 0.06825613201128662 0.20325565364507947 0.13651226402257324 0.10777607800444082 0.10635403373051164 0.1522009869027794 0.1228610376203159
0.10536933464823989 0.06616554503528091 0.2564975034286678 0.13233109007056182 0.09585616067692324 0.07714309510262703 0.14753928997419355 0.11909798106350565
0.10415946295364195 0.06496696549035273 0.27624715995171784 0.12993393098070546 0.09182018596221671 0.07106512029725726 0.1448666364814731 0.11694053788263493
0.12065199267921155 0.07540061681412835 0.2070871792362565 0.09425077101766043 0.140910204609511 0.10848820902862202 0.1401101013934176 0.11310092522119251
0.09750192138530793 0.12854966591749184 0.1441278986341882 0.1606870823968648 0.09150720566474149 0.15126703166843083 0.08174082017579644 0.14461837415717832
0.08270857095824848 0.12306778238026773 0.10941613245413608 0.13005941929552134 0.10197211471976093 0.1926571416010227 0.097544564471641 0.16257427411940165
0.059240955610211 0.0906386619691984 0.07540318304648712 0.09627616709845627 0.12363137316836939 0.24672592439221788 0.11553140051814752 0.19255233419691253
0.08552606362749281 0.13002867439758684 0.07742319327016836 0.11335833152610135 0.11832463896572384 0.26242257986824946 0.07688652051335568 0.1360299978313216
0.10498631171157506 0.06837017669673377 0.20612920124728978 0.13674035339346755 0.10149063552923993 0.10676171383784133 0.15245528952973175 0.12306631805412081
0.10580708666059781 0.06612934635392717 0.2576391564837743 0.13225869270785434 0.09451090811526139 0.07716341392395319 0.14745857231756299 0.1190328234370689
0.10422332265833052 0.06494363058202204 0.27667135588671077 0.1298872611640441 0.09151724006576192 0.07104405147677312 0.14481460311871777 0.11689853504763965
0.10320198817524653 0.06448508791506337 0.2835695478460556 0.12897017583012674 0.0903236484650128 0.06958427211077688 0.143792121410604 0.11607315824711407
0.13747570366452502 0.08606960624219065 0.23924841805145364 0.1075870078027383 0.12026351987382705 0.09257595252392693 0.11995148481887392 0.09682830702246448
0.11082645328659729 0.06429940379094248 0.26780717864852227 0.12859880758188497 0.09623130454733077 0.0731198517931629 0.1433780735278628 0.11573892682369648
0.10481575131751038 0.0645446449825095 0.28005191284437914 0.129089289965019 0.09138796180548672 0.07000515333468384 0.1439249247818943 0.11618036096851711
0.10319012557671003 0.0643803888693805 0.28474239871286455 0.128760777738761 0.0901690760487372 0.06931387492320747 0.1435586581654544 0.11588469996488487
0.10268718064537266 0.0642872215189764 0.2864762499838274 0.1285744430379528 0.08980100538855203 0.06910599181153343 0.14335090887962795 0.1157169987341575
0.10251902771216544 0.06424893856022806 0.2871090955312838 0.12849787712045613 0.0896777278103304 0.0690337002616321 0.1432655435954936 0.11564808940841052
0.08193399224412937 0.11258052934665093 0.143609134763597 0.14072566168331366 0.09556990277154222 0.1612612755073255 0.09544870966346491 0.16887079401997637
0.0961552860287025 0.1459678863011706 0.1315275937835454 0.15662712226589282 0.08640144592017032 0.16484591053988845 0.08192803318523625 0.13654672197539375
0.061626345215506396 0.09344595495954887 0.07971331103159329 0.09717750636060682 0.12057985014154178 0.23648901193726105 0.11661300763272817 0.19435501272121364
0.07341495262766912 0.11102344665110805 0.09568064919294608 0.13877930831388505 0.10033824833735099 0.22009965056574363 0.09412857433463508 0.16653516997666204
0.07580566636315689 0.11159727082285309 0.09958296543863214 0.13949658852856636 0.09656866956605323 0.21493785560969195 0.09461507743676675 0.16739590623427963
0.10305310439653848 0.06885329980927979 0.21724627669901542 0.13770659961855958 0.09712531491805307 0.0985468829390679 0.15353258196278205 0.1239359396567036
0.10713555496537722 0.07025273258423367 0.2674458882103702 0.1309699104664627 0.09219045605077968 0.07283748674681331 0.1449890746718675 0.11417889630409568
0.09923045488133184 0.13508403761185045 0.11635421501037341 0.11776557125135682 0.11524700529185575 0.1951242516898137 0.07987577876178983 0.14131868550162816
0.10716843489471788 0.06778575777634617 0.22234285258125897 0.13557151555269234 0.0998213407130297 0.09414361192055995 0.15115212256397192 0.12201436399742312
0.10573834554308427 0.06575596661475691 0.26366440456237616 0.13151193322951382 0.0936666822805904 0.07467593663558333 0.14662599122753256 0.11836073990656244
0.10399346309912283 0.06479622490165454 0.27885310290633797 0.12959244980330908 0.09115677069641481 0.07048887331783653 0.14448591045234607 0.11663320482297815
0.1378597316259778 0.08617633798651167 0.23770056785865662 0.10772042248313957 0.1206185853229374 0.0928757422567496 0.12010023223120188 0.09694838023482562
0.08746626420542887 0.11114041678502623 0.1316461383043035 0.1389255209812828 0.10126061660080021 0.16862267328005337 0.09422774466556573 0.16671062517753935
0.14286688760914332 0.10104285114244682 0.18843034625308502 0.1085439514016288 0.12839075263894548 0.1159345346361836 0.12016261612227527 0.09462806019629177
0.08738917212708942 0.12165245507415785 0.11937084152345143 0.13704504733560754 0.10177617295443091 0.17535996120707828 0.09295229297545556 0.16445405680272904
0.14314660853590822 0.10226187962931887 0.18409418444757605 0.10878002997122746 0.12880311760285643 0.11765634272719194 0.12042396480331242 0.09483387228260855
0.08743521723653881 0.1218044640593327 0.11839796232815625 0.13706014187530108 0.1018610260199993 0.1760064872192368 0.09296253101107377 0.16447217025036126
0.11928286986184965 0.08521635375561838 0.15307362850805967 0.09063563870588047 0.15390313603185934 0.14072773157044463 0.14386609318393723 0.11329454838235056
0.08307528896495929 0.11970774077789334 0.11132015881289124 0.13703396025620612 0.1070435296052242 0.18443379623203884 0.09294477304333981 0.1644407523074473
0.1035200777741573 0.0764025590462573 0.22028049916496767 0.13569339798715632 0.0982240970395937 0.09246729841673179 0.15128801238269518 0.12212405818844069
0.10465072010827263 0.07078403408938148 0.2623604417111181 0.13098070308457357 0.09310278071011206 0.07420497826046096 0.14603370925996487 0.11788263277611621
0.10339685647470302 0.06931317056017176 0.27776918845233756 0.12891224842954413 0.09071863285248957 0.07014134296226952 0.1437275366818947 0.1160210235865897
0.10257177487380288 0.06882054438150534 0.28335719162677564 0.12816044232917198 0.08975568347428638 0.0691006362332904 0.14288932898491263 0.11534439809625478
0.08139706709231788 0.11983855786375923 0.14206623332979387 0.13953980663270046 0.09493261320111629 0.1601335633354141 0.09464439058565771 0.16744776795924055
0.1410234384596084 0.10195714943715094 0.1925145302364087 0.1086653731318198 0.126700721068806 0.11410783765932471 0.12029703496888476 0.09473391503799675
0.10316110955903605 0.14428706742284464 0.0993977039786088 0.11326627260772378 0.1201705035221315 0.20697373522906115 0.07682408055132568 0.13591952712926852
0.079399628904095 0.12545878367797872 0.09842889299547268 0.13579364321598425 0.09884052382177883 0.20702264099640716 0.09210351452910236 0.16295237185918107
0.10310998239713894 0.07715131802989299 0.21517940484631856 0.1362900268562082 0.09691794235675372 0.09673709229595462 0.15195320904714554 0.12266102417058734
0.1210973416254046 0.08205091775883148 0.18821346697039174 0.09482945168632316 0.14336269107784053 0.11568043978362377 0.1409703490739968 0.11379534202358779
0.12408528272547462 0.08101051737791931 0.1772011497626602 0.09302632025294938 0.1559388840311162 0.11881638845389703 0.13828987309244417 0.11163158430353927
0.14364580208887487 0.09304968435842455 0.19971052301066824 0.10693905222639563 0.13798308471487017 0.10319764389086493 0.1192290627061456 0.09624514700375608
0.11289916622746933 0.07100452692184872 0.2515721211364062 0.12896472009416232 0.1004377978868423 0.07526738097637692 0.14378603867214812 0.11606824808474608
0.10540700527410339 0.06940482006363535 0.2734126795082081 0.12903551417241846 0.09233496181341515 0.0704080876267795 0.14386496878626354 0.1161319627551766
0.08194351042793163 0.11998792634019965 0.13988686836675868 0.1396427635086152 0.0955343343106552 0.16071905862965805 0.09471422220584336 0.16757131621033824
0.10511790616375002 0.07591522007275575 0.23782742617437475 0.13483328880236445 0.09444921027900459 0.08504398548084945 0.14926599330176282 0.11754696972513824
0.12115435851363113 0.0815904405579091 0.19501906681057926 0.09438664469871291 0.14202221401622112 0.11225121501834483 0.14031208674614637 0.11326397363845549
0.10829438046066507 0.07065187606744756 0.25055668910290674 0.12986206887139262 0.10178333829912299 0.07718926962177826 0.14478651559243327 0.11687586198425336
0.10445985894080918 0.06945181947290734 0.27315221136102175 0.12917600462337617 0.09269097153943054 0.07078912474669709 0.14402160515471937 0.11625840416103854
0.10294461545948276 0.0689233551880574 0.2816355744179474 0.12833697305816152 0.0902721424290195 0.06929791612118509 0.14308614757380098 0.11550327575234537
0.11967859456070133 0.08033781089774995 0.20813638429562556 0.09353698729033004 0.13962894277529098 0.10738788148986339 0.13904901394204286 0.11224438474839604
0.08348894552142769 0.11957787793067813 0.12404397183066364 0.13752484970396828 0.10444833029551101 0.17260848092594996 0.09327772414703936 0.16502981964476193
0.10585892786746524 0.07614163887210432 0.23113265716448608 0.1352538179737258 0.0966465834213947 0.08732125341948292 0.1497315363811698 0.11791358490017122
0.09785978701520621 0.1442528423725431 0.10844043228105853 0.11636417264732134 0.11509079404625691 0.19942969953481907 0.07892526492600925 0.1396370071767856
0.11969958373981092 0.08733253828564715 0.15313526672522193 0.09456962511518281 0.14912825831472765 0.1420670782562319 0.14058409942495834 0.11348355013821938
0.10933760273073614 0.07197965844858151 0.2342297945869572 0.13157012285604017 0.10456456240183275 0.08321428008681624 0.1466908683186 0.11841311057043616
0.10525919208768313 0.06994194325576919 0.2671206447403467 0.12993608965951028 0.09375983905849991 0.07217076725738651 0.14486904324724503 0.11694248069355927
0.120541305715472 0.0806152401342337 0.2037355947692115 0.09377752937096007 0.14103080438382315 0.1083598944804367 0.1394065959007108 0.1125330352451521
0.10784503072965135 0.0703695868086908 0.25386819730365084 0.1294579295683291 0.10129174103682229 0.07631944751219231 0.14433593042916693 0.11651213661149619
0.10424334559350057 0.06935024636100177 0.27436937175128123 0.1290187588785481 0.09248849031166964 0.07056661622931215 0.14384628788399315 0.11611688299069327
0.08172865727085178 0.11997013215920055 0.14008852206234398 0.13962933812158473 0.09555859860334219 0.16076442974561325 0.09470511629116184 0.16755520574590166
0.1411755344027237 0.10200353548209473 0.19181534368609035 0.10870289684188347 0.1269158280395561 0.11428165827323675 0.1203385752584139 0.09476662801600097
0.08711622910060254 0.12181450810853531 0.12015909669096257 0.13710409574860571 0.10149455944521879 0.17479425280434627 0.09299234320340215 0.16452491489832682
0.10684310601788195 0.07638419902342529 0.2295212431926255 0.1354024325867122 0.09613482519158283 0.08777498876327272 0.14989605886685273 0.11804314635764655
0.07234920009164637 0.1064504151244308 0.07977911032116092 0.08585106764879816 0.14135316564560632 0.24546587287646765 0.09704903299429357 0.17170213529759631
0.13139085676302706 0.09804155856770295 0.16711021867181963 0.11000570830627097 0.13745410845233705 0.13434425638292322 0.12264815538027525 0.09900513747564386
0.08517427670031168 0.12109939942009647 0.11438310647246153 0.13685386381299855 0.10349897825021843 0.18194311809515099 0.09282262067316423 0.16422463657559822
0.11866210845883204 0.08514531632661002 0.15176608010901013 0.09061601159851727 0.15442912713823717 0.14227640282538134 0.14383493904526548 0.11327001449814658
0.08294215695912843 0.11966474458451073 0.11099982714836404 0.13699386305791078 0.10712529988374932 0.18496389601408697 0.09291757668275687 0.1643926356694929
0.11700034581748099 0.08637376298515752 0.15554426804276583 0.09587993308351743 0.14809043162490032 0.13952337852031008 0.14253196022564682 0.11505591970022092
0.1425036817113414 0.09428987632756958 0.1928036634203894 0.10783479386428232 0.13677545520086673 0.10851346721169812 0.12022774778599835 0.09705131447785408
0.1129267168390968 0.07129213030619597 0.2490161063853831 0.12934375559602942 0.10044703621296952 0.07635623965340013 0.1442086349704985 0.1164093800364265
0.12263458958083429 0.08077296086119282 0.19794532772215814 0.09383311005727084 0.1432306039389648 0.10949445544691123 0.13948922032394293 0.11259973206872502
0.10848948378348586 0.07048864131908442 0.2515889078390491 0.12965774756990328 0.10189984799088955 0.0766246860955439 0.14455871258913097 0.11669197281291296
0.13901116047329365 0.09236605876947941 0.22748990085850074 0.10738737899013275 0.12332873067379371 0.09403921555318902 0.11972891359049127 0.09664864109111947
0.08693153061705436 0.12089622565744491 0.12842081969358546 0.13733588269355818 0.10095617698796895 0.16750674989987896 0.09314955521823946 0.1648030592322698
0.10652838454972817 0.07612557487511494 0.23288824185837964 0.13506022231453552 0.09577906153299932 0.08635648764365353 0.14951721802830142 0.11774480919728739
0.08219751326673623 0.12098439676471794 0.1308047415190581 0.13993299827557135 0.09634563244493495 0.16690404270703874 0.09491107709125711 0.16791959793068562
0.10549394272055732 0.07621650667956473 0.23419347530996784 0.13525038274646506 0.09490004662535881 0.08630732238804427 0.14972773344338008 0.11791059008666183
0.08201934196637799 0.12100749751840784 0.131098671578711 0.13994951696629657 0.09616518563707255 0.1668980849007859 0.09492228107279245 0.16793942035955584
0.10544488024657013 0.07621354474065274 0.2343188726896484 0.1352425431695143 0.0948565926942544 0.08630075616624687 0.14971905470943384 0.11790375558367915
0.09781148777993967 0.1443212088715376 0.10907247939918026 0.11641114317251032 0.11468211788296605 0.199051067891586 0.07895712319526786 0.13969337180701236
0.0786792510963203 0.12583682259136664 0.10080525176780418 0.13625720116601472 0.09794764352190434 0.2045472607099884 0.0924179277473839 0.16350864139921764
0.10290020324830629 0.07715095866209684 0.21620907917177276 0.1362501879260049 0.09668915122423528 0.09626645902115613 0.15190879161302337 0.12262516913340442
0.10467541501385767 0.07095589129756916 0.26089257973579333 0.13121002291482636 0.09293649987426927 0.07495118678306388 0.14628938375727654 0.1180890206233437
0.08186522244173672 0.12029979361751975 0.13711164729832373 0.1398163644290529 0.09572926115137298 0.16256610483003373 0.09483196891709675 0.16777963731486348
0.14130642320488965 0.1020997199734542 0.19078556040741895 0.10877509405601524 0.12704082500306868 0.11474430763584274 0.12041850054227163 0.09482956917703891
0.07587918225079643 0.1060853383543253 0.07283447010146184 0.08326731557973649 0.1473377737109549 0.25393301905746285 0.09412826978578907 0.16653463115947298
0.13223485294707787 0.09779561201524688 0.16411524156963267 0.10972484978270637 0.13892294384970985 0.13611911594509846 0.12233501908609203 0.09875236480443574
0.11167474027497418 0.0722946428658161 0.23814745127433568 0.13074672088397607 0.10190425548948046 0.08178730384818206 0.14577283656765688 0.11767204879557845
0.08304354646289315 0.12035610283746816 0.13194335812998528 0.13969476364988773 0.09756537271762512 0.16501364795539475 0.09474949186688038 0.16763371637986527
0.10562971874925191 0.07612205656111577 0.23459718258269233 0.13515622707057726 0.09509504572457933 0.08594776442079982 0.1496234992397111 0.1178285056512725
