Action: 0
[0.1046357704216124, 0.10364019861156813, 0.16595778850731047, 0.10364019650266497, 0.10364143219443803, 0.211204220757076, 0.10364019650266497, 0.10364019650266497]
[0.10856996938890226, 0.10196941352531147, 0.21594737097475103, 0.10196941352531147, 0.10196941352531147, 0.16563559200978933, 0.10196941352531147, 0.10196941352531147]
[0.1123505000993621, 0.10324554240933555, 0.26874157628858847, 0.10313246619081455, 0.10313251643945227, 0.10313246619081815, 0.10313246619081455, 0.10313246619081455]
[0.125, 0.125, 0.125, 0.125, 0.125, 0.125, 0.125, 0.125]
[0.11322601078877374, 0.10300976452256322, 0.26851015162142305, 0.10300976452256322, 0.10321415522239465, 0.10301062427715559, 0.10300976452256322, 0.10300976452256322]
[0.20795121401733316, 0.10480077933948873, 0.1657788484190717, 0.10397553029403898, 0.1040029361263055, 0.10553963121568395, 0.10397553029403898, 0.10397553029403898]
[0.125, 0.125, 0.125, 0.125, 0.125, 0.125, 0.125, 0.125]
[0.125, 0.125, 0.125, 0.125, 0.125, 0.125, 0.125, 0.125]

Action: 1
[0.10308687607697498, 0.20547825763783426, 0.10273912881891713, 0.10273912881891713, 0.16504736802274572, 0.11543098298677658, 0.10273912881891713, 0.10273912881891713]
[0.12606580898181347, 0.10187896219548091, 0.10187896219548091, 0.10187896219548091, 0.10187896219548091, 0.2626604178453011, 0.10187896219548091, 0.10187896219548091]
[0.10422501482564293, 0.1042250148256429, 0.1042250148256429, 0.1042250148256429, 0.10486676027543165, 0.2697831507707108, 0.1042250148256429, 0.1042250148256429]
[0.125, 0.125, 0.125, 0.125, 0.125, 0.125, 0.125, 0.125]
[0.10552426067397895, 0.103416938617292, 0.10341686563671122, 0.10341686563671122, 0.211290572891114, 0.16610076527077022, 0.10341686563671122, 0.10341686563671122]
[0.10171069067930825, 0.10171069067930825, 0.10171069067930825, 0.10171069067930825, 0.2609725446109055, 0.1287633113132448, 0.10171069067930825, 0.10171069067930825]
[0.125, 0.125, 0.125, 0.125, 0.125, 0.125, 0.125, 0.125]
[0.125, 0.125, 0.125, 0.125, 0.125, 0.125, 0.125, 0.125]

