Action: 0
[0.15490068074862232, 0.09505377272956186, 0.27462929219302185, 0.09505377272956186, 0.09518198394996161, 0.09507295219014694, 0.09505377272956186, 0.09505377272956186]
[0.260338060777169, 0.09619487828178362, 0.16249266953212932, 0.09619487828178362, 0.09619487828178362, 0.09619487828178362, 0.09619487828178362, 0.09619487828178362]
[0.12305814035879728, 0.09189617116772296, 0.25258471114496256, 0.09189617116772296, 0.09913868551225119, 0.15763377831309708, 0.09189617116772296, 0.09189617116772296]
[0.125, 0.125, 0.125, 0.125, 0.125, 0.125, 0.125, 0.125]
[0.2582227876583421, 0.09497431696443147, 0.1668844579786902, 0.09497431696443147, 0.10002116812174461, 0.09497431838349712, 0.09497431696443147, 0.09497431696443147]
[0.16336935016975, 0.09556916501364088, 0.2620726364914877, 0.09556916501364088, 0.0966268403482022, 0.0956545129359966, 0.09556916501364088, 0.09556916501364088]
[0.125, 0.125, 0.125, 0.125, 0.125, 0.125, 0.125, 0.125]
[0.125, 0.125, 0.125, 0.125, 0.125, 0.125, 0.125, 0.125]

Action: 1
[0.10020684106559695, 0.09490929301216998, 0.09490929301216998, 0.09490929301216998, 0.19417250690228097, 0.2310741869712722, 0.09490929301216998, 0.09490929301216998]
[0.1111111111111111, 0.1111111111111111, 0.1111111111111111, 0.1111111111111111, 0.2222222222222222, 0.1111111111111111, 0.1111111111111111, 0.1111111111111111]
[0.09575857127236365, 0.09563268586747967, 0.09563258148042826, 0.09563258148042826, 0.1930589716796839, 0.23301944525875973, 0.09563258148042826, 0.09563258148042826]
[0.125, 0.125, 0.125, 0.125, 0.125, 0.125, 0.125, 0.125]
[0.09610098180967387, 0.09610098180967387, 0.09610098180967387, 0.09610098180967387, 0.20068784753173838, 0.22270626161021842, 0.09610098180967387, 0.09610098180967387]
[0.11408723865790922, 0.09360779265386285, 0.09360779265386285, 0.09360779265386285, 0.21926414724907273, 0.19860965082370388, 0.09360779265386285, 0.09360779265386285]
[0.125, 0.125, 0.125, 0.125, 0.125, 0.125, 0.125, 0.125]
[0.125, 0.125, 0.125, 0.125, 0.125, 0.125, 0.125, 0.125]

