Action: 0
[0.12674140448376794, 0.09448799785784653, 0.2990276649663418, 0.09448799785784653, 0.10174803626091264, 0.09453090285759141, 0.09448799785784653, 0.09448799785784653]
[0.09872078937664079, 0.09872078937664079, 0.3089544743635144, 0.09872078937664079, 0.09872078937664079, 0.09872078937664079, 0.09872078937664079, 0.09872078937664079]
[0.1934020411197474, 0.09462336421489832, 0.235856497209945, 0.09462250376777305, 0.09762808238417255, 0.09462250376791762, 0.09462250376777305, 0.09462250376777305]
[0.125, 0.125, 0.125, 0.125, 0.125, 0.125, 0.125, 0.125]
[0.14044705171829017, 0.09143328685699935, 0.2656803734155415, 0.09143328685618543, 0.13670614058423766, 0.09143328685637497, 0.09143328685618543, 0.09143328685618543]
[0.198162805747085, 0.09588351075474519, 0.21020297848339103, 0.09588351075474519, 0.11211413218824076, 0.09598604056230259, 0.09588351075474519, 0.09588351075474519]
[0.125, 0.125, 0.125, 0.125, 0.125, 0.125, 0.125, 0.125]
[0.125, 0.125, 0.125, 0.125, 0.125, 0.125, 0.125, 0.125]

Action: 1
[0.1114837839549689, 0.09231975883917175, 0.09231975883917175, 0.09231975883917175, 0.14526497630163637, 0.28165244554753605, 0.09231975883917175, 0.09231975883917175]
[0.10220158325236321, 0.10220158325236321, 0.10220158325236321, 0.10220158325236321, 0.10220158325236321, 0.2845889172334575, 0.10220158325236321, 0.10220158325236321]
[0.19335987958376433, 0.09853286640854317, 0.09667993979188216, 0.09667993979188216, 0.11124154201656022, 0.21014595282360354, 0.09667993979188216, 0.09667993979188216]
[0.125, 0.125, 0.125, 0.125, 0.125, 0.125, 0.125, 0.125]
[0.10444743975600526, 0.09284926874873384, 0.09284926874873384, 0.09284926874873384, 0.15446082968595323, 0.27684538681437226, 0.09284926874873384, 0.09284926874873384]
[0.09728166036024134, 0.09728166036024134, 0.09728166036024134, 0.09728166036024134, 0.30769763575337206, 0.10861240208517992, 0.09728166036024134, 0.09728166036024134]
[0.125, 0.125, 0.125, 0.125, 0.125, 0.125, 0.125, 0.125]
[0.125, 0.125, 0.125, 0.125, 0.125, 0.125, 0.125, 0.125]

