0.125 0.125 0.125 0.125 0.125 0.125 0.125 0.125
0.099626400996264 0.07845579078455792 0.199252801992528 0.15691158156911583 0.08685378548392246 0.06839735606858895 0.17370757096784492 0.1367947121371779
0.0745303753200788 0.12421729220013136 0.1056354961590544 0.1490607506401576 0.0931629691500985 0.15527161525016417 0.11179556298011822 0.186325938300197
0.07450967669499871 0.12418279449166453 0.09799683982351215 0.14901935338999742 0.1010241357052516 0.15522849311458065 0.11176451504249807 0.18627419173749676
0.09338544494292077 0.1556424082382013 0.09159852067440225 0.14007816741438114 0.13563692242292827 0.1945530102977516 0.10505862556078586 0.08404690044862868
0.07295173961840629 0.12906846240179573 0.09118967452300787 0.16133557800224468 0.08754208754208756 0.1548821548821549 0.10942760942760946 0.1936026936026936
0.09587579602760023 0.0755021893717352 0.20801578755497832 0.1510043787434704 0.09548402201371135 0.07530492866915046 0.16716805461222603 0.13164484300712803
0.10489184259844941 0.08260232604627893 0.16950140985021786 0.09912279125553472 0.1519770135418223 0.11066336374060429 0.15733776389767415 0.12390348906941838
0.06288241011137165 0.11125349481242676 0.054820562661195796 0.09699022624673102 0.1257648202227433 0.24466690812967767 0.10964112532239159 0.19398045249346205
0.08016565226989177 0.14183153863134698 0.10020706533736472 0.17728942328918373 0.07214908704290261 0.1786103936654165 0.09018635880362826 0.15956048096026537
0.09421022174578902 0.07419054962480887 0.21954054878912338 0.14838109924961773 0.09448683718033891 0.07556888563594626 0.1642639763772732 0.12935788139710266
0.07055480657889952 0.11759134429816587 0.12462870664685267 0.14110961315779905 0.10610957822731522 0.15778672477536976 0.10583220986834928 0.17638701644724877
0.07067477396509647 0.11779128994182744 0.10732702652328119 0.14134954793019294 0.1105418395033584 0.16961642627585746 0.10601216094764472 0.17668693491274115
0.07515972038105637 0.1172324372808778 0.1038356372807754 0.14067892473705335 0.11109402489242565 0.17064140595370464 0.10550919355279002 0.17584865592131668
0.09418906356524322 0.14630325238623237 0.09662369198325342 0.13167292714760911 0.14026812463083127 0.21318448863755823 0.09875469536070684 0.07900375628856547
0.08180165312579753 0.14472600168410332 0.07777629122924372 0.12617138608357728 0.09816198375095704 0.23437990678673248 0.08557711403929588 0.1514056633002927
0.13274619070790813 0.09670809415675141 0.17245408687903813 0.11604971298810171 0.1338936022194908 0.11850496565426528 0.12847180273815084 0.1011715446562938
0.08366072626042952 0.1127175436336088 0.11276857407901987 0.13526105236033054 0.11435962272089562 0.17071037622505436 0.10144578927024793 0.16907631545041318
0.09591355393180491 0.1393033750172316 0.0941474969025985 0.12537303751550843 0.13556749980006236 0.24044143618685782 0.09402977813663134 0.07522382250930507
0.07961416447050172 0.14085582944781072 0.07564985160793068 0.1227973897750145 0.09553699736460207 0.25490023523498273 0.08328866436914026 0.14735686773001738
0.09151363816098597 0.07387245490103687 0.19642926359556956 0.14774490980207375 0.08997859503859189 0.102766170990101 0.16472454868977474 0.13297041882186636
0.1013948234701362 0.06873944020019991 0.2511807510067532 0.13747888040039982 0.09393898223221818 0.07521896782389291 0.15219477195323056 0.11985338291316906
0.07960647153511216 0.11221517527571051 0.13211369090662556 0.13465821033085262 0.10514051541868627 0.1669495158713076 0.10099365774813947 0.16832276291356577
0.09444978499679484 0.13785703717612555 0.0990898553539212 0.12407133345851301 0.13261715386761103 0.2444185349780419 0.09305350009388477 0.0744428000751078
0.06577890637311815 0.11637806512167055 0.09620110776109739 0.14547258140208819 0.08920566625527598 0.21372821584456667 0.09866835955967722 0.17456709768250583
0.07410324929842496 0.11056547714868156 0.09876633992033497 0.1326785725784179 0.10277631746813108 0.2157528984291738 0.09950892943381341 0.16584821572302236
0.09454651310257661 0.13481463982653483 0.09101084299249418 0.12133317584388134 0.1293451045220346 0.2651499363232386 0.090999881882911 0.0727999055063288
0.07661124682306576 0.13554297514850097 0.07738004587393013 0.1181656706422829 0.11265163154755652 0.2577024746713324 0.08014715052259187 0.14179880477073947
0.07582688941111164 0.1341552658811975 0.10755300477333682 0.16769408235149688 0.08162898096348171 0.19691185191552765 0.0853052505875006 0.1509246741163472
0.103610166897046 0.0696613424416911 0.22469474645919726 0.1393226848833822 0.09407367701214343 0.09294064079127563 0.15423593930923873 0.12146080220602552
0.10268019956777834 0.13821685987120919 0.11960107760501185 0.12439517388408827 0.13039115274869292 0.21678205157970046 0.0932963804130662 0.07463710433045297
0.07123306142796747 0.11419458949146899 0.09770773336864316 0.14274323686433624 0.09527408765243431 0.21073825499778787 0.0968171519601585 0.17129188423720346
0.10247486227560448 0.06944509197871783 0.22209741730333668 0.13889018395743566 0.09674814477996979 0.0955034065828142 0.15375714300538254 0.12108375011673878
0.10220332556401208 0.13779736444398044 0.1198243578763231 0.12401762799958238 0.13082407365729318 0.21790945265937273 0.09301322099968679 0.07441057679974943
0.0708198618680359 0.11349527406875222 0.09727907770545574 0.14186909258594027 0.09964104201245855 0.21042848655446067 0.09622425410176819 0.1702429111031283
0.13705573170126745 0.09292700924235928 0.17905231027242952 0.11151241109083115 0.1307413252855007 0.12804644125432726 0.12344882302281673 0.09721594813046817
0.08837218300876118 0.13732430118764288 0.08908262153821894 0.11971862154820148 0.1234072646615177 0.21723220584338362 0.08120045635443231 0.14366234585784177
0.06998032050750616 0.1136320452933256 0.09295941887196883 0.142040056616657 0.10077592926340621 0.21382394919324127 0.0963402123139065 0.1704480679399884
0.10360956314407778 0.06928002324971119 0.22050810271151516 0.13856004649942238 0.09775211018391121 0.09610254896911899 0.15339166726838782 0.1207959379738554
0.12115098568275885 0.07532278749223029 0.18535575964836623 0.09038734499067634 0.15182396739552628 0.11950299737641987 0.14347197617567672 0.11298418123834543
0.0786905668979563 0.11432716687745184 0.10768439397890384 0.1429089585968148 0.1072969033085606 0.18067170549759956 0.09692955452653526 0.17149075031617775
0.07911616987167475 0.10991117104573316 0.10257038388549866 0.13189340525487978 0.10675631035356889 0.20596574907888524 0.09892005394115984 0.16486675656859973
0.0865039717745461 0.13418939103268315 0.0781681840611066 0.11698562295156995 0.11647897407346569 0.24794433821498413 0.07934677034976048 0.14038274754188393
0.10045066341711263 0.07014572222684426 0.1982891701161016 0.14029144445368852 0.1024429079135399 0.10570330080931097 0.15641449105508257 0.12626230000831967
0.10711415550786627 0.06637902075078712 0.26162928594780377 0.13275804150157425 0.09443857806750948 0.07497452922134383 0.14696860923251198 0.1157377797706032
0.09282086426481458 0.13773867923843203 0.10819059096187168 0.1200798742078638 0.11678993677886378 0.19883872560121 0.08144547989750761 0.14409584904943656
0.13148373237098815 0.09093690515343164 0.17552183257299797 0.11367113144178956 0.13285140562235606 0.12649614590348757 0.12673482863733848 0.10230401829761059
0.10872507621329679 0.0672812709272104 0.23444904382745874 0.1345625418544208 0.10193101285956423 0.08191757446212655 0.15002719218694377 0.12110628766897873
0.10278708838810247 0.06638980674150144 0.26296911737079465 0.13277961348300288 0.09423802816798196 0.07329533360674505 0.14803936010716887 0.1195016521347026
0.10034128951492324 0.06545005205169104 0.2771196670829971 0.13090010410338207 0.091510658571801 0.0709242875713759 0.14594384741078567 0.11781009369304386
0.13279054072669566 0.08694101522137727 0.237901371866705 0.10867626902672158 0.12095171754769284 0.09376451369129407 0.1211659297954642 0.09780864212404942
0.10804123247013075 0.06465237094908713 0.2676131232517583 0.12930474189817426 0.09612533243368919 0.07372379367994342 0.14416513760885996 0.11637426770835685
0.1026540943020846 0.06471570603545432 0.2810363131131907 0.12943141207090864 0.09104550781971302 0.07032233039637012 0.1443063653984608 0.11648827086381777
0.11842880909756018 0.07547683999196232 0.20974318621989896 0.0943460499899529 0.14004130763023723 0.1084968070973806 0.1402517399850643 0.11321525998794346
0.09537645175609687 0.1287106246224247 0.14546862044556302 0.16088828077803088 0.09130653921414277 0.15160686156599384 0.08184316891752005 0.1447994527002278
0.10811946042818243 0.06783679482687807 0.24183374206697267 0.13567358965375614 0.09403914157629993 0.0840214908632291 0.15019624088653508 0.11827953969814638
0.08257005985419687 0.11293450671457204 0.1341400599222731 0.14116813339321507 0.0965914735884432 0.16744518554526114 0.09574882091018067 0.1694017600718581
0.14227220491098785 0.09178296001231862 0.19199244471562132 0.11013955201478234 0.1286964693811697 0.11716826074539223 0.12192901159145624 0.09601909662827178
0.10377053105677976 0.1317696755171442 0.10068090936598531 0.11487612737392058 0.12187878653514242 0.21125663525740304 0.07791598204492003 0.1378513528487047
0.12134186254782445 0.07636014702472121 0.1518961072138664 0.09545018378090152 0.15205068926881943 0.14646768060323595 0.14189310902354912 0.11454022053708182
0.10998358618106485 0.06614222931442443 0.23513254724293858 0.13228445862884886 0.1053732887360275 0.08454057773408993 0.14748729939664193 0.11905601276596398
0.08316865648364283 0.11263746658297669 0.1325877411500548 0.14079683322872089 0.09882130413455524 0.16753481600784337 0.09549698253774111 0.16895619987446503
0.09769112410189139 0.13264281448121026 0.1307275739377545 0.1591713773774523 0.08832749710040129 0.16941594814658748 0.08325887432051353 0.1387647905341892
0.10319757940101705 0.1353886964848144 0.09974193430295053 0.12184982683633296 0.1263653880862347 0.24895930865960086 0.09138737012724973 0.07310989610179978
0.0929490200782371 0.1272790266189226 0.08071982352037102 0.1109612026934197 0.11751166583337491 0.26216517619672997 0.07526064182684117 0.13315344323210362
0.13826810946181328 0.08853080854969217 0.16865947270561218 0.1106635106871152 0.13157230704051065 0.13932707599166627 0.12338155594518667 0.09959715961840368
0.12900306408506032 0.07485448426670255 0.1722139260930212 0.09356810533337817 0.15311591635629845 0.1258675044624338 0.13909527300305172 0.11228172640005381
0.1266194266803608 0.07465320806171834 0.17300977183922514 0.09331651007714792 0.15960060642684468 0.12209940506564887 0.13872125975647662 0.11197981209257749
0.11063288727569238 0.06546298141818167 0.2431593408440397 0.13092596283636335 0.10633918792499351 0.0796735951796988 0.1459726779683036 0.117833366552727
0.08352560415464183 0.11249663746188801 0.13445976220806627 0.14062079682736 0.09919587021242367 0.16557878900770923 0.09537758393507897 0.168744956192832
0.11922219371998985 0.07627320448608345 0.15972684531279038 0.09152784538330015 0.15427317002578034 0.1392846400837242 0.1452822942592066 0.1144098067291252
0.099262490114802 0.13080163115858534 0.09408127007861757 0.114032191266459 0.12778713629968583 0.21985307835528387 0.07734357320681567 0.13683862951975082
0.10774705774392121 0.06783649186700365 0.2130827304807194 0.1356729837340073 0.10304641602515409 0.09924338277470227 0.15126525201388574 0.12210568536060656
0.106247216704649 0.06575364158425832 0.26112671163557677 0.13150728316851665 0.09460385321891186 0.0757839320798823 0.14662080675654018 0.11835655485166498
0.12158232868096713 0.07539827975028518 0.20347259185831226 0.09424784968785646 0.1421293498183543 0.10996642193834155 0.1401057586404553 0.11309741962542774
0.1087026952665318 0.06497645634560098 0.2554761114907679 0.12995291269120196 0.1020312589569277 0.07701514415475683 0.1448877996721311 0.11695762142208174
0.12209770202590894 0.07526207434508315 0.2014029022850534 0.09407759293135395 0.14429107833604513 0.11012287802217152 0.13985266053675902 0.11289311151762475
0.10887575816917468 0.06499583568232353 0.25462253921175854 0.12999167136464707 0.10252070362805334 0.07706997501527643 0.14493101270058412 0.11699250422818236
0.0958639360243945 0.1294510213728119 0.15783145234477533 0.16181377671601482 0.08501723784021523 0.14207621198009776 0.08231396467727711 0.14563239904441336
0.12264086385225412 0.07627888760527103 0.16727367724969885 0.09153466512632524 0.14952317268003823 0.13303728283037056 0.1452931192481353 0.11441833140790655
0.1001970834355492 0.13101406901935553 0.09565815693006775 0.11421739350405354 0.1269784283620953 0.21740480790648253 0.07746918863753195 0.1370608722048642
0.10795067780796475 0.06780438310977657 0.21374808123875927 0.13560876621955315 0.10287920509495507 0.09876734265377221 0.1511936542776212 0.12204788959759781
0.12284277737749376 0.07596147904122265 0.18879010431090665 0.09495184880152831 0.1457443772644987 0.11661489403606475 0.14115230060645106 0.11394221856183398
0.10950306715321027 0.06528519910822181 0.24975794669797166 0.13057039821644362 0.10330642066409337 0.07848735981349365 0.14557624995176624 0.11751335839479926
0.10526369709583473 0.06477297642608437 0.27464633802920607 0.12954595285216874 0.09342842590964107 0.07131718229836675 0.1444340698217463 0.11659135756695185
0.09503583006569048 0.12932314181128024 0.16293775995036444 0.16165392726410027 0.08328363732087585 0.14004451909391272 0.0822326499560858 0.14548853453769023
0.12236701546041155 0.07624196989765444 0.16885985818955168 0.09149036387718534 0.14900907659396165 0.1324459613296977 0.1452227998050561 0.11436295484648167
0.08457293857879078 0.11063451524489065 0.11618686940920069 0.13829314405611332 0.10719062270866025 0.1833713089926012 0.0937988281424073 0.16595177286733598
0.10453264453976509 0.06823251365967584 0.22402623555564777 0.13646502731935167 0.09887757626739554 0.09289915656693308 0.1521483215038145 0.12281852458741652
0.12196143451205153 0.07599175314818002 0.1922132130878295 0.09498969143522501 0.14452399512246095 0.11512372674887238 0.14120855622311063 0.11398762972227
0.10920038990417254 0.06522557471336096 0.25112397201870895 0.13045114942672192 0.10298606801197428 0.07816351499062162 0.14544329645038998 0.11740603448404975
0.12231927217383722 0.07531238652864423 0.20005395791482436 0.09414048316080528 0.1447767685527125 0.11048240078940105 0.13994615108680905 0.11296857979296634
0.08477366776862583 0.11085438937145368 0.12353992967503089 0.1385679867143171 0.10659172121489303 0.17540547803574466 0.09398524316275421 0.16628158405718052
0.10436452654463517 0.06809611356508218 0.2270314380621343 0.13619222713016435 0.09856011509221971 0.0913384055375226 0.15184416965109368 0.12257300441714791
0.10513547911542624 0.06552646757203033 0.26660510457650843 0.13105293514406066 0.09342065208058617 0.07419747726589276 0.14611424261584077 0.1179476416296546
0.08263604209287904 0.11252636179615404 0.1398413196170387 0.14065795224519256 0.09661625764989913 0.16352973890351846 0.09540278500108712 0.16878954269423105
0.10610674535362616 0.06792892681411002 0.23969298620844878 0.13585785362822003 0.0953877499009996 0.08618532932764167 0.15040022868081335 0.11844018008614052
0.1220593795716376 0.07574839462217567 0.19699394725849587 0.09468549327771958 0.143047201315984 0.11308664678996448 0.14075634523075928 0.1136225919332635
0.10905203132193071 0.06511435489052873 0.2529672081129594 0.13022870978105747 0.10253994959115587 0.07769661465396832 0.1451952928454476 0.1172058388029517
0.10504920273841 0.06469531001455697 0.27583958039788414 0.12939062002911395 0.09320583186487454 0.07110701161291591 0.14426088531604195 0.11645155802620254
0.08256831609943537 0.11240138159472163 0.1419038392147113 0.14050172699340202 0.09650646116554645 0.16221937901414124 0.09529682352595965 0.16860207239208244
0.14286071280307977 0.0914683832645332 0.19452016681910145 0.10976205991743986 0.12841838003514505 0.11576918388492025 0.12151111232211492 0.0956900009536655
0.08842266810218427 0.11072629894311871 0.12221095673298123 0.1384078736788984 0.10297390166450843 0.17729220770750842 0.09387664475612238 0.16608944841467804
0.1052490672290504 0.06810838640503115 0.2264571076925144 0.1362167728100623 0.0978174408139726 0.09168459326790035 0.15187153625241276 0.12259509552905609
0.10535452856835023 0.06553677933495333 0.2663806651381713 0.13107355866990666 0.09328455075825734 0.0742664784193551 0.14613723630808995 0.11796620280291599
0.10390658823635077 0.06452585586538857 0.2811001831322291 0.12905171173077715 0.09104545181464792 0.07034064080784676 0.14388302785506046 0.11614654055769943
0.1378571278681016 0.08583170546512965 0.23953706366460956 0.10728963183141205 0.12056077996206863 0.09274308975732609 0.1196199328030818 0.09656066864827084
0.1472810667017412 0.08493834267823622 0.22288563443207857 0.10617292834779528 0.12780578341550095 0.09698571715670218 0.11837489175492993 0.09555563551301573
0.11365335773767729 0.06425931061754002 0.2622671204239798 0.12851862123508004 0.09823646988827396 0.07410968925064584 0.14328867173523102 0.11566675911157204
0.09676479716186051 0.12924968957187688 0.1597136803182428 0.1615621119648461 0.08419400677483355 0.14092386952742658 0.08218594391255216 0.1454059007683615
0.12290335856866803 0.07623207940487273 0.1678593456777084 0.09147849528584728 0.14930298951508233 0.13267165166932599 0.14520396077118614 0.11434811910730908
0.08466495140628169 0.1106238716918492 0.11595489855190463 0.1382798396148115 0.10730497641696381 0.18344585051993437 0.09378980426048085 0.1659358075377738
0.10455759893354369 0.06823301913081156 0.22392242595276896 0.13646603826162312 0.09892287333880286 0.09292916131798551 0.15214944862900365 0.12281943443546078
0.10528732083193007 0.06559757722033766 0.26543234975202895 0.1311951544406753 0.09359375016566941 0.07454540207456503 0.14627280651818575 0.11807563899660778
0.13879725355061306 0.08620749954385934 0.23434689425664684 0.10775937442982417 0.12171911980140578 0.09404276068591544 0.12014366074489352 0.09698343698684174
0.1114901653173668 0.0641828945181389 0.2670129675425031 0.1283657890362778 0.09679970236869873 0.07350099584541035 0.14311827523895448 0.11552921013265001
0.14027548060214964 0.08588410144891519 0.23442507219197722 0.107355126811144 0.12222995804432675 0.09351769195365985 0.11969295481779783 0.09661961413002958
0.12917605204433527 0.07412567631636463 0.19280514171105442 0.09265709539545579 0.14924530526229188 0.11306121925285567 0.13774099554309546 0.11118851447454695
0.12659086051485105 0.07438812810778883 0.1794432386887644 0.09298516013473604 0.15832896784199071 0.11845276673795117 0.13822868581223446 0.11158219216168325
0.11046959780260629 0.06527952122723443 0.24565659933884587 0.13055904245446887 0.10610173285911971 0.07886677898409342 0.14556358912460932 0.11750313820902197
0.10559172377455582 0.06483459885549521 0.2730424594379044 0.12966919771099042 0.0941330725583756 0.07145519108083223 0.14457147864195496 0.11670227793989137
0.10368146492659394 0.06432510831651168 0.2834678803791089 0.12865021663302337 0.09096971441838353 0.06968502957327176 0.14343539078338574 0.11578519496972103
0.08229153982069995 0.11233569933780693 0.14360874676702673 0.14041962417225867 0.09598419693121313 0.16161550756918702 0.09524113639509718 0.16850354900671038
0.07727821713371567 0.12400813826011171 0.11020409689199918 0.13859690294679203 0.09565062373525289 0.19394088158424103 0.09400485591173721 0.1663162835361504
0.10248723224199294 0.07674997721652613 0.22064906516422023 0.13576464398904087 0.09617430448401211 0.09461915095614039 0.15136744635793065 0.1221881795901368
0.1045442979921682 0.07063086430755532 0.26358398247790515 0.13062782904192394 0.09277971227103209 0.07462798673538942 0.14564028103629428 0.11756504613773154
0.10342109407201648 0.06906241886066494 0.27945971803565695 0.12843620280695425 0.09066172906833384 0.07016947329161484 0.14319678133849972 0.11559258252625881
0.10259113830366409 0.06854151711816212 0.2852829102565093 0.12764238237509923 0.08971945935363987 0.069032717658024 0.1423117307973121 0.1148781441375893
0.09360432646903548 0.13722527545038118 0.16453251376989345 0.15979083685387574 0.0818329467460643 0.13791744357746413 0.08128490396479765 0.14381175316848815
0.10797466075158313 0.06745170418733802 0.24974257934955066 0.13490340837467604 0.09162436929571238 0.08135155988172785 0.14934361855071987 0.11760809960869191
0.09863844224391206 0.14288136490086054 0.11265751270015267 0.1162095714492584 0.11413301756545557 0.19720820041827536 0.07882040498297524 0.13945148573911006
0.1064311250907431 0.07714393050814605 0.21956293074958516 0.13377135305816595 0.09912058892031153 0.09443077819763898 0.14914507572305963 0.12039421775234935
0.13975156144102965 0.0936086565365425 0.21797351082004357 0.10814380503009031 0.123762519281892 0.09885825018798129 0.12057227217533949 0.09732942452708127
0.11178193021916454 0.07057442377365443 0.2598797333921525 0.12809265936463543 0.09726323858381969 0.07431086520051684 0.14281375603788457 0.11528339342817188
0.10500445948649194 0.06898018526522863 0.2777273447791714 0.1282655796110451 0.09151652818187957 0.07006033181810742 0.14300654920813535 0.11543902164994058
0.1029806761030861 0.06855302623252689 0.28458807674912223 0.12767244995964214 0.0899195768203284 0.06903573526138841 0.14234525391022787 0.11490520496367793
0.08159012711953052 0.11951065545934632 0.14313204754055533 0.1391618809515437 0.09506738385190881 0.1601555895507376 0.0943880583845253 0.16699425714185243
0.1167150188413141 0.08617261970832055 0.16654716805206185 0.09566653313284092 0.14440002131594937 0.13348407232397022 0.14221472686613365 0.1147998397594091
0.10848484927714518 0.07150173566763446 0.24041039556909405 0.13082583600068323 0.1034965933455427 0.08167629372061325 0.1458610440186722 0.11774325240061491
0.10497407390018378 0.06955969423030949 0.2705437368347155 0.12925292105477693 0.09344560489137356 0.0717889789036425 0.14410736123569906 0.11632762894929924
0.12051174698885661 0.0802906918518487 0.20571830678172678 0.09341163326299927 0.14093238750723647 0.10817860693061764 0.13886266676111533 0.11209395991559912
0.10792298168175797 0.07008561943788646 0.2555214911299426 0.12893947965320587 0.10140956236045659 0.07631743658476846 0.14375789746409667 0.11604553168788527
0.12135409976982868 0.08036790046275574 0.2008245177587543 0.09345107913806601 0.1435434779618546 0.10939632423930956 0.13892130570375186 0.1121412949656792
0.10826180251574667 0.07018443057248161 0.2535750672755589 0.12911205040563548 0.10209102359198458 0.07662447929887962 0.14395030097464132 0.11620084536507191
0.10443758606914534 0.06912261425248133 0.2754204197779906 0.1285894883808056 0.09272218790888097 0.07060948075384903 0.14336768331412206 0.11573053954272504
0.10293543138888529 0.06862287462566811 0.28374590088289947 0.1277877573191517 0.09024076147956733 0.06918447970553726 0.14247381301105422 0.11500898158723653
0.10232421252339614 0.06839799237037056 0.2868457652307163 0.1274239017438057 0.08949481558088038 0.06876365978346119 0.14206814119794456 0.11468151156942513
0.10208166063838912 0.06830843999572075 0.2879915375400363 0.12728176848537434 0.08925071586067225 0.06862261262121719 0.14190967322175316 0.1145535916368369
0.10198787951109343 0.06827453472436418 0.288414058656519 0.12722845776727795 0.0891666372177946 0.06857258438291325 0.14185023574948746 0.11450561199055015
0.11939219689629739 0.07993879363442565 0.2112077525067379 0.09310561911441032 0.13917936541631074 0.10704177331847683 0.13840775617604878 0.1117267429372924
0.14182386125542082 0.09228344076706095 0.21249175383169353 0.10614420523664833 0.1331052017010334 0.10027888486564275 0.11834286762951685 0.09552978471298348
0.10091563990000614 0.1387929292305082 0.1446100961135802 0.15761357013547417 0.08918377347732945 0.1468544401696514 0.08017733785152381 0.14185221312192672
0.1020467547970686 0.1327359414137075 0.13409730538199072 0.159283129696449 0.08663202847243359 0.16302529522586792 0.08331732937968102 0.13886221563280168
0.08463503655261974 0.10977662681634083 0.10862989656543587 0.131731952179609 0.10217532680582908 0.19958725672094735 0.09879896413470675 0.16466494022451122
0.0907419390107218 0.1444354130693322 0.08345861590333968 0.11281333703974877 0.11326756058823621 0.2433902578617889 0.07651687207913394 0.13537600444769848
0.07681844619174512 0.12438904475389401 0.09442030816720137 0.13455815564312287 0.09694078364059301 0.22013794317809962 0.09126553165359638 0.16146978677174745
0.07542351245570791 0.12393958710902418 0.0981505642217729 0.13691144450083284 0.09475668910043623 0.21366279381066175 0.09286167540056489 0.1642937334009994
0.10235622113663992 0.07697033277595587 0.21558035606651427 0.1361354916443545 0.09628083622580315 0.09837390585240605 0.1517809138184072 0.12252194247991906
0.12103141655013912 0.0818162865764055 0.1890705478281784 0.09455432489682235 0.14329151142072752 0.1162093682288014 0.14056135462273892 0.11346518987618681
0.10864199297606661 0.07060457349947237 0.24909684329991477 0.12971658673026576 0.10246142281525839 0.07810933875982977 0.144624313861953 0.1167449280572392
0.08263904281655716 0.1198423609089203 0.1350637555923178 0.139289018718054 0.09782497150174768 0.16371973704414503 0.09447429095659315 0.16714682246166476
0.14318100155572056 0.09165241074195535 0.19220585882344177 0.10998289289034642 0.129013969741666 0.11632576073898851 0.12175558350091259 0.09588252200696867
0.1038356338050409 0.1423961855636438 0.0996734193315178 0.11287680676636679 0.12096315692980275 0.2082427083728868 0.07655992111110094 0.13545216811964014
0.09259314162983649 0.14528206117828893 0.11466924550532676 0.15745001789960245 0.08651048152109422 0.1816958966159766 0.08009413954023255 0.14170501610964217
0.08278031769040077 0.10970070702953531 0.10418114908569856 0.13164084843544235 0.1020067784686191 0.20640850241941935 0.09873063632658177 0.16455106054430294
0.07667078073229439 0.12254892573924113 0.10055952991288747 0.13725165011711685 0.09607665884521915 0.20909805095500394 0.09309242355769667 0.16470198014054022
0.11566488355117818 0.08661321728929974 0.152625388834728 0.09586895001312809 0.1450711912401603 0.14659799590190797 0.14251563315384413 0.11504274001575371
0.14241202820396667 0.09412375152183979 0.19230817827880678 0.10759216091721596 0.13635853624495534 0.11041516985076535 0.1199572301569557 0.09683294482549436
0.10110192132551425 0.13918988238585245 0.1394049061198029 0.15780601953040616 0.08985375035735661 0.15034286668171282 0.08027523602198922 0.14202541757736553
0.11049182759618828 0.06787901140046682 0.2393702566469578 0.13575802280093363 0.09389666906385657 0.08396135255747418 0.15028971185125742 0.11835314808286525
0.08308689671581311 0.11976679954538663 0.13295322069291993 0.1396185602388867 0.09610773372382354 0.166226710721435 0.09469780607507097 0.16754227228666402
0.10652972596493883 0.06812419859240695 0.2370848658176372 0.1362483971848139 0.09552933417894784 0.08687024785321079 0.1508325764520528 0.11878065395599162
0.09821862344575868 0.1428569836504623 0.11012592964806259 0.1161244604551992 0.11502091254314965 0.1995410601849934 0.0787626775261351 0.13934935254623904
0.10640724238094156 0.07719689411522261 0.21851030337106367 0.13386434287394175 0.09938330677229854 0.09491124947187317 0.14924875242811114 0.12047790858654757
0.09479534331192795 0.13918310083573815 0.14758645133050327 0.16078777992680682 0.08400338502244543 0.14714289306698958 0.0817920445714626 0.1447090019341261
0.08369050729919654 0.11038305123163919 0.11209572934674551 0.132459661477967 0.1020533807759528 0.19439834691256488 0.09934474610847527 0.16557457684745874
0.07702066386832766 0.12294130275702318 0.10255230362866173 0.13761680331091314 0.09631999006291171 0.20506867971862125 0.09334009268044544 0.16514016397309575
0.10260644880427013 0.07680253725603949 0.21740134945386252 0.1359731076312943 0.09649175661648868 0.09674913560782501 0.15159986776205497 0.12237579686816485
0.13887332750497028 0.09380704728995792 0.21752688973018136 0.10842803060818294 0.12330100253829583 0.09958931229699834 0.12088916248404874 0.09758522754736464
0.1116149225134278 0.07061644726990396 0.2597489519483459 0.12814799686519976 0.0971998017104618 0.07446322929263144 0.14287545322134956 0.11533319717867979
0.139809605507872 0.0918828651870412 0.2311463706544877 0.10677857601261868 0.12187811971612654 0.09335360080687598 0.11905014370362112 0.09610071841135681
0.11129565161003636 0.07011239438776262 0.26486356809633727 0.12744929974760488 0.09643153116215494 0.07304672714645237 0.1420964580768072 0.11470436977284437
0.10471435673820274 0.06882122843991748 0.27957140413251447 0.12802168668523942 0.09118776175466439 0.06972941743591939 0.1427346267968266 0.11521951801671546
0.10285001271956073 0.06849569511927789 0.2852668620881868 0.1275832347842805 0.08979520028014806 0.06893829805514501 0.14224578564754856 0.11482491130585246
0.08156214241363641 0.11949530442947688 0.1432818885671683 0.13915088526479685 0.09503512077966778 0.16011299578702665 0.09438060044047092 0.16698106231775622
0.10243613569604064 0.07563391725178627 0.23396115197202652 0.13434836154965246 0.09504997385678648 0.08786853714828849 0.14978839713073192 0.12091352539468721
0.1207147485534357 0.0814534991526673 0.19473420543527833 0.09424297486707396 0.14249417412123344 0.11317031613787386 0.14009851189194875 0.11309156984048875
0.0968580014571711 0.13799351431461887 0.14037728523231188 0.15850408460091073 0.0912619621674579 0.15172113739842044 0.08063033868828937 0.14265367614081964
0.10947228170934897 0.06788118332969645 0.23985476368921527 0.1357623666593929 0.09419059272879692 0.0841873561660206 0.15029452068113497 0.11835693503639381
0.08289640006622537 0.11975795933452968 0.13305227785802926 0.13960799800537108 0.09616406477061487 0.16630106023340235 0.09469064212538213 0.16752959760644529
0.11935665367004104 0.07635915951217577 0.1594853407470115 0.09163099141461092 0.15354923323554515 0.13963386403392183 0.14544601811843005 0.11453873926826366
0.09834064106976402 0.1398133288802354 0.09316361936199065 0.11257832431211413 0.12672395477687257 0.21792867028235657 0.07635747214212957 0.13509398917453694
0.07845469490445085 0.12431165841313005 0.09692361487170537 0.13503314588165904 0.10017076349188735 0.21147864843335548 0.09158769894582093 0.16203977505799083
0.10299238118430878 0.07692155184615702 0.2148221512859105 0.13597298480189962 0.0973691608762856 0.09794635286728254 0.1515997308164463 0.12237568632170967
0.12118430139329797 0.08179862897064633 0.18879654370114163 0.0945371079022465 0.14361982022840786 0.11608330791762736 0.14053576040393656 0.11344452948269577
0.10868292595475725 0.07060634285245324 0.24898128925366614 0.12972181356594134 0.10253550773326854 0.0780923470368974 0.14463014139366892 0.11674963220934723
0.10470105678811696 0.06927086034143118 0.2737166654618975 0.12881797764317102 0.0929628262188907 0.07097200187741681 0.143622431790222 0.1159361798788539
0.10305535688832453 0.0686760315033419 0.28311815435283655 0.12787028964809688 0.0903431260794162 0.06928795044599778 0.14256583039869905 0.1150832606832872
0.10237301681576359 0.06841708202964118 0.2866145470382937 0.12745355114262044 0.08953479365432707 0.06879761522601442 0.14210119806498128 0.1147081960283584
0.10210047459000976 0.06831525888878674 0.2879061831016525 0.12729232698127124 0.08926570965694113 0.06863550734146373 0.14192144515673077 0.11456309428314414
0.11943179707965611 0.07994945136670248 0.21105244448491323 0.09311471487106945 0.13922247283818687 0.10707018388495713 0.1384212776292316 0.11173765784528333
0.10749662650225887 0.06994188338288165 0.2576013903217818 0.12871390513128037 0.10088860325299111 0.07600867808458461 0.1435063987060693 0.11584251461815233
0.10412945366771438 0.06901217668880061 0.2769364810314036 0.12841064589071793 0.09235598919643215 0.07041738493915642 0.1431682872841288 0.11556958130164614
0.10281408711490886 0.06857870188850554 0.28430839051755474 0.12771759962279788 0.09012043577167636 0.0691193530087699 0.14239559241526867 0.11494583966051809
0.13667603680009513 0.09137953188746949 0.23974809627800825 0.10640277486098781 0.11953871209027706 0.0918611972438585 0.11863115346441479 0.09576249737488902
0.11030236686267987 0.06990019816768517 0.26821066127362503 0.12712089658329323 0.09571027987523342 0.0726164772562207 0.14173031305629857 0.11440880692496391
0.08288496281076811 0.11961882927029115 0.1393755968919252 0.13909781974339583 0.09628877091606867 0.1614720285016946 0.09434460817378151 0.16691738369207496
0.08115831695418509 0.10987793296282074 0.10984645929328968 0.13185351955538488 0.10444047605857333 0.19911625606497668 0.09889013966653866 0.16481689944423109
0.07647791627121935 0.12272208520444733 0.10193241320307227 0.1374262852776109 0.09670909858922562 0.2066097873677816 0.09321087175350999 0.16491154233313307
0.11561449533156488 0.08662959214702712 0.15308825115456665 0.09587393085248433 0.1452764566935627 0.14594551929173213 0.14252303750608117 0.1150487170229812
0.10868307982376663 0.07184056554139223 0.23506304153098323 0.13139064915990664 0.10411827381950113 0.08416203733956373 0.1464907685409705 0.11825158424391598
0.10520878612087138 0.06971632152165289 0.2685403251717348 0.1295067220931447 0.09374318804134393 0.07233827671431897 0.14439033045310312 0.11655604988383024
0.10335542919872703 0.06883881350310954 0.28121306568456167 0.1281240356122986 0.09066641806186342 0.06964186767585297 0.14284873821251798 0.11531163205106873
0.13693632273981868 0.09147464861260483 0.23871410318873268 0.10648952919822949 0.11977314465963183 0.09204379724634101 0.11872787807623496 0.09584057627840653
0.11039780039140613 0.06993078490187492 0.26781483418152396 0.12716587623745737 0.09578995490408683 0.07267099875593835 0.14178046201400096 0.11444928861371163
0.09526706281465655 0.13746539172415997 0.16005858755574523 0.15984629991476862 0.08300267222760709 0.1391851980570406 0.08131311778273012 0.14386166992329175
0.10850924256479164 0.06753272353517151 0.24796532547223488 0.13506544707034301 0.0919765549629794 0.0816783402341183 0.1495230020477546 0.11774936411260674
0.09874740427103926 0.14288796224614794 0.11231234101778956 0.11620697905460466 0.1142174530799496 0.1973608388018201 0.07881864666312316 0.13944837486552558
0.10646665473377076 0.07715115922781884 0.21941749913978426 0.13378282229291474 0.09914767352089589 0.09447178795730095 0.1491578630638915 0.12040454006362328
0.10537336619627397 0.07057645909284177 0.2628769634271353 0.13045557973438185 0.09331596039288285 0.07454341348272987 0.1454482359128108 0.11741002176094367
0.10361533405092802 0.06905960076276565 0.27916157904282213 0.12843602026162268 0.090775856584841 0.07016261324748237 0.1431965778140778 0.1155924182354604
0.12001337409455663 0.08014642647122956 0.2083927555621999 0.09328380905506414 0.13991720221831488 0.10763321424174604 0.1386726474908118 0.11194057086607698
0.10772075802855172 0.07001684126593731 0.25656795594550497 0.12882931272137838 0.10111660116550669 0.0761670798673586 0.14363506955652186 0.11594638144924053
0.10421565598352342 0.06904210305680307 0.2765489581743026 0.12845801241354546 0.09243405906662754 0.07046790271074065 0.14322109742226635 0.11561221117219092
0.10284685084186886 0.06859015665230124 0.28416474500536065 0.12773563126533868 0.09014805653842595 0.06913679520684324 0.1424156963510567 0.11496206813880482
0.10228972800361703 0.06838541148342547 0.2870002333275354 0.12740402943531745 0.08946316245442963 0.06874782374690096 0.14204598505698826 0.11466362649178571
0.13643937232926195 0.09130450352151188 0.24065430948548233 0.1063331442314292 0.11929033130673825 0.09172498880851764 0.11855352050877255 0.09569982980828627
0.11021739091759812 0.06987448398692887 0.26855857158064084 0.12708251071452134 0.09563210702020013 0.07257316045980673 0.14168751567723495 0.1143742596430692
0.10434742290075498 0.06872009867613374 0.28095898396123353 0.12785986279713482 0.09091726996377728 0.06956827994554451 0.14255420523799955 0.11507387651742135
0.10272028938651093 0.06845575907177753 0.28578189315185015 0.12751998077939067 0.0896990163859847 0.06887981637048976 0.14217526215254453 0.11476798270145161
0.10220453731411719 0.06833561502456521 0.28759354172544327 0.12732604125691613 0.08932145276190884 0.06866634072774071 0.14195903405808408 0.11459343713122452
0.08143251873218565 0.11945167100264262 0.1437969687755843 0.13911932039107214 0.09491667632802511 0.15998046907943317 0.09435919122177067 0.16694318446928655
0.10238925496795569 0.07561852420880939 0.23416755884342574 0.13432587367280652 0.09500979429530093 0.08783238287992742 0.14976332482624846 0.12089328630552587
0.1040369643517342 0.07020590738477736 0.26865198614906793 0.1299686353469184 0.09210672652859857 0.07315267916675455 0.14490532925992244 0.11697177181222655
0.09406747004593588 0.13775452006987868 0.16038742235635814 0.1601732696169024 0.08242721657571847 0.13955471283139617 0.08147944584859819 0.14415594265521217
0.10824017991444883 0.06754883946194344 0.24815454888531926 0.13509767892388688 0.09187274722743022 0.08174985787515276 0.14955868403458375 0.11777746367723474
0.07292900768455114 0.1055930511840004 0.08302178215934826 0.08587486316301401 0.14064019245389162 0.24311544475793334 0.09707593227123323 0.17174972632602803
0.1012335081092068 0.07516325209382581 0.20734120362980904 0.13500645685629042 0.10582530345613088 0.1034023403980323 0.1505221242860432 0.12150581117066138
0.08123360642554833 0.1204110737004587 0.12539508589213813 0.13938822802214956 0.09847127666860968 0.1732932749190581 0.09454158074545797 0.16726587362657946
0.13502247803718578 0.09985833802215202 0.18593151327617924 0.11077194494429465 0.12634101853118532 0.11887750468930477 0.12350245204983298 0.09969475044986519
0.14718597725380755 0.09450365761538584 0.20356542920930829 0.10658970340396447 0.13006296874455625 0.10332196586946688 0.11883956483994249 0.09593073306356803
0.13063372733476988 0.08126889500896926 0.1821398452335392 0.09209496695048107 0.15126520958058154 0.11517804169633679 0.13690535385474498 0.11051396034057727
0.11087394681766509 0.07051079782613381 0.2458875471555149 0.1295788648097754 0.1041378133374684 0.07791928752628301 0.14447076419836155 0.11662097832879788
0.10526979928749264 0.06930599906516367 0.2724789802883259 0.12889397140483277 0.09335218628117535 0.07098733024536145 0.1437071591632986 0.1160045742643495
0.1032205536339137 0.06870316489264076 0.2826465226719172 0.1279171285541272 0.09045435020022274 0.06931481206498168 0.14261805228348212 0.11512541569871448
0.10242546527237334 0.06842951109457143 0.28643818167017243 0.12747375032645986 0.08957068954649415 0.06881230814855452 0.14212371864756046 0.11472637529381388
0.11954662448659892 0.07998042459797021 0.21060399101280633 0.0931415738094984 0.13935361148475356 0.10714268079180965 0.13846120524516478 0.11176988857139807
0.10753801011873085 0.06995413810857158 0.25742663118585984 0.12873291904654313 0.10092969576880112 0.07603138082696635 0.14352759780263838 0.11585962714188881
0.10414476436693179 0.06901716003986806 0.27687083476122437 0.12841856019043116 0.09236965712598263 0.07042520820648436 0.14317711113768966 0.11557670417138804
0.08182768832619565 0.1196224819136014 0.14140216980880177 0.13923629075341604 0.09563316704959594 0.16075612560284255 0.09443852764144739 0.1670835489040992
0.10255737895822224 0.07568687963267111 0.23320600837141162 0.13442816816364603 0.09523101480592236 0.08802782317122801 0.1498773755496173 0.12098535134728144
0.10410821788844624 0.07023396580094658 0.26828817787882847 0.13001305087504839 0.09218151064609074 0.07320848186390026 0.1449548492591957 0.11701174578754352
0.1031534076682709 0.06891435244693145 0.28119326441929304 0.1282045324211543 0.09039004011082051 0.06982183760732337 0.14293848614716756 0.11538407917903887
