Action: 0
[0.10925300747343378, 0.1092438468593648, 0.12598536595970436, 0.1092438468593648, 0.2184876937187296, 0.10929854541067312, 0.1092438468593648, 0.1092438468593648]
[0.10925913482098887, 0.10925224994886175, 0.23522736548584056, 0.10925224994886175, 0.10925224994886175, 0.10925224994886175, 0.10925224994886175, 0.10925224994886175]
[0.10929786656423439, 0.10924402240474262, 0.12598526221986459, 0.10924402240472882, 0.10925273678751425, 0.21848804480945763, 0.10924402240472882, 0.10924402240472882]
[0.125, 0.125, 0.125, 0.125, 0.125, 0.125, 0.125, 0.125]
[0.1259852821804308, 0.10925282380863101, 0.21854188657350196, 0.10924400148293745, 0.10924400148293764, 0.10924400150568628, 0.10924400148293745, 0.10924400148293745]
[0.10920151483072267, 0.10920150971876869, 0.23519803650583315, 0.10920150971876869, 0.10959290006960083, 0.10920150971876869, 0.10920150971876869, 0.10920150971876869]
[0.125, 0.125, 0.125, 0.125, 0.125, 0.125, 0.125, 0.125]
[0.125, 0.125, 0.125, 0.125, 0.125, 0.125, 0.125, 0.125]

Action: 1
[0.10877428233696239, 0.10877428232413668, 0.10877428232413668, 0.10877428232413668, 0.12701401911136748, 0.22034028693098678, 0.10877428232413668, 0.10877428232413668]
[0.10914790710392475, 0.10914790710392475, 0.10914790710392475, 0.10914790710392475, 0.10914790710392475, 0.23596465027252678, 0.10914790710392475, 0.10914790710392475]
[0.12710095499568363, 0.10866688518748562, 0.10866688518748562, 0.10866688518748562, 0.11175754844661112, 0.2178070706202771, 0.10866688518748562, 0.10866688518748562]
[0.125, 0.125, 0.125, 0.125, 0.125, 0.125, 0.125, 0.125]
[0.10925309564175893, 0.10925309564175893, 0.10925309564175893, 0.10925309564175893, 0.10925395886636606, 0.2352274672830804, 0.10925309564175893, 0.10925309564175893]
[0.1087734749518031, 0.1087734749518031, 0.1087734749518031, 0.1087734749518031, 0.11172677805755489, 0.23563237223162653, 0.1087734749518031, 0.1087734749518031]
[0.125, 0.125, 0.125, 0.125, 0.125, 0.125, 0.125, 0.125]
[0.125, 0.125, 0.125, 0.125, 0.125, 0.125, 0.125, 0.125]

