0.125 0.125 0.125 0.125 0.125 0.125 0.125 0.125
0.6144272078797297 0.15501557821847417 0.06771921688603066 0.016141586338187075 0.10514100087861725 0.02786190832970746 0.010948206385900796 0.0027452950833528524
0.6896368361125824 0.06948965747423179 0.12897617537981304 0.012582456796219384 0.07616180513468487 0.007938018485752827 0.013824954644402367 0.0013900959723134013
0.6925611032584891 0.06444128845992428 0.13650240296815563 0.012415312896253064 0.07203468475100885 0.006881418688569741 0.013871732339611588 0.0012920566379879786
0.6503664246409521 0.13182376597967219 0.08047653317963725 0.01595530029296378 0.08967903914158608 0.01864917121197465 0.010848335445348682 0.002201430107865441
0.7345967773031651 0.0722349662913779 0.08734904655344973 0.008343656524766324 0.07934029205374069 0.008046966540678817 0.009186252778471682 9.020419543498817E-4
0.6485852057317741 0.13354193000770148 0.07893472408565776 0.01592352021067119 0.09081179890092067 0.019149609114242693 0.01082318446725234 0.002230027481779633
0.6906831292842872 0.06803890411731606 0.13122920936903232 0.01255547368377046 0.07471940741696097 0.007592983764134104 0.01382134042200894 0.0013595519424900563
0.6926288856211521 0.06432819257344198 0.13670591515409675 0.012413332629962252 0.07190930342347829 0.0068551992278058915 0.013869657159110036 0.0012895142109527018
0.6707375283188594 0.13593195380712791 0.08300703523110953 0.01645473300644386 0.06935510659860432 0.01442024581550839 0.008390905606684169 0.0017024916156623683
0.735470311384783 0.07191625878929588 0.08802615984373247 0.008371109397584061 0.07829225314862338 0.007881410031090514 0.009149520299453475 8.92977105437405E-4
0.6927400462245349 0.0650354267723039 0.13497005263224518 0.012415750240049714 0.07267945694989597 0.006987267534411209 0.01386905415122889 0.0013029454953300693
0.69274729843189 0.06412139980549937 0.13705436195600554 0.012408028576334858 0.07170593855197076 0.006809812974929911 0.013868042740523149 0.0012851169628462149
0.6927884050235006 0.06404203908365103 0.13720524769363587 0.012406650939645119 0.07161617530182225 0.006791840615995926 0.013866320980726241 0.0012833203610228916
0.6927922864607566 0.06403538285418532 0.1372176672259485 0.012406546369464477 0.07160849697073111 0.0067902873929163755 0.013866165291332517 0.001283167434664891
0.6927926173332893 0.06403482433350968 0.13721870898333494 0.012406537923653597 0.07160784862466768 0.006790156283334564 0.013866151958075853 0.0012831545601345658
0.7160660357516662 0.06618593531331887 0.0886427926667495 0.008014573324273447 0.09868447566384296 0.009357667454636837 0.011943303820421787 0.0011052160050903641
0.6478036494463815 0.13357765168778177 0.07857516969478587 0.0158644751307527 0.09167970784067091 0.01939045575630634 0.010865163834049937 0.002243726609271003
0.6906554690414067 0.06806523447656883 0.13116824954121184 0.012554250610078489 0.07477093064979669 0.007602089801578389 0.013823424973808777 0.0013603509055501216
0.6926270407958269 0.0643309174454073 0.13670043466178539 0.012413336791647512 0.07191301776900286 0.006855902777905182 0.013869767250877595 0.001289582507547134
0.7383927533058745 0.06827635815296836 0.09137940870762973 0.008264908980001427 0.07635107542019365 0.0072430845695401 0.009237277070428995 8.551337933631717E-4
0.5657343500096224 0.15545283983969088 0.05853502449352187 0.015796549229805036 0.14556675979279204 0.040368267969708695 0.014585447831507605 0.00396076083335136
0.6356632310091604 0.14311143827543046 0.07291641715779515 0.01585214641014605 0.09674020084072212 0.0225878059117364 0.010720120872032605 0.0024086395229768547
0.6902543892866222 0.0686698852721461 0.1302389518744331 0.012568051568239183 0.07533428542213537 0.007739780457530733 0.013821983837525443 0.0013726722813677274
0.6925998156470686 0.06437724853426555 0.13661770605978463 0.012414217297637364 0.07196334992987219 0.006866515964882956 0.013870533044916816 0.001290613521572106
0.6927765537682001 0.06406240205185736 0.13716816401577675 0.012407017139547248 0.07163883581282743 0.0067965286900784 0.01386671882488611 0.001283779696826779
0.6504340819179179 0.13177107066715382 0.08051578623196787 0.015955870339056342 0.08964289841871885 0.018631194157857082 0.010848687357100716 0.0022004109102275473
0.7114845667038624 0.06995837498255993 0.08460422512108762 0.00808107345045587 0.10245348302157885 0.01039054334429904 0.01186291989077131 0.0011648134853849113
0.6921275431719963 0.06540820285687735 0.13388191308120828 0.01238142011042565 0.07378710589425168 0.007156533808778196 0.013938263488596718 0.0013190175878659244
0.6927115743816751 0.0641690276788225 0.13695276288240446 0.01240762247600178 0.07177892185741669 0.00682299615538039 0.013870696808714554 0.0012863977595846006
0.650412673331156 0.13178721848158698 0.08050325219553704 0.015955624822092816 0.0896549409412622 0.01863692692810031 0.010848626279928074 0.0022007370203366823
0.6907571206387264 0.06792149187177886 0.13142148779077006 0.012553073332984237 0.07460278613717301 0.007566151530555049 0.013820808089477901 0.001357080608534425
0.7156804399755471 0.06645903968847365 0.08829490563359518 0.008016370366213561 0.09905514891801905 0.009441452958181102 0.011942471166209083 0.001110171293761509
0.6922945651248434 0.06515550072239633 0.13431726056908586 0.012377201019432597 0.07351082921989019 0.007096713843951631 0.013934539923664734 0.001313389576735193
0.6927238729703822 0.06414846195560377 0.1369905720541886 0.012407295032053886 0.07175543718952555 0.006818184239830235 0.013870248615565278 0.0012859279428503777
0.692786610104854 0.06404477980258412 0.13719976338212436 0.01240666226149143 0.07161983313343862 0.006792535419598148 0.013866427483347595 0.0012833884125613715
0.6927921380677773 0.06403562568666006 0.13721720408716612 0.012406549224663676 0.0716087917825171 0.006790345783416977 0.013866172203490618 0.0012831731643082882
0.6927926048984604 0.0640348450807488 0.13721866999217436 0.012406538212915779 0.07160787309162854 0.006790161195677843 0.013866152486104972 0.0012831550422894287
0.6927926441664274 0.06403477915133597 0.13721879329835612 0.012406537247235663 0.07160779608276056 0.006790145663712404 0.013866150872470838 0.0012831535177010355
0.6927926474689892 0.06403477359878519 0.13721880367059355 0.012406537164976273 0.07160778961214871 0.00679014435715937 0.013866150737892805 0.0012831533894550732
0.6504391950880275 0.131767128625559 0.08051876079752765 0.01595591833890603 0.08964012120114064 0.018629832233523425 0.010848710104572449 0.002200333610743168
0.6907580603125472 0.0679201072932163 0.13142374263557746 0.012553049174804818 0.0746013653267751 0.007565824791249246 0.013820799433457024 0.0013570510323726499
0.6926343842164828 0.06431883638771992 0.13672285569204415 0.012413165614454902 0.07189893122157054 0.006853041149142315 0.01386948191966202 0.001289303798923335
0.7160333876835498 0.06620776571869483 0.08861348366832586 0.008014621509979563 0.09871705558455997 0.009364670147634441 0.011943384341024535 0.0011056313462308117
0.6923087979761375 0.06513517427465632 0.13435429988667927 0.012377007594521133 0.07348613706744254 0.007091650687572613 0.013934021530705831 0.0013129109822845862
0.6927249219166829 0.06414674204411945 0.13699378816313967 0.012407271672668458 0.07175340776656638 0.006817775085749458 0.013870205372663215 0.0012858879784102498
0.6927866968313522 0.0640446345772111 0.13720003493382424 0.012406660149409764 0.07161966335918729 0.006792501172667946 0.013866423923309673 0.0012833850530377007
0.6927921453467101 0.06403561345375479 0.13721722693975644 0.01240654904373528 0.07160877752322604 0.00679034290434687 0.013866171906739257 0.0012831728817313127
0.7160659376969195 0.06618599893554293 0.08864270507550466 0.008014573316555015 0.09868457510563704 0.009357688350251291 0.011943304274872509 0.001105217244717115
0.6478036364036309 0.1335776609612618 0.07857516259014792 0.015864474943105188 0.09167971520065998 0.019390459290897867 0.010865163807837142 0.0022437268024591566
0.7112598797307866 0.07009583382115349 0.08442587953757145 0.00808048947012153 0.1026687758694123 0.010438512081261031 0.011863184123747525 0.0011674453659459144
0.6471572721448928 0.13406866367166909 0.07822760846694449 0.015858771086763878 0.09201035371394004 0.01956329060308913 0.01086094387682771 0.00225309643587268
0.7112127135180977 0.07012746030149523 0.08438899510410887 0.008080615376843599 0.10271056985856669 0.010448761847495252 0.011862881444571202 0.0011680025488215822
0.6471513498466791 0.13407296933629817 0.07822442955061253 0.01585869715027617 0.0920135602716029 0.0195648906714507 0.010860920278085709 0.002253182894994603
0.6424404764571808 0.1388389437301848 0.07622856130815467 0.015998007449005577 0.09277915992247424 0.02068664976691612 0.010715779268976917 0.002312422097106763
0.690485808553188 0.06834931208800647 0.1307743643118413 0.012564472270663022 0.07498132391443038 0.007660595575569758 0.01381850021821397 0.0013656230680871913
0.6926155679735393 0.06435124449073334 0.1366653928782184 0.012413818920873974 0.07193358302264023 0.006860400859955474 0.013869972371417334 0.0012900194826219323
0.6927778436400424 0.06406023247345362 0.13717219974017777 0.012406984207495073 0.07163632307580403 0.006796019306921968 0.01386666780152837 0.0012837297545768075
0.6927914014358517 0.06403688493854229 0.13721488540613225 0.012406570378211823 0.07161021887866732 0.0067906379450352935 0.01386619918240663 0.0012832018351527177
0.7160657830775453 0.06618610009621856 0.08864256674749894 0.008014573369714818 0.09868473124636656 0.00935772135834329 0.011943304901359449 0.0011052192029529625
0.7370827713488628 0.06934561450904654 0.08940424060729749 0.008235895244141103 0.07823614917866781 0.007549785334399829 0.009271936150166768 8.736076274176345E-4
0.6928001096516311 0.06491209653956541 0.13513220104801452 0.012409651022861248 0.07260774159399117 0.006964931145411413 0.013872440958999309 0.0013008280395257637
0.6502690715905334 0.13190145344032075 0.08041419123618328 0.015954298253102732 0.08973494325163671 0.018675122810861096 0.010847963392909757 0.0022029560244522907
0.6637659238840876 0.1430663004569863 0.0789219356338609 0.0165240205895037 0.07169575131698541 0.015938939635856682 0.008300563292579907 0.001786565190139435
0.691083831844094 0.06799356803974933 0.13180808755364132 0.012602664881681368 0.07391322956553655 0.007491206527002068 0.013756760930032794 0.0013506506582624163
0.6498802591798581 0.13223767457502428 0.08019889483412454 0.015955398751426788 0.08990116400775085 0.018775426716782655 0.010842627473545531 0.0022085544614872314
0.690738569419621 0.06795009490481495 0.1313768942122442 0.012553740584435018 0.07462962760809894 0.007572620625796987 0.013820785420961998 0.001357667224027339
0.6498283055706694 0.13226257763751192 0.0801684374541939 0.015953180997644135 0.08994392126118175 0.018790521984295195 0.010843653951554582 0.002209401142949154
0.690736672517983 0.06795250823596555 0.13137241500393793 0.012553734017488756 0.07463281609674073 0.007573271911230752 0.013820856598027356 0.0013577256186258018
0.7156770022729066 0.06646134819122314 0.08829186221125356 0.008016376771059059 0.09905852892523997 0.009442191656726114 0.011942475241194038 0.001110214730397512
0.6922944275046552 0.0651556936160458 0.13431690427329565 0.012377202454276162 0.07351106997446197 0.0070967626027289695 0.013934545389746616 0.0013133941847896361
0.6501755380498356 0.13196069992446363 0.08036021235977696 0.01595200896137255 0.08979747966015057 0.018701049112575918 0.010848594847599912 0.0022044170842248625
0.6907486077629653 0.06793385925383606 0.13140098540156525 0.012553261775382558 0.07461590174019148 0.0075691143651827 0.013820920724459338 0.0013573489764173424
0.7381084561268456 0.06854285109642118 0.09106076647022131 0.008267605491805358 0.07662076842049566 0.007303250207009843 0.009237565033980741 8.587371532204245E-4
0.6491086244650639 0.1331240169247845 0.07921834778128137 0.015925755116479052 0.09056100764287743 0.019011918716979 0.010827883006536998 0.002222446345997989
0.690701154092454 0.06801170676723838 0.13127203985020458 0.01255489501985252 0.0746931695518729 0.007586733838093258 0.01382131313706095 0.001358987743223721
0.6926301305146444 0.0643260819792404 0.13670970783420044 0.012413293950086888 0.07190698533095954 0.006854713498693072 0.013869619913971657 0.0012894669782033464
0.6503875702383343 0.13180744614706857 0.0804888050910138 0.015955495818111207 0.08966759876970383 0.018643539900413217 0.010848433064446935 0.0022011109709080905
0.6428405585267298 0.1385421573148734 0.07643950504798158 0.016002847418863327 0.09257203196259046 0.020577735968044585 0.010718419172249234 0.0023067445886674905
0.6904996006334714 0.06832907005251787 0.1308069014941522 0.012564112784247981 0.07496087664653273 0.0076558268242400635 0.013818416445077673 0.0013651951197600587
0.6497664336017664 0.13231174235022516 0.08013314194808219 0.01595279044552014 0.0899754711212872 0.018806891646449712 0.01084320903531306 0.002210319851356297
0.6427695917948192 0.13859840974495496 0.07640314100174828 0.01600247503618848 0.09260434874027516 0.02059669075593738 0.010717615421635997 0.0023077275044405547
0.6419870792616188 0.13924537268179912 0.07600745493851344 0.016001721162635464 0.09293041081753288 0.0208032073443901 0.010706348004472075 0.0023184057890381494
0.6904708084844364 0.06837322714897244 0.13073908226158037 0.012565160376256235 0.07500155283430399 0.007665794167439727 0.01381828407523671 0.0013660906517740194
0.6926145417191227 0.06435302394697126 0.13666226137965728 0.012413856394137085 0.07193545882467904 0.00686080235576214 0.01386999687896982 0.001290058500700527
0.7383907373186275 0.06827815718530118 0.09137714519457771 0.008264919651427397 0.07635308277992568 0.007243509638680056 0.009237288905406154 8.551593260543973E-4
0.6928678956542577 0.06481353774322708 0.1353254301179888 0.012409275191553973 0.07247694049175131 0.006939727112018025 0.013868803173595791 0.0012983905156075605
0.7159692788049071 0.06625230052382193 0.08854885321366052 0.008014645323950484 0.098786093092106 0.009378651288021322 0.01194368939357528 0.001106488359957258
0.6477901782568878 0.13358729054262317 0.07856778835894655 0.015864286238556607 0.09168729423041232 0.019394101186305773 0.010865134633506144 0.0022439265527615464
0.6425116709547797 0.1387833329362812 0.07626493705470133 0.01599848336493564 0.09274606948680654 0.02066753330861421 0.010716536177885237 0.002311436715996116
0.6629712487637153 0.14382595608134474 0.07848017534067524 0.01652524265258263 0.07198984878072862 0.016119118003445884 0.008292382100239167 0.0017960282772683635
0.7120615107805648 0.07010487527502098 0.08484227947542665 0.00811690334717023 0.10159709832169503 0.010304688068655556 0.011812157392889558 0.001160487338577396
0.6921458769547204 0.06539658920918523 0.13392122011726507 0.012382851011891365 0.07374823588365448 0.007150877703520544 0.013935861175287743 0.0013184879444752278
0.7158623345770184 0.06631179722826433 0.08845824729310388 0.00801392949569263 0.09890006622529146 0.009400724792767972 0.011945115497306629 0.001107784890554634
0.6477764641353928 0.13359670960324882 0.0785603088031993 0.01586405213688511 0.09169535551292082 0.019397843569155592 0.010865135045384784 0.0022441311938126924
0.7344177655288545 0.0723796281323238 0.08717332715476746 0.00834360663153557 0.07951031747496552 0.008084143927034727 0.009187098181842443 9.041129686758886E-4
0.7376377469380525 0.06930805561029775 0.08976053376816183 0.008262983484175047 0.07747488435589862 0.00745554447969203 0.009232193018596166 8.680583451259696E-4
0.6928199792348125 0.06489324893637706 0.13517921105649838 0.012410514187194863 0.07256794940783531 0.0069583856689067235 0.013870502888194488 0.001300208620180826
0.6927531562459595 0.06411100484787738 0.13707250942509144 0.012407790119422685 0.07169522983483716 0.006807501426760946 0.01386791680647877 0.0012848912935722059
0.6927888916316093 0.06404120302630625 0.13720677794289718 0.012406636279844395 0.07161523806896739 0.006791647627688012 0.013866303991410646 0.0012833014312766393
0.6927923273956395 0.06403531350181092 0.13721779593241626 0.0124065452789579 0.07160841716945639 0.006790271178769501 0.013866163699664877 0.0012831658432847645
0.6927926207782312 0.0640348185249551 0.13721871980810824 0.012406537835659606 0.07160784188694376 0.006790154919784753 0.01386615182002166 0.0012831544262955723
0.738419977453384 0.06825210808614215 0.09141001821236476 0.0082647699401578 0.07632388360346164 0.007237344175960231 0.009237109798183712 8.547887303458424E-4
0.5494593252868408 0.15746370935727388 0.056853209026738336 0.016010447908958447 0.15531644465864272 0.04488123253221495 0.015598247974410171 0.00441738325492078
0.654550360659159 0.14834640178240133 0.052068218272863766 0.011383698278913676 0.10053995798642155 0.02365064200470655 0.007715772142720712 0.0017449488728136467
0.7334064751204813 0.0734569324505668 0.08577932247293246 0.00834320337066726 0.08059364946448595 0.008326592795134185 0.00917654134709138 9.172829786404787E-4
0.7375448782080575 0.06938853404079502 0.08966193884864287 0.008263396309596247 0.0775645240290027 0.007474894543349111 0.009232637628252712 8.69196392303974E-4
0.5544069056883153 0.1524522508456179 0.05725861587218998 0.01546085387224587 0.15690657120963036 0.043521013922247706 0.01572332040875386 0.004270468180999077
0.6549941510183698 0.14793725889552048 0.05219026324944665 0.011376727340995587 0.10048343067907341 0.023550572046994386 0.007725958247517417 0.0017416385220823238
0.6616583579372732 0.14520152973043474 0.0774026710179378 0.016495835799493066 0.07269425107247737 0.01645517393525083 0.008278942754925503 0.001813237752207457
0.6910058229493525 0.06812123842647481 0.1316097587709163 0.012606051178004639 0.07402830322466321 0.007519159560981801 0.013756437143765019 0.0013532287458417503
0.6926443748617471 0.06431519703476232 0.13674574604274614 0.012414440289155585 0.0718737464911265 0.006849896367005456 0.013867593666664211 0.0012890052467927611
0.7383952551945643 0.06827446940598329 0.09138216026115886 0.008264925812910901 0.07634829186255704 0.007242565149626302 0.009237229671793067 8.55102641406558E-4
0.6928680935386091 0.06481324598846731 0.1353259666473901 0.012409272044264317 0.0724765873580676 0.0069396553868787195 0.013868795399914507 0.001298383636408597
0.6927571172014716 0.064104334358308 0.13708491569220252 0.012407688389685518 0.07168751001662686 0.006805936247306155 0.013867760298762957 0.001284737795636452
0.6927892240898859 0.06404064324722779 0.13720782199914575 0.0124066278754642 0.07161458758731966 0.00679151608958299 0.013866290590045325 0.0012832885213282588
0.6927923553554637 0.06403526644839087 0.13721788375625574 0.012406544576484897 0.0716083624233858 0.006790260115741015 0.013866162566880547 0.0012831647573975221
0.7384199335521738 0.06825214637045438 0.09140996890232578 0.008264770090295909 0.07632392823133331 0.007237353415928993 0.00923711015141399 8.547892860738785E-4
0.7379501712006457 0.06902850427652278 0.09008374917797977 0.008260403321318874 0.07719020080625347 0.007390757316540474 0.009231950440773289 8.64263459965721E-4
0.6928331558827505 0.06487309436561664 0.135214664565001 0.012410186085022801 0.0725454048525366 0.006953613299241836 0.013870128523931699 0.0012997524258987964
0.7383380498443387 0.06832780659755718 0.09130954706396838 0.008265129663339563 0.07641081595386577 0.007255027592742578 0.009237749589780275 8.558736944075613E-4
0.7153649585153345 0.06692216516518633 0.08732046520092658 0.008007686064171739 0.09978010648564228 0.009554699498686602 0.0119327155436627 0.0011172035263891562
0.6922684235111477 0.06519814914709127 0.1342338089784664 0.012377543039822782 0.07356464233704607 0.007107159061573796 0.013935863211931245 0.001314410712920608
0.6927216429534913 0.06415216592401803 0.13698356369669312 0.012407343413587624 0.07175985614779237 0.006819066149483489 0.013870347196750904 0.0012860145181831692
0.6927864223494221 0.06404509428017059 0.1371991739209951 0.012406666771630314 0.07162020199963295 0.006792609663186023 0.013866435314575959 0.0012833957003868396
0.738418951009752 0.06825299770899688 0.09140886568783374 0.008264772954515586 0.07632493220796917 0.007237560101137222 0.009237118611321211 8.548017184741225E-4
0.6928691354492493 0.06481165378291961 0.13532881000088187 0.012409248170764109 0.07247476775893981 0.006939275502182806 0.013868762141144601 0.0012983471939179727
0.692757196432778 0.06410420238076449 0.13708516040709376 0.012407686399611024 0.0716873572108388 0.0068059051937298205 0.01386775721721888 0.0012847347579649174
0.6927892306728533 0.06404063217823142 0.13720784263786545 0.01240662770964371 0.07161457472271551 0.006791513487520376 0.01386629032513693 0.0012832882660333725
0.7384194085735503 0.0682526048221783 0.0914093784623597 0.008264771922844454 0.07632446198236807 0.007237463944892253 0.009237114355005276 8.547959368017188E-4
0.5657374540832386 0.15545129720819048 0.05853748079634327 0.015797034392512985 0.145563502262605 0.040366650876126293 0.014585779003288253 0.00396080137769501
0.635663679112767 0.14311113085076949 0.07291666182495307 0.015852158029059225 0.09673993720513387 0.022587676139318152 0.010720123434955722 0.0024086334030436513
0.6412232063102452 0.13981507401850723 0.07561728484976322 0.01599321513728607 0.09331067137520334 0.021011395042775542 0.010700132929207231 0.0023290203370119225
0.6418175423827385 0.13938000192689198 0.07592146423274987 0.01600084791748982 0.09300651799250842 0.020848574629732285 0.010704318357406508 0.002320732560482651
0.6418827318690806 0.13932945563320911 0.07595468077607485 0.016001339261253883 0.09297595748086417 0.020831003341595208 0.010704998803180083 0.0023198328347420086
0.6904672806206859 0.06837858784607044 0.13073078213868042 0.01256528128383433 0.07500657870249121 0.007667014599742826 0.013818274623295448 0.0013662001851996312
0.7156321410373652 0.06649211130711742 0.08825202167685275 0.008016510960157049 0.0991020973344755 0.009451875789689864 0.011942457852166676 0.0011107840421756153
0.6477453148575529 0.13362004941170738 0.07854349012687395 0.015863740295316137 0.09171166159515949 0.01940619468457928 0.010864963733076452 0.002244585295734525
0.7112555840212939 0.07009865130298004 0.08442253004710161 0.00808049578375476 0.10267263804216581 0.010439441621108849 0.011863163321094203 0.0011674958605007875
0.736737122079877 0.06963760791481481 0.08905566033143966 0.008237295469924095 0.07856017233979275 0.007621170955224365 0.00927324712939864 8.777237795287092E-4
0.7151768586125427 0.06703244923106247 0.08716242993747596 0.008006909288012901 0.09997357740001171 0.009593889507339248 0.011934398784081032 0.0011194872394739768
0.6922610430959091 0.06520807132295962 0.13421494874103546 0.012377571469570834 0.07357775522256947 0.007109748516525371 0.013936206343349185 0.001314655288081
0.6501652266999794 0.131968501286506 0.08035420132121927 0.015951894367097652 0.08980323241683169 0.018703808613413433 0.010848561637101241 0.0022045736578515094
0.7345840888322879 0.07224560843571516 0.08733684002733826 0.008343699519188121 0.07935171755908213 0.008049595864478332 0.00918626198256812 9.021877793420471E-4
0.6927062740925038 0.06507549558477747 0.13488574329676417 0.012415210915486983 0.07274300629655842 0.006998861524643529 0.013871364979198232 0.0013040433100673073
0.650242914343367 0.13192243574021467 0.080399221174402 0.015954156706741662 0.08974814155861419 0.018682021187112752 0.010847764461455467 0.0022033448280924448
0.6907510347071354 0.06793061933392756 0.1314067332030853 0.012553247442098155 0.07461196082377809 0.007568278635861031 0.013820852009185007 0.0013572738449294482
0.6926338924552464 0.0643196650791244 0.1367213552256398 0.012413180054168147 0.0718998539660343 0.006853233063356863 0.013869497682061688 0.0012893224743683106
0.6927793514686994 0.06405766196250257 0.13717692975171958 0.01240694123193267 0.07163340911965217 0.006795422406533587 0.013866612831407051 0.0012836712275531522
0.6927915280809547 0.06403667085970609 0.1372152833847729 0.012406567065708474 0.0716099716946122 0.006790587804437192 0.01386619419565243 0.001283196914156197
0.692792553529446 0.06403493200909248 0.13721850848090272 0.012406539566584406 0.07160797333375164 0.0067901815406011465 0.013866154500417763 0.0012831570392038247
0.6927926398432327 0.064034786437822 0.13721877971461538 0.01240653735727021 0.07160780454047677 0.006790147374783527 0.013866151046147386 0.0012831536856519803
0.6504391926714768 0.1317671304792958 0.08051875939054313 0.015955918315108786 0.08964012252362319 0.018629832877963073 0.010848710094660985 0.0022003336473282666
0.6907580602271352 0.06792010741970184 0.13142374243064772 0.01255304917709851 0.07460136545525968 0.007565824820953861 0.013820799434141377 0.0013570510350617204
0.7381097327449395 0.06854173027822194 0.09106217576881875 0.00826759990840459 0.07661950103346522 0.007302981902291143 0.009237557204190266 8.587211596683808E-4
0.7153425398219663 0.06693676424396507 0.08730174075221159 0.008007719588165645 0.09980155330544083 0.009559464145129823 0.01193273880594612 0.0011174793371746805
0.6922675473056631 0.06519936658341488 0.13423156513743997 0.012377551765494365 0.07356616399151182 0.007107467733146673 0.013935897670628021 0.001314439812701009
0.7382770807274053 0.06837112057116525 0.09124488495901109 0.008264556193209526 0.07647913702634603 0.007267535426586242 0.00923906673557261 8.566183607038376E-4
0.6928627971907662 0.06482104245148829 0.13531149900926637 0.012409349330055526 0.07248614688848878 0.006941581866458821 0.013869014531732983 0.001298568731743189
0.6927567135966647 0.06410499805879828 0.13708367094077814 0.012407697350470618 0.0716882953786459 0.006806094150548832 0.013867777278971838 0.001284753245121606
0.6927891905770337 0.0640406993654631 0.1372077170013408 0.012406628688842456 0.07161465324844189 0.006791529327213614 0.013866291971525738 0.0012832898201388119
0.6927923525414332 0.06403527117713444 0.13721787492100537 0.012406544646340318 0.07160836793690807 0.006790261228805392 0.013866162681727797 0.0012831648666455572
0.6927926228934361 0.06403481496586942 0.13721872645216368 0.01240653778260301 0.07160783774469993 0.0067901540828582815 0.013866151734223054 0.0012831543441465297
0.6927926456791068 0.0640347766105422 0.13721879804818815 0.012406537209872325 0.0716077931174352 0.006790145065379907 0.013866150810503625 0.0012831534589715456
0.6927926475962048 0.0640347733848672 0.13721880407014178 0.012406537161803236 0.07160778936292479 0.006790144306829475 0.01386615073271362 0.0012831533845149103
0.6927926477574672 0.06403477311355599 0.13721880457667318 0.012406537157762495 0.07160778904709769 0.006790144243023756 0.01386615072616775 0.0012831533782520102
0.7384199819070906 0.06825210420349731 0.09141002321390944 0.008264769925017207 0.07632387907560964 0.007237343238628237 0.009237109762273309 8.54788673974407E-4
0.7379501751141788 0.06902850101796967 0.0900837532325071 0.008260403311227 0.0771901969901011 0.007390756509377255 0.00923195041212807 8.64263412510913E-4
0.6490198084182526 0.13319308385235556 0.0791649793438799 0.015924850836338558 0.09061037598161681 0.019035589486631928 0.010827508367948465 0.0022238037129766364
0.7344920150512795 0.07232903281601709 0.0872420430356713 0.0083443971168148 0.07943421871500672 0.008068949735695288 0.00918605502106745 9.032885084479832E-4
0.648570049358983 0.1335534963537057 0.0789264652417624 0.01592339215109705 0.09081961065620425 0.019153643056675895 0.010823093670403317 0.0022302495111683595
0.6635519729266615 0.14326710133309706 0.07879575729145585 0.01652333959315617 0.0717851088013157 0.015988475948141904 0.008299017867029636 0.0017892262391422534
0.691076470770999 0.06800536625874362 0.13179010670355065 0.012602989834962476 0.0739236775148553 0.00749378667816844 0.013756714760949916 0.001350887477770437
0.6498783208435472 0.13223921264576383 0.08019778740505877 0.015955386268763163 0.08990215608112426 0.01877593959369627 0.010842613875645732 0.002208583286400724
0.7114435576427631 0.0699870207424126 0.08457173829140263 0.00808127759453779 0.10248903007193849 0.01039951482715093 0.011862555967746363 0.001165304862048013
0.692125972526402 0.06541044183726857 0.13387791535142302 0.012381444267157607 0.07378975599645844 0.0071570875644782934 0.013938312962737046 0.001319069494074992
0.6927114604145523 0.06416921504290504 0.13695241423040247 0.012407625118398099 0.07177914117339075 0.006823040574367062 0.013870701351520237 0.0012864020944638147
0.6504126379785963 0.13178724555955132 0.08050323163241721 0.015955624469957876 0.08965496030765367 0.018636936359609335 0.010848626136829409 0.0022007375553850413
0.6907571193894265 0.06792149372083865 0.13142148479399823 0.012553073366404653 0.07460278801690139 0.007566151964989064 0.013820808099583259 0.0013570806478582316
0.6498331240108259 0.13225878633053584 0.08017119241114919 0.015953215968626193 0.08994142277673751 0.018789244001089767 0.010843685135728892 0.0022093293653066177
0.6907368415185812 0.0679522552692011 0.13137281980173354 0.012553729044743991 0.07463256518694657 0.007573213140222679 0.013820855737568296 0.0013577203010026945
0.6498278688726186 0.13226290282712383 0.08016818554004389 0.01595317560436166 0.08994416725517913 0.018790639398258372 0.010843652756255633 0.0022094077461589814
0.6427765963425139 0.1385928931637784 0.07640673291729523 0.016002516285113847 0.09260112284949958 0.020594816108788085 0.010717691962019623 0.002307630370991272
0.6904974276004173 0.06833234874976526 0.13080178286707994 0.012564183558708003 0.07496400110262724 0.007656578550459085 0.01381841494940334 0.001365262621539927
0.6926163679066643 0.06434990299206846 0.13666782490648152 0.012413796048226192 0.0719320831868131 0.006860089298802548 0.013869946464109491 0.001289989196834556
0.6927779093123165 0.06406012149123508 0.1371724054286928 0.012406982464082074 0.07163619547336447 0.006795993348695182 0.01386666527225402 0.00128372720935954
0.6927914069470718 0.06403687564786845 0.1372149027161808 0.012406570237380943 0.07161020810436805 0.00679063576412196 0.013866198961898684 0.0012832016211093307
0.6927925433383957 0.06403494918130066 0.13721847646268792 0.01240653982547521 0.07160799327291006 0.0067901855738515225 0.01386615491029377 0.0012831574350851264
0.6927926389859034 0.06403478788087943 0.13721877702149485 0.012406537378840142 0.07160780621905281 0.006790147714024994 0.013866151080854112 0.001283153718950418
0.7160660402504934 0.06618593238666703 0.08864279668738917 0.008014573324032777 0.09868447110744451 0.009357666495398115 0.011943303800391743 0.0011052159481834516
0.6923101127485055 0.06513333477398818 0.13435771116781547 0.012376994630496428 0.07348382719882682 0.007091184549020125 0.013933968045982034 0.0013128668853654977
0.7382838033348827 0.06836534416439302 0.09125240084428804 0.008264540383834717 0.07647224890973033 0.007266122851701289 0.009239005963331937 8.565335478377687E-4
0.6928630921793467 0.06482059991821162 0.13531230130552468 0.012409343647281213 0.072485625874031 0.006941474641217882 0.013869003987449516 0.0012985584469374486
0.6927567359893863 0.06410496097470225 0.13708374002683338 0.01240769681618052 0.07168825204382219 0.006806085383117621 0.013867776378458726 0.0012847523874990041
0.7160574205612985 0.0661915865093084 0.08863501441212757 0.008014575899106275 0.09869322796352153 0.009359507911311411 0.011943341154079589 0.0011053255892466145
0.6923097647401504 0.06513381861977582 0.1343568079102714 0.01237699762116243 0.07348444192307137 0.007091307873161363 0.013933982753008537 0.0013128785593986146
0.6501797235109841 0.1319575235496209 0.08036263114622624 0.015952053390473377 0.08979517415953266 0.018699929913566244 0.010848610462046477 0.0022043538675498584
0.6637568363405206 0.14307427812366116 0.07891666156276235 0.016523922084121317 0.07169997307683211 0.015941118540525163 0.008300530498572 0.001786679773005301
0.7121170740192582 0.07006349781085208 0.08488685250038075 0.008116404342908917 0.10155105841866739 0.010292425309788007 0.011812880208465342 0.001159807389679434
0.6472411474422897 0.13402609079945912 0.07827341038888921 0.015861860369870768 0.09194679141245714 0.019539214963493586 0.010859701808661651 0.0022517828148789125
0.6906361384433869 0.06809440078631253 0.13112238476050989 0.0125548713531682 0.07479901261075102 0.007608791094688604 0.0138234458795092 0.0013609550716735708
0.6926257070316508 0.06433317923204654 0.1366963717546434 0.012413378317545647 0.0719155003775753 0.006856423174102986 0.013869807006151747 0.001289633106283485
0.6707366684044094 0.1359327408528376 0.08300647059506568 0.016454725648980782 0.06935553708365924 0.014420449306570972 0.008390904766651991 0.001702503341824271
0.7354702568655448 0.07191630824772187 0.08802610645627199 0.00837110993321666 0.07829229934821198 0.007881421344877002 0.009149520059836921 8.929777443185998E-4
0.7377102513919364 0.06925729788882394 0.08983238726113332 0.008263585269265558 0.07739755150389835 0.007440856828650921 0.009230864767804468 8.67205088487081E-4
0.6695263634327322 0.13743716994559974 0.08165090629237513 0.016428653834903988 0.07012256412349185 0.014735819569872844 0.008377479526806684 0.001721043274217406
0.6647251128091838 0.14266559723132977 0.07947568093149611 0.016586892524464776 0.07084909684572811 0.01565596625936537 0.008270113610671192 0.0017715397877607498
0.6911188747990931 0.06795071958254101 0.13189060244471862 0.012603068361606039 0.07385276424532729 0.0074791945578818785 0.013755197721799547 0.0013495782870324407
0.6926524295905673 0.06430164010854919 0.13677039759961104 0.012414209767298276 0.07185854958102615 0.0068467484723971905 0.013867326207098565 0.0012886986734523707
0.6927807494908392 0.0640556167650687 0.13718116723825513 0.012406944054261496 0.07163050083638307 0.006794885076134076 0.013866517912589756 0.001283618626468551
0.6927916431402731 0.06403648490118208 0.1372156416395031 0.012406565154199255 0.0716097415341064 0.0067905426294515864 0.013866188519783553 0.0012831924815010743
0.6927925631582275 0.06403491600401602 0.1372185386516364 0.012406539350443377 0.07160795434693384 0.00679017773933984 0.013866154083297218 0.0012831566661056398
0.738419967937548 0.06825211639477564 0.09141000752450165 0.008264769973656433 0.07632389326611355 0.007237346178958777 0.00923710987364024 8.547888508056092E-4
0.5545467680274917 0.15237631199843377 0.05737961202364358 0.015484566124861661 0.15675452075960114 0.043442492053852526 0.015742672016383134 0.004273056995732449
0.6348999858922054 0.14337905346204913 0.07254523197693702 0.015811801797644763 0.09738500540996604 0.02282110245192486 0.010737599038101947 0.0024202199711707032
0.690227517001755 0.06870156023536605 0.13017786830908387 0.012567661515451963 0.07537990232758376 0.007748856069631937 0.013823163351008968 0.0013734711901184668
0.6925979970312492 0.06438010022120591 0.13661224491779583 0.012414242991218669 0.0719668979392313 0.006867216452928286 0.013870618908967314 0.0012906815374032112
0.6927764054611554 0.06406264753442391 0.13716770131595912 0.012407020403317277 0.07163912752221108 0.0067965870973458655 0.01386672524229858 0.0012837854232888304
0.6927912808365658 0.06403708784759866 0.13721450676444416 0.012406573408844662 0.07161045491218868 0.006790685651920809 0.013866204061174519 0.0012832065172627995
0.6927925327339841 0.06403496702406683 0.13721844315501303 0.012406540091486623 0.07160801403858291 0.006790189769598088 0.013866155340352631 0.0012831578469156583
0.7384199629188369 0.0682521207655183 0.0914100018891789 0.008264769990326592 0.07632389837218817 0.007237347235098457 0.009237109914531322 8.547889143215615E-4
0.6928691799320763 0.06481158686771758 0.13532893110494496 0.012409247292488863 0.07247468926821624 0.006939259322214767 0.013868760570647301 0.0012983456416939053
0.6502892248746402 0.13188631869955517 0.08042591393082002 0.015954533344700123 0.0897236178680757 0.018669721110152138 0.010848020304442964 0.0022026498676135436
0.7114734047320792 0.06996585461762023 0.08459538032302674 0.008081102267144395 0.10246348885619543 0.010392964234142682 0.011862858622201966 0.0011649463475891467
0.6921271153482793 0.06540880409612652 0.13388082564366058 0.012381425541810587 0.07378783502070034 0.007156684342544047 0.013938278298590165 0.0013190317082884715
0.6705113133778219 0.13613420545334418 0.08285222957546064 0.01645167308115069 0.06947858712924022 0.014474959402028902 0.008391353583455741 0.0017056783974980052
0.69131169560268 0.06761195608773148 0.1323665176399308 0.012590030035566491 0.07360484858641789 0.007411204431751368 0.013760484152739685 0.0013432634631820903
0.6926659983954492 0.06427741229675843 0.13681218093386696 0.01241362495197072 0.07183411643176661 0.006841406197514385 0.013867082520530693 0.001288178272143127
0.7383987599404291 0.06827135926972425 0.09138609529173501 0.008264908853371004 0.07634478461523411 0.00724182651802616 0.009237207250353527 8.550582611267706E-4
0.5817590034658902 0.15985556669822096 0.03611612599971802 0.00974645118752876 0.1569875158044331 0.043520981763032984 0.00944901902959908 0.0025653360515769004
0.600832097397129 0.13643606092840088 0.04751747388298363 0.01043292611028273 0.15408503154500058 0.036242675496539825 0.011783815039066763 0.002669919600596611
0.6369175479406752 0.14185689872424093 0.07319189873814629 0.015788245133546944 0.09677619428201215 0.022312617597377418 0.01076240995840649 0.0023941876255944034
0.6902882705986284 0.06861057555532861 0.13031017634976128 0.012565213263170562 0.07530153721767635 0.0077285852956268065 0.013823961574151807 0.0013716801456562563
0.6497129151227461 0.1323522976406587 0.0801023681243273 0.015952213305365778 0.09000485930854828 0.018821223206005922 0.010842998360115479 0.002211124932232396
0.6907326193027739 0.06795854650824505 0.131362709694043 0.012553848995239616 0.07463885998151819 0.00757468097302284 0.013820881469358044 0.0013578530757993213
0.6498267777601546 0.1322637534290656 0.08016756075059925 0.015953166728501517 0.08994474141875433 0.018790929477079145 0.010843646394265312 0.0022094240415803648
0.6907366187695563 0.06795258797943471 0.13137228632165304 0.012553735492845816 0.07463289655840433 0.007573290591703569 0.013820856978271555 0.0013577273081306525
0.6702344242718457 0.13641641538653887 0.08268568173027292 0.016454154422439672 0.06957654365849177 0.014535554748137215 0.008388132604901828 0.001709093177371915
0.6913022308224734 0.06762770626428166 0.13234322116967187 0.01259053494697753 0.07361784882197667 0.007414532690288437 0.013760354178485276 0.0013435711058449604
0.6926653318189222 0.06427857787412143 0.13681013423908753 0.012413650286640272 0.0718353361373393 0.006841667833703926 0.013867098054372758 0.0012882037558124976
0.692781816273572 0.06405377713075346 0.13718452148982452 0.012406910908689357 0.07162845333542048 0.006794461882569949 0.013866481852574653 0.0012835771265953479
0.6504357333789637 0.13176981053538428 0.0805167481955841 0.015955887387565558 0.08964198788408503 0.018630753185893887 0.010848693555685657 0.002200385876837941
0.7114846911158187 0.06995829239947496 0.08460432295524592 0.00808107318754386 0.10245337139887482 0.010390516392175902 0.011862920538126532 0.001164812012739374
0.6471854835683188 0.13404869118516305 0.07824283862866659 0.01585918556063972 0.09199448609417146 0.019555628034973037 0.010861005936735542 0.0022526809913313594
0.7112147935420867 0.0701261110779566 0.08439061305718402 0.008080613571905032 0.10270868791427866 0.010448312585958578 0.01186289007399941 0.0011679781766308463
0.7138124831489965 0.06747314455125922 0.0862822144536427 0.007981011361207307 0.10149140527434095 0.00984614423723069 0.011979667504006605 0.001133929469316012
0.6474802805603656 0.1337972324652823 0.07839523900068386 0.015858469364089644 0.09187562508907383 0.01947897614588302 0.010865570397152035 0.0022486069774700244
