0.125 0.125 0.125 0.125 0.125 0.125 0.125 0.125
0.099626400996264 0.07845579078455792 0.199252801992528 0.15691158156911583 0.08685378548392246 0.06839735606858895 0.17370757096784492 0.1367947121371779
0.0745303753200788 0.12421729220013136 0.1056354961590544 0.1490607506401576 0.0931629691500985 0.15527161525016417 0.11179556298011822 0.186325938300197
0.09252272085186682 0.15420453475311138 0.09132283157848368 0.13878408127780023 0.11565340106483352 0.22015392074887402 0.10408806095835017 0.08327044876668013
0.11178451178451179 0.09023569023569024 0.13973063973063973 0.1127946127946128 0.13414141414141414 0.10828282828282829 0.16767676767676767 0.13535353535353534
0.0800293720663269 0.06302313050223243 0.18069328756387723 0.12604626100446487 0.10003671508290862 0.09253997735879137 0.20007343016581725 0.1575578262555811
0.07208597336463385 0.12014328894105639 0.11215792522403586 0.1441719467292677 0.0901074667057923 0.17298950557667858 0.10812896004695077 0.1802149334115846
0.060316414394941814 0.10052735732490302 0.0643977337232495 0.09047462159241274 0.12063282878988363 0.2741322550788884 0.10856954591089527 0.18094924318482547
0.07226417513869388 0.1278520021684584 0.09033021892336733 0.159815002710573 0.096141932496029 0.15342240260215007 0.10839626270804081 0.19177800325268757
0.10663077466309187 0.08397173504718486 0.14705658270092314 0.10076608205662184 0.13328846832886487 0.14238259263789846 0.15994616199463782 0.1259576025707773
0.0845493716270837 0.14958734980176347 0.07370970859797041 0.13040948444256303 0.11385983064875693 0.2029412232332223 0.08845165031756448 0.15649138133107565
0.10109892150554857 0.07360789317430058 0.21019730663383498 0.14721578634860116 0.08148696354664124 0.09507723411183075 0.16297392709328248 0.12834196758596
0.07673078089570837 0.11640371684855166 0.12182330826084564 0.139684460218262 0.08730278763641375 0.17868602570369466 0.10476334516369651 0.1746055752728275
0.09207452705383357 0.14276119609436796 0.0973738643327369 0.12848507648493115 0.10707089707077597 0.25877958570869736 0.09636380736369837 0.07709104589095869
0.08041282750165614 0.14226884865677625 0.07010349064246946 0.1240292526751383 0.1062880800681218 0.2439382084747087 0.08412418877096335 0.1488351032101659
0.06699387325037269 0.11852762190450554 0.08374234156296587 0.1481595273806319 0.08857516858651017 0.21571922458269643 0.10049080987555904 0.17779143285675827
0.07277071020167804 0.113825657169557 0.09680196732679831 0.13659078860346838 0.08536924287716774 0.2214600566143936 0.1024430914526013 0.17073848575433548
0.09425052053015122 0.13949869637693765 0.09130852189951717 0.1255488267392439 0.10462402228270323 0.27527849607346766 0.09416162005443292 0.07532929604354632
0.0773729846974573 0.13689066523396293 0.06745337127470637 0.11934057994755744 0.10230330103611801 0.27248635634348156 0.08094404552964764 0.14320869593706892
0.1202736066798482 0.09708833310300999 0.15034200834981026 0.12136041637876249 0.11905706920606478 0.1473463840267889 0.13530780751482924 0.10922437474088624
0.10339631727392426 0.07486864914498047 0.18549545907562326 0.14973729828996094 0.09295974852316224 0.09183304606332297 0.16694591316806093 0.13476356846096485
0.10525976521222612 0.07041773300975011 0.2507346524632095 0.14083546601950023 0.07795532510643886 0.07610677093335642 0.15591065021287773 0.12277963704264122
0.10219615478690791 0.1438428223858578 0.12557673723343804 0.129458540147272 0.10788211678939336 0.2162745994583138 0.09709390511045402 0.0776751240883632
0.08527637873418216 0.13705128244401538 0.07590173854017711 0.11948060520760315 0.10285326556448043 0.2550209840761305 0.08103901918428735 0.1433767262491238
0.09759747815275996 0.07263790397738541 0.19352107904685595 0.14527580795477082 0.08925001899502333 0.10899780032254693 0.16197168439136386 0.13074822715929374
0.10302673802898912 0.06938421721978877 0.25940974373139847 0.13876843443957754 0.0768111806421756 0.07799971514229277 0.1536223612843512 0.12097760951142655
0.08076390565671776 0.11393250665466946 0.13733274568358772 0.13671900798560335 0.0854493799910021 0.17236443805721277 0.10253925598920254 0.1708987599820042
0.09631753199265837 0.14075672570606568 0.10279749411188407 0.1266810531354591 0.10556754427954926 0.2568602290415137 0.09501078985159433 0.07600863188127546
0.05951535813902379 0.09598282298347591 0.055859994777238915 0.08367733285738925 0.12004182793974146 0.32297623001043396 0.09459176757791829 0.1673546657147785
0.09313835218829977 0.07084877160235716 0.19316253669488578 0.1416975432047143 0.09603688040466807 0.11960594079109832 0.1579821862297337 0.12752778888424285
0.0939989899027869 0.06941087381549488 0.2454794761550325 0.13882174763098976 0.09038881539244152 0.0821846354587228 0.1547758887766408 0.12493957286789079
0.09187690784129221 0.06774011285818575 0.2700489580002621 0.1354802257163715 0.08757021863181379 0.07430103259819207 0.1510503412091485 0.12193220314473434
0.08236702440916488 0.1332676925578424 0.16090343016466271 0.16658461569730298 0.07835443203320705 0.143855781285967 0.08474086972428022 0.14992615412757268
0.11588549015400293 0.07983962478623916 0.17182049637632096 0.09580754974348699 0.12672956315276057 0.13808236282451783 0.15207547578331268 0.11975943717935873
0.07769252782925545 0.11372550194150793 0.11702881479258607 0.14215687742688493 0.0947371797785119 0.18765139802075684 0.096419447298235 0.17058825291226187
0.0983288637932466 0.0697718461991158 0.2257429183709981 0.1395436923982316 0.09084463072431714 0.09459792204004192 0.1555808033156403 0.12558932315840846
0.09775565898768908 0.06711043329371479 0.2675215086577093 0.13422086658742957 0.08697865960592872 0.07596784317643915 0.14964624976240284 0.12079877992868664
0.09609890663242707 0.06595481853314777 0.28344633162058475 0.13190963706629555 0.08506087718427131 0.07174135427745401 0.14706940132615337 0.11871867335966597
0.09522569746347925 0.06548631775094207 0.2895793821629654 0.13097263550188415 0.08424545142294249 0.07059042923876639 0.14602471450732457 0.11787537195169574
0.09484723945950081 0.06529897116474409 0.29197647057777304 0.13059794232948818 0.08391436332420238 0.0702199054654721 0.14560695958228012 0.11753814809653937
0.08699027826915195 0.131326747284754 0.16819058050819227 0.16415843410594247 0.07696729016353511 0.14111739727570524 0.08350668169737073 0.1477425906953482
0.08110562324188873 0.11335266066592567 0.11705019445030247 0.1360231927991108 0.08501449549944425 0.1954074477451064 0.10201739459933311 0.1700289909988885
0.06501739025839154 0.09722710363475696 0.06327735781982784 0.08476209034824965 0.1265858770850928 0.29778798498089953 0.09581801517628223 0.1695241806964993
0.07133395702686188 0.10974170068569612 0.091277233203944 0.13717712585712016 0.09162137982021724 0.24119417570930898 0.0930418766683076 0.1646125510285442
0.07359552252634632 0.11205466291356186 0.09909854546544607 0.14006832864195234 0.08850377006414388 0.22359430963496954 0.09500286638323724 0.1680819943703428
0.07426769088642501 0.11263263951909082 0.10125588453416665 0.14079079939886352 0.08849343854345691 0.21811769781230564 0.09549289002705527 0.16894895927863623
0.10066251193353123 0.06957176793678552 0.22030957892822936 0.13914353587357103 0.08984003656386098 0.10010872782473683 0.15513465865307097 0.12522918228621394
0.10162982113409307 0.06672306750514238 0.2661877971129475 0.13344613501028477 0.0864387845587008 0.07669039129989949 0.14878248186967571 0.1201015215092563
0.11743575724448316 0.07685575748847051 0.20740852572548046 0.09606969686058812 0.13218445472046425 0.1119481149022172 0.1428140568255907 0.11528363623270574
0.08298151934768762 0.1126711960953545 0.12616274722785184 0.14083899511919312 0.09495791005807355 0.1778552587105723 0.09552557929823535 0.16900679414303177
0.10401062510103276 0.06884954886024305 0.2298612882043134 0.1376990977204861 0.08982808251510718 0.0922979517441067 0.1535242179062733 0.1239291879484375
0.10483476402804001 0.06619354009911306 0.26911173791106324 0.13238708019822612 0.08582940194456222 0.07489338885242046 0.1476017147881715 0.11914837217840349
0.10353112410388104 0.06515727906094528 0.2834210777584917 0.13031455812189055 0.08403830450993661 0.0709635467962692 0.14529100733888392 0.11728310230970147
0.08207776551783968 0.11345699810615796 0.14413222122689212 0.14182124763269746 0.08880314067342004 0.16333132694157823 0.09619180274217741 0.17018549715923695
0.07795375301516168 0.11322120715587566 0.11190598732869622 0.14152650894484461 0.09233099405067378 0.19723784574747472 0.09599189302345983 0.1698318107338135
0.07682646901254454 0.11259242235175422 0.1041946672888266 0.1407405279396928 0.09243585716990133 0.20886262984620543 0.09545879286344382 0.16888863352763134
0.10283030901524476 0.06888415221326674 0.2200956193728398 0.13776830442653348 0.09485550202533082 0.09797326074406777 0.15360137821883654 0.12399147398388012
0.10441064312890266 0.06597319425825184 0.26458488491263926 0.13194638851650367 0.09150065283068705 0.07572211023767239 0.1471103764504899 0.1187517496648533
0.10310078754028013 0.06482437644163953 0.2809386182723895 0.12964875288327907 0.08940826368703798 0.07084663939563254 0.14454868418479022 0.11668387759495114
0.10221864536742631 0.06440690945537463 0.286893416401207 0.12881381891074925 0.08849225151430225 0.06962472621734127 0.1436177951139249 0.11593243701967432
0.11939840592691692 0.07535542265453649 0.2118653696885781 0.09419427831817062 0.13780796459130581 0.1083193036373471 0.1400261212013402 0.11303313398180473
0.10719433681511806 0.0651152743666517 0.2593870983943283 0.1302305487333034 0.09886010772722136 0.07680779696343744 0.14519734313996663 0.11720749385997307
0.10373947753749342 0.06481624534817902 0.2787614404438399 0.12963249069635804 0.09080972007850911 0.07104083120892875 0.14453055305996934 0.11666924162672225
0.08175580438508985 0.11275133652632037 0.1427250067302202 0.1409391706579005 0.09452014757193308 0.16258800489282726 0.09559352444622815 0.16912700478948053
0.07803038380588447 0.11287216071917831 0.11139021472716161 0.14109020089897292 0.09496429358694965 0.19664854283421715 0.09569596234886858 0.16930824107876746
0.10249211994668761 0.07609767015736452 0.22153195982176432 0.13607151468271927 0.09444718105060705 0.0951856068458258 0.151709584280584 0.12246436321444733
0.10429558663688925 0.0707509897354978 0.264303198909689 0.13097000131995398 0.09092606930598379 0.07485937531297449 0.14602177759105317 0.1178730011879586
0.10312112205905899 0.06924426307407767 0.28010173353500345 0.12879381917153326 0.08887367129093804 0.07035545671779189 0.14359549689721693 0.11591443725437993
0.10228612911070757 0.0687269139483841 0.2858832207171144 0.12799816338804806 0.08798736815907394 0.0692114575515004 0.14270840007592822 0.11519834704924327
0.0812686679222027 0.11981778765266896 0.1435621907139908 0.1395312631521444 0.09320125420741784 0.16054272469189532 0.09463859587710664 0.16743751578257327
0.1024011861973512 0.07582240190959216 0.2344597544084636 0.13469564863096029 0.09315713090740319 0.08806219786892139 0.15017559630944374 0.12122608376786423
0.10403064443015075 0.07038719422803238 0.2691113898082748 0.1303129042739176 0.09026050735451947 0.07332658263676359 0.14528916342181558 0.11728161384652584
0.08183362576571702 0.1201638594842551 0.1398070636851491 0.13972871508842227 0.09373928164336141 0.1622804764278846 0.09477251979910381 0.1676744581061067
0.10205665142069753 0.08182094328999646 0.23187042679677736 0.13377954534603156 0.0928373485027183 0.08807928431968534 0.14915420951266503 0.12040159081142841
0.09314401207270505 0.14723389157538053 0.15024472337946745 0.1596680605905089 0.08080346588698321 0.14398214375006407 0.08122244821343279 0.143701254531458
0.09087099973923968 0.07385648751459925 0.20537708625695372 0.11590388027939146 0.10439459167479291 0.09821339557546374 0.17229890262428937 0.13908465633526976
0.1181799267042845 0.08623489493001825 0.18611428068322022 0.09482732078599077 0.1434215255747883 0.11646208503097662 0.14096718134753253 0.11379278494318892
0.10774554074117469 0.07531872071461194 0.24755695578187478 0.129401013527129 0.10118788845386202 0.07805649531623701 0.14427247329069454 0.11646091217441608
0.10419902012759988 0.07330004327802646 0.2728218317874327 0.12842441912829272 0.09167692315070734 0.07081214189630637 0.14318364341617112 0.11558197721546344
0.13683750791555208 0.09667763347516622 0.23535505405190119 0.10619842230146362 0.11883450308043779 0.09211498349342537 0.1184033156107363 0.09557858007131725
0.08610127656522941 0.1287910196101554 0.13007523219173067 0.13576399568187547 0.09849079077319357 0.1657774845927278 0.09208340576683727 0.16291679481825055
0.07649922795905666 0.14169339589743085 0.105439525707499 0.13556917161596585 0.09367069054058735 0.19249371811382013 0.0919512642264812 0.16268300593915902
0.11440262453061256 0.10115273972234809 0.15284641553615694 0.0945701492031958 0.1416948835449257 0.1412641299019365 0.14058487851698956 0.11348417904383495
0.12217446900198645 0.09190383585120189 0.16571742793722594 0.09227361842887273 0.15464313762888648 0.125388237760825 0.13717093127635407 0.11072834211464727
0.10889987147360819 0.07904869738577641 0.23843319241332972 0.12922688324800594 0.1043313416454588 0.07967748788634615 0.14407833102426928 0.11630419492320535
0.10452361247514366 0.07623088772575735 0.2688382750201268 0.1282336655962051 0.09274167395841557 0.07105061872453527 0.14297096746323165 0.11541029903658459
0.11969572651713657 0.08763803046284054 0.2044804370461996 0.09264468413768655 0.13933944708099513 0.10730550841508828 0.13772254537482956 0.11117362096522386
0.10715926507097592 0.07754356417278845 0.2540173883634135 0.127852668995962 0.1000567546998977 0.07575677191405385 0.1425461846865427 0.11506740209636583
0.10361014622275293 0.07561628160044793 0.2747525046689583 0.12755327398760644 0.09141643452676719 0.07004103080948404 0.14221238159513733 0.11479794658884579
0.09282068414911643 0.14906095661235336 0.16045301044425547 0.15775367894525238 0.08096126096012024 0.13672348724428574 0.08024861059388927 0.14197831105072717
0.13558771950464618 0.11694529641931406 0.1957190570895218 0.10780554187495246 0.11832478325312097 0.10839748017010752 0.12019513400087985 0.09702498768745721
0.08529889585530834 0.13837549514391323 0.12019800031901236 0.13455530100872032 0.09815867788010671 0.17068367311569052 0.09126359546678423 0.16146636121046437
0.10285515593203114 0.08854999429207953 0.22240042472661997 0.13316872598280166 0.09516190005366582 0.08953875412208218 0.14847319150619825 0.11985185338452149
0.10387881375710857 0.0782618757677678 0.26312058456936055 0.12928386739397196 0.09172753241257141 0.07322998135017188 0.1441418640944732 0.11635548065457477
0.10269499648208982 0.07560564473198159 0.2784001711081279 0.1273748872721203 0.08976613837237295 0.06950726976858755 0.1420134937198117 0.11463739854490824
0.10189188856442932 0.07479759636091732 0.2840619933699667 0.12664731198219636 0.08889602764060947 0.06852029972969416 0.14120230156820998 0.11398258078397674
0.08060384413060498 0.12969783671180232 0.14200732027836138 0.13746030824686822 0.09374393007537045 0.15830044245852715 0.09323394820222367 0.16495236989624182
0.11515856167435748 0.09866048072462216 0.16466712078292248 0.094253319358066 0.14219182899545885 0.13185081556230624 0.14011388967258767 0.1131039832296792
0.1074847474819696 0.08028757159568062 0.2383847624954517 0.12957577562592482 0.10223307816428405 0.08094854658445255 0.14446731998890425 0.11661819806333235
0.13820431501023125 0.10134448902426926 0.2228017951318853 0.10628558055833065 0.12270115328395802 0.09450515392603238 0.1185004905627955 0.09565702250249757
0.11052001513319161 0.07891161406930798 0.26046627575455056 0.1264417431130059 0.0959989108153457 0.07289076469287001 0.140973107620023 0.11379756880170531
0.10411470582103621 0.07560475266826451 0.27704965893880645 0.12714476813762376 0.09053627194900486 0.06936262310348495 0.14175692805791784 0.11443029132386141
0.11941552976121282 0.08737457649132573 0.20695725893195036 0.09246059828406303 0.13870483296379035 0.10668559623733914 0.13744888938944297 0.11095271794087562
0.10700220757389724 0.07741461126969097 0.2549285348905723 0.12768917003933827 0.10011177088940137 0.07556955675037358 0.1423638955513219 0.11492025303540444
0.10353811532535531 0.07555228169718398 0.2750530149937646 0.12746692279906605 0.0915836085717848 0.06996971962965251 0.1421161064640333 0.11472023051915944
0.13612812384366704 0.09972311223508133 0.23544697694249048 0.10554488065137001 0.11902583648294092 0.09146601181557046 0.11767466544264685 0.094990392586233
0.10962140990524086 0.07835651237220419 0.26538394876213417 0.1259294479982469 0.09487232794047308 0.07209791302523315 0.1404019367980454 0.1133365031984222
0.08195100114442425 0.13053547263099397 0.13769312118062896 0.13734187621142094 0.09496124316155276 0.15955341383039723 0.09315362038687683 0.16481025145370512
0.07589554195197412 0.1422755462232152 0.10722385933877611 0.13571120991032207 0.09367090111880193 0.19032188632100133 0.09204760324352278 0.16285345189238645
0.10114556146862937 0.08962972950447137 0.21732282937199598 0.13389987337405632 0.09478984730269238 0.09341390665729479 0.14928836628420905 0.12050988603665068
0.10368585977775541 0.07857760145367187 0.2612293994639038 0.12954633800176207 0.09191408086882565 0.07402051699769487 0.1444344992348004 0.11659170420158588
0.10272040247723283 0.07569923519460063 0.2776895790752129 0.12745434588451784 0.08994488572797099 0.06968055620151108 0.1421020841428878 0.11470891129606604
0.11905680749370733 0.08740175066906601 0.20718373276008997 0.09247435358963663 0.1386646205752495 0.10678017302964464 0.1374693375750419 0.11096922430756395
0.10689672373568154 0.07740076438903139 0.25499178693470664 0.12765211402103238 0.10027957666592294 0.07556955077841059 0.14232258085628535 0.11488690261892914
0.10349741502136668 0.0755361633507832 0.2750523326825188 0.12743758340869585 0.09174205934413314 0.06995722589139886 0.14208339523327732 0.11469382506782626
0.10216063003373294 0.07484224061368443 0.28275504656258316 0.12673751233872826 0.08949220602396527 0.06864573508807716 0.14130286823437316 0.11406376110485544
0.10161103160013948 0.07455309985598828 0.28564257892608275 0.1264102562003464 0.08881521598145067 0.06826058479350333 0.14093800206217727 0.11376923058031177
0.08054209658524693 0.1295996481059958 0.14235002662934704 0.13741399196421933 0.09383428793314043 0.15816062474490797 0.0932025336800792 0.1648967903570632
0.10120184606756374 0.08669875606421981 0.23173203048853572 0.13253581492447025 0.09388395329847678 0.08689782281638325 0.14776754290832728 0.11928223343202322
0.1031917251888196 0.0777365333155825 0.26668067367941267 0.12886156641292643 0.0913163543005292 0.07256670731548967 0.14367103001560602 0.1159754097716338
0.08088681710911055 0.1305616223322936 0.1380736993360154 0.13760510886271263 0.09445099215021115 0.15996346878056175 0.09333216079383988 0.16512613063525516
0.11526035783332425 0.09883433941272185 0.1633720335380139 0.09426982185135448 0.14268113780928215 0.1323201015964407 0.14013842173723742 0.11312378622162537
0.107527675562025 0.08032546574034397 0.2378163670970104 0.1295826903830105 0.10260103033130209 0.08104732011457044 0.1444750294270281 0.11662442134470946
0.10424173860149279 0.07643530653252534 0.2686012870910696 0.12824314672051845 0.09278661481894981 0.07129153597768297 0.14298153820929443 0.1154188320484666
0.10255010336994859 0.07514472760698848 0.2803540268954856 0.12703543903213624 0.08992774990287937 0.06902102379945145 0.14163503426418772 0.11433189512892261
0.10177827604729132 0.07465815643008283 0.28474759900087265 0.12651626539498806 0.08899983058281674 0.06837903928539028 0.14105619440306877 0.11386463885548925
0.10145614487841696 0.0744737839642813 0.28638076100975995 0.12631718479653578 0.08868047017496686 0.06817195446660126 0.14083423439255557 0.11368546631688221
0.1013283609320233 0.07440464612920197 0.28698699483474416 0.12624287160619702 0.08856699864122301 0.0681001626799451 0.14075138073108828 0.11361858444557729
0.10127909050085232 0.0743788942557617 0.2872119846450316 0.1262152996175952 0.08852594833980594 0.06807437296370918 0.14072064002140836 0.11359376965583566
0.08047185821290609 0.1295346801619911 0.14269647336978275 0.137388073738516 0.09378645193013795 0.1580718197386707 0.09318495436177607 0.1648656884862192
0.1011708607247807 0.08667659483964672 0.23186566376864073 0.1325149022656271 0.09389318327292076 0.08687115623495625 0.1477442268543633 0.11926341203906436
0.10317668081123121 0.0777268486886119 0.26672572017031926 0.12884939974765683 0.09134288663398873 0.07255653908351024 0.14365746509179053 0.11596445977289115
0.08088140416470349 0.13055407180483933 0.1380812188339891 0.1375983758066286 0.09448565687656642 0.1599536275199532 0.09332759402536547 0.1651180509679543
0.11525539796371853 0.09883013954321893 0.16337012646942276 0.09426637259009535 0.1427109585888643 0.13231406355785683 0.1401332941787089 0.11311964710811442
0.10752547486389276 0.0803238988295733 0.23781342967329086 0.12958070744913108 0.10261551962188972 0.0810455142542716 0.14447281860373268 0.11662263670421796
0.1208147465039774 0.08858749372621723 0.19456608141947443 0.09289514311563794 0.14339966147485475 0.11016783255364677 0.13809486946742597 0.11147417173876552
0.1231482851390664 0.08904212085955109 0.178654921666992 0.09157326712581403 0.1550433890992815 0.11652028353248124 0.13612981202583696 0.10988792055097683
0.1086218268651451 0.07820054104693036 0.24340064416767487 0.1285200969160712 0.10452208218036772 0.07777640458993604 0.14329031700941072 0.11566808722446406
0.10425573486530186 0.07592764686741062 0.27062105126366826 0.12791014863738587 0.09297923488291757 0.0705767795124636 0.14261027019720482 0.11511913377364727
0.10247540230278426 0.07500802273651169 0.28108891402018926 0.12692677994082682 0.08990485677937926 0.06884803478729962 0.14151388748626512 0.11423410194674415
0.10173424491207927 0.074616793129109 0.2850162280550919 0.1264786174282068 0.08897753882668544 0.06833160223378416 0.1410142197296574 0.1138307556853861
0.10143618705037989 0.0744598884345771 0.2864787393065151 0.12630318935333726 0.08867332737630504 0.06815716754305694 0.14081863051782526 0.11367287041800353
0.06960439166341818 0.11202103153627131 0.19717754975890375 0.19007143800755144 0.06084430530515167 0.10252847540502225 0.09668851411688488 0.1710642942067963
0.08043808345536653 0.11456751810714746 0.12421597389832238 0.13748102172857693 0.08592563858036059 0.182409720773072 0.10311076629643272 0.17185127716072118
0.08899306235847539 0.1625480909867049 0.08551533054112527 0.11147935388527701 0.10815944729104494 0.2339174067702435 0.07561208350479658 0.1337752246623324
0.08707791164075285 0.17025063902228918 0.10795963048258228 0.15238254323371778 0.08189223391802632 0.18577641558209004 0.07751633721019557 0.137144288910346
0.08986534228921104 0.08148512505225101 0.18845048882304435 0.11573141114884528 0.10653841663138623 0.10700900699866295 0.1720425156779849 0.13887769337861433
0.11756174449296208 0.08996885126089327 0.17997649949574715 0.09432380129004928 0.14643464141222884 0.11832723470171834 0.1402186657983419 0.1131885615480591
0.10749476205093059 0.07850711677265185 0.2443706698139105 0.1288728999955584 0.1028603926760411 0.07822488258045394 0.1436836661144509 0.11598560999600256
0.10399733169294552 0.07597795205300661 0.2710519422655167 0.12792398544107894 0.09263607392049364 0.07065543052926229 0.14262569720072532 0.11513158689697105
0.10240709360424113 0.0750090197504456 0.28125988413445024 0.12691583681926477 0.08982613768641552 0.06885608814547024 0.14150168672237431 0.11422425313733829
0.10171376309615633 0.07461325361732839 0.2850814042665545 0.126472084547351 0.08895703640260415 0.06833064592235817 0.14100693605503165 0.11382487609261589
0.11862270829024987 0.08707905733308152 0.20941762721593254 0.09231837579768819 0.1382629523703159 0.10627976192431589 0.1372374661111902 0.11078205095722582
0.1067147328715345 0.07729005465716413 0.2558533735712294 0.12754462983314577 0.10017180390482439 0.07543249430427072 0.14220274400799982 0.11479016684983119
0.1034223198479886 0.0754937027480305 0.2753697872031304 0.12739051999602805 0.09172649954445411 0.06991477962359549 0.14203092304034767 0.11465146799642523
0.10212891602659346 0.07482436631117688 0.28286697764686947 0.12671581562145137 0.08950919967221245 0.06863181264862267 0.14127867801376742 0.11404423405930625
0.10159626027381007 0.07454428570465296 0.2856779759763146 0.12639817484125143 0.08884423444617637 0.068256179152288 0.1409245322483803 0.11375835735712628
0.08053599973663675 0.12959093792117546 0.1423544066567385 0.13740558708725417 0.09387036793556808 0.15815916317700188 0.09319683298092023 0.16488670450470497
0.10119609745757302 0.08669395441479599 0.23172594030826596 0.13252817111664722 0.09392306577555194 0.08689839628914536 0.147759020633038 0.1192753540049825
0.061167252141072034 0.10099187305821795 0.15807815238885953 0.1674107581272931 0.07220517396694524 0.12570571418287033 0.11354816638199011 0.20089290975275176
0.07906206124053972 0.11473738131178897 0.11586863683553987 0.13768485757414678 0.08605303598384173 0.19122431190584946 0.10326364318061007 0.17210607196768346
0.07531378002164987 0.13804874211538015 0.1022586617797137 0.13571377979686666 0.09185582807626007 0.2019033261568844 0.09204934629700523 0.16285653575623998
0.10115713066831707 0.08909157936005038 0.21526647392252113 0.13408999446630707 0.09461932502357293 0.0955941644256277 0.1495003371139274 0.12068099501967636
0.10375273303296013 0.07854336339981612 0.26043591640207253 0.12962724725000488 0.09201245764841987 0.07443905273313475 0.1445247070085875 0.1166645225250044
0.08099795535293672 0.13079761464916154 0.13665542719066384 0.13764780410819774 0.09465021871683131 0.16071249574420254 0.09336111930816893 0.16517736492983728
0.10148688910374982 0.08703821923815665 0.22942426460339307 0.1327734680185734 0.09425748817723847 0.0874910412692258 0.14803250837294674 0.11949612121671607
0.08053710382673424 0.13297894722017115 0.12947611931462574 0.13768489233212336 0.09508161210600222 0.16563317960261595 0.09338627479917934 0.16522187079854805
0.10160379537548944 0.08757698380324717 0.22651380308630045 0.13307446183408522 0.09456019674303141 0.08853564949215223 0.1483680940150174 0.1197670156506767
0.10346064469818977 0.07800647399084085 0.2646946691637926 0.12909810696743976 0.09164841776668922 0.0729686360607438 0.1439347550816082 0.11618829627069575
0.08093921043244816 0.13064074044936766 0.13762494993314633 0.13761816381594746 0.09456327294695847 0.1601308503852218 0.09334101545777307 0.16514179657913694
0.07570428999770298 0.14228047277857425 0.10719207261733965 0.13568942065621453 0.09374335666456791 0.19053025805305876 0.09203282444508464 0.1628273047874574
0.10109206296334254 0.0896248787750649 0.21729327907469762 0.13388541205114235 0.09487785472305856 0.09345739857830275 0.1492722429883632 0.12049687084602811
0.11980099730899148 0.09079953124399619 0.18866136935279593 0.09355818951587673 0.14176336031359904 0.11406619237134057 0.13908053247434812 0.11226982741905209
0.12303501417945632 0.0895590993688968 0.1768859784226507 0.09171630341490238 0.15471210563982743 0.11768948979990185 0.13634244507648174 0.11005956409788285
0.10866323634328483 0.07833205546079149 0.24271494023832563 0.1286082218929087 0.10451728483743612 0.07802829174154167 0.14338856978209372 0.1157473997036178
0.08181913737343166 0.1306235441251508 0.1325689131773804 0.13749858737654286 0.0972833998089556 0.16194820184868428 0.093259911438003 0.16499830485185144
0.1017842308632425 0.08709886574109307 0.22771412762393142 0.1329026965304021 0.09491667956523975 0.08779438427901226 0.14817658851971696 0.1196124268773619
0.11978275634478534 0.0901903639002432 0.19186475773639658 0.09337322270389604 0.14153328219813796 0.11240218298667079 0.13880556688519471 0.11204786724467525
0.08272516973179737 0.13182157086636517 0.1196635515674927 0.13515354426777934 0.10397946053832469 0.17280308944702044 0.09166936045988512 0.1621842531213352
0.1334762282511468 0.11423718771752113 0.18124640230020925 0.10864763232479871 0.12609475287813357 0.11738092542598429 0.12113400200988751 0.09778286909231883
0.09686997110696632 0.07164278531159651 0.21340487287063706 0.1120381324140562 0.11442073287627867 0.09062553774091107 0.16655220878268653 0.13444575889686747
0.07991733051847852 0.1293173606264415 0.1261297166270572 0.1381598717830128 0.09969355734239277 0.16728188218843662 0.09370843477456521 0.16579184613961534
0.11509785009429181 0.09869398866194352 0.15947328852775297 0.09435923610855305 0.1445266299397348 0.13434658130146174 0.14027134203599828 0.11323108333026366
0.10761224771715988 0.08039564842146756 0.23624042966379233 0.12973368446778055 0.10312275295013609 0.08149154419532974 0.14464337656333145 0.11676031602100251
0.10431302741605095 0.07648485639878466 0.268000067678971 0.12831135591410153 0.0929491439544811 0.07140374194501801 0.14305758636990124 0.11548022032269137
0.10258575997525307 0.07516673225292458 0.2801277843750839 0.1270611051150774 0.08998544392221762 0.06905452972458602 0.14166365003128778 0.11435499460356967
0.11894683593459528 0.08724887850774632 0.20789493328938927 0.09240393388830949 0.13870196268194593 0.10655408107270466 0.1373646539593377 0.11088472066597137
0.10683955309245194 0.07735277627650236 0.2552553637114486 0.12760738616493 0.10031083784696672 0.0755147227246325 0.1422727126346309 0.11484664754843701
0.10347058005791733 0.07551799825475858 0.2751434225226839 0.1274167608536385 0.09177341043133562 0.06994256347308109 0.14206017963831039 0.11467508476827465
0.13607290585720805 0.09968766723056945 0.2354381097544795 0.1055090417797339 0.11925976882458242 0.09143966117635088 0.11763470777531526 0.09495813760176051
0.10958693855810385 0.07833228340362705 0.2653410157015217 0.12588862273545093 0.0951129244765235 0.07208203498617775 0.14035641967668933 0.11329976046190585
0.10372090349228863 0.07537911868084603 0.2788530331768464 0.12689446081516084 0.0903625147546361 0.06910710027355463 0.1414778540730226 0.11420501473364475
0.10207388879022182 0.07471345148746417 0.28415030845373507 0.1265466788954249 0.08912044477137629 0.06841311340950369 0.14109010318639162 0.1138920110058824
0.08062886763446687 0.1296474838784015 0.14201417973493097 0.13742180822304986 0.0939388470443081 0.1582348084745925 0.09320783514259033 0.1649061698676598
0.11513298229480079 0.09862215852365712 0.16462377883940604 0.0942174255291308 0.1424698828922828 0.13181233020066965 0.14006053108509595 0.11306091063495696
0.10745442145886712 0.08025929377146919 0.2383146424839055 0.1295269258674294 0.10252675742967023 0.08093086955428598 0.1444128561536862 0.11657423328068646
0.10420687325994861 0.07641143447190034 0.26878847946845463 0.12821838684040854 0.09276309123564545 0.07126125377655053 0.14295393279072416 0.1153965481563677
0.1025349069851455 0.0751354835134214 0.28042238064701275 0.12702506371206052 0.0899236293633788 0.0690125118815457 0.14162346655658087 0.11432255734085447
0.10177166676543774 0.07465422898898409 0.2847715407089967 0.12651144707775297 0.08900307819464767 0.06837691355527561 0.14105082233892755 0.11386030236997768
0.08057191050216299 0.12962787997309924 0.14215230577330676 0.1374167006873362 0.09391066671790765 0.1582161246204079 0.09320437090097586 0.16490004082480342
0.07565361883307549 0.14204791655497473 0.10821904629265411 0.13570829782804508 0.09362316892331136 0.18985236608221967 0.09204562809206536 0.16284995739365407
0.1008100257319053 0.09190926600324087 0.21726508162696068 0.13341448608360387 0.09461381412255922 0.09316709327820005 0.1487471956782867 0.12007303747524346
0.10343762913482406 0.08036692961139491 0.2609223903894627 0.12922849443485182 0.09179979554383054 0.07385898851690471 0.14408012737736464 0.11630564499136664
0.1193940740944944 0.08992629062017272 0.20186061841130243 0.09257505112260632 0.13954002687886866 0.10799484630435939 0.1376190312210685 0.1110900613471276
0.10699981113372324 0.07935433922697316 0.2526418767541468 0.12758562143676197 0.10054781279092616 0.07579503277742594 0.14224844658695698 0.11482705929308577
0.0813151003154223 0.13286064884549326 0.1345691654554784 0.1370347726187662 0.09617784549985506 0.16065541608538914 0.0929453240370762 0.1644417271425194
0.10137050361048759 0.08956595386551633 0.22810244395416193 0.13239840152005727 0.09441860803174301 0.08737119043284387 0.14761433721713846 0.11915856136805154
0.10318767405283462 0.07966857170204185 0.2650298286641819 0.12871969652490914 0.09142101769977608 0.07261262880606632 0.14351285567777183 0.11584772687241825
0.10232586494743114 0.07699312467107819 0.27887624536944805 0.12699930833698184 0.0896648583745592 0.06924646956180672 0.14159475123541107 0.11429937750328366
0.10165004328176072 0.07617265923028646 0.28401365615283536 0.12634726988068182 0.0888803196167825 0.06835573192881671 0.14086777701622286 0.11371254289261364
0.1013211623422218 0.07590011394206099 0.285917998060785 0.12610869651202553 0.08856497119959215 0.0680874455683377 0.14060178551415384 0.11349782686082296
0.11833013103647393 0.08865219268077972 0.20950012543448002 0.09211180522872198 0.1379104941832266 0.10603070007557219 0.13693038508627925 0.11053416627446636
0.12211595224877583 0.09052017655148904 0.18320369287584795 0.09120276987926781 0.15283961914437863 0.11509542246041674 0.1355790429847026 0.10944332385512137
0.10808525680689358 0.07977743764399828 0.2449533751679187 0.12805301456303253 0.10379098574792539 0.07732266192083767 0.14276955504266461 0.11524771310672928
0.10394448808076083 0.07737685170294016 0.270995501930833 0.1275853719713926 0.09265903963496548 0.07036374345316772 0.14224816845168697 0.11482683477425336
0.102259290746533 0.07641932322729585 0.28102986424616555 0.12666294483409887 0.08970736590422024 0.06870482965954688 0.14121973103145052 0.11399665035068898
0.10155586785194984 0.07601489870750609 0.28480122968596033 0.126237842052402 0.08881924498137421 0.06821108571969914 0.1407457731539467 0.11361405784716182
0.10127223373322504 0.07585239643822529 0.28620822665620915 0.12607093256082774 0.08852820017630078 0.06804448960369336 0.14055968152677364 0.11346383930474499
0.0802948620830673 0.13184704316230436 0.1422425617631785 0.13700585710807497 0.09358369263492348 0.15769324294111053 0.09292571177765085 0.16440702852968997
0.07530658016113016 0.14589174477465822 0.10786451468195316 0.1350544339623767 0.09319566341616589 0.1890196044309039 0.09160213781795985 0.16206532075485203
0.10070915981884043 0.09258038915690928 0.21706430327054071 0.13337772514797794 0.0945067765231956 0.09301548347093865 0.1487062099784172 0.12003995263318012
0.08013657182257382 0.13668993272764193 0.12632465808979634 0.13717487761049763 0.09482549686393153 0.16719825798236326 0.09304035177059838 0.16460985313259713
0.07515188234976324 0.1470304879617275 0.10415795598041087 0.13483553719370994 0.09330187466786678 0.19226594850877082 0.09145366870529892 0.16180264463245192
0.08543865548046788 0.172587022586712 0.11419318287524205 0.15505353695858307 0.08022636658845558 0.17407799214279626 0.07887506010501835 0.13954818326272475
0.13371518357105872 0.12623194221303935 0.17838264484111707 0.10796719418846373 0.11887686647111846 0.117280329678746 0.12037536426683941 0.09717047476961735
0.11086681706751457 0.08602234245111298 0.24283205228612298 0.1280055479903518 0.09662617425945727 0.07772543939771669 0.14271663335640716 0.11520499319131662
0.09406978668631338 0.15463496981666486 0.15178855782535014 0.15720317600929498 0.08200547526707856 0.13884660384307385 0.07996857214385876 0.14148285840836547
0.10358005850552057 0.09269124281011949 0.2345385624347859 0.13120606212447297 0.09064687482822342 0.0829667756132379 0.1462849677716139 0.11808545591202568
0.10344685406666539 0.08000449054990656 0.2674131918542308 0.12837082798930097 0.09041261665799635 0.07169438039599509 0.14312389329553404 0.11553374519037085
0.10230007893040818 0.0769842832752958 0.2797578337642196 0.12688262617802792 0.08938152635796476 0.06903462859805745 0.14146465933580127 0.11419436356022514
0.08050534016012738 0.1322261503211747 0.140795805043974 0.1370765170107866 0.09379949526495691 0.15813123416132902 0.09297363762470744 0.16449182041294388
0.10100438584437724 0.08930099661345892 0.2306714699382424 0.13217220511835673 0.09374802336792734 0.08678578940154551 0.14736214510957085 0.11895498460652107
0.0802292853053323 0.13579563210557585 0.12947920267683977 0.13719851459253832 0.09470682462920942 0.16489593936886715 0.0930563838105912 0.16463821751104596
0.10128803675807474 0.09023722590759319 0.2260664743661816 0.13263550264377874 0.09426659431650938 0.08825552635248714 0.14787868727597422 0.11937195237940088
0.11948125324384916 0.09239924344642302 0.1911435638373717 0.09317617413194497 0.14111987751591468 0.11235583791777862 0.13851264094838386 0.11181140895833395
0.10738827480546305 0.08006103827887807 0.24844930255922568 0.1280544260959373 0.1012248547557512 0.07680199122188601 0.14277112879651516 0.11524898348634358
0.1036924982898704 0.07735707113154972 0.2723670576057393 0.12747342336298226 0.0920455710064851 0.07021494346900593 0.14212335410768318 0.11472608102668402
0.10215958283177161 0.07638399380828148 0.2815496632033094 0.12660723852176678 0.08954388906581583 0.06865149524907714 0.14115762265038773 0.11394651466959009
0.0804745384371829 0.13203883665593605 0.14120200823510617 0.137057240440791 0.09382784227578794 0.15797028234466656 0.09296056308157999 0.1644686885289492
0.07533731299984431 0.14594401228644946 0.10763161290300534 0.13505391281966317 0.09324608692185588 0.18912058233833628 0.0916017843472498 0.16206469538359577
0.10072321492299444 0.09259579728215034 0.21696674926206733 0.13338655956968776 0.09452394316752691 0.09303977248351572 0.14871605969933843 0.12004790361271898
0.1367920465512006 0.10645829776842661 0.21558992460107906 0.10683268458335037 0.1214003120798882 0.0976668475690058 0.11911047072203393 0.09614941612501533
0.09809775511144925 0.1590717673402659 0.14309889216190794 0.15405563419503082 0.0854081580291233 0.14325029107878803 0.07836743130790699 0.1386500707755277
0.10464665409816333 0.09358657636570927 0.2307057168772076 0.13126874490300422 0.09146490835231876 0.08383067459903608 0.14635485439185694 0.11814187041270378
0.08086761593893951 0.13701122483201122 0.12947727095622333 0.13714115389977913 0.0941909238508969 0.16372494754517344 0.0930174782972415 0.16456938467973492
0.07532052636935033 0.1471995589986947 0.10491031242996116 0.13490520021732183 0.09321575659458896 0.1910614867210264 0.09150091840827047 0.1618862402607862
0.07385452639472946 0.1491739688543244 0.09883599010338052 0.13397867420199278 0.09240959481865363 0.20010034451708933 0.0908724920674386 0.16077440904239135
0.11308801461576444 0.10649373630027023 0.14983897908442684 0.09387511015684304 0.14175148365363607 0.1427508877079886 0.13955165629285918 0.11265013218821163
0.08073929122886478 0.13941022218186974 0.10915613698210776 0.1337414490532938 0.10305079718139366 0.18270077297671836 0.09071159153179928 0.16048973886395257
0.10172203747391993 0.09241785566036301 0.21710361602099648 0.13289727555273992 0.09637599281707436 0.09170512994326614 0.14817054453417422 0.11960754799746595
0.10354348944671903 0.08114912114751291 0.2606666249384399 0.12903586698461164 0.09207199826646566 0.07353525678457076 0.1438653621455297 0.11613228028615048
0.11932533641532221 0.0907911321055806 0.20167265637601722 0.0924671483179135 0.13950960133395499 0.107814921015026 0.13745862645468934 0.11096057798149621
0.09482842600988796 0.15594560108694586 0.1399379008834444 0.15484739913408083 0.0891226774251657 0.14718513754985715 0.07877019868994548 0.13936265922067276
