Action: 0
[0.10925332571567863, 0.10925319884332604, 0.12597426292381625, 0.10925319884332604, 0.109253218300549, 0.2185063976866521, 0.10925319884332604, 0.10925319884332604]
[0.10925323549238919, 0.10925323549238919, 0.12597411606088643, 0.10925323549238919, 0.21850647098477838, 0.10925323549238919, 0.10925323549238919, 0.10925323549238919]
[0.12598509020390095, 0.10920573874610923, 0.10957470681174332, 0.10920573874610923, 0.2184115092538096, 0.10920573874610923, 0.10920573874610923, 0.10920573874610923]
[0.125, 0.125, 0.125, 0.125, 0.125, 0.125, 0.125, 0.125]
[0.10959473960003609, 0.10919941919195768, 0.21840904608695758, 0.10919941918699912, 0.1259991183730484, 0.10919941918700296, 0.10919941918699912, 0.10919941918699912]
[0.12712871505379225, 0.10864108053379011, 0.21736266262230244, 0.10864108050703096, 0.10916700235371189, 0.11177729791531046, 0.10864108050703096, 0.10864108050703096]
[0.125, 0.125, 0.125, 0.125, 0.125, 0.125, 0.125, 0.125]
[0.125, 0.125, 0.125, 0.125, 0.125, 0.125, 0.125, 0.125]

Action: 1
[0.11177322385976664, 0.10866096274958116, 0.10866096274958116, 0.10866096274958116, 0.12708257141414311, 0.21783939097818433, 0.10866096274958116, 0.10866096274958116]
[0.1092530884288663, 0.1092530884288663, 0.1092530884288663, 0.1092530884288663, 0.2185070907203226, 0.1259743787064795, 0.1092530884288663, 0.1092530884288663]
[0.22042696682557147, 0.10866656382967516, 0.10866655552804574, 0.10866655552804574, 0.10914235876100979, 0.12709788847156062, 0.10866655552804574, 0.10866655552804574]
[0.125, 0.125, 0.125, 0.125, 0.125, 0.125, 0.125, 0.125]
[0.10920205450286716, 0.10920205952833496, 0.10920205435704036, 0.10920205435704036, 0.12599621546070258, 0.2187914530799339, 0.10920205435704036, 0.10920205435704036]
[0.10877256407431045, 0.12701624127311395, 0.10877256407431045, 0.10877256407431045, 0.10878074227334417, 0.22034019608198954, 0.10877256407431045, 0.10877256407431045]
[0.125, 0.125, 0.125, 0.125, 0.125, 0.125, 0.125, 0.125]
[0.125, 0.125, 0.125, 0.125, 0.125, 0.125, 0.125, 0.125]

