Action: 0
[0.09847840583096147, 0.09616449086069136, 0.1960285065491051, 0.09616438941097107, 0.22466217637469552, 0.09617325215163339, 0.09616438941097107, 0.09616438941097107]
[0.19825329269070371, 0.10006130457512781, 0.2035091400878287, 0.0973072295004946, 0.0973072295004946, 0.10894734464436148, 0.0973072295004946, 0.0973072295004946]
[0.1972394448534483, 0.09481518667386364, 0.20514999593045943, 0.09481505201430793, 0.12353516429471918, 0.09481505220458561, 0.09481505201430793, 0.09481505201430793]
[0.125, 0.125, 0.125, 0.125, 0.125, 0.125, 0.125, 0.125]
[0.12033406406585319, 0.09712101521575459, 0.2968154152590081, 0.09712101521575459, 0.09721698091968478, 0.09714947889243554, 0.09712101521575459, 0.09712101521575459]
[0.2546575778957108, 0.09514600835772531, 0.1634463384515642, 0.09460184582169684, 0.10834226680034699, 0.09460227102956215, 0.09460184582169684, 0.09460184582169684]
[0.125, 0.125, 0.125, 0.125, 0.125, 0.125, 0.125, 0.125]
[0.125, 0.125, 0.125, 0.125, 0.125, 0.125, 0.125, 0.125]

Action: 1
[0.09716451601252726, 0.09618121357156405, 0.09618121357156405, 0.09618121357156405, 0.13455879999336637, 0.28737061613628617, 0.09618121357156405, 0.09618121357156405]
[0.10249202660095894, 0.10249202660095894, 0.10249202660095894, 0.10249202660095894, 0.1800637871923285, 0.20498405320191787, 0.10249202660095894, 0.10249202660095894]
[0.0974535257817619, 0.10908527771039998, 0.09744961692113815, 0.09744961692113815, 0.10302129912197193, 0.3006414297013137, 0.09744961692113815, 0.09744961692113815]
[0.125, 0.125, 0.125, 0.125, 0.125, 0.125, 0.125, 0.125]
[0.09448495957829048, 0.11007955045227821, 0.0934963875239047, 0.0934963875239047, 0.17094189676402938, 0.2505080431097832, 0.0934963875239047, 0.0934963875239047]
[0.09921962395837824, 0.0986853970398743, 0.0986853970398743, 0.0986853970398743, 0.10548339083643854, 0.3018700000058118, 0.0986853970398743, 0.0986853970398743]
[0.125, 0.125, 0.125, 0.125, 0.125, 0.125, 0.125, 0.125]
[0.125, 0.125, 0.125, 0.125, 0.125, 0.125, 0.125, 0.125]

