Action: 0
[0.09766132744857195, 0.09766132744156535, 0.3122505062443154, 0.09766132744156192, 0.1001188974269155, 0.09932395911394605, 0.09766132744156192, 0.09766132744156192]
[0.09436520305482238, 0.1348565109004478, 0.20111168961175782, 0.09436520305482238, 0.09784058115886007, 0.18873040610964475, 0.09436520305482238, 0.09436520305482238]
[0.09929981524146234, 0.09788409205433138, 0.312310895204983, 0.09788409205393932, 0.09896414633013287, 0.09788877500727235, 0.09788409205393932, 0.09788409205393932]
[0.125, 0.125, 0.125, 0.125, 0.125, 0.125, 0.125, 0.125]
[0.09825367413926768, 0.09531399618195302, 0.30648502624430085, 0.09531399618195302, 0.09533310234691016, 0.11867221254170919, 0.09531399618195302, 0.09531399618195302]
[0.14172288822436133, 0.09193197480658057, 0.2872498274092656, 0.09192713987642809, 0.11123379376873835, 0.09208009616176992, 0.09192713987642809, 0.09192713987642809]
[0.125, 0.125, 0.125, 0.125, 0.125, 0.125, 0.125, 0.125]
[0.125, 0.125, 0.125, 0.125, 0.125, 0.125, 0.125, 0.125]

Action: 1
[0.09486830790677504, 0.09486830790677504, 0.09486830790677504, 0.09486830790677504, 0.16304199002120293, 0.2677481625381468, 0.09486830790677504, 0.09486830790677504]
[0.10207621938911493, 0.10207621938911493, 0.10207621938911493, 0.10207621938911493, 0.20415243877822986, 0.1833902448870806, 0.10207621938911493, 0.10207621938911493]
[0.09370967501167017, 0.09622335805363923, 0.093706260417419, 0.093706260417419, 0.1735602100941246, 0.26168171517088995, 0.093706260417419, 0.093706260417419]
[0.125, 0.125, 0.125, 0.125, 0.125, 0.125, 0.125, 0.125]
[0.11164466598099164, 0.09635603631949945, 0.09635603631949945, 0.09635603631949945, 0.09671176031219818, 0.30986339210931285, 0.09635603631949945, 0.09635603631949945]
[0.09389144759292312, 0.09389144759292312, 0.09389144759292312, 0.09389144759292312, 0.2812998902550676, 0.15535142418739373, 0.09389144759292312, 0.09389144759292312]
[0.125, 0.125, 0.125, 0.125, 0.125, 0.125, 0.125, 0.125]
[0.125, 0.125, 0.125, 0.125, 0.125, 0.125, 0.125, 0.125]

