Action: 0
[0.17787937150548674, 0.0980392144621312, 0.258096692186089, 0.09318774875635553, 0.09323069091609588, 0.09319078466113073, 0.09318774875635553, 0.09318774875635553]
[0.11447173616163131, 0.09610803986909089, 0.30888002462382336, 0.09610803986909089, 0.09610803986909089, 0.09610803986909089, 0.09610803986909089, 0.09610803986909089]
[0.16263192985855573, 0.09178727101571113, 0.1294407067749902, 0.0914689925349334, 0.2501815349981284, 0.09155157974781437, 0.0914689925349334, 0.0914689925349334]
[0.125, 0.125, 0.125, 0.125, 0.125, 0.125, 0.125, 0.125]
[0.15332669662730414, 0.196871333724977, 0.18876144124813912, 0.09219066709744485, 0.09227786000977878, 0.09219066709746647, 0.09219066709744485, 0.09219066709744485]
[0.09921129495893294, 0.09461967411969882, 0.304290798014347, 0.09461967411969882, 0.12339953642822594, 0.09461967411969882, 0.09461967411969882, 0.09461967411969882]
[0.125, 0.125, 0.125, 0.125, 0.125, 0.125, 0.125, 0.125]
[0.125, 0.125, 0.125, 0.125, 0.125, 0.125, 0.125, 0.125]

Action: 1
[0.09389870476620993, 0.09389870476620993, 0.09389870476620993, 0.09389870476620993, 0.15676109072374525, 0.2798466806789952, 0.09389870476620993, 0.09389870476620993]
[0.09501280802685205, 0.09501280802685205, 0.09501280802685205, 0.09501280802685205, 0.14140324488862882, 0.2885199069502588, 0.09501280802685205, 0.09501280802685205]
[0.0981332125038458, 0.0981903450231876, 0.0981332125038458, 0.0981332125038458, 0.09880432807378121, 0.3123392643838023, 0.0981332125038458, 0.0981332125038458]
[0.125, 0.125, 0.125, 0.125, 0.125, 0.125, 0.125, 0.125]
[0.09824226165401886, 0.09824226165401886, 0.09824226165401886, 0.09824226165401886, 0.19648452330803773, 0.21406190676784903, 0.09824226165401886, 0.09824226165401886]
[0.09547902036439393, 0.09547902036439393, 0.09547902036439393, 0.09547902036439393, 0.12156607768736917, 0.3055598001262673, 0.09547902036439393, 0.09547902036439393]
[0.125, 0.125, 0.125, 0.125, 0.125, 0.125, 0.125, 0.125]
[0.125, 0.125, 0.125, 0.125, 0.125, 0.125, 0.125, 0.125]

