0.125 0.125 0.125 0.125 0.125 0.125 0.125 0.125
0.09592326139088728 0.15987210231814547 0.08633093525179857 0.14388489208633093 0.11990407673860912 0.19984012789768185 0.10791366906474821 0.08633093525179857
0.06430745814307458 0.11377473363774733 0.056062912227295786 0.09918822932521562 0.12861491628614916 0.22754946727549466 0.11212582445459157 0.19837645865043124
0.07068007980263104 0.12504937195850105 0.0883500997532888 0.15631171494812635 0.08481609576315725 0.18119846013259752 0.10602011970394655 0.1875740579377516
0.09851877475422122 0.07758353511894923 0.19703754950844243 0.15516707023789847 0.08588816260624416 0.07875472645692162 0.1717763252124883 0.13527385610483453
0.06408885454516519 0.10681475757527532 0.06810165562067838 0.0961332818177478 0.12817770909033038 0.22905723953400972 0.11535993818129735 0.1922665636354956
0.06046746775096085 0.10698090448246922 0.052715228295709474 0.09326540390779367 0.13528327230337706 0.25932645885268346 0.10543045659141895 0.18653080781558734
0.12258178416210153 0.09895156070916632 0.15322723020262694 0.12368945088645787 0.12452513196642331 0.12779982909304768 0.13790450718236422 0.11132050579781208
0.07736784716312556 0.12276396436448701 0.08673540960534408 0.15345495545560875 0.09299322037408295 0.17845616496420846 0.1040824915264129 0.1841459465467305
0.09615515263973574 0.07572218270379191 0.20782914688618775 0.15144436540758383 0.08382756896797475 0.08533802433421622 0.1676551379359495 0.13202842112456026
0.06256278364938733 0.10427130608231225 0.07576289639936537 0.09384417547408101 0.12512556729877466 0.2381319095790202 0.1126130105688972 0.18768835094816202
0.07465238682838503 0.11944651124289636 0.08439155685639417 0.14930813905362048 0.0907342701390216 0.2010275007876648 0.10126986822767302 0.17916976686434455
0.0700385269223953 0.11673087820399215 0.09596410491941716 0.1400770538447906 0.08754815865299412 0.20948716976682946 0.10505779038359296 0.17509631730598824
0.05863895322322518 0.09773158870537531 0.061415778092731174 0.08795842983483779 0.12721391789581615 0.2855743567765335 0.10555011580180533 0.17591685966967557
0.061744414692245196 0.0991968182314811 0.04887959159232402 0.08647927743257328 0.13676587153669467 0.2962162884648873 0.09775918318464805 0.17295855486514655
0.10015265144325862 0.07296078654830059 0.18076851592564025 0.14592157309660117 0.10646409482052593 0.09971129804565623 0.16269166433307622 0.13132941578694105
0.10498804380518555 0.07232727898639875 0.2107072542182886 0.1446545579727975 0.09962954717537437 0.07622517864303466 0.16127903702340257 0.13018910217551774
0.1027246031919706 0.07008244610704219 0.23748285601091088 0.14016489221408437 0.09565923753729795 0.07146416719389714 0.15627339475212093 0.12614840299267593
0.11599472810344011 0.07917766413819444 0.18936195425684546 0.09897208017274305 0.14351648506478318 0.1070819475014007 0.1471286445553016 0.11876649620729166
0.10680560954745409 0.06784015482230249 0.24240893738289437 0.13568030964460498 0.10098626156739161 0.07289302849771553 0.1512734198574924 0.12211227868014449
0.10289768220370621 0.06645130766389501 0.2706444782643799 0.13290261532779002 0.09159886234725682 0.06771620241309678 0.14817649798486437 0.11961235379501102
0.10043452137293778 0.06520670693122164 0.2867516529512336 0.1304134138624433 0.08844854453957168 0.06597186375408695 0.14540122411230616 0.11737207247619896
0.13307493297278272 0.08668425296512342 0.24902902310532019 0.10835531620640426 0.1170081556547681 0.08752044315732396 0.1208080913525134 0.09751978458576384
0.12696580335245472 0.0750836507097456 0.20389017478875224 0.09385456338718198 0.1431826493913273 0.10487657016616855 0.13952111213975113 0.1126254760646184
0.1470530258512553 0.08664824432228814 0.21661200327849733 0.10831030540286017 0.12989597411498666 0.09324326450196127 0.12075790766557694 0.09747927486257414
0.09197290745640178 0.11250491307944163 0.13174838469014932 0.14063114134930202 0.10033618412321728 0.1586644994627989 0.0953846002195266 0.1687573696191624
0.08174561154795787 0.11392472342770953 0.11156302202813012 0.14240590428463692 0.09541437554599277 0.18747092555268954 0.09658835247131896 0.17088708514156428
0.07906454638372346 0.11278130695848847 0.10581516639121201 0.1409766336981106 0.09363125617694375 0.20294019579333136 0.09561893416045762 0.1691719604377327
0.10471620503897061 0.06852025161052364 0.22285290300376942 0.13704050322104727 0.09555417490906278 0.09518957512944154 0.15278993418824224 0.12333645289894254
0.08356048418583611 0.11239333850671489 0.13364303895876667 0.1404916731333936 0.0961153846448855 0.16991606842420298 0.09529000438612786 0.16859000776007232
0.11917641281261532 0.0770785860698407 0.16755576246126982 0.09634823258730087 0.14620420539971563 0.13479080267352392 0.14322811889097264 0.11561787910476104
0.14575116891941856 0.08572984867210443 0.20225723283279873 0.10716231084013053 0.13707509971689186 0.106100279863169 0.11947797939936941 0.09644607975611746
0.1159619173715709 0.06390626185664487 0.25952263213712595 0.12781252371328974 0.10057479105374852 0.07468917683337939 0.14250142569227975 0.11503127134196077
0.10732045452701873 0.06346639363358327 0.2856968584870821 0.12693278726716653 0.09185237239329444 0.06897103994457923 0.14152058520682595 0.11423950854044988
0.08411555814358856 0.11117900082398713 0.1496868756247289 0.1389737510299839 0.0959822730729239 0.15903358284847005 0.09426045722033691 0.16676850123598067
0.10428066603342451 0.06688702595807 0.24232457081757514 0.13377405191614 0.09528700124735048 0.08790195255462054 0.14914808474829339 0.12039664672452599
0.14038164887083782 0.08544175900697798 0.2333610866091609 0.10680219875872249 0.12200331003253347 0.09681153653628174 0.11907648130263537 0.09612197888285022
0.11341443609127473 0.06304345291240945 0.2739067055088488 0.1260869058248189 0.0961733403893459 0.07331945350687599 0.1405774905240891 0.11347821524233699
0.10607541270442729 0.06293074119009802 0.2922484187235154 0.12586148238019604 0.09027054389064972 0.06901190676295729 0.14032616020597977 0.11327533414217646
0.09613174374162321 0.12715747235897246 0.17376822403916625 0.1589468404487156 0.08209591034525651 0.1379920859993798 0.08085556666304228 0.143052156403844
0.0820799776932749 0.11186406133983183 0.12171766117946085 0.1398300766747898 0.09393137449405424 0.1879394872120266 0.09484126939681395 0.16779609200974774
0.07881511235133873 0.11118907912580767 0.10817911810073888 0.13898634890725958 0.09588602302048706 0.20589169793812398 0.0942690018675326 0.1667836186887115
0.10458002259533752 0.06784354195275405 0.2244614499514449 0.1356870839055081 0.09661452321928131 0.09741403020785921 0.15128097265285753 0.12211837551495729
0.10628227535101512 0.06453006262987226 0.2729982668693702 0.12906012525974453 0.09237693690714753 0.07470581193709662 0.14389240831198383 0.11615411273377008
0.10466475188295939 0.06313402171412183 0.29239727265539944 0.12626804342824366 0.08969312839406342 0.06942209740561685 0.14077944543417611 0.11364123908541929
0.1216437644910044 0.07358283717007763 0.220482933859393 0.09197854646259704 0.13863274188780642 0.10657263339378625 0.13673228698021886 0.11037425575511643
0.1261546637063079 0.07311286913437004 0.19385618893765097 0.09139108641796255 0.1540633149650221 0.11589358496953334 0.13585898816759806 0.10966930370155506
0.08682718665910698 0.10907300530731215 0.12543747442361033 0.13634125663414018 0.10955914475994256 0.17667748497263325 0.09247493928228638 0.16360950796096818
0.07871954504259607 0.12202642996010164 0.10783886164362314 0.1365706198492692 0.09887642457974302 0.19945286772951779 0.09263050737602606 0.16388474381912302
0.10374560605798931 0.0758366061743978 0.22275465224632934 0.13419716628834308 0.09728712576078284 0.09578156811504854 0.14961982569760038 0.12077744965950875
0.08298430437262286 0.11938178422734293 0.133289399824098 0.13794664047763372 0.0972093923869075 0.17008870181427418 0.09356380832396027 0.16553596857316044
0.10392391415231386 0.07496565924497728 0.2339932169428235 0.13297918221756438 0.09642833204754318 0.08976656704595397 0.1482618643530158 0.11968126399580796
0.10520720577378942 0.06893605859279468 0.27604550036050435 0.1275365239017991 0.09257205861046335 0.07272607474956133 0.14219370649946853 0.11478287151161919
0.103776783197697 0.06727486876247474 0.29287391873998386 0.12514262600685355 0.09016794544690397 0.06861080544421765 0.1395246889957009 0.11262836340616819
0.10274619832548863 0.06668173471415163 0.2995618582959302 0.12421897826937 0.08904531604519367 0.06745394321009035 0.13849489069734236 0.11179708044243299
0.10223063925172328 0.06645684316090973 0.3022200185280747 0.12386375018289517 0.08857074562402527 0.0670817901972846 0.1380988378904816 0.11147737516460565
0.10200153290785391 0.06636969662448268 0.3032777966444827 0.12372547188715498 0.0883777957629789 0.06695011356460026 0.1379446679100071 0.11135292469843948
0.1019048776721274 0.06633550904422912 0.303699174338667 0.12367109696358607 0.08830052008767379 0.06690079069843145 0.1378840439280579 0.11130398726722744
0.10186513238378464 0.06632199657112159 0.30386716291535676 0.12364957568820638 0.08826973031915243 0.06688173469091771 0.13786004931207488 0.11128461811938575
0.082285970128303 0.11743004719318725 0.1534717853509609 0.13683568994745118 0.09507344721358064 0.15788993817826083 0.09281029405131473 0.1642028279369414
0.10295828454451547 0.07424416579653412 0.2427082488383745 0.13190708858110908 0.09541761499950248 0.0869816575616103 0.14706655995535592 0.11871637972299816
0.10459860091146606 0.0686240017638301 0.27957188434046165 0.12703279635103332 0.09221781277479896 0.07199329927050696 0.14163208787197293 0.11432951671592997
0.08296934405311077 0.11799763721258899 0.14747649645354155 0.137218066813681 0.09637346764083965 0.1602336623327154 0.09306964531710539 0.1646616801764172
0.10335779678981627 0.07444791042677672 0.24010633011539856 0.13220732782092925 0.09592031992693682 0.08757241557946396 0.14740130430184203 0.11898659503883634
0.10480172451240677 0.06870867411418205 0.27850521628305164 0.1271676406114524 0.09241932179187282 0.07216411697739157 0.1417824291593357 0.11445087655030714
0.13835443451745802 0.08974071762823556 0.2453411060297673 0.10435082036315886 0.12052809682961527 0.09142570897465391 0.11634337733026816 0.09391573832684297
0.08866721682509812 0.11854167380130189 0.1376719423214504 0.1346951805841617 0.10181821993649717 0.16561307952123902 0.0913584703092575 0.161634216700994
0.10499405511524748 0.07457976175566354 0.23544182167489142 0.13233480171860854 0.097329724066562 0.08867508593750227 0.147543428184777 0.1191013215467477
0.14005375733191333 0.09147425016851715 0.22973602586185157 0.10580196092576602 0.12344150275506771 0.09630944736019165 0.11796129076350328 0.0952217648331894
0.14919278648055734 0.09086447717710551 0.22413612229123964 0.10308835821986344 0.12887929242539364 0.09612361475387694 0.11493582625408656 0.0927795223978771
0.11524378023478958 0.06867351057130425 0.2686730073346608 0.12469578854242676 0.0987654211457124 0.07269578391397764 0.13902649856894445 0.11222620968818406
0.14167151162519173 0.08957764132848318 0.24109710786671482 0.10414323656865108 0.12225711555026318 0.09141253725819012 0.11611193689071994 0.09372891291178596
0.0893392194740597 0.11852065625276437 0.13662010864628088 0.13468991917435472 0.10223508314225092 0.16561220860019704 0.09135490170086669 0.16162790300922564
0.10518758280605069 0.07458975408367395 0.23494073964278792 0.1323521408420437 0.09755761545795524 0.08869248039620649 0.14756276001344273 0.11911692675783932
0.14011117735308182 0.09146716438066611 0.2295191118311814 0.1057914280431369 0.12364222049444182 0.09630706527326074 0.11794954738540786 0.0952122852388232
0.08904412728825974 0.11883712929374482 0.13370465117964284 0.1348218927758134 0.10273502023327848 0.16762649366773283 0.09144441423055172 0.1617862713309761
0.07921460436925015 0.12324343763154902 0.10994623142754181 0.13663878282373887 0.09820654288992667 0.1961071218151449 0.09267673965436202 0.16396653938848663
0.10363525714192283 0.07572323655132818 0.2233836095083199 0.1337887162902957 0.09768834326755997 0.09620655814818647 0.1491644344311207 0.12040984466126613
0.10546609410296161 0.06919632859971327 0.2715597851474646 0.12791619643896018 0.09350289350782207 0.07461711236338238 0.1426170130446317 0.11512457679506415
0.10394078339521912 0.06734130411304903 0.2909606464591656 0.12522443952733553 0.09079561352737874 0.06941931243769824 0.1396159049655517 0.11270199557460198
0.10278766419283451 0.06666674328256747 0.2986925550494198 0.12417107965112607 0.08950728021395359 0.06797921861156087 0.13844148731252412 0.11175397168601348
0.10220230075295196 0.06640900642085862 0.30177050295594704 0.12376367448474912 0.08895640162454917 0.06752354576928542 0.13798726095538447 0.1113873070362742
0.1019403207735804 0.06630881463256015 0.30299672023281504 0.12360470618074727 0.08873081869690111 0.06736436076099475 0.13781002315972865 0.11124423556267254
0.09423959610711052 0.13441929511774828 0.17554103628305218 0.1566185896554014 0.08203336562862072 0.13652019091089274 0.0796711956073129 0.14095673068986125
0.10504166562778242 0.07468897613358964 0.2518446613238169 0.13051006572722862 0.0916634308174123 0.08328315748694833 0.14550898372871607 0.11745905915450575
0.12199532754047217 0.07962701380360904 0.2062242983985442 0.09206367493246821 0.14160438740532563 0.11115005183235273 0.1368588361682662 0.11047640991896185
0.0852962659519739 0.11735142037858225 0.12763260818688466 0.13479203803299128 0.10695736489806369 0.17479569198519013 0.09142416492672453 0.16175044563958954
0.11822226936175355 0.08456475309837239 0.16341248268979516 0.09386326679871163 0.1494406505109348 0.13832660703643093 0.13953405034554744 0.11263592015845394
0.0843214868947146 0.11773335637634728 0.1166096309524683 0.13460526393319208 0.1085196878007103 0.1853867739593544 0.09129748336338246 0.1615263167198305
0.10448726510218437 0.07495017436525767 0.2258768565200717 0.1330584775167766 0.09966774858144233 0.09385657545509073 0.14835027269407777 0.11975262976509896
0.08295030780399738 0.11892333551373845 0.13386235106384817 0.13749565844081119 0.09832412760897002 0.17019150458415463 0.09325792485550673 0.16499479012897342
0.07793248813158726 0.12312328810461773 0.1098495438523764 0.13650886965850784 0.0970897564424503 0.19909678558230656 0.09258862463794446 0.1638106435902094
0.08896505517854361 0.14290109548231597 0.1202249771261327 0.15778940136603084 0.0839371667780693 0.18390506040545543 0.0802667824340244 0.14201046122942773
0.10574006001753412 0.07679315141025095 0.2278200168847206 0.13317435910962885 0.09395453969787701 0.09418147765909456 0.14847947202222797 0.11985692319866598
0.10579923062899695 0.06912534820821407 0.27334400985454815 0.12763688294063452 0.09250566087074104 0.07441007351200471 0.1423055993382895 0.11487319464657106
0.10392870369686899 0.06726312589799052 0.2916424719491246 0.12507997319790531 0.0905139038031349 0.06954500978755432 0.1394548357893064 0.11257197587811478
0.10273354572035655 0.06661931517483284 0.2989332937353299 0.1240864781129054 0.08942478470539934 0.06817758933860542 0.1383471629109557 0.11167783030161485
0.10215531453469563 0.06637623638667275 0.30183665715016106 0.12370327706785127 0.08893359422926704 0.0677420489274728 0.13791992234281325 0.11133294936106614
0.10190195276527703 0.06628195131882819 0.30299388878144295 0.1235537804783377 0.08872720452365401 0.06758957489998857 0.13775324480196754 0.11119840243050394
0.1017957816512401 0.06624490275026605 0.30345554860820373 0.12349488662029487 0.08864301264050037 0.06753288722591562 0.13768758254531382 0.11114539795826538
0.10175226526758936 0.06623023729373692 0.303639833340863 0.12347154147146255 0.08860910349045448 0.06751107736503632 0.13766155444654107 0.1111243873243163
0.08211876671583304 0.11716002243466687 0.15322075395543877 0.13651349449769085 0.09535074399827387 0.15922826351547723 0.0925917614853903 0.16381619339722897
0.07774898158420292 0.1228505879943858 0.11458549446065133 0.13639189936573787 0.09639003614634081 0.19585343294433893 0.092509288265457 0.16367027923888544
0.08892577466891984 0.14286473400379776 0.12156833781293436 0.15778531196948256 0.08381147248130796 0.18277288611524312 0.08026470217578024 0.14200678077253429
0.07879749089420517 0.12543214640642744 0.10644482303539558 0.13595621995776005 0.09334649940408535 0.20466157238146412 0.0922137839713503 0.16314746394931207
0.10356993792245978 0.07589817395594481 0.2216680441183281 0.13378467002457792 0.0966363464688181 0.09887670134094562 0.1491599231468055 0.12040620302212013
0.13990922603498845 0.09180841901967242 0.22450652978877816 0.10604621596678526 0.12379833792616922 0.10025605998724807 0.11823361690625164 0.09544159437010674
0.13021137303928626 0.0793142805186808 0.19381527571829296 0.08993432410772405 0.15054325288928222 0.11456689164628094 0.13369341315118383 0.10792118892926886
0.11165503328637827 0.068676023592378 0.2560207706646206 0.12620537381487265 0.10516816431510302 0.07798022440115789 0.14070957349210428 0.1135848364333854
0.10578899428156877 0.06745690077558955 0.28415724324197245 0.12547881474268396 0.0937242591270039 0.07056334021532573 0.13989951434744016 0.11293093326841555
0.12115651553725394 0.07823273182170737 0.21660120094521215 0.09105730285173898 0.14113176953252224 0.10718891941137099 0.1353627964781075 0.10926876342208677
0.10868631055392866 0.0682174194894196 0.2661232318673823 0.1255152926893107 0.10238403518206042 0.07616976226182462 0.13994018453569415 0.11296376342037961
0.10469850470344906 0.06719198065945385 0.28834513870023254 0.1250359692242209 0.09278875859160579 0.07000150117671232 0.13940577464252685 0.1125323723017988
0.10300269128808177 0.06666032090866943 0.29753921346581125 0.12416889693446287 0.09001519147370554 0.06842262494191868 0.13843905374633397 0.11175200724101658
0.08238273094158788 0.11724564457612827 0.15169161949134588 0.13655962200348296 0.09572058793312131 0.15990520068257444 0.09262304796757975 0.16387154640417953
0.1352206666203456 0.09742350761119627 0.19851564537593108 0.1081471333776141 0.1257727967546052 0.11701184718601075 0.12057598303444436 0.09733242003985268
0.11294175155429798 0.06998653451247437 0.25837533017683817 0.12630659671183755 0.09945336630286349 0.07843805423276211 0.14082242946827261 0.1136759370406538
0.08441748351172078 0.11778733311416707 0.14186421180786976 0.13675954185550326 0.09805556740695494 0.1642457662969259 0.09275864578025438 0.1641114502266039
0.10370263856246346 0.07437596847062734 0.2372361427412489 0.13203768523716533 0.09651440211935881 0.09008708067484776 0.14721216548083954 0.1188339167134488
0.12177339313119548 0.07972478555713589 0.20112801441622546 0.09221141993808045 0.1435932537651984 0.11383696022418704 0.1370784690422808 0.11065370392569653
0.10946146063771271 0.06873932240202901 0.2596227063244827 0.12630484080085294 0.10354427257989698 0.0778325687756951 0.14082047175856288 0.11367435672076763
0.13998378073683393 0.08973681653083629 0.2377359153407425 0.1043206213234768 0.12419827814637249 0.09382632107592667 0.11630970765468235 0.09388855919112911
0.08877797505217988 0.11817926007443455 0.1354772599622341 0.13425086793774865 0.10272836340142413 0.16842812161933773 0.09105711042734257 0.1611010415252984
0.09145241935163662 0.14221461435471963 0.12756543966224335 0.15768567821129165 0.0851546878627166 0.17379603125105084 0.0802140189161788 0.14191711039016247
0.10606216446681363 0.07650031243094692 0.23095769002074368 0.1327333177346898 0.09397576903142169 0.0923230165514571 0.14798774380270635 0.11945998596122079
0.10572919723916187 0.06899393397575722 0.27458506743472305 0.12742171164256372 0.09240489309002144 0.07411995674096516 0.14206569939850014 0.11467954047830735
0.08305022700187126 0.11779739960485278 0.14601262425393188 0.13691958417460076 0.09646104032360737 0.16258842740884247 0.0928671962227727 0.1643035010095209
0.07784908174734895 0.12279252949946348 0.11270566366283287 0.13624061449987737 0.0965641634950897 0.19795253203474839 0.0924066776607864 0.16348873739985284
0.1030631500513387 0.07551501321173422 0.22440874122460516 0.13343016967415208 0.09717156324393003 0.09755952817617218 0.14876468171133075 0.12008715270673687
0.10521813649055703 0.06909291765392729 0.27189371916930516 0.12773450407265452 0.09335110573349258 0.0753341235993416 0.14241443961533273 0.11496105366538908
0.08293528742810125 0.1177968984427393 0.14530934647853044 0.13690779473228298 0.0966737226729721 0.1632283966612598 0.09285919990537454 0.16428935367873956
0.13556594106027717 0.09759013234051697 0.196022465813795 0.10827796023633328 0.1262204646422896 0.11815102647537029 0.12072184521871782 0.09745016421269993
0.11311578625644894 0.0700505728606336 0.2572905534250777 0.12640060425643915 0.09964198180777152 0.07881271669781882 0.14092724086501496 0.11376054383079523
0.1061439834396542 0.0675492212228667 0.2847402326831924 0.1254787274340651 0.09248131569425644 0.07077624783046102 0.13989941700484573 0.1129308546906586
0.09531224498431827 0.13478334148006557 0.17042420546406142 0.15686189232692424 0.08295517326133917 0.13869247677058066 0.07979496261847886 0.14117570309423183
0.09300423716631381 0.14458738148937944 0.13757306350223014 0.15782320769873992 0.08117770941026614 0.16350953423571515 0.08028397956848944 0.14204088692886593
0.10613692327239856 0.07643469522969074 0.23543780095680222 0.13233415446057087 0.09275612580553959 0.0902568547201164 0.1475427065403678 0.11910073901451378
0.09576293062171319 0.1369123417364658 0.15671147018341897 0.15803781186888227 0.08342807723544404 0.1465201898953024 0.08039314777677924 0.14223403068199403
0.08052741013442617 0.12532569674052121 0.11560071529846226 0.13655473100314694 0.09372882550075827 0.19177721352546995 0.0926197305934388 0.16386567720377632
0.07701348043758742 0.12314436199124039 0.10479336280765036 0.13568265595092005 0.09549646696638828 0.2090222484949203 0.09202823621018924 0.16281918714110402
0.10310407115308357 0.07572808251170986 0.2208218260347051 0.13375378594294876 0.09716833089282109 0.0999200064155066 0.1491254897005712 0.12037840734865388
0.08252865432800209 0.1188006772266931 0.13237524831897537 0.13724474534985792 0.09761950377046012 0.17364973626193053 0.09308774032425146 0.16469369441982948
0.13577631376931815 0.09793985433340568 0.19099632767451064 0.10856811537366641 0.12683542509874807 0.12112731337057545 0.12104534654347582 0.09771130383629975
0.14893680812028212 0.09222862305549849 0.20949976716545074 0.10397891025730169 0.13132232115932999 0.10452382569384253 0.11592872531672294 0.09358101923157151
0.11564982753199075 0.06902295581992705 0.2623168576988712 0.125138205550707 0.10002436301601193 0.07570364486987345 0.13951976051698228 0.1126243849956363
0.10651285576892686 0.06728358229424783 0.28664720569747687 0.12509926846119537 0.09233134000711897 0.07006005758802851 0.13947634856792976 0.11258934161507585
0.12129539342445042 0.07816111087755738 0.21741702910496155 0.09098537354766997 0.14058058938964318 0.1071221866619774 0.13525586873653628 0.10918244825720397
0.12485305541860564 0.07832533697952355 0.1913167911556009 0.09007377617098641 0.1566123873450827 0.11682940351561046 0.13390071800940667 0.10808853140518371
0.09890451804986179 0.13484754268509458 0.14279693875803512 0.15503150352285236 0.09560766639239246 0.15441962562913686 0.07886385179205968 0.1395283531705671
0.12191173982899435 0.08570942521705092 0.16859983677792517 0.09352770486399832 0.14512466440687824 0.13385816807650075 0.13903521499185423 0.11223324583679799
0.1107894996283661 0.07002061563310208 0.2457506047760399 0.12791528301298902 0.10511832534807296 0.08266592224689986 0.14261599464283997 0.1151237547116901
0.1408946509846311 0.09018854360632636 0.23262323770275598 0.10472459347238718 0.12509536178111139 0.09546137187409744 0.11676010645354212 0.09425213412514845
0.11284959212503214 0.0684365130741909 0.27235995742277375 0.12433623461242842 0.09794781655758138 0.07354165228742869 0.13862562276937915 0.11190261115118558
0.10545526395140026 0.06700277039133176 0.29077707417251936 0.12464175067471492 0.09155196914224446 0.06942734568142338 0.13896625037912244 0.11217757560724342
0.13783276086578342 0.08900835354211097 0.24944578528222563 0.10363759549601137 0.11988164424804534 0.0913718397902779 0.11554818482913506 0.09327383594641024
0.1114492001546577 0.06794992826982424 0.27942438336700337 0.12358152702868622 0.09621297538772892 0.0723744313313141 0.13778418013496804 0.11122337432581758
0.0840211663488755 0.11731175999211506 0.1470801558622754 0.1364508857259766 0.09716329343163126 0.1616823793625093 0.092549296405445 0.16374106287117188
0.10338288141459376 0.07417894645554882 0.23946943816652014 0.13173223240416132 0.09611149948712905 0.08969438454127415 0.14687160836702762 0.11855900916374519
0.10468677992054128 0.06856856507189192 0.2780280559221682 0.12691074321150705 0.09256715954310882 0.07352301971058207 0.14149600772984441 0.11421966889035634
0.10343662941783159 0.06706649590211555 0.2934826527470628 0.12477083580460684 0.09036780226975773 0.06947166096874612 0.13911017066573328 0.11229375222414614
0.10251424189563756 0.06653120038349447 0.29963607030254397 0.1239389192845409 0.08933501520995814 0.06831687973855599 0.13818264582918216 0.11154502735608682
0.08225082390155775 0.11716924673117125 0.1521752404867272 0.13648326162016347 0.09553257694205534 0.16003768066653978 0.09257125570758913 0.16377991394419616
0.11712058568450578 0.08439894456082253 0.17219311425812836 0.09368829602382907 0.14524757028337396 0.13565158942382938 0.13927394453691605 0.11242595522859489
0.10944819961972624 0.06986044648464161 0.24738710555649093 0.1277894487071042 0.1050510207345776 0.08297757627866743 0.14247569878239827 0.1150105038363938
0.10562014646194198 0.0678107160253104 0.2807440127977652 0.1260021993543167 0.09406090047462884 0.07187699633629427 0.14048304913085757 0.11340197941888504
0.08295558214262777 0.11750173663774546 0.1474983662342736 0.13671839831049948 0.09677083547817461 0.1617622635004365 0.09273073972364314 0.16406207797259936
0.10311543021561086 0.074201012642685 0.2396987003948803 0.13175210816602392 0.09602746235052709 0.08973462052261284 0.14689376835823859 0.11857689734942152
0.10461410893232743 0.06856673006875907 0.278129623849447 0.12690457712370262 0.09254356834941778 0.07353813926291548 0.14148913300209828 0.11421411941133237
0.10341456089718301 0.0670634798806362 0.29352415595603976 0.12476520739207579 0.09035910395607193 0.06948090985933314 0.13910389540579196 0.1122886866528682
0.10250645930323936 0.06652917690465517 0.2996519776320355 0.12393529942613105 0.08933109292955063 0.06832561436367651 0.13817860995719386 0.11154176948351793
0.08224738402914455 0.11716580679307018 0.15217664582153134 0.13647931107180294 0.09552947814058836 0.16005762465247625 0.09256857620522285 0.1637751732861635
0.07766963538558624 0.12267158221829469 0.11419323222541075 0.13617341249561504 0.09632258249712175 0.19720036301229463 0.09236109717093892 0.16340809499473807
0.1345916692538266 0.09864589936743691 0.18388867489817282 0.10894430442484233 0.12688670909914068 0.12752809971249535 0.1214647692617272 0.09804987398235808
0.11335250793719745 0.07043999398757288 0.25212479001315685 0.1269798860254041 0.10022926368524736 0.08101856412112954 0.14157309680742816 0.1142818974228637
0.12381408067277618 0.07879147980728685 0.2055565835151332 0.09144446495834657 0.14396590863263578 0.11075578551080084 0.13593833895300475 0.10973335795001586
0.14446495332967021 0.09016789660701983 0.2150445141461293 0.10363216143763966 0.13613551222867887 0.10174389069740893 0.11554212625957737 0.0932689452938757
0.0895223731894225 0.11799693451101952 0.12957904962338823 0.13397125146571964 0.10542410213769014 0.17187332979801695 0.09086745751587942 0.16076550175886356
0.13775467990533005 0.09753084877831207 0.18929475552173805 0.10814731824347608 0.12886716466665138 0.12049645731927931 0.12057618914608453 0.09733258641912847
0.1017681621574143 0.137426492376939 0.14202955730815847 0.15498727201695517 0.08975137131639055 0.15570724859156224 0.07884135141732068 0.13948854481525963
0.10794450696805799 0.07555416851289203 0.23680109158043866 0.13160240859134206 0.09434128114103274 0.08858751096995016 0.14672686450407837 0.11844216773220786
0.140726327480969 0.0913007745350431 0.2299238351147244 0.10547108040819742 0.12254790539929963 0.0975137210153986 0.11759238367899026 0.09492397236737768
0.11296193213787153 0.06862559379002216 0.2713242189103494 0.12455220902891667 0.09750201356322875 0.07407062631731676 0.1388664181262698 0.11209698812602502
0.10552922435043423 0.06704806017159438 0.290370469282426 0.1247040536651987 0.09149201927503776 0.06958681139259508 0.13903571356403496 0.11223364829867882
0.10311233463039604 0.06657836826223192 0.29831821294455657 0.12402813354636237 0.08965385956020484 0.06840165779118976 0.13828211307333235 0.11162532019172615
0.12008966639973631 0.07794483747734293 0.22137302472682208 0.0907893413443343 0.13939096190265446 0.10650050483597293 0.13496445369993576 0.10894720961320117
0.1244346158999669 0.07825996399298138 0.19267966844677512 0.09001521007650033 0.15611538240606554 0.11666325150950102 0.13381365557640948 0.10801825209180041
0.11020188232315162 0.06861244080207275 0.25552823873643954 0.12621795416077725 0.10651912830946117 0.07860059728444198 0.14072359963895614 0.11359615874469954
0.14026393974234802 0.08973825738837798 0.23609987030326135 0.10433247745277245 0.12512871538804002 0.0942145836636438 0.11632292635406122 0.0938992297074952
0.11254068937204091 0.06830421613571283 0.2737907298245929 0.12414466263597757 0.09782491769793858 0.07325255364930476 0.1384120343120526 0.11173019637237981
0.1053188986806098 0.06695167982828924 0.2913503202927697 0.12456057359226048 0.09147233959496019 0.06936592778789921 0.13887574399017696 0.11210451623303443
0.08284470671695104 0.11728344989115445 0.1501291461482484 0.13656538267239077 0.09608577322761155 0.1605861269328924 0.09262695520388244 0.16387845920686891
0.1353579625223795 0.09740692409541726 0.19783553376745835 0.10811741658965461 0.1258798920717413 0.11755374498911958 0.12054285103354027 0.09730567493068913
0.12943388712206813 0.0801710146889906 0.18476574058208894 0.09042611858207365 0.15197489764191652 0.12029250041609695 0.13442449866827666 0.10851134229848838
0.08645307561041145 0.11686886233357187 0.12185736539929841 0.13411828257508335 0.10913711791032915 0.17965617411723614 0.09096718296396958 0.16094193909010002
0.11831990722588206 0.08432108781365874 0.16098342315740072 0.09359935001864099 0.1500313826356583 0.14128390880017144 0.13914172032621852 0.11231922002236919
0.11012514270073137 0.0700859690806198 0.24239796355152277 0.12821016497372115 0.10652061449378959 0.08432623070032648 0.14294476602293982 0.11538914847634903
0.10597130518217164 0.06794930361403823 0.2786775738384466 0.12623583602316737 0.09455581155859683 0.07225438078167475 0.14074353658105376 0.11361225242085064
0.09532438635725539 0.13493403426591893 0.1687422140590812 0.15698283214642741 0.08343209330409973 0.13944340675659794 0.07985648417883483 0.14128454893178466
0.08045407970895467 0.12508898817039402 0.11859384247713017 0.13651853516050355 0.09374177967985896 0.1891853522408216 0.09259518036973285 0.16382224219260427
0.1035583215631765 0.07554585383089249 0.22707644417720266 0.1332027472748084 0.09633173940798881 0.0958912984907202 0.1485111227078834 0.11988247254732756
0.0826320750516757 0.11877930155940541 0.13396989596411008 0.13723563388418147 0.09743532614497326 0.17218344636101748 0.09308156037361875 0.16468276066101775
0.10353187645810824 0.0746586774456484 0.23379443775924003 0.13241678987186886 0.09664719228622516 0.09214107643708395 0.14763483885714335 0.11917511088468198
0.10494992489125532 0.06876037740955539 0.27571242761080345 0.12721315894187407 0.09288967370799636 0.07414941568996315 0.14183317870086554 0.11449184304768666
0.10359127910244637 0.06714198771428478 0.29255203395905927 0.12489028687754936 0.0905189678961097 0.06966083656295115 0.13924334969780502 0.11240125818979442
0.08250542789617041 0.11732558468091836 0.15042619696129578 0.13659211511921726 0.09586555658801055 0.16072949383481425 0.09264508677651259 0.16391053814306072
0.11722045765611522 0.08443042078544873 0.17158159679632617 0.09371060368930159 0.1453959669443192 0.13590112332141016 0.139307106379917 0.11245272442716191
0.14353892980264008 0.09160194025150671 0.20246947129700038 0.10472126975551223 0.1377852174217692 0.10887762793434513 0.11675640075726512 0.094249142779961
0.13122449357047486 0.07922697702536781 0.185683669882836 0.08983619197510045 0.15543984768887675 0.11723785634214891 0.13354753314507473 0.10780343037012055
0.08682183266745921 0.11674200761673204 0.1221136486611 0.13408944668467393 0.10998574390532721 0.17839235973523315 0.09094762470786578 0.1609073360216087
0.10476515455775476 0.07458276814154431 0.22799117907901095 0.13247796566265702 0.09974122431416449 0.0935084938499626 0.14770304529851458 0.11923016909639131
0.10543687387279395 0.06887023217921132 0.27323298851030703 0.12742652243783453 0.0937491103679141 0.07452933936167534 0.14207106307621253 0.11468387019405109
0.12135335196711705 0.07857487944849788 0.21302547511036446 0.09133941071008593 0.1415227303985528 0.10879469075619584 0.13578216875708296 0.1096072928521031
0.0850119680246162 0.11693454193107343 0.12914402243370407 0.1344229824063774 0.10684678004591264 0.17515827733416403 0.09117384893649945 0.16130757888765285
0.13628933209468344 0.09748759900011111 0.1892101347201058 0.10821201552001318 0.12937474689736364 0.12138703601844247 0.12064832178126841 0.09739081396801186
0.08783207180593983 0.11899770188870844 0.12296587590080002 0.13421011818214246 0.10374581028269807 0.18016680865846968 0.09102947146267054 0.16105214181857094
0.07764631529378996 0.13157148050712694 0.10562665027190306 0.13381859723586872 0.09690151945273029 0.2030892024303408 0.09076391812519792 0.16058231668304246
0.07533443379012374 0.13358615763862655 0.10095424389872412 0.13328697766040953 0.09488457287655334 0.21160589957340223 0.09040334136966909 0.15994437319249144
0.07474623067230113 0.13374942550271876 0.09963635759150408 0.1330308368360977 0.09423998388389739 0.21473055023872364 0.09022961107144017 0.15963700420331722
0.11457242478104673 0.09370594902054834 0.15246978918889417 0.09317403837997591 0.14444485759824527 0.15131462896568257 0.13850946600963582 0.11180884605597108
0.10912873974441673 0.07573473993326864 0.23804202995109772 0.12790077659918414 0.10523365419698669 0.08624953956176457 0.14259982107401573 0.1151106989392657
0.10555613210455073 0.07214491063523802 0.2763783382451209 0.1258168701545314 0.09411311895551581 0.0724790258623304 0.14027642090363426 0.11323518313907828
0.12079951646440483 0.08273695965254008 0.21353813022301185 0.09069608182480662 0.14093765727020277 0.10763053921480707 0.1348258171604588 0.10883529818976795
0.10831212865156771 0.07265678562112823 0.264161388622732 0.12488098812279474 0.10212611384199156 0.07623672354908002 0.13923298228019054 0.11239288931051526
0.10432101564347676 0.07102796422820747 0.28701852686766893 0.12445203937983977 0.09248898957002975 0.06992989242602556 0.13875473644289596 0.11200683544185579
0.10260670526381611 0.07033596999867882 0.2965139858559344 0.12357093647505238 0.08968523285594002 0.06830095426502494 0.13777237245800614 0.11121384282754715
0.11953501720586132 0.08217338147815308 0.22033426608734272 0.09032374402623977 0.13890542283028487 0.10606736352550401 0.1342723120151266 0.10838849283148773
0.08409511079120034 0.1238800671836111 0.1302789066227612 0.13319180556522356 0.1055556889046831 0.17282946439262267 0.0903387898616299 0.15983016667826827
0.10321298910735244 0.08116877922978843 0.2306166404457477 0.13107597937201257 0.0979500772764195 0.09186721792357935 0.14613993521028865 0.11796838143481134
0.10457579020838458 0.07320957804443476 0.2737428703455247 0.1265932774528219 0.0929175217036176 0.07388495543729166 0.141142057100385 0.11393394970753973
0.10322293669642832 0.07100604741065243 0.2912505481042081 0.12433042855454765 0.09027067472960161 0.06940282935733898 0.13861914944813 0.1118973856990929
0.13652613683004883 0.09383296536590081 0.2490178183449892 0.10303446442612965 0.11898708521038019 0.09099477314303638 0.11487573869599826 0.09273101798351667
0.11072139768882541 0.07286790827498892 0.27858656163164275 0.12277140932394599 0.09563997154712642 0.07203752379119142 0.13688095935072786 0.11049426839155142
0.10435192981740928 0.07063867737132612 0.29281872774757256 0.12368597764287319 0.0905160462420802 0.06877062652518817 0.1379006347749646 0.11131737987858586
0.13678555555865987 0.09368317246651957 0.2495079915390293 0.10292407794942059 0.11895632924704241 0.09075853707258516 0.11475266601226444 0.09263167015447851
0.11076180712051084 0.07283095504898864 0.2787778814361407 0.12273685277407251 0.0956104866082643 0.07197641813889187 0.1368424313764659 0.11046316749666525
0.1220025134582264 0.0825730455834259 0.214018664678761 0.09036932137079584 0.1410775747485403 0.10717562871632137 0.13434006579897412 0.10844318564495502
0.10857294435919027 0.07259913773082662 0.26430973811538444 0.12480744896466495 0.10211535567715799 0.0761176794777044 0.1391509916068727 0.11232670406819846
0.10437579733677523 0.07101265560439983 0.2870692043154718 0.12443591210763272 0.09247687820112596 0.06990047579981214 0.1387367557379129 0.11199232089686946
0.10261750424023092 0.07033193835703133 0.29653248493461587 0.12356675518905053 0.08967993977157675 0.0682935872011988 0.13776771063615034 0.11121007967014547
0.08181122723170725 0.12325991934043067 0.15080032136181243 0.13548628994125017 0.09506477166583797 0.15909887369974365 0.09189504882971752 0.16258354792950022
0.07679192105100914 0.13300933409477972 0.11285715926333623 0.1344398455584358 0.09526107104931233 0.19512756776032586 0.09118528655267819 0.16132781467012294
0.10211202100471499 0.08297900893074255 0.22322140748432145 0.13220302362755468 0.09627870032196703 0.09682661191846195 0.14739650544743782 0.11898272126479922
0.10462921545635469 0.07367828368638697 0.270777245509857 0.12704938149537431 0.09283289982585988 0.07503795161011446 0.1416505790702158 0.11434444334583686
0.0823168511830526 0.12419981542525413 0.14438470810347911 0.13582245948237756 0.09595240205048153 0.16221375290149825 0.09212305947500392 0.16298695137885308
0.1024587250831463 0.08098528970037577 0.23725739883769828 0.1307928220609816 0.09540996402525029 0.0895580244980327 0.1458242359396317 0.11771353985488345
0.10416295638049469 0.0730286608288729 0.2765404486098435 0.12631270095212707 0.09214150707655926 0.07330306005453333 0.1408292352406551 0.11368143085691437
0.10301860400260165 0.07091135514243929 0.2923908785023332 0.12419706901184226 0.0900067417433786 0.06922752597652884 0.13847046351021816 0.11177736211065803
0.08191432655771295 0.12343077789398327 0.1497744545187282 0.1355537293979767 0.09517180684667148 0.15954963913307552 0.09194079037427984 0.16266447527757202
0.10215959673168144 0.08073464472098091 0.23962222112107903 0.13053272442924788 0.09504727305947505 0.08888984146069304 0.1455342464905196 0.11747945198632306
0.08181402302766665 0.1257511174587624 0.13644995823166936 0.1359898002623272 0.09647897089013763 0.16809180963671772 0.09223656017792628 0.16318776031479262
0.11643303168960516 0.09237077868760318 0.16577897501774397 0.0930222949516006 0.14493439668768687 0.13754987981220634 0.13828388921163315 0.1116267539419207
0.12386515505165176 0.08538634634628488 0.17303147509411348 0.09031922770619383 0.15872972896880444 0.12601939538347548 0.13426559820204337 0.10838307324743258
0.11043805105896153 0.07387906195734853 0.24639039531258441 0.12641020154463403 0.10753590128943241 0.08063926632173181 0.14093794112513675 0.11376918139017063
