Action: 0
[0.11900889368179766, 0.0980291442569348, 0.2817220508287159, 0.0980291442569348, 0.1091233342048124, 0.0980291442569348, 0.0980291442569348, 0.0980291442569348]
[0.10330621320049065, 0.10330621320049065, 0.2768565075965655, 0.10330621320049065, 0.10330621320049065, 0.10330621320049065, 0.10330621320049065, 0.10330621320049065]
[0.10237073044597188, 0.10110478967248196, 0.28746601310996395, 0.10110478936319107, 0.1046393093188179, 0.10110478936319107, 0.10110478936319107, 0.10110478936319107]
[0.125, 0.125, 0.125, 0.125, 0.125, 0.125, 0.125, 0.125]
[0.24627140130547612, 0.0984336891728029, 0.16313026386016685, 0.09843292781595624, 0.09843293439772922, 0.09843292781595624, 0.09843292781595624, 0.09843292781595624]
[0.11276433787818975, 0.0973192982872163, 0.28119828700518396, 0.0973192982872163, 0.11683680472821541, 0.09992337723954568, 0.0973192982872163, 0.0973192982872163]
[0.125, 0.125, 0.125, 0.125, 0.125, 0.125, 0.125, 0.125]
[0.125, 0.125, 0.125, 0.125, 0.125, 0.125, 0.125, 0.125]

Action: 1
[0.09863650614721606, 0.09863650614721606, 0.09863650614721606, 0.09863650614721606, 0.1604934395499195, 0.24768752356678414, 0.09863650614721606, 0.09863650614721606]
[0.1111111111111111, 0.1111111111111111, 0.1111111111111111, 0.1111111111111111, 0.2222222222222222, 0.1111111111111111, 0.1111111111111111, 0.1111111111111111]
[0.10155414317921364, 0.10160149406440268, 0.10155414317921364, 0.10155414317921364, 0.10303136811747894, 0.28759642192205015, 0.10155414317921364, 0.10155414317921364]
[0.125, 0.125, 0.125, 0.125, 0.125, 0.125, 0.125, 0.125]
[0.09849659687408933, 0.09849659687408933, 0.09849659687408933, 0.09849659687408933, 0.17498020333571182, 0.23404021541975215, 0.09849659687408933, 0.09849659687408933]
[0.10191524905886498, 0.10191524905886498, 0.10191524905886498, 0.10191524905886498, 0.10191524905886498, 0.286593256587945, 0.10191524905886498, 0.10191524905886498]
[0.125, 0.125, 0.125, 0.125, 0.125, 0.125, 0.125, 0.125]
[0.125, 0.125, 0.125, 0.125, 0.125, 0.125, 0.125, 0.125]

