Action: 0
[0.10031313348423333, 0.09881416462429635, 0.284294028879474, 0.09881416462357134, 0.11559977684554393, 0.1045364022957383, 0.09881416462357134, 0.09881416462357134]
[0.11885268857632479, 0.09745796299466378, 0.27940575922574107, 0.09745796299466378, 0.11445173722461527, 0.09745796299466378, 0.09745796299466378, 0.09745796299466378]
[0.10133997106859237, 0.09928666770831739, 0.18421996419873016, 0.09928666770778766, 0.218006726193209, 0.09928666770778814, 0.09928666770778766, 0.09928666770778766]
[0.125, 0.125, 0.125, 0.125, 0.125, 0.125, 0.125, 0.125]
[0.28740492411217394, 0.10127958066572089, 0.105432884974107, 0.10117573226106195, 0.10117905133720885, 0.10117636212760352, 0.10117573226106195, 0.10117573226106195]
[0.1243199015049336, 0.09918467971766702, 0.2805585057863855, 0.09918467971669313, 0.09919819404805899, 0.09918467979287551, 0.09918467971669313, 0.09918467971669313]
[0.125, 0.125, 0.125, 0.125, 0.125, 0.125, 0.125, 0.125]
[0.125, 0.125, 0.125, 0.125, 0.125, 0.125, 0.125, 0.125]

Action: 1
[0.11531687045917376, 0.0996623882978946, 0.0996623882978946, 0.0996623882978946, 0.10153790005976795, 0.2848332879915852, 0.0996623882978946, 0.0996623882978946]
[0.1111111111111111, 0.1111111111111111, 0.1111111111111111, 0.1111111111111111, 0.1111111111111111, 0.2222222222222222, 0.1111111111111111, 0.1111111111111111]
[0.09759013186545804, 0.11783032933208398, 0.09759012847673514, 0.09759012847673514, 0.11383377588699431, 0.28038524900852313, 0.09759012847673514, 0.09759012847673514]
[0.125, 0.125, 0.125, 0.125, 0.125, 0.125, 0.125, 0.125]
[0.10176810111821649, 0.20353620223643298, 0.10176810111821649, 0.10176810111821649, 0.10176810111821649, 0.18585519105426807, 0.10176810111821649, 0.10176810111821649]
[0.10072034288862114, 0.10072034288862114, 0.10072034288862114, 0.10072034288862114, 0.10883228738394493, 0.2868456552843281, 0.10072034288862114, 0.10072034288862114]
[0.125, 0.125, 0.125, 0.125, 0.125, 0.125, 0.125, 0.125]
[0.125, 0.125, 0.125, 0.125, 0.125, 0.125, 0.125, 0.125]

