0.125 0.125 0.125 0.125 0.125 0.125 0.125 0.125
0.09707602339181286 0.0783625730994152 0.19415204678362571 0.1567251461988304 0.08736842105263157 0.07052631578947367 0.17473684210526313 0.14105263157894735
0.13585418317672365 0.10698516925166987 0.16302501981206838 0.12838220310200385 0.11843698020534883 0.0932691219117122 0.14212437624641858 0.11192294629405464
0.0947164689857622 0.15786078164293704 0.09782563291061483 0.14207470347864334 0.11839558623220277 0.1973259770536713 0.1065560276089825 0.085244822087186
0.11042801900770681 0.08914069004236574 0.15016991396177448 0.11142586255295717 0.1325136228092482 0.10696882805083889 0.1656420285115602 0.13371103506354862
0.09357793910447361 0.07553881831324978 0.21294838648520864 0.15107763662649956 0.09446211963674131 0.0679849364819248 0.16844029038805247 0.1359698729638496
0.10936142306523744 0.0861221206638745 0.15687499001982333 0.1033465447966494 0.1367017788315468 0.11436782702920058 0.1640421345978562 0.12918318099581175
0.10616800049636696 0.08570187991875405 0.1667306889412165 0.10712734989844257 0.14362500422003363 0.10284225590250486 0.15925200074455043 0.12855281987813108
0.10450992801841312 0.07492292439911682 0.21970960467130204 0.14984584879823365 0.08294275716955544 0.07154858006221813 0.1658855143391109 0.13063484254204985
0.10453892250308092 0.08438684105670387 0.17824923690721506 0.10548355132087983 0.14268859360439856 0.10126420926804465 0.15680838375462136 0.1265802615850558
0.07931286251429644 0.12032368825134675 0.11218484560652242 0.14438842590161607 0.09024276618851004 0.1647705597344762 0.10829131942621206 0.18048553237702009
0.09613947996975891 0.16602640658729434 0.09548872524938046 0.13412455180978622 0.11177045984148853 0.21538223159908002 0.10059341385733968 0.08047473108587173
0.07050987813637832 0.12474824593359243 0.10189921417904685 0.15593530741699052 0.1043222731087249 0.14969789512031093 0.10576481720456751 0.1871223689003886
0.09781527084282597 0.07405494415851979 0.2142850563123513 0.14810988831703958 0.10065501864450085 0.06664944974266782 0.16513147249675908 0.13329889948533563
0.077695494744616 0.12679291302858517 0.11598398943041371 0.14205481052907803 0.08878425658067378 0.16457891462847724 0.10654110789680854 0.17756851316134756
0.09290072851814252 0.16171719118363218 0.09313132729726663 0.12954863512785933 0.11729175600588305 0.23051970444460615 0.0971614763458945 0.0777291810767156
0.08988153440003188 0.15929018356881025 0.08614020546169064 0.12329502136018967 0.11487398477743119 0.2600707915955904 0.09247126602014226 0.07397701281611381
0.1136129041126174 0.08452779414048595 0.15472991739826727 0.10565974267560743 0.15617429345653835 0.10143335296858315 0.15707030403717168 0.12679169121072895
0.07559076802956134 0.12031812895033767 0.11387890989057912 0.15039766118792208 0.11294673531779327 0.14438175474040518 0.10200884845789497 0.18047719342550647
0.11029617591440834 0.09041651024153176 0.14740951417362833 0.0970135653348884 0.14258743054634776 0.13702006087473037 0.1539897862458546 0.12126695666861051
0.11112462049094539 0.08593443123374603 0.15126671987544618 0.09451864728695375 0.15650488804535845 0.13247278509067748 0.15002959886818054 0.11814830910869219
0.08069484977730623 0.1196577256236417 0.11286986819819689 0.14957215702955212 0.11268059889786133 0.14358927074837002 0.10144894128960927 0.17948658843546253
0.10089231841774204 0.07153926564874163 0.22099325373121909 0.14307853129748327 0.10177737455380213 0.0734266932889186 0.1595218848943582 0.12877067816773494
0.13252130478044705 0.10158690908800186 0.20031914163089498 0.11379245489357358 0.12878273384865188 0.09782085189495711 0.12597292523830692 0.0992036786251667
0.08143456287931018 0.1164669998254327 0.12438932366083766 0.1455837497817909 0.10497972510892077 0.1537013782839962 0.09874376072156252 0.17470049973814905
0.1314991895567266 0.09290001798131169 0.1886062052887025 0.11612502247663961 0.13076890652405643 0.10611740392858786 0.12947073401499967 0.10451252022897563
0.07588302361827702 0.12205770673497529 0.11495483955827918 0.13372097612118963 0.10865316499652247 0.1772883367283771 0.10029073209089225 0.16715122015148703
0.07132053579644607 0.12406986986225349 0.10027959295020389 0.13238176061350326 0.10326728509912857 0.20391743445145818 0.09928632046012745 0.16547720076687905
0.0760351086789755 0.11596753672436927 0.1025839848708074 0.14495942090546163 0.0990712656274716 0.18911107523135195 0.09832030287500874 0.1739513050865539
0.12876146548704978 0.10523216663926198 0.1769392347907892 0.11292262647623721 0.12771109047848858 0.12497806003233881 0.12500998942424307 0.09844536667159141
0.08117968694387513 0.12148866571964947 0.1114063154160229 0.13133107932436974 0.10659811429979475 0.1853339796475486 0.0984983094932773 0.16416384915546214
0.09073375284613255 0.13549093107544244 0.08573114461833693 0.11812029888628317 0.1168795914206665 0.23118354585368495 0.08011637663591378 0.1417443586635398
0.10375194155708053 0.06918792184218725 0.2096144552775765 0.1383758436843745 0.10057105662931354 0.09968178254095195 0.15427873915257873 0.12453825931593704
0.07988440712474355 0.1139197848430359 0.1267623873159871 0.1423997310537949 0.09745873249073843 0.17211111449674624 0.09658416541040002 0.17087967726455386
0.10048404725853168 0.0772648100261743 0.22687549514461394 0.1383103515892597 0.09373084404516056 0.08964095196597884 0.15311524473861876 0.1205782552316623
0.06823797082057217 0.10386589378498495 0.08250408585424639 0.08655140826473365 0.14045754942948394 0.24141858539883126 0.10386168991768036 0.1731028165294673
0.07387565113533277 0.11089270890519468 0.09621199247344393 0.13861588613149334 0.10287138762090169 0.2171755789127418 0.09401773146309984 0.166339063357792
0.11029822497187632 0.08537019683793662 0.1458776080484337 0.09184597954235708 0.1505677169618822 0.15544553009471532 0.1457872691148525 0.11480747442794635
0.06613249634132676 0.09974045679711228 0.06851763414544997 0.08231883155474372 0.1536279215075485 0.26624239867863875 0.09878259786569246 0.16463766310948744
0.08623611532842347 0.12883307409466768 0.0756020762951996 0.11231601331330002 0.122814546635137 0.2632394015013348 0.0761795568559774 0.13477921597596004
0.11758999945286198 0.0764866288270236 0.1434672341432457 0.0956082860337795 0.15067593677340144 0.1593138328878923 0.14212813864126028 0.11472994324053538
0.11040974459581855 0.06649905565003202 0.23140213497061793 0.13299811130006403 0.1039782387342897 0.0867314457117355 0.1482829688673848 0.11969830017005763
0.07949552043435562 0.11783108610620266 0.1274267954322119 0.1321985699874133 0.10639396024326639 0.17225692782172353 0.09914892749056 0.16524821248426663
0.09063307869646031 0.16040408292879693 0.09506200291983315 0.11850159566752483 0.12808307867978852 0.2473390069564378 0.08887619675064362 0.07110095740051489
0.09148247369448545 0.12829074491892214 0.08056211697967401 0.11184321351906033 0.11670856595922996 0.2610421534493497 0.07585887525640614 0.1342118562228724
0.13310726497767156 0.11107160235408536 0.16582175118347905 0.10714712912181928 0.13191232335488456 0.13891333487281998 0.11861627643929525 0.09341031769594502
0.10276887101895034 0.13115944854566752 0.09572893083482098 0.11434413462955632 0.12039244160221466 0.2208380596297974 0.07755515218352514 0.13721296155546756
0.1062285903792616 0.08367678143589817 0.21430296497532056 0.1339079243864639 0.09973444376141173 0.09716747643446146 0.14824157685436784 0.1167402417728147
0.10079527946347884 0.1550420093310585 0.11608299065488546 0.12068184820878303 0.12879790843330274 0.2156794688266344 0.09051138615658727 0.07240910892526982
0.09371090236124359 0.16261319409571842 0.09041498352637155 0.11259052651900149 0.1290541402030349 0.25961904249397794 0.08444289488925112 0.06755431591140089
0.06542534168231885 0.0909584452789509 0.056607778452708965 0.07929710614062387 0.13844989049899334 0.3210270187235815 0.08964020694157482 0.15859421228124773
0.10048932347947709 0.06810591263217965 0.1966337539300071 0.1362118252643593 0.10426931233734045 0.1198332095105395 0.15186602010817368 0.12259064273792335
0.10527208914324257 0.066014751985235 0.2566555537214917 0.13202950397047 0.09385119877355458 0.08014730485356665 0.14720304397901657 0.118826553573423
0.12158465991872637 0.07533577988205654 0.2043880668591172 0.09416972485257068 0.13989531808894878 0.11163315974988298 0.13998962082561253 0.11300366982308481
0.10865940599631466 0.06471200595353452 0.25792288636237226 0.12942401190706904 0.10089874251144915 0.07760322178486743 0.1442981147680307 0.11648161071636215
0.08317203669651672 0.111971843088256 0.1393871741266928 0.13996480386032 0.09753403913507455 0.16507968888593016 0.09493264957482575 0.167957764632384
0.1018690761613528 0.0809659230609446 0.23673210481388854 0.13398087932007463 0.09447429109608593 0.08685154107300849 0.14832234096483635 0.11680384350980866
0.08217012493371643 0.11253019744897426 0.13460696153354532 0.14066274681121785 0.09645693662556616 0.16937169950590988 0.09540603696760862 0.1687952961734614
0.10168892844085023 0.08105384056058094 0.2362093515264897 0.13399699302829343 0.09427343311507676 0.087619382468488 0.14834017950222145 0.11681789135799941
0.09813680475934747 0.1344499332147325 0.11206515994749916 0.11721276228976679 0.11519463096078215 0.2027845640053535 0.07950083007479834 0.14065531474772017
0.1070897868269048 0.06741495670741698 0.2220398283167264 0.13482991341483397 0.10006888141213566 0.09688441972492881 0.15032529152370291 0.12134692207335057
0.0828693439921613 0.11210413138610471 0.1309285566119746 0.1401301642326309 0.09790860416289815 0.17285819549033257 0.09504480704474096 0.16815619707915705
0.09230789330229461 0.15540060306390546 0.12794760032934951 0.15421352188214896 0.08573712385416883 0.1692851655068787 0.08066553452297022 0.13444255753828369
0.07927856317721878 0.13683723337151063 0.10498827797412547 0.12701126238649765 0.09871333598297077 0.19914880233468132 0.09525844678987326 0.15876407798312206
0.07672869155049908 0.1325736601592955 0.09940115953169716 0.12649033755993405 0.10179308100223473 0.2100323950764713 0.09486775316995054 0.15811292194991755
0.09287943453556553 0.16036702918352913 0.08962041527458503 0.11546397573311001 0.12479287884606884 0.2609998991874429 0.08659798179983252 0.06927838543986602
0.06504101224374848 0.09052284623181976 0.056547986996999096 0.0789173531251762 0.13961758141069408 0.32230759281709764 0.08921092092411223 0.1578347062503524
0.11048055164298116 0.07487890783401285 0.13565384605313419 0.09359863479251607 0.15695829867345665 0.17697074215833355 0.13914065709454626 0.11231836175101928
0.1084711356850563 0.06592827219908867 0.22983980875030688 0.13185654439817734 0.10734445163125884 0.09087869041441125 0.147010206963341 0.1186708899583596
0.10578185808463082 0.06483078540222463 0.2697565197787088 0.12966157080444926 0.094683504954661 0.07402737204098733 0.14456297521033373 0.11669541372400433
0.1038366437332619 0.06397528592615248 0.2853218591744693 0.12795057185230496 0.09088538859737684 0.07021939698417827 0.1426553390651818 0.11515551466707447
0.08243456988192692 0.11174323669000959 0.145922338924876 0.13967904586251198 0.09578474011796786 0.16208238238094616 0.09473883110674726 0.16761485503501436
0.07805546478410433 0.12890062965742805 0.10962178655514333 0.12788023006505156 0.10241648517429254 0.19736494363387716 0.09591017254878867 0.15985028758131442
0.07653094308534869 0.1310180588079571 0.10045804072926967 0.12648897808962353 0.10310665071853033 0.2094193723900235 0.09486673356721767 0.15811122261202942
0.07604165623085196 0.13104767600254197 0.09811592473950095 0.1260783060669875 0.10296661178164898 0.2135932130444937 0.09455872955024062 0.15759788258373436
0.07587694093341736 0.13091499171178997 0.09749044114852792 0.12593009923638498 0.102897573097603 0.21502975539950675 0.09444757442728874 0.1574126240454812
0.09165286992167165 0.1668718559476831 0.08826760468250235 0.11395718301706605 0.12438849771276965 0.26101979164526795 0.08546788726279954 0.06837430981023963
0.0775817437576255 0.10786471244058045 0.09632016437600514 0.13483089055072559 0.09972193925670716 0.23043296388829776 0.09145051706918779 0.16179706866087068
0.10352498952379419 0.06818160644299863 0.21651822739674548 0.13636321288599726 0.09793549147630683 0.10271477466804388 0.15203480600871633 0.12272689159739751
0.10490807315031667 0.07518889130456449 0.26905766093811273 0.12918928373872576 0.09239892430602756 0.07361276382001222 0.14301784768796663 0.11262655505427373
0.09921352991518338 0.1340734582123378 0.1187509596942672 0.11688455331332012 0.11555425334043522 0.19598356277943776 0.07927821876903451 0.14026146397598416
0.1406740997591433 0.0879408471495782 0.18391864579994815 0.10992605893697276 0.13111029099952107 0.12493725203407054 0.12255935227749053 0.09893345304327548
0.11419155173035797 0.06481527737209214 0.24945953626179568 0.12963055474418428 0.10044492372045777 0.08026226228357666 0.14452839461776962 0.11666749926976583
0.10654726112227886 0.06427430056893459 0.27719764521680107 0.12854860113786917 0.09278557820253432 0.07163077563796508 0.14332209708953472 0.11569374102408225
0.09557243770921812 0.12849115504890668 0.16560881655835855 0.16061394381113334 0.0831874851809669 0.14026999736616774 0.0817036148952287 0.14455254943002
0.10457537426925514 0.08574321730111549 0.248410014994855 0.13082452760242097 0.09048322176708408 0.081083361931378 0.14482812986511395 0.11405215226877727
0.1020921936284779 0.1600663735693389 0.124988135843974 0.11927556391962614 0.1264230072208184 0.2061327145262693 0.08945667293971961 0.07156533835177568
0.08035785753763786 0.10898979530780306 0.10574226654098576 0.1362372441347538 0.10150590984271347 0.21127784200039448 0.09240439167400695 0.16348469296170456
0.10403295562870565 0.06803452657781696 0.22061206802770636 0.13606905315563392 0.09807651865742244 0.0990058902510642 0.15170683986157987 0.12246214784007052
0.14023431736831493 0.08668129560558084 0.22142558704093254 0.10835161950697605 0.12423075037760403 0.10075600273578904 0.12080396980852404 0.09751645755627844
0.11279182123041638 0.06399479447369584 0.2644579726368024 0.12798958894739168 0.09777709445606957 0.0750992579884917 0.14269884021447996 0.11519063005265251
0.10572055814530963 0.06390422448535636 0.28293612607991486 0.12780844897071272 0.09173952768241289 0.07036662790426042 0.14249688265839164 0.11502760407364146
0.09537692225711297 0.1283710887344014 0.16708360707733025 0.16046386091800172 0.08292763322134333 0.13973214458558167 0.08162726838002697 0.14441747482620154
0.10445288254354101 0.08566075840475837 0.2492084815619069 0.13071734830176973 0.09035869942619981 0.08093363788424826 0.14470947797346911 0.11395871390410695
0.08240337064300252 0.1292074581959888 0.13481999486111473 0.1283896156868747 0.10203811479351911 0.16636221444575078 0.09629221176515604 0.16048701960859338
0.07715611591930938 0.137985356885254 0.10635243773570284 0.12611327234471326 0.1029778692216403 0.19718840320395353 0.09458495425853496 0.1576415904308916
0.11327550588552197 0.09843144833343168 0.14837624630748003 0.08848033766754543 0.15336804320487138 0.14702301609204235 0.1404449804246753 0.11060042208443178
0.07143593703282941 0.09442981410440407 0.0671632634757944 0.08232342768076252 0.15510516190147383 0.27183427436930524 0.09306126607390545 0.16464685536152504
0.1129113421405532 0.07509713508823465 0.13965995643744508 0.09387141886029332 0.1628502908151484 0.16341798509335817 0.13954616893261515 0.11264570263235196
0.1091153712702945 0.065753152195214 0.23135688071862429 0.131506304390428 0.10902319953945673 0.0882697024425828 0.14661971549201452 0.11835567395138522
0.083596355565861 0.1117753347960207 0.13310615717625865 0.13971916849502586 0.10016478842018148 0.16920914863425587 0.09476604471836539 0.16766300219403105
0.137930995504601 0.11249183550248541 0.1888313880339896 0.10634375286371672 0.12753374179546959 0.11643144200857347 0.11772690589715484 0.09270993839400944
0.08819406972288536 0.11037845462616465 0.12216014154659732 0.13797306828270584 0.10342946189660822 0.17871538871578235 0.09358173327000917 0.16556768193924698
0.11626951071346384 0.09362889955907155 0.1539384300917226 0.08871255807128223 0.15375818091728227 0.14198813881794434 0.14081358424013052 0.11089069758910279
0.07199555418057423 0.09448765644009158 0.06802240478195065 0.08237385433238754 0.15592913839650344 0.26932541308884467 0.09311827011487286 0.1647477086647751
0.1018874627781672 0.06766539231650026 0.20179170634703086 0.13533078463300052 0.1106396570230432 0.11000356517904801 0.1508837255535095 0.12179770616970048
0.10554190542173085 0.06551775678445171 0.2589206252713583 0.13103551356890342 0.09686457593600183 0.0780928419458828 0.146094818859658 0.11793196221201309
0.10439308670727886 0.06418683747244038 0.2811316558921076 0.12837367494488075 0.09210617268481217 0.07114519740954135 0.14312706743854617 0.11553630745039267
0.10331307326786088 0.06363563275441096 0.2895593576537134 0.12727126550882192 0.09038215522372578 0.0693964134468258 0.14189796318670145 0.11454413895793973
0.08247774137968891 0.11158047289112065 0.14685812518007377 0.13947559111390082 0.09605123589077613 0.1615852884957216 0.09460083571203708 0.16737070933668097
0.10244696592132935 0.0837285580502743 0.24128950860683943 0.13195952049732057 0.09406693126382983 0.0853822687503649 0.1460846136559674 0.11504163325407435
0.08203914567895956 0.12868980960626591 0.13298961270553214 0.12839474314611787 0.1029688356221942 0.16812836694869437 0.09629605735958842 0.16049342893264737
0.06569498547017515 0.1174722938687529 0.0677252733834631 0.08059716995099184 0.14078537037046643 0.26981396311297673 0.09671660394119021 0.16119433990198367
0.08550226282516893 0.12657969530881777 0.07492032957178144 0.11035152924358474 0.12174669427421632 0.2736305295015238 0.07484712418260529 0.13242183509230168
0.10525836001749882 0.06770226711198563 0.20523408819097963 0.13540453422397125 0.10289676268123826 0.11067395612901117 0.15096595084374104 0.1218640808015741
0.08276485370263581 0.11175562293937287 0.1267395217338096 0.13969452867421608 0.09879381064656814 0.17786889540226122 0.09474933249207701 0.16763343440905928
0.11505206435488023 0.09400155190518995 0.15569337206249434 0.08886503401596327 0.15233886723486098 0.14191220835750923 0.14105560954914803 0.11108129251995408
0.12411307863358945 0.07452583105377422 0.16919485919600788 0.09315728881721777 0.16131084342474483 0.12742478563437915 0.13848456665962522 0.11178874658066132
0.11069572515631078 0.06504170334179993 0.24329895039150765 0.13008340668359986 0.10776070624498461 0.08101115143125995 0.14503329073529717 0.11707506601523988
0.10596973899645437 0.06438664837580577 0.2747623885668434 0.12877329675161153 0.09475364247964842 0.07188570182265808 0.14357261593052806 0.11589596707645036
0.10387965476523539 0.06376411737610838 0.2870849660959891 0.12752823475221675 0.09112633264487073 0.06965681837230689 0.14218446471627746 0.11477541127699509
0.10296907327427113 0.06348085449783772 0.29179279568919614 0.12696170899567544 0.08998925409639857 0.0689879445747376 0.14155283077577546 0.1142655380961079
0.10259098297881085 0.0633679863278443 0.2935771847107202 0.1267359726556886 0.08960399855648717 0.0687603477776434 0.14130115160268564 0.11406237539011972
0.13723273370427852 0.08483263772766116 0.24637073028712606 0.10604079715957643 0.11985442649259019 0.09200438184454632 0.11822757534060238 0.0954367174436188
0.11112632167229913 0.06337182561468882 0.27415534455940493 0.12674365122937764 0.09629878383917909 0.07292507433928944 0.14130971263932104 0.11406928610643989
0.08390486881321553 0.11150191073697545 0.14318467409376295 0.1393773884212193 0.09734477242310365 0.16289929073795476 0.09453422866830527 0.16725286610546317
0.10287264369046832 0.08379994799937578 0.23971080083992438 0.13208940876529762 0.09444811097357808 0.08569581324341254 0.14622840530794037 0.11515486918000306
0.08211595981473684 0.12871343864366352 0.13263277714186963 0.12840302997074143 0.10306784642267418 0.16826088806483155 0.09630227247805609 0.1605037874634268
0.0942757032570857 0.16855746755753404 0.09710257481562344 0.11564131983801801 0.12628570254559573 0.2420214502048188 0.08673098987851352 0.06938479190281081
0.09203155032696658 0.12704411277007321 0.08076400158866011 0.11075640600467922 0.11868227500453474 0.2626922308528191 0.07512173624665199 0.13290768720561505
0.11904970494620655 0.0754099485230965 0.14489369156702897 0.09426243565387062 0.15177209863803662 0.16136975622852628 0.14012744165858976 0.11311492278464474
0.11046019677784667 0.06565992570144806 0.23356866978843938 0.13131985140289612 0.10661999038104007 0.08777166536040464 0.14641183432531849 0.1181878662626065
0.08384282495026013 0.11174872690142361 0.13361810867707122 0.13968590862677954 0.09975015109605148 0.16898770354507162 0.09474348585120698 0.16762309035213543
0.10318701662759762 0.0841061704069646 0.2356544634081602 0.13251937465710523 0.09527956397789746 0.08701930445795034 0.14670439522479697 0.11552971123952763
0.11898914744095318 0.08812406170867088 0.19068685085682277 0.08786489271618397 0.14954404943220873 0.11549179827344784 0.1394680836764825 0.10983111589522997
0.0732446049550517 0.09545928370811142 0.07398901416457751 0.08322091400194329 0.1563990198926783 0.25716951944546756 0.09407581582828373 0.16644182800388657
0.07434231785648274 0.10790575054628454 0.09309873316430002 0.1348821881828557 0.10740344150858502 0.22902363267630207 0.09148531024576298 0.1618586258194268
0.07578474015800594 0.11012111465262651 0.09900333539341033 0.13765139331578316 0.09817031686992292 0.22072387390408454 0.09336355372722684 0.16518167197893976
0.1024829622989796 0.08478708727622875 0.22066358450714152 0.13393267069049306 0.09600234386331612 0.0971005638599024 0.14826897203017547 0.1167618154737632
0.11904859018662091 0.08842735993323342 0.18597306343818978 0.08807075118967383 0.1500945069361367 0.11850244617084052 0.13979484315821242 0.1100884389870923
0.10022682504440479 0.1306219697099136 0.10031669779313077 0.11387556333684777 0.12853570596152528 0.21253522353888107 0.07723733861107934 0.13665067600421732
0.10815874542861369 0.06729330753769105 0.21636551621899597 0.1345866150753821 0.1036479678998346 0.09876586223983205 0.15005403203180662 0.12112795356784391
0.12314498670949162 0.07535118633686366 0.19120247302333013 0.09418898292107956 0.14628505820691148 0.11678228405912472 0.14001824923790337 0.1130267795052955
0.08527143314965734 0.11009063765786835 0.12251349240068839 0.13761329707233547 0.10752479093946604 0.1785126777571631 0.09333771453601883 0.16513595648680252
0.11544073112395352 0.09350852241173473 0.15397430443704643 0.08863650591258326 0.1551123018345077 0.1418391353615354 0.14069286652790994 0.11079563239072907
0.08364220692155608 0.10996176763727879 0.1135218626354212 0.13745220954659848 0.10923521206884138 0.1880156345636496 0.09322845517073637 0.16494265145591816
0.10367664749904155 0.08426119150204488 0.2267382636272533 0.13314421737438056 0.09788619969947042 0.09082291258342648 0.14739612179825606 0.11607444591612666
0.10168910379107189 0.15927975896040275 0.120165185626401 0.11908596490904615 0.12844752749094318 0.21056640659492293 0.0893144736817846 0.07145157894542768
0.08020494517520665 0.10882414706226229 0.10450421876162848 0.1360301838278279 0.10215143527309349 0.2127848985364088 0.09226395077017892 0.16323622059339343
0.11730794832621878 0.07671468026894265 0.15507258417266248 0.09589335033617832 0.14808556436340173 0.14930194625629603 0.142551905872886 0.115072020403414
0.10982919117039061 0.06558449649718441 0.2380669202750581 0.13116899299436882 0.10559781954549538 0.08545684736467 0.14624363845790075 0.11805209369493193
0.10601186242694205 0.06455570641930479 0.2728406683893193 0.12911141283860958 0.09450937969371082 0.07282110854237765 0.1439495901349871 0.11620027155474862
0.12152802922462426 0.07459354600591861 0.20920088553149332 0.09324193250739826 0.14204423487637355 0.10889065765521155 0.13861039519010246 0.1118903190088779
0.10884114159162811 0.06431467821256368 0.25977390513524007 0.12862935642512735 0.10239087934298302 0.07687148530152935 0.14341213320831364 0.1157664207826146
0.10497023162781637 0.06401113523631392 0.2811516418793661 0.12802227047262785 0.09310545847253322 0.07078394120977913 0.14273527767619848 0.11522004342536504
0.10342440747394294 0.06360986064369956 0.28951626291398247 0.1272197212873991 0.09057843861157236 0.06931306468434578 0.1418404952263987 0.11449774915865919
0.10278114172882769 0.063420957346887 0.29271182112690314 0.126841914693774 0.08979751718113761 0.06886965562904518 0.14141926906902863 0.11415772322439663
0.10251934013726444 0.06334489346422366 0.29392319693629193 0.12668978692844732 0.08953480517946141 0.06871751115520108 0.14124965796350766 0.1140208082356026
0.10241547805813005 0.06331559533751098 0.29438127907278216 0.12663119067502196 0.0894418530879942 0.06866220464724775 0.14118432751379315 0.11396807160751976
0.13715868366210918 0.08481323621562016 0.2466464042634024 0.1060165452695252 0.11978590563728193 0.09196379791645058 0.1182005362930378 0.09541489074257267
0.08800180198526243 0.11000371919660012 0.13577374428188868 0.13750464899575016 0.10167772746221555 0.16876875648626552 0.09326402279711749 0.16500557879490016
0.10391703645824511 0.08365798430162061 0.23631570197443347 0.13218661838714588 0.09551581020692664 0.08683121228648254 0.1463360203553263 0.11523961602981948
0.07158705332891675 0.11193052383419977 0.08601764930593546 0.0837710663039446 0.1438098258467579 0.23481646920762292 0.1005252795647335 0.1675421326078892
0.11368646162614578 0.07571678330074194 0.1471204319972458 0.09464597912592743 0.1605030190471197 0.15405454516152195 0.14069760479018467 0.11357517495111293
0.10909901940787657 0.06564039392568 0.23454207513719383 0.13128078785136 0.10848749292345494 0.08642924030766463 0.14636828138054614 0.11815270906622398
0.10595090590218117 0.0646258094361237 0.27144754123035353 0.1292516188722474 0.09522599929916623 0.07306575887554903 0.1441059093993564 0.11632645698502264
0.10400885981267825 0.06385133951207027 0.2858398485827823 0.12770267902414054 0.09133935363530474 0.06994655125005411 0.14237895706124323 0.11493241112172647
0.10305142346784746 0.06351210788829653 0.2913238688990481 0.12702421577659306 0.09007500368931917 0.06906906490814849 0.14162252117181345 0.11432179419893375
0.10263300484931794 0.06337901604389892 0.2933992942040576 0.12675803208779785 0.08963699812615193 0.06878567958649663 0.14132574622326116 0.11408222887901806
0.10246147594989331 0.06332834817492992 0.2941833442126611 0.12665669634985985 0.08947972730795847 0.06868661685199479 0.14121276443782882 0.11399102671487388
0.10239357909218556 0.06330921051392271 0.2944794584505745 0.12661842102784543 0.08942208399573898 0.06865057768452178 0.14117009031015007 0.1139565789250609
0.1371497511966171 0.08481085974412697 0.24668004953838757 0.10601357468015872 0.11977743319029151 0.09195889013069532 0.11819722430757994 0.09541221721214284
0.11109883372544131 0.06336439239461454 0.2742758671180491 0.12672878478922908 0.0962731323405365 0.07290994565383208 0.14129313766799123 0.11405590631030617
0.1049532345814919 0.0636377482224355 0.28663406285891957 0.127275496444871 0.09132175705825996 0.06972707366898345 0.14190268036465467 0.1145479468003839
0.10321847787259422 0.0634702969319493 0.29157915525567 0.1269405938638986 0.09002276252116034 0.06899289009761825 0.14152928897960038 0.11424653447750875
0.1374921296296467 0.08487107056144684 0.24567006573183695 0.10608883820180856 0.12002127504127373 0.09209552893482081 0.11828113751753878 0.0954799543816277
0.08806905803403095 0.11001206919808887 0.13554825078989963 0.13751508649761113 0.10173582904760234 0.16883050048942796 0.09327110214620579 0.1650181037971333
0.10393985153020258 0.08366536512747881 0.23621940899783517 0.13219655948051887 0.09553545395300496 0.08684805273257847 0.14634702555433915 0.11524828262404209
0.07158996327913694 0.11193140371844797 0.08600236957643434 0.08377065125833319 0.1438153283452105 0.2348241997957709 0.10052478150999983 0.16754130251666638
0.07469754435992942 0.1090367727877556 0.09666081768690647 0.1362959659846945 0.10545844068496982 0.2218510789071004 0.0924442204070102 0.1635551591816334
0.07602168882740135 0.11040764737512987 0.10003236196991873 0.13800955921891234 0.09795566814341741 0.21835511975839372 0.09360648364413186 0.1656114710626948
0.07561809307513125 0.13240400710756162 0.09787110376433256 0.12543235666553712 0.10146008345172455 0.21634964260463865 0.09407426749915285 0.1567904458319214
0.07582794521262139 0.13723872831882183 0.09686356778175748 0.12454491231067728 0.10174513346525697 0.21468988828951044 0.09340868423300798 0.1556811403883466
0.09179151789898819 0.17266273195427065 0.08771506335528191 0.11290205359292557 0.12322454249818277 0.2592863183499013 0.08467654019469419 0.06774123215575535
0.11865198368191687 0.07515061607563417 0.14689687341812693 0.0939382700945427 0.1528842932354112 0.16010649159858176 0.13964554778233515 0.11272592411345125
0.11027070482326862 0.06559459655255788 0.23435498965109894 0.13118919310511576 0.10677735884010472 0.08747672315933727 0.1462661600739126 0.11807027379460418
0.1062298123973484 0.06462412054257816 0.271365003417522 0.1292482410851563 0.09486097266653139 0.07324628949539941 0.14410214341882352 0.11632341697664067
0.10407690406573161 0.06385250310987081 0.28580690329796776 0.12770500621974162 0.09126388054044111 0.06997874545781227 0.14238155171066713 0.11493450559776745
0.1030687703735745 0.0635127377541736 0.29131100723398506 0.1270254755083472 0.09005993494277285 0.06907522055092497 0.14162392567870946 0.11432292795751246
0.13746185402851738 0.08488319803670925 0.24558748095594599 0.10610399754588656 0.12004610715302119 0.09212572543373015 0.11829803905489143 0.09549359779129792
0.11121223940741144 0.06338865445744016 0.27384614348076053 0.12677730891488032 0.09636418235740103 0.07296465491182529 0.14134723844688896 0.11409957802339228
0.10499552480913317 0.06364779161966372 0.2864691712280165 0.12729558323932744 0.09135416479052122 0.06974666375648425 0.14192507564145912 0.1145660249153947
0.1381706616077386 0.08495463737946995 0.24385569168135265 0.10619329672433744 0.12050346138138449 0.0923506831990667 0.11839760097474636 0.09557396705190369
0.0882028555219566 0.1100241974365163 0.13512747701793634 0.13753024679564538 0.10185191437447734 0.16894562791556023 0.0932813847831334 0.16503629615477444
0.0788796168780662 0.13629482953548283 0.10634505567790146 0.1258635674837485 0.10286862351702018 0.1980211719402837 0.09439767561281139 0.15732945935468565
0.0647261124062247 0.12063297383411944 0.06276989313463094 0.07906185253868687 0.13837487260290704 0.2814363673596331 0.09487422304642423 0.15812370507737375
0.06056251042730238 0.08985219758821468 0.052540559217647664 0.0783326850769051 0.14337375344840908 0.33012293226164446 0.08854999182606664 0.1566653701538102
0.10940359238746451 0.0746655804580539 0.13395524717215979 0.09333197557256738 0.15902710763129163 0.1788738758372369 0.1387442502541449 0.11199837068708085
0.10844272964106655 0.06584092799731034 0.22894983625518592 0.13168185599462068 0.10857122637209968 0.09118431091473485 0.14681544242982333 0.1185136703951586
0.10600100283296233 0.06475934512964653 0.26929174759766983 0.12951869025929305 0.09542857947946316 0.0740301394023895 0.14440367406521182 0.11656682123336376
0.09557051259302199 0.12858656445345384 0.16354247343790984 0.16073320556681733 0.08395878693876122 0.14118428916808443 0.08176428283181578 0.14465988501013557
0.10543896526502085 0.0879540732115794 0.24725750243709643 0.13022185718479817 0.09040723351095906 0.08103267216242695 0.14416094893880788 0.11352674728931123
0.08327897535729711 0.13201014155275606 0.1340816033989324 0.1277284027537721 0.10170944925377834 0.1657346221759196 0.09579630206532909 0.15966050344221513
0.07769735674083653 0.14207850166916416 0.1057501722932037 0.12529397084249677 0.10246726560791353 0.19612479116139195 0.09397047813187259 0.15661746355312098
0.06483750346290211 0.12199998006687678 0.06266892002226904 0.07901968708908418 0.13821176228280513 0.28039914839099334 0.094823624506901 0.15803937417816835
0.07274582883601284 0.10790536549703549 0.09044085283934002 0.13488170687129436 0.1032595025190482 0.23742371140075125 0.09148498379096487 0.1618580482455532
0.075385565854897 0.10996167666765366 0.09825570142896693 0.13745209583456708 0.09712371835851746 0.22365034880960247 0.09322837804431507 0.1649425150014805
0.11429682467725306 0.09568322564191128 0.1455264555436317 0.08835060130663994 0.15119004139532397 0.15427555010886082 0.14023904969307924 0.1104382516332999
0.08327210886062582 0.10976393463535374 0.1113417357144217 0.13720491829419218 0.10815054329357675 0.19256013005795578 0.09306072719084339 0.16464590195303058
0.10512685748712892 0.08611394620880408 0.2250429138152247 0.13256131548281952 0.09738714041658887 0.09145072611020386 0.14675082544292595 0.11556627503630419
0.07290476954752945 0.1141407332549914 0.08392275964958566 0.08318303221384654 0.14361975992449544 0.23604324232524249 0.09981963865661583 0.16636606442769308
0.07492324574117282 0.10901384952984679 0.0961679135209027 0.13626731191230848 0.10539646489018704 0.22228565463985495 0.09242478547095706 0.16352077429477016
0.10302543184843996 0.0682306153522819 0.21654302086062296 0.1364612307045638 0.09949530861201299 0.1012851964263155 0.15214408856165548 0.12281510763410743
0.10653728207205689 0.07609467576056368 0.2694070601134459 0.1284165786738863 0.09237892047305789 0.07305013674808201 0.14216243141757048 0.1119529147413368
0.09966428381482759 0.13397251003440175 0.11879430521190541 0.11679654720947844 0.11577929595043317 0.19561867345506356 0.0792185276725158 0.14015585665137412
0.12155460545685254 0.07579918783984366 0.15857849137221652 0.09474898479980458 0.15123144844116765 0.14353777068765503 0.14085072964269457 0.11369878175976549
0.08464314372204224 0.10968780839417001 0.11442596106601875 0.1371097604927125 0.10820640997581188 0.18839901838032377 0.09299618537766588 0.164531712591255
0.10534738275854137 0.08599873052947052 0.22634749774371163 0.13240204234468939 0.09728492942845585 0.09061749213209519 0.14657450353176846 0.11542742153126767
0.08394598085005027 0.13132642458758204 0.12908537108305815 0.12763812036699415 0.10327980229357177 0.1694480600847553 0.09572859027524563 0.1595476504587427
0.09562324472619234 0.17303786440430002 0.09568806309412331 0.11456480079281847 0.12541753284998014 0.2410060130622807 0.08592360059461386 0.06873888047569109
0.0787329856525857 0.1083596734224349 0.09843106833002419 0.13544959177804364 0.10101763269648582 0.2235993800851437 0.0918701579016296 0.16253951013365234
0.10383553138291672 0.06813082634542485 0.21739575999348937 0.1362616526908497 0.0984027194273926 0.10141644876791617 0.15192157397024586 0.12263548742176474
0.12166851844352476 0.0867207581460128 0.18455528994968826 0.08782638371307092 0.15060621780623212 0.1194328940254165 0.13940695827471575 0.10978297964133864
0.08497581136086177 0.11007620572365702 0.12092398789749387 0.13759525715457127 0.10846656855682968 0.1795223819553917 0.09332547876570922 0.1651143085854855
0.1052214596358713 0.08589643343924894 0.22918896410252007 0.1321534386330402 0.09714680087007006 0.08888292422529681 0.1462992890036098 0.11521069009034274
0.08393450402108966 0.13131455853854213 0.12977021200680114 0.12764854439683257 0.10326156349266691 0.16877352875040247 0.09573640829762443 0.1595606804960407
0.0783274138752883 0.14174009649524733 0.10466628283797563 0.12512762351178516 0.10273112430359335 0.19715221195253996 0.09384571763383888 0.15640952938973146
0.0767158869367099 0.14370099009327725 0.09823964603378284 0.12416398434804432 0.10187572674498152 0.20697579714711548 0.09312298826103325 0.1552049804350554
0.09266452441203053 0.17495136317998566 0.08802592244462257 0.11290381793390863 0.12330092699028379 0.2557332908283921 0.08467786345043148 0.06774229076034517
0.07796422977566063 0.10802671442620315 0.09639747633417932 0.13503339303275397 0.10026424138260015 0.2286860068305605 0.09158786657873746 0.16204007163930476
0.08932713678590115 0.12868209076374287 0.11656307251344204 0.16085261345467858 0.08466610932707982 0.19331659994073871 0.08182502510520608 0.1447673521092107
0.07913391722329113 0.14061120260913312 0.10138227815673867 0.12484533737141026 0.09805988766168094 0.20627670223492534 0.09363400302855769 0.15605667171426282
0.07674599486667034 0.14316011591880465 0.09734334515323116 0.12396060637694521 0.10061530961812154 0.21025341531233668 0.09297045478270892 0.15495075797118152
0.11443372531744408 0.10197067150552197 0.14462666479315078 0.08782883094230334 0.1518116423476575 0.15013158365048254 0.13941084276556084 0.10978603867787916
0.09853800728526041 0.12989976758000077 0.09168221678117522 0.11324595122359042 0.1280902629239433 0.22583835538606864 0.07681029735165262 0.1358951414683085
0.07969034290733001 0.1090648404720765 0.09804358495449127 0.13633105059009562 0.10212261329478314 0.21868229015113094 0.09246801692197791 0.16359726070811473
0.11558048932058759 0.09535935866001313 0.14523519396818282 0.08818535272774139 0.1527278076485222 0.15270335640378196 0.13997675036149426 0.11023169090967673
0.0986293398421903 0.12962355970075098 0.09165790154879867 0.11300515461091112 0.12813748895026036 0.22669339538224673 0.07664697443174841 0.1356061855330933
0.10801748161180796 0.06743087172449433 0.2125738081343607 0.13486174344898866 0.10380833003888008 0.10157141630096866 0.15036077963640973 0.12137556910408978
0.08471941968609141 0.12618485410438693 0.12602864762315322 0.12796232080473005 0.1050299591541038 0.1741501570180746 0.09597174060354755 0.15995290100591256
0.06688330445352303 0.11940979925405876 0.06627793337207716 0.07988529709157031 0.14049117387356438 0.27141954126218143 0.09586235650988437 0.15977059418314063
0.08570241602212014 0.1264872920896614 0.07460280781121072 0.11027097259098685 0.12160882314500304 0.2742100354744687 0.074792485757365 0.13232516710918424
0.10531834123601193 0.06770246979146607 0.20508106322800962 0.13540493958293215 0.1028739499193605 0.11078838782884896 0.15096640278873177 0.12186444562463891
0.10627627213049731 0.06546059208298446 0.2602623123267975 0.13092118416596893 0.09512261091636295 0.07816061252058562 0.14596735010743103 0.11782906574937206
0.08314343201489381 0.11184569685660455 0.14001888583319091 0.13980712107075569 0.09726261729606167 0.16532800213472604 0.09482569950886037 0.16776854528490678
0.11675159598697081 0.09595917189422383 0.15950434020827242 0.08830061008890754 0.15108062079344733 0.13786819986322213 0.1401596985538215 0.11037576261113441
0.12455609624926992 0.07450214206852578 0.17046267337100296 0.09312767758565721 0.16085085636914798 0.12630679367851125 0.13844054757509638 0.11175321310278864
0.08534534164257342 0.10978995160131783 0.11741150098500962 0.13723743950164727 0.1105583189905021 0.1818897348236818 0.0930827850532912 0.1646849274019767
0.07881217403845579 0.13579750092435414 0.10198607056843267 0.12541452728322278 0.10460983608862255 0.20255083653046643 0.09406089546241711 0.1567681591040285
0.07686070300631641 0.1419506377073447 0.09758770799578241 0.12410586906673769 0.102273561896597 0.20900978219374627 0.09307940180005328 0.1551323363334221
0.07631356345843178 0.14337401741644903 0.09636745135426196 0.12378341296581176 0.1014880221741269 0.2111067066992951 0.09283755972435882 0.15472926620726468
0.07616048020765263 0.1436865063094315 0.0960287586044884 0.12369417064450663 0.10123726531515251 0.21180447762975502 0.09277062798337998 0.1546177133056333
0.07611670760984976 0.1437478144330976 0.09593345428561471 0.1236675993736422 0.10115857055771507 0.2120406549927962 0.09275069953023167 0.15458449921705275
