Action: 0
[0.11156931614378389, 0.10877478803759662, 0.23577082266733618, 0.10877478803683668, 0.10878591393426612, 0.10877479510650716, 0.10877478803683668, 0.10877478803683668]
[0.1087693918761459, 0.11175097602196327, 0.23561881040248492, 0.10875500361052232, 0.10884080725731657, 0.10875500361052232, 0.10875500361052232, 0.10875500361052232]
[0.10867549802870806, 0.12711307224423998, 0.22039517232903935, 0.10866186281496572, 0.10866186286307082, 0.1091688060900446, 0.10866186281496572, 0.10866186281496572]
[0.125, 0.125, 0.125, 0.125, 0.125, 0.125, 0.125, 0.125]
[0.11176892577456059, 0.108660492426797, 0.23574363823674643, 0.108660492426797, 0.10866049242740385, 0.10918497385410118, 0.108660492426797, 0.108660492426797]
[0.1268543194023785, 0.10877752707298091, 0.22048017505709072, 0.10877752707298091, 0.10877782041390367, 0.10877757683470334, 0.10877752707298091, 0.10877752707298091]
[0.125, 0.125, 0.125, 0.125, 0.125, 0.125, 0.125, 0.125]
[0.125, 0.125, 0.125, 0.125, 0.125, 0.125, 0.125, 0.125]

Action: 1
[0.10884144068712534, 0.1087695318054448, 0.10875501603675405, 0.10875501603675405, 0.12686362741285134, 0.22050533594756233, 0.10875501603675405, 0.10875501603675405]
[0.10925321886835608, 0.10925321886835608, 0.10925321886835608, 0.10925321886835608, 0.10925321886835608, 0.2352274679215074, 0.10925321886835608, 0.10925321886835608]
[0.1091671341110832, 0.12710933647414666, 0.10866490677157337, 0.10866490677157337, 0.10866670712850321, 0.22039719519997342, 0.10866490677157337, 0.10866490677157337]
[0.125, 0.125, 0.125, 0.125, 0.125, 0.125, 0.125, 0.125]
[0.10920157152302287, 0.10920157083032873, 0.10920157082999525, 0.10920157082999525, 0.10959255943529209, 0.23519801489137523, 0.10920157082999525, 0.10920157082999525]
[0.10925230479613342, 0.10925230479455855, 0.10925230479455855, 0.10925230479455855, 0.10925880839041219, 0.2352273628406616, 0.10925230479455855, 0.10925230479455855]
[0.125, 0.125, 0.125, 0.125, 0.125, 0.125, 0.125, 0.125]
[0.125, 0.125, 0.125, 0.125, 0.125, 0.125, 0.125, 0.125]

