Action: 0
[0.10493131809280676, 0.10449936100913863, 0.258059680669906, 0.10449936100913863, 0.10764772642377753, 0.11136383077695527, 0.10449936100913863, 0.10449936100913863]
[0.15111100202729894, 0.10373963465408644, 0.21032436634274815, 0.10331915468729126, 0.12154837822670142, 0.10331915468729126, 0.10331915468729126, 0.10331915468729126]
[0.10567220443549534, 0.10566379457993079, 0.1529881483992474, 0.10566379457963497, 0.21302066578200257, 0.10566380306441907, 0.10566379457963497, 0.10566379457963497]
[0.125, 0.125, 0.125, 0.125, 0.125, 0.125, 0.125, 0.125]
[0.10393679409588986, 0.10378556156435143, 0.2277271977232429, 0.10378556156084355, 0.1494082003343094, 0.10378556159967588, 0.10378556156084355, 0.10378556156084355]
[0.1073699567869003, 0.21132625112927703, 0.15298816394677223, 0.10566312556463851, 0.10566312587849305, 0.10566312556464184, 0.10566312556463851, 0.10566312556463851]
[0.125, 0.125, 0.125, 0.125, 0.125, 0.125, 0.125, 0.125]
[0.125, 0.125, 0.125, 0.125, 0.125, 0.125, 0.125, 0.125]

Action: 1
[0.10582329634961711, 0.10557415112715904, 0.10557415112715904, 0.10557415112715904, 0.10767232810012047, 0.25863361991446726, 0.10557415112715904, 0.10557415112715904]
[0.10589369613864927, 0.10589369613864927, 0.10589369613864927, 0.10589369613864927, 0.25874412702945515, 0.10589369613864927, 0.10589369613864927, 0.10589369613864927]
[0.10395114683311482, 0.10391696289046042, 0.10391696289046042, 0.10391696289046042, 0.25448313212135637, 0.12198090659322675, 0.10391696289046042, 0.10391696289046042]
[0.125, 0.125, 0.125, 0.125, 0.125, 0.125, 0.125, 0.125]
[0.10397232879901698, 0.10397232879701256, 0.10397232879701136, 0.10397232879701136, 0.1508318937636146, 0.22533413345231043, 0.10397232879701136, 0.10397232879701136]
[0.14938579181024408, 0.10262819862428729, 0.10262819862428729, 0.10262819862428729, 0.12317093768165768, 0.2143022773866617, 0.10262819862428729, 0.10262819862428729]
[0.125, 0.125, 0.125, 0.125, 0.125, 0.125, 0.125, 0.125]
[0.125, 0.125, 0.125, 0.125, 0.125, 0.125, 0.125, 0.125]

