0.125 0.125 0.125 0.125 0.125 0.125 0.125 0.125
0.11178451178451179 0.09023569023569024 0.13973063973063973 0.1127946127946128 0.13414141414141414 0.10828282828282829 0.16767676767676767 0.13535353535353534
0.10999851055869894 0.08879397840280517 0.13749813819837367 0.11099247300350647 0.14797539231099316 0.1065527740833662 0.16499776583804843 0.13319096760420776
0.09366881518338013 0.07561217611188517 0.2109841938192713 0.15122435222377034 0.09575371982951889 0.06805095850069665 0.16860386733008423 0.1361019170013933
0.099626400996264 0.07845579078455792 0.199252801992528 0.15691158156911583 0.08685378548392246 0.06839735606858895 0.17370757096784492 0.1367947121371779
0.09444644354078607 0.15741073923464347 0.10039762527401264 0.1416696653111791 0.1180580544259826 0.19676342404330432 0.10625224898338434 0.08500179918670747
0.0645268768118303 0.10754479468638382 0.06338579307252128 0.09679031521774546 0.14293362214196603 0.21508958937276765 0.11614837826129454 0.19358063043549092
0.09289344493085251 0.15482240821808751 0.08848439159062656 0.13934016739627877 0.1428223516065689 0.19352801027260944 0.10450512554720909 0.08360410043776727
0.06274793596695201 0.11101557901845355 0.06247775420761649 0.09678281247762618 0.1419724777537889 0.2220311580369071 0.1094066575834035 0.19356562495525237
0.07142440280243652 0.11904067133739422 0.09076859451974803 0.14284880560487304 0.11020450076085195 0.18001541376495017 0.1071366042036548 0.1785610070060913
0.06067311234219256 0.10734473722080223 0.06074244449966376 0.09358259142326349 0.13385714131758178 0.2508457739584539 0.10578901639151524 0.18716518284652697
0.09151495714037333 0.07387351961933751 0.2017038710442288 0.14774703923867502 0.09296215649319772 0.09449919829670805 0.164726922852672 0.13297233531480754
0.08806040251350626 0.07108490323379422 0.25170329254239665 0.14216980646758845 0.08635841228697527 0.07416163261059831 0.15850872452431125 0.1279528258208296
0.09327128850843582 0.07345113970039321 0.23090185988640055 0.14690227940078643 0.09290468251212843 0.07187323414056401 0.1626268620147086 0.12806865383658303
0.06148083006396014 0.10246805010660025 0.07682659808938351 0.09222124509594024 0.1421798240416241 0.22971546829548295 0.11066549411512826 0.18444249019188047
0.10293816716309512 0.08309466505936595 0.1520948136172414 0.10386833132420742 0.14051872485147643 0.13843604965092204 0.15440725074464268 0.12464199758904891
0.06952452239313635 0.11587420398856058 0.10510612855430505 0.1390490447862727 0.11325171183914629 0.17909629886603376 0.10428678358970452 0.17381130598284086
0.09208840631806701 0.14371370823785815 0.09153662847934801 0.1293423374140723 0.13411507585133595 0.234591688190321 0.09700675306055424 0.0776054024484434
0.07856342636588767 0.13899683126272436 0.08359537214154797 0.12117672469058023 0.11600998444971501 0.23405616080115085 0.08218943065969789 0.14541206962869627
0.08881668507224165 0.07169539638361676 0.21365378542631608 0.14339079276723352 0.09598463492324485 0.09753695880680194 0.15987003313003498 0.12905171349051017
0.09719976966582361 0.07037939446386138 0.24455318000658718 0.14075878892772276 0.09418910100335853 0.07438121006508917 0.1558257655203117 0.12271279034724546
0.08005919984924514 0.14164319973327988 0.11336578556294011 0.12348381515209016 0.11179552767920561 0.1977176539984435 0.08375423984228722 0.14818057818250818
0.08766851170163352 0.07076855763866802 0.22616610613394236 0.14153711527733603 0.09425688087668893 0.09441610355918832 0.15780332106294032 0.12738340374960244
0.06607035333990903 0.11689370206291595 0.13149011682688544 0.14611712757864495 0.09232333722645593 0.17265927986095111 0.09910553000986354 0.17534055309437394
0.0879326000976196 0.13753402768232614 0.12754518021680714 0.16504083321879134 0.08648914518437065 0.16524741034105314 0.08632905122213702 0.14388175203689502
0.06705476381856518 0.0968896662018438 0.0670280374405688 0.08720069958165942 0.13843053948485126 0.2643540548112015 0.1046408394979913 0.17440139916331884
0.0636930429287032 0.11268769133539797 0.09383574665168994 0.14085961416924747 0.10015956562974766 0.22419323788906215 0.0955395643930548 0.16903153700309692
0.09982561306333718 0.07066128728156347 0.2170299299714267 0.14132257456312694 0.09570653244118107 0.09579986751211877 0.1564498993942634 0.12320429577298248
0.057624454912315555 0.10195095869101983 0.07895744514206178 0.08888032296140191 0.14238825531574936 0.2519645084895847 0.10047340856506302 0.17776064592280383
0.08673073508178546 0.07001155723469428 0.21030092723163799 0.14002311446938856 0.10598135817239798 0.10481618164043224 0.1561153231472138 0.1260208030224497
0.0653460576425641 0.11561225582915184 0.12764432837520143 0.14451531978643983 0.0989854350847208 0.1764591330743482 0.09801908646384615 0.17341838374372778
0.07495840582021521 0.11201659684561555 0.1061078075348635 0.13441991621473864 0.10254138525444043 0.2011160559006493 0.100814937161054 0.16802489526842332
0.09196502072740573 0.15064211831115923 0.09243646743526464 0.12157189775782917 0.12488588601415195 0.25437654778111995 0.0911789233183719 0.07294313865469751
0.06307240793970993 0.11158964481640987 0.09867097823744689 0.13948705602051234 0.09948025498639877 0.2257065788653426 0.09460861190956489 0.16738446722461478
0.06400897498556977 0.11324664805139266 0.10119636356894957 0.14155831006424083 0.09669154396452687 0.21741472480987648 0.09601346247835466 0.16986997207708898
0.09851493814607938 0.07952410669623276 0.15651244412807339 0.09940513337029094 0.1485324388502093 0.1504523715456461 0.14777240721911908 0.11928616004434912
0.10530252852722184 0.07711380233036065 0.17078965493835696 0.09639225291295081 0.1609944205973626 0.13044307913656578 0.14329355806164032 0.11567070349554098
0.09238452237961134 0.06720086694804249 0.24528668265805956 0.13440173389608498 0.10788075349045831 0.0820359768072737 0.14984790331399325 0.1209615605064765
0.09834346326546702 0.07096938397252472 0.2733669025289906 0.13270029743191894 0.09156668415034103 0.07046114569024091 0.14690468417371572 0.11568743878680113
0.07129018325580994 0.11450285524929169 0.14172437060709092 0.1431285690616146 0.09691170005423172 0.16360953118666768 0.097078507711356 0.1717542828739375
0.06919614511553955 0.11414739592090958 0.11161629419831509 0.142684244901137 0.09762241562277212 0.19673527034006066 0.09677714001990162 0.17122109388136436
0.0923085988569938 0.06961042928185932 0.22467590220464354 0.13922085856371863 0.09811793001847068 0.09554664068473154 0.15522086768223553 0.12529877270734677
0.09082593885099922 0.06697426812699815 0.267929105663397 0.1339485362539963 0.0946571432871139 0.07576870342511499 0.1493426217637839 0.12055368262859667
0.07069693180714834 0.11435012351500168 0.14043917884310622 0.1429376543937521 0.0977230779762908 0.16537883042947954 0.09694901776271883 0.17152518527250252
0.09163832709753539 0.06900587007031796 0.23618317044756354 0.1380117401406359 0.09728942015881502 0.08978811508534348 0.15387279087321643 0.12421056612657232
0.09819109559490816 0.07106376755770381 0.27424578134537125 0.13264195662106826 0.08975420879917215 0.07162651401680534 0.14684009849788587 0.11563657756708515
0.06295037628007089 0.10111422066026655 0.08749531986018805 0.08815085903715546 0.14248861576187155 0.24185009315370007 0.0996487971724366 0.17630171807431091
0.0973933149693253 0.07605701998444848 0.21666547100454298 0.13752337577634552 0.10123488707949954 0.09898972726862525 0.1522440301634757 0.11989217375373713
0.08509781906983627 0.1368718058066904 0.10747027831666281 0.11932413839557625 0.11848801882823662 0.20862607964000232 0.08093289386830389 0.14318896607469148
0.06896866607169795 0.11217690304350007 0.10269092151480928 0.1402211288043751 0.10080368466714454 0.21176683657895112 0.09510650475427182 0.1682653545652501
0.10439455066901303 0.07871928659048891 0.15604398469222908 0.09839910823811113 0.14908811780489312 0.14899913882824975 0.14627688329128163 0.11807892988573335
0.09892761852440847 0.06700514707148282 0.23869223770162568 0.13401029414296564 0.10584516409270835 0.08549879653695276 0.14941147720118708 0.12060926472866909
0.0963744480953611 0.06592741359963884 0.2716938337391134 0.13185482719927769 0.0950484775604468 0.07342336291209517 0.14700829241471705 0.11866934447934992
0.09500006177963129 0.06521525524713155 0.28394437315625914 0.1304305104942631 0.09190464160459537 0.0706974126923654 0.1454202855809172 0.1173874594448368
0.09439322956190101 0.06491879333145191 0.2883925302474929 0.12983758666290382 0.09089032489299126 0.06995448754964688 0.14475921975699874 0.11685382799661342
0.09415285731216348 0.0648070914520337 0.28999594375391663 0.1296141829040674 0.09054467665398422 0.06972234207235546 0.1445101412378184 0.11665276461366067
0.09406247100131543 0.06476627624539792 0.2905724994150882 0.12953255249079584 0.09042368279315365 0.06964409139369021 0.1444191294188425 0.11657929724171624
0.08642847092497236 0.1304461705424295 0.167046595934346 0.16305771317803686 0.08307486720577556 0.14024749060711839 0.08294674974708832 0.14675194186023316
0.09936684613386562 0.0768116997649452 0.25051044416057905 0.13535713264711055 0.08913123516304342 0.08097307805627957 0.14984590997156721 0.11800365410260921
0.06951046154892492 0.10006423894132563 0.08373229313085002 0.0872354903591044 0.14111371854312219 0.24525878417860691 0.09861403257985714 0.1744709807182088
0.09852291168824678 0.06846725246531545 0.2095642905058304 0.1369345049306309 0.1065076773132524 0.1040905546544082 0.15267175400474814 0.12324105443756778
0.10079864733968069 0.06631575953188694 0.2602295080781941 0.13263151906377388 0.09579613965399356 0.07698581329352336 0.14787424588155088 0.1193683671573965
0.09955583333005043 0.06515591182456423 0.2790692268197012 0.13031182364912847 0.0920606910228226 0.07127791346369795 0.14528795860581936 0.11728064128421564
0.0986771423283787 0.06469620192779633 0.28592547573375837 0.12939240385559267 0.0907139007038318 0.06987883783116433 0.14426287414944436 0.1164531634700334
0.09827669074876831 0.06452629662643068 0.2884060089488803 0.12905259325286136 0.09022628673307342 0.06948077907601141 0.14388401068639917 0.11614733392757523
0.07841192602736395 0.11291436770993293 0.14450121289964005 0.1411429596374162 0.09595379996959122 0.16197243565447403 0.09573174653668229 0.16937155156489941
0.09883172220609923 0.07613230013048651 0.2419078475339561 0.13634853377280307 0.09199141406773534 0.08497679799776446 0.15094343177127567 0.1188679525198796
0.09423440510704392 0.13581082302613579 0.11200641101144145 0.11839917904842606 0.11562886944123517 0.20153576737041298 0.08030553013719333 0.14207901485811128
0.10281216172379774 0.06816640065012332 0.2216900715022792 0.13633280130024664 0.10044008407852438 0.09585806021468096 0.15200089936012573 0.12269952117022198
0.10123225687019329 0.06606267621548664 0.2648157807231143 0.1321253524309733 0.0942002076094595 0.07534100110328955 0.14730990785960751 0.11891281718787595
0.11616204913973384 0.07595353308022999 0.204886232188278 0.09494191635028748 0.14260450112631945 0.11038393314422965 0.1411375353505766 0.11393029962034497
0.10322934223698196 0.06548042469611487 0.2565610589413142 0.13096084939222974 0.10250081246881694 0.07739117393691522 0.14601157387462033 0.11786476445300677
0.11649580219295375 0.07586718591178322 0.20205212359829047 0.09483398238972901 0.1451645040858207 0.11080853868483731 0.1409770842689106 0.11380077886767481
0.10335733482462348 0.06551853062539363 0.25542308254670065 0.13103706125078726 0.10312319887119883 0.07751089234612768 0.14609654440945982 0.11793335512570854
0.10004473449797034 0.0651387979226494 0.27704449338833986 0.1302775958452988 0.09362162318297976 0.07137312174312999 0.14524979715886296 0.11724983626076892
0.09881100704541275 0.06472291280371616 0.2851456106420565 0.1294458256074323 0.09112325476513396 0.06992771067351158 0.14432243541604767 0.11650124304668909
0.11519478816204717 0.07561486006230309 0.210975079525452 0.09451857507787885 0.14118749712356884 0.10857869983952323 0.14050821011577214 0.11342229009345463
0.11824465319711931 0.07512616327873607 0.18603727450576982 0.09390770409842009 0.1564458208208673 0.11794902980482447 0.13960010937615883 0.1126892449181041
0.10631263191169328 0.06553011004435214 0.24853591274921658 0.13106022008870427 0.10566167657441143 0.07882288576632258 0.1461223647854658 0.11795419807983386
0.08126565470278646 0.11280143298354542 0.13544755057427568 0.14100179122943177 0.0992547425334359 0.16539068097167897 0.09563599752952764 0.16920214947531811
0.0755159546893602 0.12254929584382701 0.10849169583253984 0.1317052886000825 0.10094757328792438 0.19737961454610117 0.09877896645006184 0.16463161075010307
0.08988736008868436 0.1324347914293907 0.08483294307116823 0.11545597201536625 0.11488790611816078 0.24564459288315027 0.07830926797563971 0.1385471664184395
0.07720295746389204 0.1098470625946468 0.0961484738032997 0.13730882824330853 0.09859975329772838 0.2229911254618668 0.09313120524328752 0.1647705938919702
0.07590615950140928 0.11133668550839322 0.09966448773669823 0.13917085688549152 0.09618876381905316 0.21633387187707495 0.09439414640928992 0.16700502826258984
0.11567524137340142 0.07766673212037739 0.153474934352837 0.09708341515047172 0.1462220260034486 0.14905653566983834 0.14432101714905948 0.11650009818056607
0.10814541656968106 0.06631357512517183 0.23601612789736204 0.13262715025034366 0.10468114712416136 0.08498277282736368 0.14786937498060707 0.1193644352253093
0.08238095959201557 0.11275001404773806 0.13256287130264477 0.14093751755967257 0.09899871164428035 0.16765250156765496 0.09559240321438663 0.16912502107160707
0.09974760298193852 0.07634514084445833 0.2370798853369846 0.13673894687783628 0.09279440419808373 0.08671007197069444 0.151375635127275 0.11920831266272908
0.08114164830429604 0.11318579654479088 0.1329943385451799 0.1414822456809886 0.09669374069883085 0.1687616644251002 0.09596187098362706 0.16977869481718633
0.09956494971584755 0.07638561418257657 0.23736141129119104 0.13676074002002048 0.09240556986476868 0.08689464208174574 0.1513997610315245 0.11922731181232556
0.09695779786298828 0.13530138519540627 0.11092960380650459 0.11795505376009778 0.11548631046942422 0.20181948706052558 0.08000429733293588 0.14154606451211732
0.10612574912707555 0.06790098828234316 0.22059213469617883 0.13580197656468632 0.10023416444846317 0.09571413857927327 0.1514090693937622 0.1222217789082177
0.10480337184000256 0.0657799956322617 0.2637448951824239 0.1315599912645234 0.09394401240694565 0.0750841691856241 0.1466795723501477 0.11840399213807103
0.09423054714447553 0.12983737963624856 0.15990327986681854 0.1622967245453107 0.08353047937456096 0.14157489920353925 0.08255963813826675 0.1460670520907796
0.10066567329469944 0.07683278033681759 0.24799029714066526 0.13544954279032104 0.08928781108676914 0.08174146676035662 0.1499482117988088 0.11808421679156192
0.08165930002501909 0.11312196418050957 0.13546309288173922 0.14140245522563694 0.09592311900245844 0.16683937017387526 0.09590775223999724 0.16968294627076433
0.13420964508219596 0.10287450994764732 0.19280569196584207 0.11051705059130784 0.12427895869597898 0.11661902773211193 0.12234691803351945 0.09634819795139658
0.1279164459813116 0.07505413744324461 0.18007981497610834 0.09381767180405577 0.15108792096705495 0.11999653233971662 0.13946627032364112 0.11258120616486691
0.11026946371776118 0.06546965454946672 0.24578670933581545 0.13093930909893345 0.1045488766495049 0.07915305040439871 0.1459875580550795 0.1178453781890401
0.1051150675018416 0.0649844405354408 0.27267667315028815 0.1299688810708816 0.09382801491490021 0.07154932663905052 0.1449056032238038 0.11697199296379343
0.13792160117760932 0.08618564888850741 0.23627734799771183 0.10773206111063426 0.12156390501040855 0.09324737238325363 0.12011320843230416 0.09695885499957083
0.12789573915243418 0.07432303655153981 0.19316835771142654 0.09290379568942474 0.149050393224898 0.11306639074346408 0.13810773209950306 0.11148455482730968
0.11004404177184303 0.06513869293364666 0.25075808823644685 0.13027738586729332 0.10365598297835675 0.07762659788279269 0.14524956304905684 0.11724964728056396
0.10509904860164446 0.06484064232307028 0.27446256928513113 0.12968128464614057 0.09346346259210656 0.07115488169774303 0.1445849546726373 0.11671315618152651
0.10331843819329589 0.06441345623676528 0.28343567693064403 0.12882691247353056 0.09079397593323456 0.06963492554705754 0.14363239345929452 0.11594422122617752
0.08202885048799799 0.112493503516015 0.1432398326442133 0.14061687939501874 0.09590759953659216 0.16159815225212765 0.09537492689401271 0.16874025527402248
0.0857964324315814 0.06351189442007975 0.20181442270856068 0.11371433859425215 0.1101211644936634 0.10239987395944075 0.1804989501496066 0.1421429232428152
0.07919024159897603 0.1132654210766011 0.12498920482576657 0.1415817763457514 0.10037731267825117 0.17466853312089442 0.09602937873885747 0.16989813161490167
0.0932809527884702 0.1470634690023719 0.1275649284646399 0.15789330186399902 0.08466526992865632 0.1692911645825922 0.08259034251347643 0.13765057085579402
0.06707363220967834 0.11675166905507653 0.06741856962585009 0.08262787309313079 0.131932704919569 0.2697863571986768 0.09915344771175692 0.16525574618626157
0.08594505384934716 0.12803449809537484 0.07508290182435506 0.11161981885237807 0.11914677703214459 0.2705198123280207 0.07570735539552599 0.13394378262285367
0.10496236999999906 0.06823978739401482 0.2050482188417371 0.13647957478802963 0.10177274763492546 0.10850114318630869 0.15216454084575842 0.12283161730922668
0.10571679706223079 0.0660540287719317 0.2577409394187524 0.1321080575438634 0.09465919914058002 0.0775331009220215 0.1472906253511432 0.11889725178947705
0.10407614524030387 0.06484372722575803 0.27738131226137497 0.12968745445151605 0.09158672687580595 0.0711140913936788 0.14459183354519775 0.11671870900636445
0.10301732206216699 0.06436842549278894 0.2845530414602444 0.12873685098557788 0.09034964224785483 0.06957957024311304 0.14353198162123385 0.11586316588702011
0.10253004046513789 0.06419450758782413 0.28716091333063615 0.12838901517564827 0.0898768599358984 0.06915437919571316 0.14314417065105858 0.11555011365808343
0.10233099483828739 0.06413173108890867 0.2881091442032893 0.12826346217781734 0.08970117478414674 0.06902218851941111 0.1430041884281038 0.11543711596003563
0.10225399307789787 0.06410906204877012 0.28845415659160073 0.12821812409754024 0.0896367529518504 0.0689779596925207 0.14295363985203366 0.1153963116877862
0.08180883832431135 0.11243321817691573 0.14434074926809287 0.14054152272114467 0.09562117681205586 0.1612808520212426 0.09532381541086335 0.16864982726537361
0.10168217502144603 0.08120282653166233 0.2401712437155092 0.13457718842533464 0.09103584224570009 0.08502454167370677 0.1489824796568621 0.11732370272977892
0.09802366411657873 0.13521672165033183 0.11145710180618157 0.11788124451567392 0.11510126574643649 0.20090827333535777 0.079954235410631 0.1414574934188087
0.1069737311149489 0.06782613425225738 0.22065704168217112 0.13565226850451476 0.1000697102814658 0.09549191643166449 0.1512421560789142 0.12208704165406328
0.10564312673989922 0.06570811789033505 0.2636178644208824 0.1314162357806701 0.09383455880594198 0.07498618844599582 0.14651929571367248 0.11827461220260309
0.10385068379323995 0.06470088813490227 0.27952810963494634 0.12940177626980454 0.09123367439476746 0.07054994543765877 0.14427332369185672 0.1164615986428241
0.10289105975130247 0.06431585704893003 0.285332661427416 0.12863171409786006 0.09021086957133602 0.0694345335776166 0.14341476183746485 0.11576854268807406
0.10247465424319846 0.06417559222490149 0.28744404360153064 0.12835118444980298 0.08982468029683743 0.06911178696397687 0.14310199221492959 0.11551606600482268
0.10230885673993172 0.06412492595579755 0.288212074332761 0.1282498519115951 0.08968196481476211 0.06900844552775938 0.14298901399695751 0.11542486672043561
0.081820229573383 0.11243640300178591 0.14428779815868384 0.14054550375223238 0.09563289888112944 0.16129604654163593 0.09532651558847066 0.16865460450267883
0.1016860156326691 0.08120447857751241 0.24015208241038238 0.13457936355880643 0.09103927696670523 0.08502829623491057 0.14898488761902864 0.11732559899998508
0.08206534890020581 0.1130894806150324 0.13366196786541412 0.14136185076879051 0.09626949785642723 0.1680374212457929 0.09588021182578836 0.1696342209225486
0.10211630168226152 0.08158926626666249 0.23590862910303104 0.1351052937369756 0.09148933334257237 0.08643995969056634 0.14956711394569538 0.11778410223223514
0.08114505041072924 0.12568865855943617 0.1309585775287058 0.13108352609574986 0.09940157292700415 0.1695555622868751 0.09831264457181241 0.16385440761968734
0.06548627540341535 0.11307180145617468 0.06785029585616546 0.08261999149431831 0.13565509160936054 0.2709325713987471 0.09914398979318195 0.16523998298863662
0.07303246590567494 0.10910858794789167 0.09185682357520464 0.13638573493486458 0.10235149965091611 0.23109689889039803 0.0925051071732125 0.1636628819218375
0.0676370798863363 0.09951388205019637 0.14125003852125512 0.19902776410039275 0.06504094033865648 0.14716074915304442 0.10124455825976503 0.17912498769035348
0.10019524182131571 0.0806389101429254 0.2411307748827561 0.13677495500191897 0.08690284067106968 0.08370207551854478 0.15141549760082196 0.11923970436064729
0.10059371264677118 0.15615044393638813 0.12325481195953683 0.12234267635382272 0.1225860524740566 0.20990968955176378 0.09175700726536705 0.07340560581229365
0.07972608399005916 0.10979889838908803 0.10473056634979684 0.13724862298636004 0.10039989032330515 0.21030722000440136 0.09309037037335725 0.16469834758363205
0.10366681771089582 0.06852138877364855 0.21919626341202808 0.1370427775472971 0.09771858821473087 0.09772319465654715 0.15279246989228498 0.1233384997925674
0.10517855646297374 0.06581447993430949 0.26322828387938507 0.13162895986861897 0.09347262135253016 0.07545456742362205 0.14675646719680355 0.1184660638817571
0.12122394488947609 0.07549167764922877 0.2037114096302808 0.09436459706153597 0.14181738046026526 0.10987416238269854 0.14027931145267136 0.11323751647384314
0.10850995440440192 0.0650649850197109 0.2551535743617018 0.1301299700394218 0.10197415274780089 0.07696518498932163 0.14508520540216133 0.11711697303547963
0.10477036293252087 0.06474820139526873 0.27611316324906787 0.12949640279053745 0.09299620633654249 0.07095007558378556 0.14437882520079323 0.11654676251148369
0.09481809758127477 0.1294532106713254 0.16289631028570897 0.16181651333915673 0.08317517802060394 0.1398904713111182 0.08231535678557104 0.14563486200524106
0.10343600738978306 0.08265092323574748 0.2472200949747586 0.1334238101279055 0.08817074747736127 0.08107458087996453 0.14770564246963894 0.11631819344484069
0.09861430259878984 0.13529595864032942 0.11288139734719439 0.11795032291721029 0.11445308335462918 0.19926345905386936 0.08000108858732523 0.14154038750065234
0.1072025341474595 0.06778856480733468 0.22121311851984526 0.13557712961466936 0.09987959694722527 0.09516125748614726 0.15115838182411642 0.1220194166532024
0.10581342266599261 0.06568051787463207 0.2637944335995039 0.13136103574926414 0.0937628551505218 0.07490505098768781 0.14645775179806017 0.11822493217433774
0.10401679613313611 0.06468183908615172 0.2795619012633037 0.12936367817230343 0.09119803349880165 0.07051959433494571 0.14423084715628456 0.1164273103550731
0.10305835102866505 0.0643005193184822 0.2853150493451574 0.1286010386369644 0.09018730697141407 0.06941623893826919 0.1433805609877797 0.11574093477326795
0.10264260607273891 0.06416167173788968 0.2874082271924675 0.12832334347577937 0.08980533484408246 0.06909685594226275 0.14307095160657787 0.11549100912820141
0.12004162550082116 0.07510027962943364 0.2109764720656975 0.09387534953679204 0.14004346556787908 0.10776037610799505 0.13955201214723115 0.11265041944415044
0.10801296058274393 0.06490124595340355 0.257933604908738 0.1298024919068071 0.10137422806700318 0.07643313414221535 0.14472009172296252 0.11682224271612639
0.104582219479684 0.06468111872996694 0.27713789281179746 0.1293622374599339 0.09278669738384317 0.07079457955132563 0.1442292408695084 0.11642601371394051
0.10326649760078513 0.064337236635053 0.2843891432411144 0.128674473270106 0.09056186078903541 0.06950132739727452 0.1434624351235361 0.1158070259430954
0.08213782426429435 0.11246011621751112 0.14344078107254782 0.14057514527188888 0.09583795468755932 0.16151138388856362 0.09534662027136812 0.16869017432626665
0.13682055967240692 0.10919892454949866 0.19343970317169887 0.10857420429083135 0.1224679109244298 0.11464815556694963 0.12019610731422925 0.09465443450995553
0.1038286962539999 0.13215440441309081 0.10103962572357654 0.11521153205243814 0.12093778040080434 0.21043064877933695 0.0781434739138276 0.13825383846292577
0.10861428171966098 0.06782314711097835 0.21592348033690856 0.1356462942219567 0.10140906463531678 0.09726657197571362 0.15123549519970397 0.12208166479976103
0.12292819612815357 0.07604995010496816 0.1891494737689657 0.0950624376312102 0.14523872415205963 0.11617959472780941 0.14131669832938115 0.11407492515745224
0.10942780109599454 0.06537149724688933 0.24951587817875812 0.13074299449377866 0.10313600376014559 0.07836844825935746 0.1457686819206756 0.1176686950444008
0.10520431876078563 0.06487563321239687 0.2740155367951941 0.12975126642479373 0.09340192781607495 0.07131219807512554 0.1446629791333148 0.11677613978231435
0.10352641250039289 0.064409784714368 0.2832429961674627 0.128819569428736 0.09078022225096648 0.06965919593987452 0.14362420651233698 0.1159376124858624
0.10284663001600602 0.06420483358219366 0.28664041870314344 0.12840966716438731 0.08998193758252064 0.06918061642649094 0.1431671960773094 0.11556870044794858
0.08206014576259024 0.11243319454793191 0.1439354907537596 0.1405414931849149 0.09569660916959752 0.16135947938171352 0.09532379537759446 0.16864979182189788
0.10333666653309322 0.08105829540814927 0.23963852814776046 0.1342682477805862 0.09088971966117382 0.0851137029457491 0.1486404696634898 0.11705436985999824
0.07224787364674112 0.10918865799562144 0.08604172952893394 0.08542979462337294 0.1381498678037233 0.2355667336068138 0.1025157535480475 0.17085958924674588
0.07479784775260542 0.10996349498212803 0.09651631549454902 0.13745436872766004 0.10360016327065373 0.21949264764045093 0.09322991965876072 0.164945242473192
0.10281583686649101 0.06871257395582078 0.21591037179203154 0.13742514791164157 0.0986679589589127 0.09956669308119766 0.1532187843134272 0.1236826331204774
0.10514035797004931 0.06589507626132704 0.2620064153300121 0.13179015252265408 0.09377415691257483 0.07584651875624376 0.14693618497675012 0.11861113727038866
0.08258479966330597 0.11269172018540512 0.1384632381975297 0.1408646502317564 0.09665271307201298 0.1641623182146908 0.0955429801571913 0.16903758027810767
0.1036418566100527 0.08123901780843908 0.23743407548126244 0.1345239510540236 0.09122180843151802 0.0857384562538323 0.14892354369838995 0.1172772906624821
0.12032779512350218 0.08589861801281266 0.1902277291365474 0.08958757803088756 0.1438080372735469 0.11596326507316117 0.1422025048109326 0.11198447253860944
0.100140978191932 0.13187624030735343 0.10026941983990563 0.1149690300115389 0.1261654242085552 0.21063707715817237 0.07797899426869594 0.13796283601384665
0.07999410778930889 0.11035202321240109 0.10002158584247961 0.13794002901550137 0.10148901737123467 0.21111587792256745 0.09355932402790527 0.16552803481860162
0.11727476569505552 0.07745780441735849 0.15326652634143473 0.0968222555216981 0.14760518814002013 0.14745396743808015 0.14393278582031538 0.11618670662603772
0.10942524780317815 0.06620523204186884 0.23567573236075418 0.1324104640837377 0.1048631941436193 0.08462292581602704 0.14762778607545082 0.11916941767536393
0.10571002588739742 0.06521740789156524 0.26892110458165314 0.1304348157831305 0.0942043479635578 0.0726958780311644 0.1454250856567141 0.11739133420481743
0.10382519243050871 0.06453501606251792 0.28138760908518407 0.12907003212503584 0.09110383285888464 0.0700118347978712 0.14390345372746532 0.11616302891253226
0.10298177679199363 0.06424961287422781 0.28596527948608447 0.12849922574845563 0.09010466744995478 0.06928308726060449 0.1432670472150692 0.11564930317361007
0.10263586391719068 0.06414187617301056 0.28763614697309814 0.12828375234602113 0.08976429159740382 0.06905588143039713 0.14302681045145937 0.11545537711141901
0.10250097030525407 0.06410232709521853 0.28824511881729126 0.12820465419043706 0.08964491645985903 0.06897920244971603 0.14293862191083057 0.11538418877139335
0.10244985224990777 0.06408791373620049 0.288467026313978 0.12817582747240097 0.08960238102116166 0.0689522722097222 0.14290648227146796 0.11535824472516087
0.1024307949170506 0.06408266760038696 0.28854789852711216 0.12816533520077392 0.08958708643963652 0.06894263146273426 0.1428947841716091 0.1153488016806965
0.12000104988983801 0.07507787710530418 0.21131320814454135 0.09384734638163024 0.13993994191637743 0.10769337732807822 0.13951038357627418 0.11261681565795628
0.10801036798862557 0.06489172489215135 0.2580582479514464 0.1297834497843027 0.10134014012759399 0.07641210327258353 0.14469886117742406 0.11680510480587242
0.08300089079115688 0.11248952056959664 0.13747404721732978 0.1406119007119958 0.09816207236308366 0.164155737444306 0.09537155004813629 0.16873428085439496
0.07833903544363309 0.12980162373539225 0.1074061682039646 0.12892954385917904 0.10109168543059033 0.19657285560888252 0.0966971578943843 0.16116192982397382
0.07745172757423037 0.13199864550932594 0.09991405600298674 0.1275892232600194 0.1007619096604985 0.20710599147290032 0.09569191744501455 0.15948652907502422
0.07710006847481567 0.1320992792464399 0.09803952391850762 0.12723755495968414 0.10044075462218315 0.21060770885900118 0.09542816621976312 0.15904694369960518
0.09395322737628838 0.16113408024223527 0.08930887324290551 0.11634036447346328 0.12364489290939254 0.25855906971653964 0.08725527335509747 0.06980421868407798
0.07786740660123347 0.10867076504801931 0.09631824900110815 0.13583845631002414 0.0996774389096731 0.22648762706067901 0.09213390949723377 0.16300614757202897
0.11653424835213223 0.07730515816806713 0.15181934223266177 0.09663144771008392 0.146821697935292 0.15128123115676131 0.14364913719290084 0.11595773725210069
0.10929535151177562 0.06622622652134703 0.23509544236018817 0.13245245304269407 0.10474102103646031 0.08530769715792726 0.1476746006311828 0.11920720773842466
0.10570198420097678 0.06523137290198593 0.26870880504996386 0.13046274580397185 0.09419836617777196 0.07282402909613263 0.14545622554562235 0.11741647122357467
0.10383144288294088 0.06454042392301927 0.2813110927967677 0.12908084784603854 0.09110959334596501 0.07003832369459405 0.14391551244923995 0.11617276306143466
0.10298612462007255 0.06425152423829249 0.28593764314917897 0.12850304847658497 0.09010827368396783 0.06928933293132153 0.14327130927165516 0.11565274362892648
0.1201999606854674 0.07511771506803414 0.21052541825674878 0.09389714383504268 0.14016713545319567 0.10783164326408332 0.13958441083537687 0.11267657260205119
0.09748081655079667 0.12830856181431555 0.14529560026109758 0.16038570226789442 0.09146433147092604 0.15113034617932705 0.0815875094145376 0.14434713204110497
0.12024257855496456 0.09261722396062194 0.16099721263890174 0.089692479923139 0.1483490313438943 0.13361685792354025 0.1423690157510143 0.11211559990392377
0.12502775415980716 0.07518480252731459 0.1697950291771868 0.09398100315914322 0.1589780535437441 0.12454708028883732 0.139709073352995 0.11277720379097185
0.12570083616142463 0.07472373253600341 0.17195549510062527 0.09340466567000426 0.16163743813549603 0.12163992462628564 0.13885230896615558 0.11208559880400511
0.08512028515880758 0.11071819145472966 0.11676834395616328 0.13839773931841212 0.10987734606320619 0.17917103585062008 0.09386977101596647 0.1660772871820945
0.14054070721774276 0.10828291992476587 0.18221834658667385 0.10773884391843243 0.12989145981859787 0.11813022186979914 0.11927132904279046 0.0939261716211975
0.10441966764885899 0.13184118092372368 0.09876294642287985 0.1149384654206822 0.12258488263828128 0.21156843493803187 0.07795826350272357 0.13792615850481862
0.08074670318784857 0.11034977506674068 0.09968915234338156 0.13793721883342586 0.10073203565845708 0.21146303431866822 0.09355741799136712 0.165524662600111
0.10520523603253841 0.0814873006579549 0.2203534088374422 0.1351784038207775 0.09589860145566315 0.09438116015345036 0.14964804981380336 0.11784783922837017
0.12194116366148534 0.08545684864771212 0.18401409443191402 0.08901302439548932 0.14935821705177352 0.11765985640378904 0.14129051491347508 0.11126628049436163
0.07328291903035482 0.09615280280006974 0.07229099511794768 0.0838255203898044 0.15508091195071394 0.2569565260125913 0.09475928391890931 0.1676510407796088
0.10198397176748158 0.06813539180956019 0.20349220604731358 0.13627078361912037 0.10944353353408487 0.1060986536913761 0.15193175427385508 0.12264370525720833
0.09178338145523111 0.05760895348760546 0.2242106523263696 0.11521790697521092 0.11193220984365147 0.08970625030688716 0.17127915723479115 0.1382614883702531
0.08027833937845509 0.11297687481291636 0.12996536410129345 0.14122109351614545 0.10066010264110875 0.1696481716414947 0.09578474168921171 0.16946531221937453
0.11646576089160621 0.09067520270329679 0.15630892270697044 0.08993915657163742 0.15266256233845846 0.13876388308675794 0.14276056598672607 0.11242394571454677
0.08345825724445413 0.11087549874526835 0.11321308389572829 0.13859437343158545 0.10790349433722748 0.1856389039872802 0.09400314024055362 0.16631324811790252
0.10553134437298635 0.08115500357376437 0.22584837632034338 0.13452132727542832 0.09713961663706078 0.08960868948702956 0.1489206390676292 0.11727500326575803
0.0843278631713603 0.12462561664884761 0.12813412586824097 0.12985745123919168 0.10348158336080397 0.169858457233172 0.09739308842939377 0.1623218140489896
0.0971011446083034 0.1610705566742219 0.09633649799208638 0.11761024374448437 0.12668407276781876 0.24242365515803133 0.08820768280836327 0.07056614624669062
0.07867062423273152 0.10904477859787717 0.0981706441977836 0.13630597324734645 0.10063329944606977 0.2211565044396973 0.09245100794167847 0.16356716789681575
0.1167739638049109 0.07733029931815683 0.152466906005506 0.09666287414769602 0.14715620267242563 0.1499184503709274 0.14369585470314214 0.11599544897723521
0.10932935484405544 0.0662136362779151 0.2353500132851331 0.1324272725558302 0.10478995266550516 0.08505869880384344 0.14764652626747038 0.11918454530024719
0.09602267930218107 0.12986723213304344 0.15261949516012943 0.1623340401663043 0.08557521639822072 0.14490208025802284 0.08257862043242435 0.14610063614967383
0.10716266622346092 0.08245856914488853 0.24185835516445087 0.13277480670573036 0.09125540801991074 0.08175063014926688 0.14698716900268072 0.11575239558961106
0.08466281238902001 0.1249197569131396 0.13178828418084046 0.12985951300130574 0.10216703959378945 0.16688356791929324 0.09739463475097931 0.16232439125163217
0.07928378983371709 0.13147324463847032 0.1055996547447968 0.12793859873944646 0.10316379476521197 0.1966637197994646 0.09595394905458486 0.15992324842430808
0.11609743909906756 0.09301101410022784 0.14806747589932404 0.08959917033909168 0.1532865608072302 0.14571847153104867 0.1422209053001455 0.11199896292386458
0.07157640886812294 0.09517390139280235 0.06666897874638318 0.0829721191629559 0.15454528107494725 0.2693245029403179 0.09379456948855884 0.1659442383259118
0.07383026816531635 0.10851553161837922 0.0912169657322569 0.13564441452297402 0.10597744610238104 0.23003977788510646 0.09200229854601717 0.1627732974275688
0.08834139576559914 0.1296341754931643 0.11486287794223983 0.16204271936645537 0.08541283289088294 0.19143712430369514 0.08243042680815338 0.1458384474298098
0.10664142604223643 0.08345273591178533 0.22651815414806 0.13440972653932512 0.09246824621343781 0.09053490836363359 0.1487970924651869 0.11717771031633471
0.08451211134478732 0.12506026202616857 0.1282541568939727 0.12982532179127834 0.1025194455064285 0.17017805885480763 0.09736899134345876 0.1622816522390979
0.07920880852395552 0.13142198119711707 0.10476396069049261 0.1278592924979977 0.10322815863457625 0.19779921345986548 0.0958944693734983 0.15982411562249713
0.0951145121018255 0.16128709245655024 0.09082952890839423 0.11653323314128755 0.12567928620475613 0.25323648244644814 0.08739992485596566 0.06991993988477253
0.09169123684446906 0.12763567716260474 0.0791681591803883 0.11127212880842467 0.11756804902424775 0.2636666635657811 0.07547153084397498 0.1335265545701096
0.09084713897046524 0.12755816182582597 0.11035803343090535 0.15944770228228247 0.08652460573186539 0.20065107280448388 0.0811103529001176 0.1435029320540542
0.10726966140200976 0.08320867768706691 0.22439782897766775 0.13437178131755112 0.09272265006130312 0.09212968514295083 0.14875508554486733 0.11714462986658303
0.10478107882602725 0.15478040842983137 0.11866133694533397 0.12055485423691822 0.12700639951505985 0.21146686882699 0.09041614067768868 0.07233291254215093
0.08043658452827482 0.10962065954590101 0.10360529146848795 0.13702582443237624 0.10122696094763352 0.21071443492608066 0.09293925483239433 0.1644309893188515
0.10387643834968832 0.06852450596956906 0.2186913065826985 0.13704901193913813 0.09790580169354551 0.09780940394620162 0.15279942077393457 0.1233441107452243
0.08408549992872799 0.12219836006165485 0.1265828529580873 0.13003170943831224 0.10387994921109389 0.1731582095254993 0.0975237820787342 0.1625396367978903
0.06739990046507541 0.1113591230492623 0.06663573563990588 0.08160470768244532 0.14098263745513628 0.27088283112434974 0.09792564921893439 0.16320941536489064
0.07331934569217452 0.10893997682158273 0.09148273945464126 0.13617497102697843 0.10336956134236006 0.23094128616811227 0.09236215426177666 0.16340996523237405
0.07553824720690615 0.1109903303830335 0.09838791179313579 0.1387379129787919 0.09694351133652702 0.2188160932283964 0.09410049749865886 0.16648549557455025
0.10429259412747754 0.08163182837074273 0.21989060725089446 0.13528234140943496 0.09550791448421561 0.09569314987507242 0.14976311299701386 0.11793845148514845
0.10414072864380623 0.15429566902952666 0.11764415004947673 0.1204942286537354 0.12772295198244624 0.21303506295846586 0.09037067149030155 0.07229653719224124
0.06819229415601213 0.09305978286410577 0.061212383495812844 0.0811290414712717 0.14344666518887497 0.2989906595225503 0.09171109035882888 0.1622580829425434
0.1009539075736855 0.06820823476920426 0.19853883972477432 0.13641646953840852 0.10720383987055956 0.11380970273702223 0.15209418320177787 0.12277482258456769
0.12110874257028582 0.07618951913639324 0.18367703366326396 0.09523689892049154 0.14731589335716747 0.12061158689436105 0.14157604675344712 0.11428427870458985
0.12478528107464099 0.0748361675662842 0.17669700548772724 0.09354520945785523 0.15807205539809424 0.1207487929196676 0.13906123674630422 0.11225425134942629
0.1255242598037424 0.07464311319517665 0.17409475623297135 0.09330389149397081 0.16121041195619673 0.12055639614011007 0.13870250138506707 0.11196466979276497
0.14502134192174465 0.0860939589840635 0.1998341965493289 0.10761744873007936 0.14033622612353325 0.10425569965303072 0.11998542418114819 0.09685570385707143
0.0887583360247048 0.11083545982690629 0.12328476494330458 0.13854432478363288 0.10549769428171973 0.17285703619829954 0.09396919420107273 0.16625318974035944
0.10650223510160654 0.08084475605851896 0.22988524361345794 0.1340047802257762 0.09643393928775347 0.08715556526611277 0.1483488002499435 0.11682468019683051
0.07351312342561268 0.10823799229202964 0.08411324269516567 0.08461786374792828 0.14388228793403898 0.23485832591185432 0.1015414364975139 0.16923572749585655
