Action: 0
[0.11928905567367529, 0.07917055847818946, 0.19602032267372232, 0.07894239365087534, 0.22889510275276478, 0.13979777946902203, 0.07894239365087534, 0.07894239365087534]
[0.08909836695544206, 0.08909836695544206, 0.3264169232761947, 0.08909836695544206, 0.09130810083670005, 0.1367831411098951, 0.08909836695544206, 0.08909836695544206]
[0.0926260482888142, 0.08477870411216541, 0.21514689844645313, 0.08477868892871028, 0.20096790322934685, 0.15214437913708964, 0.08477868892871028, 0.08477868892871028]
[0.125, 0.125, 0.125, 0.125, 0.125, 0.125, 0.125, 0.125]
[0.19828759673315915, 0.08358999039143726, 0.26150257593886134, 0.08348174118985119, 0.12047408046992349, 0.08570053289706524, 0.08348174118985119, 0.08348174118985119]
[0.2133530382514988, 0.0829010738623854, 0.23345725248993143, 0.0828897236386621, 0.1254314978588892, 0.09618796662130895, 0.0828897236386621, 0.0828897236386621]
[0.125, 0.125, 0.125, 0.125, 0.125, 0.125, 0.125, 0.125]
[0.125, 0.125, 0.125, 0.125, 0.125, 0.125, 0.125, 0.125]

Action: 1
[0.09391357368723754, 0.09391357368723754, 0.09391357368723754, 0.09391357368723754, 0.24869141050209967, 0.1878271473744751, 0.09391357368723754, 0.09391357368723754]
[0.10109951515280109, 0.10109951515280109, 0.10109951515280109, 0.10109951515280109, 0.19120387877759135, 0.20219903030560218, 0.10109951515280109, 0.10109951515280109]
[0.08779610012764937, 0.09329737400366547, 0.08779610012764937, 0.08779610012764937, 0.13493501334689315, 0.33278711201119454, 0.08779610012764937, 0.08779610012764937]
[0.125, 0.125, 0.125, 0.125, 0.125, 0.125, 0.125, 0.125]
[0.08749479502497398, 0.1563417698443145, 0.08749479502497398, 0.08749479502497398, 0.11538003822829469, 0.2908042168025209, 0.08749479502497398, 0.08749479502497398]
[0.17889616216766768, 0.08944808108383384, 0.08944808108383384, 0.08944808108383384, 0.13773633333320773, 0.2361270990799555, 0.08944808108383384, 0.08944808108383384]
[0.125, 0.125, 0.125, 0.125, 0.125, 0.125, 0.125, 0.125]
[0.125, 0.125, 0.125, 0.125, 0.125, 0.125, 0.125, 0.125]

