0.125 0.125 0.125 0.125 0.125 0.125 0.125 0.125
0.09592326139088728 0.15987210231814547 0.08633093525179857 0.14388489208633093 0.11990407673860912 0.19984012789768185 0.10791366906474821 0.08633093525179857
0.06430745814307458 0.11377473363774733 0.056062912227295786 0.09918822932521562 0.12861491628614916 0.22754946727549466 0.11212582445459157 0.19837645865043124
0.07221848439783174 0.12777116470385616 0.09027310549728966 0.15971395587982018 0.0967134182240432 0.15332539764462738 0.10832772659674761 0.1916567470557842
0.09869048124141867 0.07771875397761721 0.19738096248283735 0.15543750795523442 0.0860378554412368 0.07714910569923399 0.1720757108824736 0.13550962231994795
0.07372169680910665 0.12286949468184441 0.10447572871737512 0.1474433936182133 0.0921521210113833 0.16445077792565052 0.11058254521365998 0.1843042420227666
0.10830335992433227 0.08528889594041167 0.14259169784101644 0.102346675128494 0.13537919990541536 0.13570178746321432 0.1624550398864984 0.1279333439106175
0.07156948033173556 0.1266229267407629 0.08946185041466943 0.1582786584259536 0.10483096138921527 0.15194751208891547 0.10735422049760332 0.18993439011114432
0.10727622949565487 0.08448003072782821 0.13952663105558297 0.10137603687339385 0.14727206907969206 0.13243461243262344 0.16091434424348228 0.1267200460917423
0.07094464781691251 0.1255174538299221 0.08868080977114064 0.15689681728740265 0.11264617422846347 0.15062094459590653 0.10641697172536876 0.18827618074488317
0.11353032873264636 0.0837836622667653 0.13837790747353518 0.10054039472011837 0.14715786616396093 0.1313464191156539 0.159587928127172 0.12567549340014794
0.08429166006942453 0.14913139858436644 0.07348503698360086 0.1300119885094477 0.13992580696026247 0.17895767830123976 0.08818204438032103 0.1560143862113372
0.06889940461579012 0.12189894662793636 0.08612425576973766 0.15237368328492046 0.11338419970008273 0.17112198313594276 0.10334910692368518 0.18284841994190454
0.10527893272423687 0.07419244280393163 0.20393168682059445 0.14838488560786325 0.0910327179511573 0.08354998373591563 0.16426816803149696 0.12936118232480387
0.08318470445582246 0.11718780904996394 0.11429588168074373 0.14062537085995672 0.09568883417732434 0.16776665805627525 0.10546902814496754 0.17578171357494587
0.07891670369777341 0.11481004885528198 0.09920182524676474 0.13777205862633837 0.09419155294344025 0.1995636933777244 0.10332904396975379 0.17221507328292296
0.07690234040203749 0.11240324985967128 0.09520090052515061 0.13488389983160554 0.0922134366883466 0.21862837302997737 0.10116292487370417 0.16860487478950692
0.07392113870034087 0.12190446853710409 0.08612815711860615 0.15238058567138013 0.10287860162159623 0.17657655700298905 0.1033537885423274 0.18285670280565613
0.07656173201944527 0.11284126782966093 0.09362920093287842 0.1354095213955931 0.09326711535603137 0.21747211967520455 0.10155714104669483 0.16926190174449138
0.07373809396625497 0.1216107334350278 0.08592062688344357 0.15201341679378474 0.10510099818729789 0.176095278321517 0.10310475226013228 0.1824161001525417
0.11897372397214301 0.07977239540837269 0.14014127659458558 0.09572687449004723 0.13989469208100785 0.15388502451581285 0.15194741982547177 0.11965859311255904
0.07599047897323209 0.12056222386228461 0.08517983207661411 0.15070277982785574 0.11828356127084658 0.16622198970380295 0.10221579849193696 0.18084333579342687
0.10677768902201791 0.07116301916601482 0.20839671898078413 0.14232603833202964 0.09552620663860964 0.09417044248393495 0.1575607750358651 0.12407911034074377
0.07299313274605149 0.09653796046559368 0.07860186718604284 0.08688416441903431 0.13612061572514633 0.25083293331722145 0.10426099730284116 0.17376832883806861
0.05928284287008945 0.09777529989925898 0.04817913328369284 0.08524000504037964 0.15995393666317836 0.28273050559525575 0.09635826656738568 0.17048001008075928
0.10270992709766207 0.07812484774798115 0.12097690975900063 0.09765605968497643 0.17943637904514992 0.15873631333245736 0.1451722917108008 0.1171872716219717
0.0718250682436535 0.1151085961118511 0.08132672551380785 0.14388574513981386 0.12680902515566758 0.19078987505085993 0.09759207061656942 0.17266289416777664
0.09609787931775118 0.07234954875913276 0.1792541058808364 0.1446990975182655 0.1160036321090343 0.10003785335578823 0.16132869529275276 0.130229187766439
0.14454718115584048 0.0922771372922126 0.20187732291639615 0.11073256475065511 0.12381223829341977 0.10763197243409485 0.12258550106706631 0.09653608209031472
0.07504829228687933 0.11587425548272696 0.09854705970459184 0.1448428193534087 0.1123456742632503 0.18128929908013172 0.09824121660492069 0.17381138322409043
0.10727254656941139 0.06944677473018576 0.21890116579392696 0.13889354946037152 0.09277112489237613 0.09786728565331043 0.15376086875547842 0.12108668414493928
0.12544072010479637 0.07507505991826884 0.18812473700601778 0.0900900719019226 0.1399302555592701 0.12572645150228512 0.14300011413003585 0.11261258987740323
0.08590312759781403 0.13469032525796076 0.07914781761040973 0.11742233484027349 0.13632278170529674 0.22596383624477506 0.07964297493514201 0.14090680180832818
0.10394781164306495 0.07696919458243796 0.1290896036279907 0.09621149322804744 0.1706948351901352 0.16460842320521124 0.1430248466494556 0.11545379187365692
0.09508223546443399 0.06920228919943662 0.19468937594928795 0.13840457839887324 0.1259763906041783 0.09777023360994094 0.15431077621486317 0.12456412055898591
0.10596770705237414 0.07793085984793648 0.1637226134855107 0.09741357480992059 0.16877699802074633 0.1244801353538746 0.1448118216577327 0.11689628977190471
0.09999860815188116 0.06719333159679919 0.21826543651374425 0.13438666319359838 0.122466909439499 0.08690995362483943 0.1498311006054 0.12094799687423856
0.0972955292263249 0.0661006766361162 0.253235381501077 0.1322013532722324 0.10731664342188378 0.07747455487144969 0.1473946431259069 0.11898121794500917
0.09436252116182021 0.06424967341217744 0.27969968701279996 0.12849934682435488 0.1006548660776744 0.07361731116359245 0.14326718220566131 0.11564941214191939
0.10731888637801486 0.07324267602837656 0.21996123846468424 0.09155334503547068 0.1509017802301068 0.11105786332029126 0.13610019650049074 0.10986401404256481
0.09927080804307098 0.0623956171991519 0.2720256772499059 0.1247912343983038 0.11095508649907745 0.07911655207659432 0.13913291357542226 0.1123121109584734
0.09588608306191124 0.06137210539359337 0.3033071251696364 0.12274421078718674 0.09815560617772313 0.07121444468949806 0.13685063501198283 0.11046978970846807
0.09342494987011479 0.06011007683281082 0.3226766743790531 0.12022015366562164 0.09301637810355726 0.0683171291658734 0.13403649968390946 0.10819813829905946
0.09164105350826118 0.05916561565959712 0.3352062989293837 0.11833123131919424 0.09043248060244617 0.06679471956184563 0.13193049223199715 0.10649810818727481
0.12234201592682255 0.07918509824357178 0.29060494565035505 0.09898137280446473 0.12033577978500623 0.08911070805839547 0.1103568440073659 0.08908323552401826
0.10112647220878003 0.058432846341188345 0.3203021981716069 0.11686569268237669 0.09727488736296272 0.07052225379844577 0.13029652602050057 0.10517912341413903
0.11346385036335316 0.06915978271768648 0.25023204024084894 0.08644972839710811 0.14331514714247073 0.10512644947466018 0.1285133275873428 0.10373967407652973
0.10316125410437191 0.0591531303441954 0.3015885577808328 0.1183062606883908 0.10473196181540392 0.07468054880512207 0.1319026518421312 0.10647563461955172
0.09905080370935898 0.058496120503656795 0.3292274685249161 0.11699224100731359 0.0929505703432152 0.06755216104605676 0.13043761795890038 0.10529301690658224
0.1306777957170741 0.0779203948126672 0.2897782633583291 0.097400493515834 0.11980223280622064 0.08816609404901536 0.10859428157660894 0.0876604441642506
0.08810262058999967 0.10336680023813433 0.16500959845204033 0.12920850029766792 0.10507429618378326 0.16655091411405912 0.0876370697671139 0.1550502003572015
0.09216797818359322 0.12316338324200947 0.14605564306115593 0.15395422905251183 0.08904693164735737 0.1787371817133119 0.0783158469527995 0.13855880614726063
0.10687196277422847 0.06389090595926825 0.2525562371469977 0.1277818119185365 0.0964507050454777 0.09497756209575374 0.14246718433305483 0.11500363072668283
0.10533987208976213 0.059987482847834325 0.30650360684242434 0.11997496569566865 0.09324425364218286 0.07320921636100429 0.1337631333950216 0.10797746912610179
0.10205261109419175 0.05808371748665917 0.3329295541507058 0.11616743497331834 0.08984187588051745 0.06685609415493608 0.12951802078368477 0.10455069147598652
0.0997816532614232 0.057185426390586776 0.34578731154828174 0.11437085278117355 0.08774367369808572 0.06468234910465168 0.12751496571274124 0.10293376750305619
0.13317818050844132 0.07673569828971862 0.297498029206283 0.09591962286214828 0.11711174043945907 0.08628584680753158 0.10694322131048473 0.08632766057593344
0.14675632967791857 0.07593471971467235 0.272523120187571 0.09491839964334044 0.12711445172548233 0.09149948723234427 0.10582693213966463 0.08542655967900639
0.09438345250872356 0.1024439801408325 0.15997276057244175 0.12805497517604064 0.1074011064219442 0.167223076153715 0.08685467881505365 0.15366597021124875
0.1073654527472723 0.06275313011806437 0.2593643487444888 0.12550626023612874 0.10067027157512357 0.09145478834194648 0.1399301140244599 0.11295563421251584
0.10617465208138865 0.05942063445228214 0.3100861133014002 0.11884126890456428 0.09405909455983082 0.0719619486092476 0.1324991460771784 0.10695714201410786
0.085465106960518 0.1047417336022779 0.17330151064151825 0.13092716700284737 0.09929662400513396 0.16035248324322604 0.0888027741410617 0.15711260040341682
0.08046802730197086 0.10595915762625246 0.1288823514293844 0.1324489470328156 0.1011338849816015 0.20233395720112154 0.08983493798747492 0.1589387364393787
0.10419451254081404 0.07098552820796204 0.24218856414931342 0.12680342342987816 0.10028666724881004 0.10004186915406463 0.14137635418226713 0.11412308108689034
0.08470232568645682 0.11327889818047762 0.1507767936699208 0.130909048303378 0.10108611201259263 0.17336547924691623 0.08879048493620421 0.1570908579640536
0.07906646635022409 0.11733343554783876 0.12025213758297398 0.12996944137504776 0.10017459100598981 0.20908741216392296 0.08815318632394543 0.1559633296500573
0.10338437810203586 0.07804427617907933 0.23604489325435546 0.1258583645884255 0.09973734208357815 0.10333553356211614 0.14032268410082663 0.11327252812958297
0.08378459957327979 0.12028195698845477 0.14786465804357496 0.1294237770591855 0.10005913483830774 0.17549425745559655 0.08778308357057799 0.15530853247102255
0.11744106654051781 0.08779006372064113 0.17809005162784494 0.08802761090945956 0.14907340530154628 0.14308571288950186 0.1308589559191369 0.10563313309135146
0.11090305169453499 0.07067460752392887 0.2642267587073966 0.11911860784028028 0.11004868064036881 0.08501318824367206 0.1328083582935662 0.10720674705625224
0.1406815270479024 0.088745419487251 0.25842514740598993 0.09658515755960095 0.1274733329810672 0.09347753088317172 0.107685242831376 0.08692664180364086
0.09192254898183724 0.11951867863072793 0.153769403452844 0.1252622645463381 0.10698365786729369 0.16726823659044565 0.0849604924749076 0.15031471745560573
0.13803512280493077 0.10013273504345105 0.20695408250516326 0.1003338575938443 0.13061036328748532 0.12176860331484199 0.11186476361582341 0.09030047183445987
0.11631536327090386 0.07085364740287065 0.2787910419144992 0.11657894065549886 0.10288402860759441 0.07967911264874727 0.1299768189099368 0.10492104658994897
0.10724944364917675 0.06610915573750444 0.31793827423162807 0.11498111329468486 0.0930361678374967 0.06900748264081583 0.12819536064347697 0.10348300196521636
0.10279578306730497 0.06444317380842968 0.33759953508300855 0.11300840872158834 0.08883292753416923 0.0656166616748363 0.12599594226123356 0.1017075678494295
0.1196223111250982 0.07570601113020987 0.2581445171646169 0.08319311959369222 0.1378316918680666 0.1019984457322773 0.12367215987360812 0.09983174351243065
0.10809047455303682 0.06627281765657 0.3057826366234943 0.11388011460286666 0.10286809613804834 0.07364592801722275 0.1269678292661812 0.10249210314258
0.13833973470451388 0.0865056640686014 0.27704692434633055 0.09476137010428365 0.12300570659069252 0.08940351116948413 0.10565185592223864 0.08528523309385526
0.13132859874263664 0.07774688528962934 0.22928247229840137 0.0817372196487654 0.15150998291448167 0.10880231070641748 0.12150786682114975 0.09808466357851847
0.129785659960011 0.0770551927311152 0.20823043644787606 0.08241247747425941 0.16501295919485198 0.11609661829089078 0.12251168293188415 0.0988949729691113
0.11362117505651244 0.06759549228753363 0.2788336606830052 0.11584066426769168 0.11260183883497786 0.07809687519657195 0.12915369583278458 0.1042565978409225
0.1247899319424228 0.07678604727400867 0.23252925833217228 0.0839419759446493 0.14941863594672938 0.10701839429081049 0.1247853851356279 0.10073037113357916
0.11113200737476518 0.06707070427952062 0.29220098867790834 0.11504207344758041 0.1072738199682703 0.07547921348444238 0.1282633266646904 0.10353786610282237
0.12364356351960115 0.07653942955093723 0.23833465068777057 0.08373635563751028 0.14686729566857645 0.10591536143184543 0.12447971673874662 0.10048362676501232
0.08804157225312009 0.11677379575513724 0.1470313535029696 0.12523012708817538 0.11295893050932025 0.17474937349087835 0.08493869489458854 0.15027615250581047
0.10522635289199231 0.07647861536400188 0.24973495012443842 0.12312777991686225 0.10217046592329963 0.09516854788722048 0.13727828596700908 0.11081500192517602
0.10594384720565578 0.06806356552360263 0.3039886026804859 0.1173601268723613 0.09455859253436133 0.0736133677541485 0.13084778324425952 0.10562411418512516
0.10346091101906198 0.06516304421427473 0.33086946036578796 0.11390961973806217 0.0900034398794304 0.06707414172907832 0.1270007252900484 0.10251865776425596
0.09598552061697731 0.1326056118192683 0.203485297529776 0.1455387391546865 0.08291789872887693 0.13444714308033492 0.07403492383086227 0.13098486523921785
0.08172093496699324 0.13029889161224992 0.1359454715815496 0.1276741995570453 0.09417275576442058 0.19038229343668256 0.08659641361260463 0.15320903946845432
0.10417828424771426 0.07896249926889554 0.24444753730591004 0.12452684839904403 0.09746935313539509 0.09950317116735527 0.13883814291654611 0.11207416355913964
0.08464555343309017 0.12005669413194768 0.150375189982055 0.12885891610804615 0.09953614741204167 0.17449683911248925 0.08739996049067476 0.15463069932965534
0.07851311782354771 0.12705314714600394 0.1185949330950651 0.1272687027468385 0.09864157390258069 0.21088470099624998 0.08632138099350785 0.15272244329620618
0.10376345177796324 0.07902881979588976 0.23445806984710807 0.1252149916026687 0.09945498026877816 0.10578082303057296 0.13960537123461716 0.11269349244240182
0.10637434797906468 0.06893574841021141 0.2963421144512504 0.11837490608925368 0.09452245214602696 0.07693382910256225 0.13197918634130223 0.10653741548032832
0.10403396473951382 0.06550283871700326 0.3271093930941103 0.11433529925728757 0.09031928720969008 0.06832212146397967 0.12747532618685642 0.10290176933155883
0.08431621109106163 0.1162571602403444 0.17707782737360742 0.12751481887183613 0.09698257721516712 0.1583453106313171 0.08648831193046277 0.15301778264620336
0.11746679007918519 0.08624637145058635 0.1901718883011995 0.08686338559445994 0.1466486960465882 0.13923854902047647 0.1291282567941524 0.10423606271335194
0.12647693240506255 0.07928649669058657 0.19196227846625774 0.08362286722909794 0.1647708847469421 0.12922209118984965 0.12431100859728587 0.1003474406749175
0.08843005361610778 0.11663088612857216 0.13142019410933353 0.12441836593644497 0.11778029228828571 0.1876300597275851 0.08438810906993659 0.14930203912373394
0.07885950592004229 0.12525168363832928 0.11193080302850429 0.1259414791642225 0.10334153908168725 0.2181240369978921 0.08542117717225528 0.151129774997067
0.1039781639052667 0.07882867228764782 0.23022792904082448 0.12514347375633747 0.10097452990237162 0.10869247055373753 0.1395256341731106 0.11262912638070374
0.14104458773066988 0.09125667389739066 0.24315616218684377 0.09795623339306224 0.12579709237981473 0.10341475029186945 0.10921389006659328 0.08816061005375601
0.13379483383544885 0.07890211266557959 0.214637991449074 0.08228445943190817 0.15377603152918376 0.11554184425681345 0.1223213755137023 0.09874135131828982
0.09044774658494223 0.11663603899092219 0.13891926339261676 0.1244454063603177 0.1146466633470471 0.1811639441604269 0.08440644953134592 0.14933448763238122
0.07948013504200806 0.125430697464905 0.11441989322031043 0.1261183849716503 0.10258471059941443 0.2150829512766991 0.08554116545903237 0.15134206196598032
0.08884032509953509 0.14735165311906373 0.12358192674873696 0.1461504485219424 0.0859095811354809 0.20228456397911343 0.0743460977263794 0.13153540366974814
0.10678353993010249 0.08126996293622346 0.23681597473150837 0.12448379361989398 0.09521834771265592 0.1046028267608741 0.138790140050837 0.11203541425790459
0.08510691299965434 0.12016710798643422 0.1475796001587218 0.12841277780931135 0.09860736728914792 0.1789335380453282 0.08709736234022857 0.1540953333711736
0.07778301205876602 0.13385696898102648 0.1165974158347292 0.12538707967971416 0.09734702034493033 0.2135188577893708 0.08504514969580614 0.15046449561565697
0.11523043456693453 0.09528567577885201 0.16232167245625395 0.08673510375825215 0.1471115439796811 0.1602958877214383 0.12893755722868527 0.10408212450990259
0.11156279337511656 0.07546652974113084 0.25438301100058386 0.1184682850898159 0.10991433237518371 0.09150029487898778 0.13208329695834695 0.1066214565808343
0.08578420239535467 0.1231479451948356 0.15275241560559116 0.12685331562895585 0.1024370406012602 0.1707614616535289 0.08603964016572659 0.15222397875474702
0.10393518154341672 0.08193503668747118 0.25223482806570896 0.12197194784284919 0.09850094037446652 0.09565769296691372 0.13598961946060947 0.10977475305856425
0.10517327006214365 0.07161035589686753 0.3047636774405913 0.11642314569849474 0.09310023792084177 0.07434536269304941 0.12980311915936651 0.10478083112864527
0.10297054928290843 0.06808523105919938 0.33084938419403453 0.11314668347524608 0.08927583523689142 0.06769019333144802 0.12615010829255047 0.10183201512772147
0.1356124157241143 0.08943499356874395 0.2881982272376137 0.09357575781786713 0.11691921685684735 0.08771122005732027 0.10432998670141307 0.08421818203608042
0.11154238622518714 0.06991810742899389 0.3198845742068197 0.11069244427977655 0.09505621606657545 0.06986925719906774 0.12341381474178072 0.09962319985179889
0.13905833530231432 0.08969118282474968 0.282511590579603 0.09337507329004796 0.11896440651705045 0.0882556070958396 0.10410623842935196 0.08403756596104316
0.09142310493122849 0.12444340312689162 0.16044718378041678 0.12305334161579018 0.10349774447228247 0.16600894564721075 0.0834622664872316 0.14766400993894818
0.07925065749054307 0.13484500306311437 0.1205508170399506 0.12493684873492132 0.09869992481279495 0.20705275471308432 0.08473977566368578 0.1499242184819056
0.10322236677421105 0.08511364455413242 0.23419505702193683 0.1236805670934756 0.09876909376437477 0.10581215799158265 0.1378946024161586 0.11131251038412804
0.08368931258215902 0.12610886019704207 0.1460589447168531 0.1273035782629793 0.0990651449137051 0.17866482972027425 0.08634503569141207 0.15276429391557517
0.10362109351462288 0.08273515397294665 0.2486592621770162 0.12244496588050188 0.09784286717089846 0.09797918871882356 0.13651699927273866 0.1102004692924517
0.10527211820151425 0.07187706772896849 0.3029788187700077 0.11666143278859345 0.09307930897759827 0.07506717254137572 0.1300687914822079 0.10499528950973412
0.10309645399867656 0.06818753849652448 0.32997487542723586 0.11325190966705821 0.08934406256479961 0.0679510135016328 0.12626742764372012 0.1019267187003524
0.13570710264986566 0.08947707758532682 0.2877964187843431 0.09359826201048807 0.11696985868532515 0.08785776727844397 0.10435507719676805 0.08423843580943927
0.11160080404537283 0.06993180085054863 0.31967266220181517 0.11070094903882133 0.09508131586010114 0.06995831695496957 0.12342329691343212 0.09963085413493919
0.10393232418698918 0.06701652115037088 0.3376155194898258 0.11162505176537318 0.08889453204102407 0.0659999022869338 0.12445360249064741 0.10046254658883587
0.08377293748565455 0.12035313472570426 0.17980515639161715 0.12618909464638836 0.0958794770478437 0.15698416106261914 0.08558912506450689 0.151426913575666
0.10210057574948357 0.0805263567674198 0.2671464912352427 0.12051742630871357 0.09544995711618635 0.09142557264868051 0.1343679364964314 0.10846568367784222
0.10390051849726115 0.07087539150836965 0.31235199619466536 0.11553894949745315 0.09160419818054578 0.07292658519400091 0.12881730637999628 0.10398505454770783
0.12079195101515906 0.08000870523361707 0.24708976231166127 0.08322081370016349 0.13949293225940776 0.10581753001686561 0.12371332902292961 0.0998649764401962
0.10911973511983188 0.06996922099207238 0.299391489816502 0.11352188644342151 0.1035980243659385 0.07566151386130988 0.12656843160184456 0.10216969779907935
0.1041505308816557 0.06771846974750956 0.32770211949135347 0.11287464245261679 0.09216428058571441 0.06795597577990753 0.12584680285388766 0.10158717820735509
0.1203095161074019 0.07896870158811944 0.25331774694792686 0.08268878104913423 0.1390568592459676 0.10350943104885042 0.12292242675363833 0.09922653725896106
0.10864914890427715 0.06957931598219777 0.3025868079875179 0.11313854196969168 0.10317647329353719 0.07490399296862339 0.12614103112143238 0.10182468777272252
0.10385070419958514 0.06754830319511183 0.32928302972785134 0.11268195719130629 0.09190943153575898 0.06768083951118731 0.1256319731670236 0.10141376147217568
0.08379620180008009 0.12060415070645832 0.17712379898765884 0.1263297078519236 0.09686297686735228 0.1580030168646529 0.08568449749956558 0.15159564942230833
0.10222779682664053 0.0806626161838624 0.2656855731146105 0.12066609587795285 0.09585465453276368 0.09177008520262342 0.13453369197138923 0.10859948629015757
0.10400957306602962 0.07094610455053248 0.31161028616473774 0.1156237535106629 0.09178359792772846 0.07305345009464488 0.12891185652606743 0.10406137815959661
0.0958214649029669 0.13908582956297605 0.1956644136504695 0.1446490770106524 0.08301497864811055 0.1379977103489489 0.0735823565662884 0.13018416930958718
0.08071435436968318 0.139579818799731 0.13211978903251775 0.12548264086021393 0.09300510235788259 0.19340916044252618 0.08510996510518859 0.1505791690322567
0.10287806430184769 0.08953841385020332 0.24019239694882827 0.12244741470384382 0.09628714165841412 0.10193416577538639 0.13651972952801691 0.11020267323345943
0.12213493519934378 0.08788404155477328 0.2164466622833687 0.08466764064445192 0.14361092582570534 0.11779049126845631 0.12586413445055836 0.1016011687733423
0.11082435172824204 0.07470885205865711 0.2829900207744387 0.11479862011033125 0.10601514269065518 0.07935236017656037 0.12799189436181707 0.10331875809929812
0.10525563930365178 0.07100294867367785 0.3192551020280003 0.11342657843264926 0.09335437585104617 0.06915926483921887 0.12646217028237164 0.10208392058938434
0.102026545284986 0.06926984918777332 0.3375599293451357 0.11171160402964596 0.08847514307462138 0.06586638364496887 0.12455010180618734 0.10054044362668135
0.1002273003639584 0.06837472221829721 0.3465605453236248 0.11072493254357345 0.0864146337016633 0.06459538982824987 0.12345003673141694 0.0996524392892161
0.11819976433144821 0.08086940531184604 0.2611503426771127 0.08202288415622612 0.1357242924858094 0.10167332375217394 0.12193252629791226 0.09842746098747135
0.14167949304027666 0.0947533027926891 0.25257994360980685 0.0925800041427536 0.13415850652429995 0.09770695049805853 0.1032197956636372 0.08332200372847823
0.10480202199876558 0.1486970091353198 0.17176564340900033 0.1396397251245545 0.09232081849546762 0.14606490818317197 0.0710341210416212 0.12567575261209904
0.10836907754487037 0.08928053943755164 0.26093374509884415 0.11912315292264557 0.09381713720001052 0.08845208444447843 0.13281342572121826 0.107210837630381
0.10582931042040858 0.07480977714215817 0.30865299158278403 0.1152421623743389 0.09107520236518503 0.07218619909220361 0.12848641088601662 0.10371794613690499
0.10277401514392975 0.07040903589570054 0.33247410893236173 0.112464054919157 0.08833410423374925 0.06693800305291986 0.12538902839494073 0.10121764942724132
0.09483019294255611 0.141930186185785 0.20251914501694881 0.1432413662913644 0.08153906346700947 0.13415655619024033 0.072866260243868 0.128917229662228
0.11962688938729099 0.10009243893061534 0.1999678856079118 0.08485751829779925 0.13756567801422637 0.12991416746956125 0.12614640033523591 0.1018290219573591
0.14471336170226057 0.1014617493812353 0.22379294034977654 0.09445614234455352 0.13712300212634979 0.10813072623739566 0.10531154974833055 0.08501052811009815
0.09220794363701032 0.13208777615593642 0.140552943328842 0.12203230713748507 0.10830620784269805 0.17560431457892575 0.0827697387541203 0.14643876856498206
0.1058963161292942 0.08734127694496549 0.24407617708271567 0.12126113052139639 0.10013755872522978 0.09695541193388317 0.13519711119325836 0.10913501746925675
0.10588067501801007 0.0750533679427235 0.3001101563074335 0.11628468476033273 0.093629876276151 0.07473627786482809 0.1296487455462217 0.10465621628429944
0.12154730515536841 0.08332988146682621 0.24165441005660468 0.08316471740993589 0.140415736633681 0.10646035026581571 0.123629938119845 0.09979766089192307
0.14378450924313957 0.0958791506569205 0.2433417182961331 0.09311952579132592 0.13659016854527217 0.09965603221602974 0.10382132203898575 0.08380757321219331
0.11580426192785861 0.07475924035379677 0.29588214064731694 0.11202905372469601 0.10212566491192274 0.07366945555629005 0.12490403452589241 0.10082614835222642
0.09875399737398047 0.14378065487601718 0.18936115379588267 0.14339914358903494 0.0852679753899629 0.13743132487578563 0.07294652086920474 0.12905922923013144
0.10586973501634431 0.08787256197911075 0.2710771131987863 0.11871645792227337 0.09130330074352228 0.08595602786374062 0.13235999114617641 0.10684481213004603
0.10461172027995505 0.0742321431084124 0.3138952593220903 0.11474497152173306 0.08999219412909974 0.07132115707999377 0.1279320801891561 0.10327047436955976
0.1207480149264433 0.08289211027418775 0.2475245488938439 0.0828654221605361 0.1384120954680925 0.10493428605456064 0.12318501562969247 0.09943850659264333
0.12558203366970205 0.0838326375949801 0.21578591177990722 0.08150246018582627 0.1585561269948602 0.11577899643966823 0.12115888111206413 0.09780295222299153
0.1115989133572741 0.07360576071476213 0.28195587667684163 0.11413800956795153 0.11009819234645728 0.07862367581919895 0.1272553629063579 0.10272420861115637
0.08546308747513913 0.12566647314902865 0.1613531479841444 0.12581114700330842 0.10208994864860071 0.16331004136834715 0.08533277796746136 0.1509733764039701
0.11686268105172257 0.09700662742668138 0.18166291180745092 0.08557036624366594 0.14771331268559487 0.14129356460787124 0.12720609668461386 0.10268443949239914
0.0849944767914893 0.13065904888494256 0.1267206981124083 0.12263109778347184 0.11134840325383069 0.1933130828153363 0.08317587501835481 0.14715731734016618
0.11673171535906941 0.09819102309699247 0.1655490576130424 0.08550189001226484 0.1519782857502291 0.1523414579861976 0.12710430216748625 0.1026022680147178
0.09800250345322514 0.15117366858298473 0.14029735990901446 0.14145657155498884 0.09744882344181201 0.1723518157370341 0.07195834292145085 0.12731091439948994
0.12140678950450182 0.10269377091152719 0.171679571949366 0.08524244639856275 0.14543370994656893 0.14453415380079726 0.12671862181040075 0.1022909356782753
0.11275513056168707 0.0791716424614221 0.2587789369125168 0.1171836168795126 0.10863197526196919 0.08736245495671031 0.13065098777462075 0.10546525519156134
0.10703325495409821 0.07269074170126082 0.30703137150878274 0.1148540632929572 0.0951467537064859 0.0718214484998596 0.12805370937289406 0.10336865696366149
0.08442551717223111 0.12556696341600176 0.16959977722189884 0.1260481616053311 0.0976533586891359 0.15995489227147489 0.08549353569752893 0.15125779392639732
0.10239862545678992 0.08526363544673465 0.26096159613425635 0.1203793429070119 0.09608267731776463 0.0923587303128662 0.1342139838082655 0.10834140861631071
0.10403505873902436 0.07412001979701423 0.30887651000612326 0.11540969501773932 0.091823489764373 0.07319330387878835 0.12867319728097204 0.10386872551596538
0.12065239038004608 0.08295790142160833 0.24537972164015875 0.08297355278557324 0.13936924227001216 0.10575316909359858 0.12334575906631483 0.09956826334268787
0.08647638000701854 0.12658375738396932 0.1479444021821311 0.1230472687898422 0.10951107662817408 0.17532224493403084 0.08345814752702341 0.14765672254781062
0.10349033495573069 0.08854083389633755 0.2479782017781349 0.12052190286984485 0.10005396329128875 0.09657212309778211 0.13437292752802105 0.10846971258286037
0.13856523822144778 0.1016088601391032 0.24958729705183702 0.09565531513936498 0.12339971306505891 0.09844525483372123 0.10664853792403828 0.08608978362542848
0.11394248768889266 0.07787014517626498 0.29942871345702954 0.11187559566673991 0.0981494648910824 0.07331261677655931 0.12473294024336523 0.10068803610006591
0.1237922770208229 0.0852001277448007 0.24051883050101341 0.08237562761677769 0.14153813231480208 0.10526734851790287 0.12245690314374715 0.09885075314013324
0.08702799729502243 0.12996261163618866 0.14608566002353568 0.12247756226183984 0.10987673681776726 0.1745246193694948 0.08307173788194354 0.14697307471420779
0.10371711437491889 0.08933499093211711 0.24685731895356317 0.12055153081730231 0.1002083326566673 0.09642837405146394 0.13440596047839526 0.10849637773557208
0.08320653126021488 0.1339325811575873 0.14941067214785386 0.12581041298364867 0.09877883068681813 0.17255619607285008 0.08533228011064867 0.1509724955803784
0.10262010983687007 0.09034846695553493 0.24932660164768886 0.12094847016216036 0.09702414980941847 0.09603006021681025 0.1348485182255728 0.10885362314594431
0.10447199996360387 0.07720403184612012 0.3026912063843709 0.11573122149769087 0.09241529708178747 0.07429646856690048 0.1290316753116046 0.10415809934792179
0.10248781727244231 0.07249653720087232 0.32938765013980864 0.11253088575519347 0.08883338624487949 0.06752238641738412 0.12546353978974553 0.10127779717967413
0.11930291715934589 0.08369690860373105 0.25379599201585096 0.08221765375035954 0.13711625316443085 0.10298702642471874 0.12222206438113149 0.09866118450043143
0.08589017795061507 0.12940611810405075 0.15035925791439844 0.12247036857526754 0.10853468923395775 0.17330808724555566 0.08306685868583365 0.14696444229032105
0.10316725460794073 0.0890640018054276 0.24930116565578586 0.12035085466157662 0.09964159131097575 0.09597714122228099 0.13418222154059362 0.10831576919541895
0.10458778255338279 0.076879883618142 0.30257623941261313 0.11562488290231775 0.09311472575569803 0.07424097543228074 0.12891311571347963 0.10406239461208597
0.10251666929110906 0.07242161450314732 0.329309345273155 0.11251504087509609 0.08902407590126393 0.06750384343775148 0.1254458739308907 0.10126353678758648
0.08296978540347964 0.1275350820424129 0.17646448218473915 0.12530783991541 0.09540838359955434 0.15695361449154696 0.08499140446436504 0.15036940789849196
0.10135250545525769 0.08789739896606796 0.2643117204083816 0.1194969333215464 0.09490530208069219 0.09125873680672947 0.13323016297193307 0.10754723998939177
0.10336072664907021 0.0761452710019791 0.3103427915542843 0.11484781053560669 0.09117960128695143 0.07271403147499016 0.12804673801507194 0.10336302948204604
0.10178427289900005 0.07201147518370626 0.3331750009029811 0.11208124622007351 0.08817325821640988 0.06693939971648692 0.12496222526327598 0.10087312159806616
0.10022194077701484 0.0703568650761844 0.34430899304795015 0.11071986240132489 0.08639139918169023 0.0649086794534645 0.12344438390117864 0.09964787616119239
0.11806520760469849 0.08285743622747767 0.26005409851146527 0.08185330360389033 0.13555988201774552 0.10170567429292789 0.12168043341712653 0.09822396432466839
0.12408667151553304 0.08539807206495964 0.22097003233940984 0.08100031718273412 0.1566939847393739 0.1142381297267633 0.12041241181194505 0.09720038061928093
0.11070092865654275 0.0753779058620793 0.2844760028080802 0.11351051330940647 0.10918343689774608 0.0780359990815203 0.12655575140615913 0.10215946197846582
0.08498334730116164 0.12854622421197626 0.16184475185221867 0.1252616871467406 0.10151365123270273 0.162576212831757 0.0849601008473545 0.15031402457608872
0.10258962235161113 0.088616025491715 0.25610951080958066 0.12016989592269597 0.09725960643430362 0.09312196660854184 0.13398046605112518 0.10815290633042637
0.10411911947008373 0.07657296440131539 0.3061200611608287 0.11529549226077068 0.09217788624738692 0.07340266369537528 0.12854586972954582 0.10376594303469362
0.10221085067468835 0.07224045322669638 0.33107444867827257 0.11231780578708603 0.08862052916034022 0.06722391573774314 0.12522597152679588 0.10108602520837742
0.08287920515210606 0.12744302232755725 0.17702473947204003 0.12527384951280954 0.09526923365021657 0.1568129803655588 0.0849683501043404 0.15032861941537146
0.10129811462745598 0.0878560728926208 0.26461965277690036 0.11946593203295307 0.09484142281169368 0.09120386718003792 0.1331955988486805 0.10751933882965778
0.10332933316963085 0.07612579681461583 0.3105002700082138 0.1148301154693775 0.09114899799749186 0.07269137328147662 0.12802700933675373 0.10334710392243976
0.10176731628306855 0.072002123883676 0.3332531287880124 0.11207224516155223 0.08815856033831776 0.06692941514523065 0.12495218975474554 0.10086502064539701
0.10021318253132899 0.07035234967869622 0.34434722486057595 0.11071542870532218 0.08638440657264189 0.06490408115563633 0.12343944066100847 0.09964388583478997
0.09922598304470455 0.06963709129540374 0.3497273011731756 0.11007036552385653 0.08544735258492331 0.06410833405374773 0.12272024335271765 0.09906332897147088
0.08201347331713955 0.12625529736085414 0.18301429626032586 0.12496258683373551 0.09416553120116915 0.1548764780173248 0.08475723280896844 0.1499551042004826
0.10057736440810568 0.08907427414857579 0.26762488827161823 0.11880830242940642 0.09411843329611386 0.0904068743421521 0.13246239091756207 0.10692747218646577
0.13642682346993645 0.1027153001362263 0.2585987518711861 0.09485786617030342 0.12033243542846532 0.09593730153595768 0.10575944183465172 0.08537207955327307
0.0898135249373007 0.13824895082852287 0.15139919226589693 0.12131386841450081 0.10282725709570315 0.16853811447953482 0.0822824498811397 0.14557664209740095
0.10417111129813927 0.09283955206557375 0.2494251733639664 0.11981606768252695 0.09766052300168071 0.09466713770540944 0.13358597396842928 0.10783446091427425
0.12180138437191007 0.09170644097025625 0.219777466148829 0.08381025683414636 0.14325600783641665 0.11448655980640689 0.12458957583105937 0.10057230820097564
0.08623904843514794 0.13425113569995994 0.13899165386566584 0.12211347319092714 0.11004411127144131 0.17899961919563828 0.0828247905121071 0.14653616782911255
0.10356665271800551 0.09240508671760621 0.24249801837080118 0.1205351679771463 0.10039133101306243 0.09773437489121792 0.1343877171327288 0.10848165117943169
0.0829555768368706 0.13698141693781365 0.14772808206849147 0.12538455698109527 0.09858051006944928 0.17286495008091823 0.08504343864804723 0.15046146837731428
0.11562899311284552 0.10496692696527182 0.1750405801824037 0.08513735402006133 0.14581889594294956 0.1446800300210794 0.12656239493131505 0.10216482482407359
0.11040158315318738 0.08303146592841337 0.26016987824015764 0.11639130239772615 0.10836323269796475 0.08712274916922197 0.12976761625537525 0.10475217215795353
0.1233384386087618 0.08849384293514415 0.22365835963139627 0.08310583553214751 0.1470982004685086 0.11103591393170499 0.12354240625375959 0.099727002638577
0.11045033283515414 0.07733758420602255 0.28612552996352003 0.11358508745433307 0.10635678189017084 0.07727920892938207 0.12663889601251763 0.10222657870889977
0.10468858191782303 0.07378404454119855 0.32043162878175013 0.11265292263494044 0.09305519127600423 0.06840039867340372 0.12559960180343357 0.10138763037144638
0.10152851051338445 0.07201961209962085 0.33783325776064277 0.11112096077528463 0.08810527027512116 0.06549194522276068 0.12389157865542927 0.10000886469775618
0.0825213044400498 0.128816322730162 0.1790207504823175 0.12482702763380149 0.09488819347576044 0.15546867976920337 0.08466528830814361 0.1497924331605618
0.10089636790583562 0.08981164598354271 0.26539865463691503 0.11898575558867089 0.09447483603901054 0.0906853218688528 0.13266023794736886 0.10708718002980379
0.1030285109959647 0.0776622778100158 0.310717291121369 0.11451700722521763 0.09088713884049125 0.0724445504934436 0.1276779170108023 0.10306530650269585
0.11987469493168816 0.08652081719446063 0.24585281806486795 0.08251155355176532 0.13846143294862315 0.10510585287101644 0.12265896617546009 0.09901386426211839
0.08584597291972397 0.13229500668654065 0.14754181405341088 0.1221165626367794 0.10871383967512159 0.17412004290195088 0.08282688596233734 0.14653987516413525
0.07657433552774508 0.14917535750606886 0.11485687784281515 0.12223126133264971 0.09869937638750015 0.2088805962045051 0.08290468159953633 0.14667751359917963
0.10154237095134971 0.09712682827101736 0.22903673139267489 0.12203242138181808 0.09813754344693894 0.10623788236895554 0.1360570429436091 0.10982917924363628
0.13833687312153592 0.10631766649275896 0.2405941651264938 0.09607892356947154 0.1232019469943558 0.10187856377182196 0.10712082971103765 0.08647103121252436
0.11418930678859675 0.08061273604743044 0.29454979050901203 0.11209194432991525 0.09836311632057441 0.07433620325016443 0.12497415285738311 0.10088274989692372
0.08568402183430342 0.13216213421318002 0.16486703830766555 0.12479253387617381 0.0979550794970887 0.1601462590780793 0.0846418925421005 0.14975104065140857
0.10249890298590476 0.09109602166324858 0.25747043640782946 0.11964514515856249 0.09590828282671625 0.09230517220541115 0.13339540810962117 0.10768063064270625
0.1038916416528007 0.07822473547757029 0.3066351135357582 0.11495118720365881 0.09161068676662423 0.07306857159502148 0.1281619952852733 0.10345606848329293
0.08321527181211813 0.13152292283542727 0.16887339346521024 0.12523652447350864 0.09608698290363385 0.15983804115116404 0.0849430339907276 0.15028382936821033
0.13235003390972475 0.11837052624043111 0.21159497079783215 0.09734894928283462 0.12410894451947801 0.12007570729174885 0.10853681360339922 0.08761405435455115
0.08830973962333608 0.14382212764497468 0.13555415703578616 0.12093545774099888 0.10345912402200615 0.1807710559150218 0.08202578872867751 0.14512254928919868
0.10435437051245444 0.09479188255784532 0.24044118717603516 0.12059526500790983 0.09849781952963275 0.09832901587182656 0.13445472083717708 0.10853573850711885
0.1052373186270073 0.07964350558045126 0.29780068806019994 0.11584630720483381 0.09302242963343381 0.07502808712314003 0.12915998728658334 0.10426167648435043
0.08357747255941375 0.13213613180823539 0.16601744526761675 0.12532648436487195 0.09654509363306835 0.1610015408640779 0.08500405026486968 0.15039178123784633
0.1325890872225866 0.11863230590885394 0.21018289413282482 0.0974136042647339 0.12436393677797196 0.12053702877154998 0.10860889908321825 0.08767224383826051
0.11388022573123169 0.08462439204535015 0.2785672378607556 0.11377400533045769 0.10006865256464477 0.07983935632410058 0.1268495253460476 0.10239660479741193
0.10611048087364963 0.07567470701137728 0.31661021477728357 0.1130413731199127 0.09155982842515685 0.06923346487936288 0.1260326951053355 0.10173723580792145
