0.125 0.125 0.125 0.125 0.125 0.125 0.125 0.125
0.125 0.125 0.125 0.125 0.125 0.125 0.125 0.125
0.1232638888888889 0.1232638888888889 0.1232638888888889 0.1232638888888889 0.1232638888888889 0.1371527777777778 0.1232638888888889 0.1232638888888889
0.12138310185185186 0.13507908950617287 0.12138310185185186 0.12138310185185186 0.12138310185185186 0.13662229938271606 0.12138310185185186 0.12138310185185186
0.11973842471675529 0.1347472124396634 0.11973842471675529 0.11973842471675529 0.11973842471675529 0.14682223925980512 0.11973842471675529 0.11973842471675529
0.1182898697597831 0.13326178225307903 0.1182898697597831 0.1182898697597831 0.1182898697597831 0.1569989991882223 0.1182898697597831 0.1182898697597831
0.11705095242519094 0.1318578171199775 0.11705095242519094 0.11705095242519094 0.11705095242519094 0.16583646832887694 0.11705095242519094 0.11705095242519094
0.11510147735778767 0.12975234592667406 0.11510147735778767 0.11510147735778767 0.12810713873836443 0.1666331285460232 0.11510147735778767 0.11510147735778767
0.125 0.125 0.125 0.125 0.125 0.125 0.125 0.125
0.11615733686352363 0.1300462257524125 0.11615733686352363 0.11615733686352363 0.1300462257524125 0.15912086417755703 0.11615733686352363 0.11615733686352363
0.11293791490055899 0.12738749553971593 0.1258442856631727 0.11293791490055899 0.12738749553971593 0.16762906365515953 0.11293791490055899 0.11293791490055899
0.12267181856034504 0.12267181856034504 0.12267181856034504 0.12267181856034504 0.12267181856034504 0.14129727007758497 0.12267181856034504 0.12267181856034504
0.11341709305618425 0.12704729511844481 0.12704729511844481 0.11341709305618425 0.12704729511844481 0.1651897424199284 0.11341709305618425 0.11341709305618425
0.12094115225641147 0.12094115225641147 0.12094115225641147 0.12094115225641147 0.13505751838068314 0.13929556808084795 0.12094115225641147 0.12094115225641147
0.11206766132400674 0.1255055671302747 0.13604286707837412 0.11206766132400674 0.12707405225519378 0.1631068682401306 0.11206766132400674 0.11206766132400674
0.11919332277949267 0.11919332277949267 0.11919332277949267 0.11919332277949267 0.13331266191895866 0.15152740140408522 0.11919332277949267 0.11919332277949267
0.12318748912216927 0.12318748912216927 0.13357250506178353 0.10994378659111452 0.12475630458210993 0.16546485233842453 0.10994378659111452 0.10994378659111452
0.12128579625295373 0.12128579625295373 0.13407752502173734 0.1075982974616016 0.13232981370488303 0.16822617638266746 0.1075982974616016 0.1075982974616016
0.11755227483716715 0.11755227483716715 0.11755227483716715 0.11755227483716715 0.14378515299170358 0.15090119798529383 0.11755227483716715 0.11755227483716715
0.12023309397503121 0.12023309397503121 0.130475129514055 0.10717173010423488 0.1450801431968522 0.16246334902632556 0.10717173010423488 0.10717173010423488
0.11619295741934109 0.11619295741934109 0.11619295741934109 0.11619295741934109 0.15444278979361753 0.14839946569033594 0.11619295741934109 0.11619295741934109
0.11865140253625477 0.1287750041502739 0.1287750041502739 0.10574107393410574 0.1464593327588575 0.16011603460202284 0.10574107393410574 0.10574107393410574
0.1153435470515704 0.1153435470515704 0.1153435470515704 0.1153435470515704 0.16085399071359913 0.14708472697697833 0.1153435470515704 0.1153435470515704
0.11444441122232296 0.11444441122232296 0.11444441122232296 0.11444441122232296 0.16973124981108284 0.14360228285497942 0.11444441122232296 0.11444441122232296
0.11255980150688324 0.12527584719825244 0.11255980150688324 0.11255980150688324 0.17089782700531111 0.1410273182620205 0.11255980150688324 0.11255980150688324
0.11085972122325943 0.12477925980084303 0.12336636583513536 0.11085972122325943 0.16959870889087247 0.13881678058011163 0.11085972122325943 0.11085972122325943
0.10969215915895741 0.12355652135905107 0.12339953314063912 0.10969215915895741 0.16798462925381977 0.14629067961066028 0.10969215915895741 0.10969215915895741
0.10867058799607202 0.12239909036929988 0.12238164723392078 0.10867058799607202 0.16640828565434607 0.15412862475814512 0.10867058799607202 0.10867058799607202
0.10713123199732955 0.12073113092725174 0.1313919994718358 0.10713123199732955 0.16432712740526528 0.15502481420632885 0.10713123199732955 0.10713123199732955
0.10591147233186783 0.1193260424348958 0.14055247725767342 0.10591147233186783 0.1623920565455699 0.15408353443438969 0.10591147233186783 0.10591147233186783
0.10492144184661609 0.11817989100604895 0.14859640251522574 0.10492144184661609 0.16073692630243727 0.15280101278982358 0.10492144184661609 0.10492144184661609
0.10413343132163308 0.11726453032230519 0.15520723610747303 0.10413343132163308 0.15938003391018132 0.151614474373508 0.10413343132163308 0.10413343132163308
0.10352608095467279 0.11655547321270669 0.16039547276454885 0.10352608095467279 0.15830630847636593 0.15063842172768735 0.10352608095467279 0.10352608095467279
0.11344738035939302 0.11489509061028567 0.16071489301787625 0.10194448247554048 0.1563556617412056 0.1487535268446179 0.10194448247554048 0.10194448247554048
0.11426639687745671 0.11442725357200034 0.16303662526136717 0.10166113239307972 0.15540185834445613 0.14788446876548056 0.10166113239307972 0.10166113239307972
0.12302770224608803 0.11308982999704109 0.16263783109601082 0.10037569071126329 0.15378858659633193 0.1463289779307383 0.10037569071126329 0.10037569071126329
0.12450131653179733 0.11267801267689206 0.16392995211607703 0.10011247601055417 0.15297087713709895 0.14558241350647216 0.10011247601055417 0.10011247601055417
0.1243293228731856 0.11216813429254717 0.1639728467183367 0.09964835510622583 0.15569832394521885 0.14488630685203405 0.09964835510622583 0.09964835510622583
0.13132215912588616 0.11100632827072118 0.1628845252679393 0.09854320223821594 0.15559253325297864 0.14356484736782696 0.09854320223821594 0.09854320223821594
0.13291650201700503 0.1106279467094298 0.16336441400784057 0.09829391023490522 0.1553044785445407 0.14290492801646817 0.09829391023490522 0.09829391023490522
0.1387812547602642 0.10977107394280954 0.162741293696601 0.097479079863984 0.15438410221785298 0.1418850357905203 0.097479079863984 0.097479079863984
0.1402018866982313 0.10927409771848251 0.16209059612418333 0.09707731172483701 0.1560351356496854 0.14116634863490637 0.09707731172483701 0.09707731172483701
0.14047959507153007 0.10905514253801832 0.16244333015810097 0.09691357612485359 0.15650191405321418 0.1407792898045758 0.09691357612485359 0.09691357612485359
0.14046751253560305 0.10893243717337717 0.16301201866159035 0.09681519911359736 0.15658179528572672 0.1405606390029108 0.09681519911359736 0.09681519911359736
0.1403973324142424 0.1088523776226513 0.1635318236138013 0.09674877349227606 0.15654587554923238 0.1404262703232443 0.09674877349227606 0.09674877349227606
0.14441002220546348 0.1082490138222287 0.16315030992482835 0.09615430519748967 0.15593768984786568 0.13979004860714492 0.09615430519748967 0.09615430519748967
0.14566862253871268 0.10806137927362579 0.16311227322621266 0.09603371107115592 0.15558483537231416 0.139471756375667 0.09603371107115592 0.09603371107115592
0.14897440280205435 0.1076068686814179 0.16266297228889326 0.09560004876212615 0.1550164212867621 0.13893918865449406 0.09560004876212615 0.09560004876212615
0.15009145186735948 0.10746214757393022 0.16254430482631102 0.09550582883155045 0.15470512940971687 0.13867947982803103 0.09550582883155045 0.09550582883155045
0.1504691858585349 0.10741450415309194 0.16257161149599844 0.09547426553376635 0.15455468669745667 0.13856721519361898 0.09547426553376635 0.09547426553376635
0.15059201945289238 0.10739363874517939 0.16263983928648235 0.09545869383928028 0.15448166235847685 0.13851675863912838 0.09545869383928028 0.09545869383928028
0.15062751028059762 0.107381803809391 0.16270733223872513 0.09544917728214884 0.1544442584991041 0.1384915633257356 0.09544917728214884 0.09544917728214884
0.1494688401060084 0.11556472231806572 0.16156356895782975 0.0942775029343197 0.1532582999722479 0.1373120598428892 0.0942775029343197 0.0942775029343197
0.1510808411174188 0.1169094989235312 0.1608131827828969 0.09400010915975808 0.15252799988800753 0.1366681498088712 0.09400010915975808 0.09400010915975808
0.1516807779517126 0.11716041450859432 0.16051966748367286 0.09398443810158055 0.1522334341563474 0.13645239159493122 0.09398443810158055 0.09398443810158055
0.15330616714743103 0.11701384787184098 0.16020191997124147 0.09378813030835044 0.15192463450487534 0.1361890395795599 0.09378813030835044 0.09378813030835044
0.15390654563480624 0.11694738455104989 0.16005480664800498 0.09375072215370689 0.15176929869305725 0.1360697980119609 0.09375072215370689 0.09375072215370689
0.15393479545301583 0.11672687619352773 0.1597865868872683 0.09354338939242603 0.15309616089476136 0.13582541239414872 0.09354338939242603 0.09354338939242603
0.1539064217389502 0.11664370426024888 0.15965071808566225 0.09350393072914266 0.1535773498340803 0.13571001389363038 0.09350393072914266 0.09350393072914266
0.15332734933418662 0.11605927753187768 0.15902653369395925 0.09293599188910513 0.1531982247739013 0.13958063899875986 0.09293599188910513 0.09293599188910513
0.15397994883059793 0.1157348571709076 0.1585595759197454 0.09272742746963746 0.15284089543113172 0.14070244023870504 0.09272742746963746 0.09272742746963746
0.15420838076690657 0.11563827043584986 0.1583437413825547 0.09269515337556294 0.15266840883766317 0.14105573845033698 0.09269515337556294 0.09269515337556294
0.15429425635168695 0.11561374285630571 0.1582555457092824 0.09268977301599268 0.15259534644505657 0.1411717895896903 0.09268977301599268 0.09268977301599268
0.15432749456244496 0.11560781244047236 0.15822235965707085 0.09268870491340224 0.15256560938234184 0.14121060921746328 0.09268870491340224 0.09268870491340224
0.15434039853754727 0.11560626249337559 0.1582112030817753 0.09268833060368911 0.15255356654337907 0.14122357753285533 0.09268833060368911 0.09268833060368911
0.15421019690913593 0.11547059861522961 0.1580712263140888 0.0925529739848991 0.15349637797620252 0.14109267823064586 0.0925529739848991 0.0925529739848991
0.1541335871550732 0.11541910910322237 0.15799065283615243 0.09252837829134242 0.1538484246604026 0.14102309137112223 0.09252837829134242 0.09252837829134242
0.15409749762132316 0.115403417080267 0.1579531374155759 0.09252289347760853 0.1539835784681388 0.14099368898186962 0.09252289347760853 0.09252289347760853
0.1539895296458214 0.1153067556956872 0.15784405016071024 0.09242934285782663 0.15468160340504364 0.1408900325192577 0.09242934285782663 0.09242934285782663
0.15392889813123845 0.11527009413332638 0.15778227201391606 0.09241184331385711 0.15494630038276133 0.14083690539718655 0.09241184331385711 0.09241184331385711
0.15390064141677642 0.11525879127795118 0.15775325608852303 0.09240780819559603 0.15504927657951756 0.1408146100504437 0.09240780819559603 0.09240780819559603
0.15388824960867206 0.11525544704157734 0.15774054202783436 0.09240670462154577 0.1550898040747956 0.14080584338248336 0.09240670462154577 0.09240670462154577
0.15388295351039263 0.11525443837205636 0.15773520413749548 0.09240635890879059 0.1551058427597825 0.14080248449390123 0.09240635890879059 0.09240635890879059
0.15388071439134476 0.11525411502641938 0.15773305392517004 0.09240623552039606 0.1551122034679818 0.140801206627896 0.09240623552039606 0.09240623552039606
0.154524738626122 0.1151618792269697 0.1576399917041929 0.09231406382053559 0.1550226032661214 0.14070859571498734 0.09231406382053559 0.09231406382053559
0.1547681529011882 0.11512664361030525 0.15758462221951194 0.0922971129004237 0.1549694289047388 0.1406598136629848 0.0922971129004237 0.0922971129004237
0.15446363859540732 0.11471673707042787 0.15715876914868854 0.09189419142016954 0.15454501016982833 0.1434332707551393 0.09189419142016954 0.09189419142016954
0.15428253212949075 0.11457747990973585 0.15692448468944856 0.09183619356162794 0.15431542891304642 0.1443914936733945 0.09183619356162794 0.09183619356162794
0.15463761101503698 0.11448005526791834 0.15675763581342098 0.09176637506559342 0.1541527956353571 0.14467277707148635 0.09176637506559342 0.09176637506559342
0.15477060148859798 0.1144490352290904 0.15667688321022818 0.09175466835220968 0.1540753397734143 0.1447641352420403 0.09175466835220968 0.09175466835220968
0.15511719447658814 0.11439872012535994 0.15659927324948206 0.0917105026178174 0.15399986029409837 0.1447534440010193 0.0917105026178174 0.0917105026178174
0.15544971577538338 0.11435217828414403 0.15653056312428973 0.09167393517276012 0.15393277811325506 0.14471295918464738 0.09167393517276012 0.09167393517276012
0.15557929112566357 0.11433581251434163 0.15649500434925392 0.09166679579280534 0.15389851884531305 0.14469098578701187 0.09166679579280534 0.09166679579280534
0.15556878091015544 0.11426878361236349 0.15641649286363382 0.0916030112182627 0.15431775900625325 0.1446191499528058 0.0916030112182627 0.0916030112182627
0.1555526569126776 0.11424369312941646 0.15637219913724687 0.09159120845158451 0.15447679960540622 0.14458102586049934 0.09159120845158451 0.09159120845158451
0.15554341381550738 0.1142361054434072 0.15635125768217767 0.09158859466800558 0.15453899600413937 0.14456444305075158 0.09158859466800558 0.09158859466800558
0.15553895064860782 0.11423393836462684 0.156341933080122 0.0915879317615427 0.15456367857526224 0.1445577040467529 0.0915879317615427 0.0915879317615427
0.15567103615591024 0.11421416831633016 0.15631873077929678 0.09156859131192832 0.15455439645001867 0.1445358943626594 0.09156859131192832 0.09156859131192832
0.15581214768318913 0.1141937049674347 0.15629257721699616 0.09155204714990058 0.1545340697555276 0.14451135892715067 0.09155204714990058 0.09155204714990058
0.1558251304266477 0.11414438106533745 0.1562364782542088 0.09150677987361709 0.15481656899653645 0.1444571016364183 0.09150677987361709 0.09150677987361709
0.15579363241428473 0.1140977459500737 0.15617638725052344 0.09146992266007932 0.15512210236388527 0.14440036404099513 0.09146992266007932 0.09146992266007932
0.1558342339608916 0.11407260119675387 0.15613560025488374 0.09145402278712458 0.15523182124692053 0.14436367497917652 0.09145402278712458 0.09145402278712458
0.15588861692812475 0.1140584489191877 0.15610954040974132 0.09144485517047193 0.15526776408650092 0.1443410641450295 0.09144485517047193 0.09144485517047193
0.15593672537568 0.11404978582402359 0.1560928899695247 0.09143899760312206 0.15527668426612515 0.14432692175528017 0.09143899760312206 0.09143899760312206
0.1559554068218185 0.11404684540651996 0.15608477863918274 0.09143777454555053 0.1552791287028026 0.14432051679302466 0.09143777454555053 0.09143777454555053
0.15596282983447718 0.11404595620886995 0.15608111810965578 0.09143746825217536 0.15527982742926266 0.14431786366120833 0.09143746825217536 0.09143746825217536
0.1559658138614928 0.11404569274763789 0.15607951833753278 0.09143738106424824 0.15528002751977407 0.14431680434081776 0.09143738106424824 0.09143738106424824
0.15598555865281497 0.11404296564413363 0.15607618090488468 0.0914347061889321 0.15527743491082818 0.14431374132054228 0.0914347061889321 0.0914347061889321
0.15599322269664698 0.11404191713179583 0.1560742931087483 0.09143419829379867 0.15527586107545596 0.1443121111059569 0.09143419829379867 0.09143419829379867
0.15597715222597816 0.11402246682472786 0.15605426881269444 0.09141495584235772 0.1554089732809748 0.14429227132855155 0.09141495584235772 0.09141495584235772
0.15597937284693006 0.11401323076380279 0.15604059534453363 0.09140957558324402 0.15545845270669736 0.14427962158830426 0.09140957558324402 0.09140957558324402
0.155979144122998 0.11401025182646538 0.1560337859449484 0.09140842758977401 0.15547769672529285 0.14427383861097354 0.09140842758977401 0.09140842758977401
0.15597876096524993 0.11400937281307588 0.15603067835908266 0.09140813911677759 0.15548533931159347 0.14427143120066535 0.09140813911677759 0.09140813911677759
0.1559785212925089 0.11400911750159817 0.15602931097872896 0.09140805805969122 0.15548840800230185 0.14427046804578833 0.09140805805969122 0.09140805805969122
0.1559783975592075 0.11400904237293023 0.1560287206270915 0.09140803354361542 0.15548964818922204 0.1442700906207023 0.09140803354361542 0.09140803354361542
0.1559783385207086 0.1140090196628524 0.1560284686315002 0.09140802572694016 0.15549015149219442 0.144269944511924 0.09140802572694016 0.09140802572694016
0.1556991292820127 0.11372983036228528 0.15574917946711864 0.09112884092838731 0.15521117412046861 0.1462241639829527 0.09112884092838731 0.09112884092838731
0.1555404547821242 0.11363139389708181 0.15559041965219225 0.09108575056168401 0.15505310849188272 0.14692737149166696 0.09108575056168401 0.09108575056168401
0.15547657705065998 0.11360412837158672 0.15551691648867544 0.09107799894409337 0.1549802131067927 0.14718816815000504 0.09107799894409337 0.09107799894409337
0.15544922229441072 0.11359781589984981 0.15548556736469282 0.09107709155219529 0.154949263256831 0.1472868565276298 0.09107709155219529 0.09107709155219529
0.15450920472776644 0.12009803526760393 0.15454389204607671 0.09014839970405536 0.1540078160117836 0.14639585283460327 0.09014839970405536 0.09014839970405536
0.1540998112539889 0.1217852082232207 0.15412730492494905 0.09012181434834163 0.15359323093093663 0.14602900162187976 0.09012181434834163 0.09012181434834163
0.1539563170540057 0.12225604934476171 0.1539807967354793 0.09014783868574704 0.15344839184688197 0.14591492896163025 0.09014783868574704 0.09014783868574704
0.153189648972271 0.12743015740065938 0.15321286819593177 0.08944058759149007 0.15268144805598438 0.14516411460068315 0.08944058759149007 0.08944058759149007
0.15282973573122755 0.1289912304006625 0.1528481072373608 0.0893938698912113 0.15231864893783933 0.14483066801927583 0.0893938698912113 0.0893938698912113
0.15267955669054534 0.1294751758217859 0.1526958999090158 0.08939273099929926 0.15226898553927157 0.1447021890414836 0.08939273099929926 0.08939273099929926
0.15262291907418638 0.1296311074894668 0.152638413743383 0.08939828255525459 0.1522540363324415 0.14465867569475852 0.08939828255525459 0.08939828255525459
0.15260216496896567 0.12968226088879722 0.15261730501130794 0.08940098209887339 0.15225056493021505 0.14464475790409392 0.08940098209887339 0.08940098209887339
0.1525945943573611 0.12969917984878668 0.1526095863711825 0.08940200576660323 0.15225015562324665 0.1446404664996134 0.08940200576660323 0.08940200576660323
0.15259431758605715 0.12970444062972855 0.1526063930609084 0.08940200918797014 0.15224999008507173 0.14463883107432365 0.08940200918797014 0.08940200918797014
0.1525942648814594 0.12970613726460178 0.15260513245905655 0.08940207109960548 0.15224998366350892 0.14463826843255687 0.08940207109960548 0.08940207109960548
0.15259427233176864 0.12970669374938668 0.15260463966089804 0.08940210037588571 0.1522500102890053 0.1446380828412844 0.08940210037588571 0.08940210037588571
0.15205972512097649 0.13344880671749745 0.15206988526880588 0.08886755007977955 0.15171547098374957 0.1441034616696321 0.08886755007977955 0.08886755007977955
0.1517860421416699 0.1346826848328009 0.1517960959421084 0.08881523321334202 0.15144249939346005 0.14384697804993457 0.08881523321334202 0.08881523321334202
0.15167436294974462 0.13510843698917505 0.15168436218984638 0.08881689132084392 0.1513314764122515 0.14375068749645067 0.08881689132084392 0.08881689132084392
0.15163338355772943 0.13525813183642416 0.1516414471656613 0.08882025165289793 0.15128900710180976 0.14371727537968143 0.08882025165289793 0.08882025165289793
0.1516192338370599 0.1353111207285516 0.1516252111352538 0.08882178919575687 0.15127301355972217 0.14370605315214216 0.08882178919575687 0.08882178919575687
0.15160559541873703 0.1353215549928106 0.15161070841025312 0.08881401074230184 0.1513261199148335 0.14369398903646022 0.08881401074230184 0.08881401074230184
0.1514101973314376 0.1351353914620213 0.1514149521267356 0.08862426086913264 0.15115831572906985 0.14500836074333764 0.08862426086913264 0.08862426086913264
0.15130172254823326 0.1350438529009537 0.151306325598894 0.08859670824358451 0.15106141964738753 0.14549655457377803 0.08859670824358451 0.08859670824358451
0.15125303051885564 0.13500862205909062 0.15125756883907146 0.0885929399574712 0.15101760999306205 0.1456843487175068 0.0885929399574712 0.0885929399574712
0.1511032089546332 0.13486685668047171 0.15110771961924807 0.08846328370874573 0.15086984982857818 0.14666251379083173 0.08846328370874573 0.08846328370874573
0.15102155296745828 0.1347985218654044 0.15102604957390361 0.08844367481941025 0.15078918048096127 0.14703367065404174 0.08844367481941025 0.08844367481941025
0.15098475988490453 0.1347720585532317 0.1509892492498283 0.08844069874478669 0.15075286857897205 0.14717896749870335 0.08844069874478669 0.08844069874478669
0.15096984158703355 0.134762422351985 0.15097346758127098 0.08844015820142277 0.1507373224934563 0.1472364713819859 0.08844015820142277 0.08844015820142277
0.15087544001063113 0.13467088708237163 0.15087870825898064 0.08835193497337315 0.1506426749959874 0.1478764847319097 0.08835193497337315 0.08835193497337315
0.15082261540477854 0.13462569705545416 0.15082573438623728 0.08833820637090552 0.15058983423097708 0.14812149980983658 0.08833820637090552 0.08833820637090552
0.15079285482980595 0.1346022813782139 0.15079591137317547 0.0883303228773116 0.1506053131258663 0.14821267066100352 0.0883303228773116 0.0883303228773116
0.15077971814630436 0.13459284417381015 0.150782170909021 0.08832893383361734 0.15061032523158036 0.14824814003843195 0.08832893383361734 0.08832893383361734
0.15077402293196648 0.1345893458655653 0.15077622553162506 0.08832867917008587 0.15061214327658237 0.14826222488400326 0.08832867917008587 0.08832867917008587
0.15077161143090256 0.1345880906373349 0.1507737103792271 0.0883286263391501 0.15061284228082425 0.14826786625426083 0.0883286263391501 0.0883286263391501
0.15077060046786228 0.1345876469639777 0.15077265646948843 0.08832861409805182 0.150613119106266 0.14827013469824998 0.08832861409805182 0.08832861409805182
0.15077017879134638 0.1345874914831128 0.15077221699848906 0.08832861111136607 0.15061323059810253 0.148271048794851 0.08832861111136607 0.08832861111136607
0.15077000345812566 0.134587437346956 0.1507720342923441 0.08832861041526041 0.15061327600838292 0.14827141764840993 0.08832861041526041 0.08832861041526041
0.1507699307179175 0.13458741861387027 0.15077195849727976 0.08832861028921667 0.15061329466132767 0.14827156664195462 0.08832861028921667 0.08832861028921667
0.15076990059340037 0.13458741217595793 0.15077192710704918 0.08832861029001984 0.15061330237587833 0.1482716268776547 0.08832861029001984 0.08832861029001984
0.1507702280310856 0.1345873614250934 0.1507718655684529 0.0883285617519187 0.15061325702805606 0.14827160269155606 0.0883285617519187 0.0883285617519187
0.15077035562160593 0.13458733596312966 0.15077183206334943 0.08832855373344423 0.150613230256422 0.14827158489516026 0.08832855373344423 0.08832855373344423
0.15071056847399888 0.1345274872221585 0.15071197819747909 0.0882687137439592 0.15055337919578296 0.14869044567870288 0.0882687137439592 0.0882687137439592
0.15067655885525966 0.13449740687671224 0.1506776794368897 0.08825920390265235 0.15051911851895863 0.14885162460422277 0.08825920390265235 0.08825920390265235
0.15066101681157443 0.13448543552912995 0.15066184186699685 0.08825757141701565 0.15050331785705662 0.14891567368419537 0.08825757141701565 0.08825757141701565
0.1506542730552162 0.1344810139368244 0.15065497567907407 0.08825726447526082 0.15049647670221303 0.14894146720088988 0.08825726447526082 0.08825726447526082
0.15065141439899388 0.1344794285031858 0.15065206630077785 0.08825719877923655 0.15049358191182555 0.14895191254750714 0.08825719877923655 0.08825719877923655
0.15064641637751083 0.1344750694818072 0.15064704726552622 0.08825338468442942 0.15051895781566996 0.1489523550061976 0.08825338468442942 0.08825338468442942
0.1506438207211139 0.13447292741694597 0.15064432476173045 0.08825274085104069 0.15052881306919583 0.14895189147789162 0.08825274085104069 0.08825274085104069
0.1506426965129143 0.1344720625078656 0.1506430685529534 0.08825261218725769 0.15053276194148682 0.14895157392300679 0.08825261218725769 0.08825261218725769
0.1502606187514878 0.13714282910871206 0.15026093612129723 0.08787100002371656 0.1501527835937756 0.14856983235357757 0.08787100002371656 0.08787100002371656
0.15005616496757176 0.13807520924342762 0.15005645928115605 0.08782478614396819 0.1499697520235466 0.14836805605239345 0.08782478614396819 0.08782478614396819
0.14996974906328428 0.13841504877053085 0.1499699803641979 0.08782299281601451 0.14989220591622693 0.14828403743771643 0.08782299281601451 0.08782299281601451
0.14993563659706322 0.13854124642500487 0.1499358417378181 0.08782467006986794 0.14986178852569132 0.14825147650481862 0.08782467006986794 0.08782467006986794
0.14992249426386448 0.13858847200412502 0.1499226885453318 0.0878256556408689 0.1498501850014271 0.14823919326264481 0.0878256556408689 0.0878256556408689
0.14991747559618007 0.1386062002175081 0.1499176653706158 0.08782607995766965 0.14984580687233098 0.14823461207035604 0.08782607995766965 0.08782607995766965
0.14991556483116264 0.13861286375121387 0.14991575273532196 0.08782624770716936 0.1498441626095803 0.14823291295121319 0.08782624770716936 0.08782624770716936
0.14991483782943948 0.138615369686953 0.14991502495761896 0.08782631206145487 0.14984354643933545 0.14823228490228843 0.08782631206145487 0.08782631206145487
0.14991456114466717 0.13861631229320323 0.14991474795094023 0.08782633646926938 0.1498433158277096 0.14823205337567155 0.08782633646926938 0.08782633646926938
0.14991448707755758 0.1386166624166527 0.14991463797023397 0.08782634121291888 0.14984322512623127 0.14823196377056774 0.08782634121291888 0.08782634121291888
0.1499144591509403 0.1386167934539644 0.14991459516970077 0.08782634396170402 0.1498431903356506 0.1482319300046319 0.08782634396170402 0.08782634396170402
0.14991446982399745 0.13861683963851404 0.14991457561479032 0.08782634213294956 0.14984317410783274 0.1482319144160169 0.08782634213294956 0.08782634213294956
0.14991276277018997 0.13861514508683845 0.14991285604185098 0.08782463065882044 0.14985514753524357 0.14823019658941558 0.08782463065882044 0.08782463065882044
0.1499117787135552 0.13861424711886505 0.14991186679976307 0.08782435359052668 0.1498598271017482 0.1482292194944884 0.08782435359052668 0.08782435359052668
0.14991133623194314 0.1386138669781476 0.14991140598106598 0.08782430247372455 0.1498617131831586 0.14822877020451097 0.08782430247372455 0.08782430247372455
0.14991114243802983 0.13861371715401796 0.14991120459261612 0.0878242919367309 0.14986248342650715 0.14822857657863622 0.0878242919367309 0.0878242919367309
0.1499110595032994 0.1386136595834498 0.14991111851250974 0.08782428926313368 0.1498627996102307 0.14822849500110935 0.08782428926313368 0.08782428926313368
0.1499110338645853 0.13861363630859505 0.14991108068134304 0.0878242870826769 0.14986292832021927 0.14822845957722655 0.0878242870826769 0.0878242870826769
0.14991102274214005 0.13861362727648244 0.14991106450930014 0.08782428657869003 0.14986298109825325 0.14822844463775398 0.08782428657869003 0.08782428657869003
0.1499110244017999 0.13861362290803184 0.14991105675252991 0.08782428551969046 0.1498630018877546 0.1482284374908124 0.08782428551969046 0.08782428551969046
0.14991102489316174 0.13861362111139205 0.1499110533440082 0.08782428532369213 0.14986301029797755 0.14822843438238423 0.08782428532369213 0.08782428532369213
0.14991102505311268 0.1386136204095362 0.14991105188879378 0.08782428528014201 0.1498630137360039 0.14822843307212738 0.08782428528014201 0.08782428528014201
0.14964278864842714 0.1404912753531929 0.14964281481517563 0.08755604880921157 0.1495947786883119 0.14796019606725794 0.08755604880921157 0.08755604880921157
0.14949738102527843 0.14117401839407961 0.14949740688805002 0.08752173324128178 0.1494494219685126 0.14781657200023396 0.08752173324128178 0.08752173324128178
0.14943446512572983 0.14143205229387745 0.1494344859343001 0.08751903405125847 0.1493865495172494 0.14775534497506793 0.08751903405125847 0.08751903405125847
0.14940897720821228 0.141531162153436 0.1494089959192984 0.0875196032125692 0.1493610913958869 0.14773096368545868 0.0875196032125692 0.0875196032125692
0.14939889136751652 0.1415694781315038 0.14939890590489308 0.08752007007557186 0.1493510193709074 0.14772149499846343 0.08752007007557186 0.08752007007557186
0.1493949351293661 0.14158432930474155 0.14939494571586426 0.08752028874030654 0.1493470685236227 0.14771785510548596 0.08752028874030654 0.08752028874030654
0.1493933873664982 0.14159009156907398 0.1493933963165901 0.0875203794824794 0.14934552373517743 0.14771646256522195 0.0875203794824794 0.0875203794824794
0.14939278248964913 0.1415923282636456 0.14939279076196402 0.08752041562297162 0.14934492038023522 0.14771593123559107 0.08752041562297162 0.08752041562297162
0.14939139871715143 0.14159204917776685 0.14939140670874151 0.08751928236465652 0.14935271684572166 0.14771458145664895 0.08751928236465652 0.08751928236465652
0.14939064879546113 0.14159176428088116 0.14939065517627154 0.08751910404802012 0.1493557665078917 0.14771385309543406 0.08751910404802012 0.08751910404802012
0.14939030880929527 0.14159162608087222 0.149390314522974 0.08751907464742886 0.14935699976213668 0.14771352688243533 0.08751907464742886 0.08751907464742886
0.14939016262623941 0.14159156792831123 0.14939016806361366 0.08751906927214012 0.14935750499240022 0.14771338857301508 0.08751906927214012 0.08751906927214012
0.14939010178668208 0.14159154441836452 0.14939010610435577 0.08751906797010474 0.1493577128713823 0.14771333090890115 0.08751906797010474 0.08751906797010474
0.14938930432907932 0.14159076317968594 0.1493893081830199 0.08751829570965176 0.1493632020293504 0.1477125351499091 0.08751829570965176 0.08751829570965176
0.14938885036293267 0.14159034113882715 0.14938885402480379 0.08751817201643236 0.14936535124493355 0.14771208717920567 0.08751817201643236 0.08751817201643236
0.14938864167871255 0.14159015861842825 0.1493886445848354 0.08751815066943333 0.14936621982878473 0.14771188328093912 0.08751815066943333 0.08751815066943333
0.14938803176227833 0.14158956542728982 0.14938803435540055 0.0875176271811036 0.149370210209114 0.1477112767026066 0.0875176271811036 0.0875176271811036
0.14938769499016874 0.141589254722489 0.14938769745365374 0.08751754301037068 0.14937177845571423 0.14771094534686224 0.08751754301037068 0.08751754301037068
0.14938754132161186 0.14158912142051655 0.1493875432765577 0.08751752836361382 0.1493724132202042 0.14771079567026826 0.08751752836361382 0.08751752836361382
0.1493871254316624 0.14158871826677188 0.14938712717599203 0.08751717611662777 0.1493751183466914 0.14771038242899903 0.08751717611662777 0.08751717611662777
0.1493868965240681 0.14158850764246977 0.14938689818116688 0.08751711945291586 0.149376181927035 0.14771015736651255 0.08751711945291586 0.08751711945291586
0.14938655691082786 0.14158818239757115 0.1493865585317979 0.08751687464343987 0.14937825738702082 0.14770982084246273 0.08751687464343987 0.08751687464343987
0.14938637665152396 0.14158801858364828 0.14938637825752887 0.08751683503745805 0.14937907729440245 0.14770964410052229 0.08751683503745805 0.08751683503745805
0.14938629503965017 0.14158794906850844 0.14938629663945605 0.08751682808130119 0.14937940988772191 0.14770956512075986 0.08751682808130119 0.08751682808130119
0.14938625981418013 0.14158792109602397 0.14938626141141814 0.0875168266559891 0.14937954619978114 0.14770953151062938 0.0875168266559891 0.0875168266559891
0.14938608679927026 0.14158775198757523 0.14938608839544454 0.08751666822996682 0.149380708739571 0.14770935938823837 0.08751666822996682 0.08751666822996682
0.14938598971625547 0.1415876619790461 0.1493859913119881 0.08751664280234982 0.1493811647661456 0.1477092638195153 0.08751664280234982 0.08751664280234982
0.1493859451179836 0.14158762321501575 0.14938594671353272 0.08751663841172283 0.14938134923434968 0.1477092204839497 0.08751663841172283 0.08751663841172283
0.14938592577340537 0.14158760753752456 0.14938592736887824 0.08751663753784703 0.14938142475613003 0.14770920195052079 0.08751663753784703 0.08751663753784703
0.1492000909727855 0.1428883873593155 0.14920009256822667 0.08733081074892653 0.14919562924379728 0.1475233676090954 0.08733081074892653 0.08733081074892653
0.14909765023248894 0.14337332429808214 0.14909765152118185 0.08730533455296142 0.14909320770026707 0.14742216258909555 0.08730533455296142 0.08730533455296142
0.14905250207942686 0.14356088718926902 0.1490525032406466 0.08730261298638178 0.14904806927890915 0.14737819925260295 0.08730261298638178 0.08730261298638178
0.14903385483277634 0.14363453600024945 0.14903385573566907 0.08730266397423618 0.14902942664237875 0.14736033486621763 0.08730266397423618 0.08730266397423618
0.14902632535797727 0.1436636284847997 0.14902632615382921 0.08730285739389317 0.1490218994011363 0.14735324842057804 0.08730285739389317 0.08730285739389317
0.1490232041918289 0.1436750413092152 0.1490232049433278 0.08730285461515462 0.14901962784563635 0.1473503578645279 0.08730285461515462 0.08730285461515462
0.14902193987422813 0.1436795477868545 0.14902194046925016 0.08730288281338913 0.1490187152890138 0.14734920814048602 0.08730288281338913 0.08730288281338913
0.14902143193185965 0.14368133176817524 0.14902143246207322 0.08730289849746241 0.14901835304172015 0.1473487553037843 0.08730289849746241 0.08730289849746241
0.1490211571296947 0.14368196735070451 0.1490211576330664 0.08730283406336857 0.1490187093609348 0.1473485063354939 0.08730283406336857 0.08730283406336857
0.14902103483390977 0.14368220826255648 0.1490210353261642 0.08730282557892324 0.14901884844591143 0.1473483963946885 0.08730282557892324 0.08730282557892324
0.14902098343074371 0.14368230204051763 0.1490209839183936 0.0873028248254568 0.14901890529441747 0.14734835083955708 0.0873028248254568 0.0873028248254568
0.14902091424951217 0.14368229094583002 0.14902091473525497 0.08730277693322488 0.14901926488644504 0.1473482843832831 0.08730277693322488 0.08730277693322488
0.14902084579152167 0.1436822467863102 0.14902084627647452 0.08730273712715071 0.14901963226843973 0.14734821749580168 0.08730273712715071 0.08730273712715071
0.14902081108130658 0.14368222310071704 0.14902081156593208 0.08730273076931634 0.14901977806325525 0.14734818388083995 0.08730273076931634 0.08730273076931634
0.1490207956260618 0.14368221272697093 0.1490207961105517 0.08730272968956265 0.14901983736497876 0.14734816910274884 0.08730272968956265 0.08730272968956265
0.14902076730154146 0.1436821867327986 0.14902076778597517 0.08730270776594572 0.1490200137248936 0.147348141156954 0.08730270776594572 0.08730270776594572
0.14902075215317254 0.14368217302249014 0.14902075254469083 0.08730270425549336 0.1490200832547761 0.14734812625839022 0.08730270425549336 0.08730270425549336
0.14902074533916487 0.1436821670400168 0.14902074562971673 0.0873027036528094 0.1490201114482384 0.1473481195844349 0.0873027036528094 0.0873027036528094
0.14902074240167398 0.14368216457713404 0.14902074265040988 0.08730270353738996 0.14902012300928144 0.14734811674933096 0.08730270353738996 0.08730270353738996
0.14902074115811023 0.1436821635837429 0.14902074138952773 0.08730270351040972 0.14902012777036458 0.14734811556702554 0.08730270351040972 0.08730270351040972
0.14902074063520454 0.14368216318607144 0.14902074085944952 0.0873027035025351 0.14902012973431622 0.14734811507735301 0.0873027035025351 0.0873027035025351
0.14902074041592783 0.14368216302731762 0.14902074063720222 0.08730270349982361 0.14902013054498509 0.14734811487509647 0.08730270349982361 0.08730270349982361
0.14902074032409177 0.14368216296400318 0.14902074054413586 0.08730270349880263 0.14902013087970659 0.14734811479165447 0.08730270349880263 0.08730270349880263
0.14902074028565712 0.14368216293875918 0.1490207405051917 0.08730270349840258 0.14902013101793313 0.1473481147572512 0.08730270349840258 0.08730270349840258
0.14902074026957976 0.1436821629286943 0.14902074048890332 0.08730270349824318 0.14902013107502096 0.14734811474307227 0.08730270349824318 0.08730270349824318
0.14902074026285728 0.14368216292468103 0.14902074048209343 0.08730270349817927 0.14902013109860024 0.14734811473723033 0.08730270349817927 0.08730270349817927
0.14902074029682455 0.14368216291782668 0.1490207404739935 0.08730270349289969 0.14902013110308612 0.1473481147295701 0.08730270349289969 0.08730270349289969
0.14902072570290556 0.14368214830715031 0.14902072586265205 0.0873026888849129 0.14902023335409156 0.1473481001184617 0.0873026888849129 0.0873026888849129
0.14898066444046174 0.14364208735580064 0.1489806645929926 0.08726263366664809 0.14898022048366885 0.1476284621271319 0.08726263366664809 0.08726263366664809
0.148957889852886 0.1436201849140069 0.14895789000240522 0.08725645074588033 0.14895754458655358 0.1477371384065073 0.08725645074588033 0.08725645074588033
0.14894749855263187 0.14361063154712306 0.14894749867262996 0.0872554916804969 0.14894719415598567 0.14778070203013874 0.0872554916804969 0.0872554916804969
0.1489430443607381 0.14360673232306995 0.14894304444949727 0.08725534110310693 0.14894275688278005 0.14779839867459374 0.08725534110310693 0.08725534110310693
0.14894116892283166 0.14360517160458622 0.1489411689986518 0.08725531040157046 0.1489409413037786 0.14780561796544017 0.08725531040157046 0.08725531040157046
0.14894038722029157 0.14360455421796997 0.14894038729075246 0.08725530542544854 0.1489401843935681 0.1478085706010723 0.08725530542544854 0.08725530542544854
0.14894006267152624 0.14360431116066644 0.14894006273976731 0.08725530462454605 0.14893987011328028 0.14780977944112159 0.08725530462454605 0.08725530462454605
0.14893992814779966 0.14360421567791917 0.1489399282151213 0.08725530451508033 0.14893973984254832 0.14781027457137053 0.08725530451508033 0.08725530451508033
0.14893987243399626 0.14360417821162214 0.1489398725009371 0.08725530451526885 0.14893968589024895 0.14781047741738904 0.08725530451526885 0.08725530451526885
0.1489398493712788 0.14360416352178226 0.14893984943806188 0.08725530452683328 0.14893966355711064 0.14781056053126662 0.08725530452683328 0.08725530452683328
0.1489398353845825 0.14360415332253235 0.14893983545130024 0.08725530009173119 0.1489396854199876 0.1478105901464039 0.08725530009173119 0.08725530009173119
0.14893982590298138 0.14360414563153975 0.1489398259696721 0.08725529640282344 0.14893971469705897 0.14781059859027756 0.08725529640282344 0.08725529640282344
0.14893982138698458 0.1436041420245484 0.14893982145366408 0.08725529581370148 0.1489397262332421 0.14781060146045663 0.08725529581370148 0.08725529581370148
0.14893981942813456 0.14360414050789844 0.1489398194820238 0.08725529571239925 0.14893973090973117 0.14781060253501435 0.08725529571239925 0.08725529571239925
0.14893981859760397 0.14360413989352153 0.14893981864619604 0.08725529569314076 0.14893973282727357 0.1478106029559826 0.08725529569314076 0.08725529569314076
0.1489398182492065 0.14360413964801902 0.1489398182956047 0.08725529568871368 0.14893973361701016 0.14781060312401856 0.08725529568871368 0.08725529568871368
0.14893981810365362 0.14360413955042475 0.14893981814914323 0.08725529568745219 0.14893973394282364 0.1478106031915983 0.08725529568745219 0.08725529568745219
0.14893981805047346 0.14360413951063103 0.14893981808698645 0.08725529568595347 0.14893973407626288 0.14781060321778577 0.08725529568595347 0.08725529568595347
0.14891276816994625 0.14357708963651405 0.1489127682027414 0.08722824582745119 0.14891268427302534 0.14799995223541929 0.08722824582745119 0.08722824582745119
0.14889736185460364 0.1435622721253441 0.1488973618858559 0.08722404241930683 0.14889727799861355 0.14807359887766214 0.08722404241930683 0.08722404241930683
