0.125 0.125 0.125 0.125 0.125 0.125 0.125 0.125
0.07295173961840629 0.12906846240179573 0.09118967452300786 0.16133557800224466 0.08754208754208755 0.15488215488215487 0.10942760942760943 0.19360269360269358
0.11301829483647664 0.08900190718372536 0.13562195380377198 0.10680228862047043 0.14127286854559581 0.11125238397965671 0.16952744225471497 0.13350286077558804
0.11101738652203987 0.08742619188610641 0.13322086382644788 0.10491143026332768 0.1564760200322258 0.10928273985763301 0.1665260797830598 0.1311392878291596
0.0861154252657432 0.15235806008554564 0.07507498612910946 0.13282497545919367 0.10333851031889185 0.20080808883555254 0.09008998335493133 0.15938997055103238
0.09504816869040202 0.07672563014767392 0.19009633738080403 0.15345126029534784 0.0936758923667623 0.08180987321047332 0.17108670364272363 0.13810613426581306
0.09836049578040348 0.07745889042706776 0.19672099156080697 0.15491778085413552 0.09845669941275696 0.06752826344923857 0.1715003516171138 0.13505652689847714
0.07053345138098198 0.12478995244327581 0.10423134835075201 0.15598744055409478 0.09235865992590507 0.15911404160860348 0.10580017707147298 0.1871849286649137
0.09289927774738733 0.07499098324186688 0.20397109873298158 0.14998196648373377 0.0908555028370945 0.08509870117627827 0.1672186999452972 0.1349837698353604
0.1080074581872917 0.08505587332249222 0.15409486624517407 0.10206704798699068 0.1548599153402602 0.10631984165311527 0.16201118728093758 0.12758380998373833
0.06260421232639753 0.1043403538773292 0.06451132685185465 0.0939063184895963 0.1654568615334557 0.2086807077546584 0.11268758218751554 0.1878126369791926
0.06768816338347497 0.11975598137076342 0.09373940355043031 0.14969497671345428 0.09409071293258806 0.19386454491793123 0.10153224507521247 0.17963397205614512
0.09095898391356974 0.07342472195432738 0.21052198368347938 0.14684944390865476 0.09478313263393319 0.0875710633438208 0.1637261710444255 0.13216449951778927
0.09378662835494804 0.07385696982952158 0.22477039139929125 0.14771393965904317 0.09787090288594749 0.06969950949832698 0.16352540328555043 0.12877625508737098
0.0677344824263998 0.11983793044670735 0.1255809352801393 0.1497974130583842 0.09482302241952528 0.1608675970591833 0.10160172363959971 0.179756895670061
0.1052855660703766 0.08291238328042158 0.15271137700085194 0.0994948599365059 0.1577997272675948 0.11949916241805196 0.1579283491055649 0.12436857492063239
0.05779859816844776 0.10225905829802298 0.06710951881262119 0.08914892261878926 0.14698340253667855 0.2576256113674911 0.10077704296037047 0.17829784523757852
0.09311505808295704 0.07332810824032869 0.2073658429835069 0.14665621648065738 0.10945826684805496 0.07986790967261224 0.16235446024720715 0.12785413744467564
0.06710881920836369 0.1187309878301819 0.12153736210518175 0.14841373478772737 0.09563796117430591 0.16981142433642094 0.10066322881254554 0.17809648174527284
0.08858425420137787 0.07150777146376287 0.2239285799556449 0.14301554292752575 0.09283678265050327 0.091961422603932 0.15945165756248017 0.12871398863477315
0.12201621910318872 0.09608777254376112 0.2171187965887323 0.11530532705251335 0.13000479955684205 0.09129675543199967 0.12764773690795125 0.10052259281501164
0.06604528276067412 0.11684934642273113 0.12641300225598373 0.14606168302841394 0.09724124720569498 0.1730474945513942 0.09906792414101119 0.1752740196340967
0.06557869178023204 0.11602383930348745 0.10713887857761774 0.14502979912935934 0.09195389991392298 0.20187109466980124 0.09836803767034806 0.17403575895523118
0.09772207664059598 0.07236594246326147 0.2258121625971331 0.14473188492652295 0.09756054848717689 0.07540672370795731 0.16022414611320407 0.1261765150641482
0.06635190349704224 0.11739182926399783 0.12860884989192914 0.14673978657999726 0.09669032215908129 0.1686017094663922 0.09952785524556337 0.1760877438959967
0.09652598304544249 0.07139975307980535 0.23695809388592437 0.1427995061596107 0.09727174177507585 0.07246812150549353 0.15808492338385882 0.12449187716478882
0.06620870341305467 0.10061699073906341 0.08744084997512618 0.09055529166515708 0.1495561307476667 0.21584510013142943 0.10866634999818849 0.18111058333031416
0.07212975412852661 0.11272127751553254 0.09945123305400526 0.13526553301863906 0.11563493284113756 0.1942662034048809 0.1014491497639793 0.1690819162732988
0.07230180787903055 0.11235868853711023 0.1016493115579715 0.13483042624453226 0.10824885947434171 0.20095005381794942 0.1011228196833992 0.16853803280566532
0.0606085962629657 0.09413075017099501 0.06424342590537327 0.0847176751538955 0.14324171955730405 0.281961272457001 0.1016612101846746 0.169435350307791
0.0627774037758077 0.11106771437258285 0.09116566886619465 0.13883464296572856 0.09981629226943652 0.23557060052766374 0.09416610566371157 0.16660157155887428
0.0989514516769581 0.07987647304043606 0.1515457523074318 0.09984559130054507 0.145125166449521 0.15641367814901666 0.14842717751543716 0.11981470956065408
0.128923305060708 0.09212365594562778 0.1967032636242628 0.11054838713475335 0.13937220437629722 0.11357205799381254 0.12238160887526621 0.09637551698927214
0.06346412721795207 0.09913966880917369 0.0730483714786477 0.08642945485927962 0.14751184997235137 0.25984475592919853 0.09770286201483784 0.17285890971855924
0.10775173374165822 0.07606150563533752 0.13855805482254602 0.09127380676240503 0.16620035665664887 0.16118322557537396 0.14487905835302387 0.11409225845300629
0.0815017016681911 0.10860456966871841 0.10752112809373972 0.13032548360246207 0.11641394547628493 0.19498220428567967 0.09774411270184656 0.16290685450307757
0.05931597891536583 0.09692285427939762 0.060527299674038984 0.0844968473205005 0.13814226681964056 0.2960828831181854 0.09551817523187013 0.168993694641001
0.13282030527599314 0.09192923417509662 0.162992002729398 0.11031508101011595 0.13801207858565154 0.14563584691272174 0.12212332940476814 0.09617212190625492
0.0729471141314624 0.11354336299338792 0.11316575132936746 0.14192920374173493 0.10114297071029053 0.19069152745710669 0.09626502514656804 0.1703150444900819
0.1396189801927306 0.09289393448740618 0.18381140675118435 0.11147272138488742 0.1290173557693513 0.12259936967926623 0.12340488488681063 0.0971813468483634
0.0637555006009672 0.09861710247386458 0.0711219462343539 0.08597388420798452 0.1477557712058494 0.26364015775633304 0.09718786910467815 0.17194776841596904
0.09192730646718998 0.06959466824661528 0.2036416737938398 0.13918933649323056 0.10677318732335281 0.10841770190582947 0.1551857229260347 0.12527040284390753
0.07095656447303227 0.11476588028488004 0.12435862373877384 0.14345735035610005 0.09862346027179135 0.178387793250052 0.09730150719805046 0.17214882042732005
0.10308647784265128 0.06888934354859853 0.23352945927026386 0.13777868709719707 0.09517578239370482 0.08889882670286642 0.15252667029075131 0.12011475285396668
0.08396132682463264 0.11074944556016113 0.1311992557586445 0.13289933467219334 0.1032718867518128 0.17212008108816887 0.099674501004145 0.16612416834024166
0.059624932098293004 0.08195521079784854 0.08019346046256598 0.09834625295741826 0.12405755903413351 0.24111457518600216 0.11801550354890192 0.19669250591483653
0.06251151848689082 0.09043957513195115 0.0596295370192936 0.08139561761875604 0.14449940528240368 0.3010583700806852 0.09767474114250724 0.16279123523751207
0.08940609827125823 0.12813690204255315 0.08081654111772542 0.11532321183829783 0.13403060319781387 0.29660030755064937 0.08649240887872338 0.0691939271029787
0.0774868749275566 0.10451651406553057 0.0925786756123646 0.12541981687863668 0.10740980671591008 0.24174867804272826 0.09406486265897751 0.15677477109829585
0.0649459833825158 0.0903108025143072 0.061274334877547375 0.08127972226287648 0.13963659712918036 0.302457448592368 0.09753566671545176 0.16255944452575297
0.061057541752080634 0.0870258847326508 0.05510990625451147 0.07832329625938572 0.14428117043816946 0.32356765253316766 0.09398795551126286 0.15664659251877144
0.05387891003608265 0.08954193585654062 0.050722614748400896 0.07806220049031747 0.1408648744281001 0.3425608368186949 0.08824422664122844 0.15612440098063493
0.11739227059289963 0.08963847311415386 0.15797747098843895 0.11204809139269233 0.1382749490889518 0.15890020246445363 0.12492526010498681 0.10084328225342308
0.10105836019955806 0.06710839013590043 0.23713388084749984 0.13421678027180087 0.10273308693286856 0.08731270554232587 0.14964169382542572 0.12079510224462078
0.11271093481865237 0.07688781567520808 0.1959151269382027 0.0961097695940101 0.14558999596857441 0.11458100585726554 0.14287362763527472 0.11533172351281211
0.13642283684018405 0.08717617905368438 0.20838264770356132 0.10897022381710549 0.13563628838563874 0.10384495531461348 0.12149366744981759 0.09807320143539493
0.10696449577693726 0.06540533862469528 0.2571156730360838 0.13081067724939055 0.09992047590021898 0.07620958674599172 0.14584414314223093 0.11772960952445148
0.1007765575724779 0.06519576617583536 0.2774486159231971 0.13039153235167072 0.09225781752589694 0.07120050347367493 0.14537682786074332 0.11735237911650366
0.09903313796175853 0.06479818898627104 0.2852591428356419 0.1295963779725421 0.09022448466603439 0.06996163733457025 0.14449029006789393 0.1166367401752879
0.07860335234973494 0.11306794815503979 0.14382220189476708 0.14133493519379972 0.09537672262010338 0.16233096150950524 0.09586195604449026 0.16960192223255965
0.10378886725481372 0.06818406695439021 0.2412289075753567 0.13636813390878041 0.09455891018590389 0.08602094437533761 0.1509651299275062 0.11888503981791114
0.05984626307750992 0.08360397319166687 0.09890130814484858 0.10450496648958359 0.11855648173173003 0.20744102531031244 0.11813604907518144 0.20900993297916717
0.09844741244095087 0.06900602693623936 0.21761959404668202 0.13801205387247872 0.10115887718505867 0.09767204637255107 0.1538731406608084 0.12421084848523087
0.1364011149291267 0.08795609956517482 0.2187935243470856 0.10994512445646853 0.1246617471792889 0.10071116860310549 0.12258060890892833 0.09895061201082167
0.14626087952348865 0.08589473260539669 0.21605912648112457 0.10736841575674587 0.12854776116001965 0.09952973929172172 0.11970777100043158 0.09663157418107127
0.1023367815301178 0.12822224855479683 0.14669717523742193 0.16027781069349606 0.08835126216073312 0.14833206675955302 0.08153262543973495 0.14425002962414643
0.0834484349602297 0.11045808201016052 0.11160347788025962 0.1325496984121926 0.10226822522039238 0.19457268469238007 0.09941227380914448 0.16568712301524077
0.06644735159433422 0.09561577295618767 0.061688076227038424 0.08335734052590721 0.1375645337230443 0.29438220680543076 0.09423003711624292 0.16671468105181442
0.10074328121440952 0.06850568157289633 0.19943877233727736 0.13701136314579265 0.10506348124541755 0.11316974847402737 0.15275744517896583 0.12331022683121341
0.12107550979536959 0.07637826977371673 0.18425995001100387 0.09547283721714592 0.14564485691325127 0.12067438675091177 0.14192678487802585 0.11456740466057509
0.10921420375451396 0.06560601422034117 0.2478872218613972 0.13121202844068233 0.10234762188405241 0.07935046447345888 0.14629161976893987 0.1180908255966141
0.10523230838518263 0.06500800902870439 0.27358941519257574 0.13001601805740878 0.09258959878380621 0.0715920768545583 0.14495815744609605 0.1170144162516679
0.1035560745381445 0.06450080701514595 0.2832356530722773 0.1290016140302919 0.08999408323713294 0.06978314282209097 0.1438271726576538 0.11610145262726271
0.12045843808420491 0.07528049961453957 0.2099042340034996 0.09410062451817446 0.13929256964316553 0.10815598617714128 0.1398868985374653 0.11292074942180934
0.1081326964833468 0.0649860636027266 0.25764361058557356 0.1299721272054532 0.10080725699019494 0.07657410822619475 0.14490922242160229 0.11697491448490788
0.10459864445634602 0.06473238274665129 0.2771149456161772 0.12946476549330257 0.09236581636786965 0.07086160440031222 0.1443435519753687 0.11651828894397231
0.10324755655765104 0.06437722114185278 0.28445445273612757 0.12875444228370556 0.09018994754163444 0.0695457870778308 0.14355159460586275 0.115878998055335
0.10270614374776622 0.06421544389945358 0.2871558903875659 0.12843088779890716 0.08954672384879558 0.06916625579732558 0.14319085550116964 0.11558779901901645
0.10249379926978337 0.06415266529004635 0.2881427734356347 0.1283053305800927 0.08933852918220973 0.06904123614801656 0.1430508685721332 0.11547479752208341
0.10241262322595987 0.06412936823105382 0.28850248212718504 0.12825873646210764 0.08926748866685699 0.06899751886318702 0.14299891960775282 0.11543286281589688
0.11997716584028545 0.07514040359817711 0.2113981076754163 0.09392550449772138 0.1394392144883592 0.1077824276375056 0.13962657086526942 0.11271060539726566
0.1427061396067636 0.08583526540405291 0.21331858324554598 0.10729408175506613 0.13357981669300378 0.10107654558013582 0.11962489413587224 0.09656467357955953
0.08832804185318206 0.11087250168752276 0.12636074486944623 0.13859062710940345 0.10384183207537387 0.17169690061697473 0.09400059925681276 0.1663087525312841
0.13813083633763443 0.08956981834138483 0.18732426720127307 0.11196227292673105 0.1284050704457499 0.11901211019336555 0.1248295789198031 0.10076604563405793
0.1294117363758333 0.07491849350184772 0.17807997184411703 0.09364811687730965 0.15188988261899397 0.1204598429921112 0.13921421553701552 0.11237774025277156
0.1111464384787438 0.06546773502173725 0.2449035300323549 0.1309354700434745 0.10448048003685703 0.07924114555296598 0.14598327779473946 0.11784192303912704
0.12287479263179532 0.07550208370504105 0.19774532431460398 0.0943776046313013 0.1450793013091544 0.11086911977177202 0.1402986480787703 0.11325312555756155
0.0848158907807882 0.1110421148025672 0.12281970010057448 0.138802643503209 0.10631443668266624 0.17549764024590658 0.09414440168043742 0.16656317220385078
0.10436513733986383 0.06820066690285677 0.22654770266200505 0.13640133380571354 0.09838354941770514 0.0912631014573583 0.15207730798935523 0.12276120042514219
0.09518712569760847 0.13027981856365767 0.150525351781801 0.16284977320457208 0.08449178702910615 0.14726037625246619 0.08284097158667363 0.14656479588411483
0.10714738126534196 0.06802529825914466 0.2440695712708383 0.13605059651828932 0.09214927993778244 0.08333605741611559 0.15061360298320994 0.11860821234927786
0.08301630042940923 0.11288277479752219 0.13446213960755993 0.14110346849690278 0.09632109562046937 0.1671850976104757 0.09570496124137752 0.1693241621962833
0.10497458680503056 0.06832142030867139 0.23771343438734535 0.13664284061734278 0.09494790553344121 0.08700604308422044 0.1512692415462647 0.11912452771768346
0.08260539969474671 0.1128723672037885 0.1329864524810638 0.14109045900473563 0.09689740990342585 0.16854322349464917 0.09569613741190765 0.16930855080568274
0.10492658075197117 0.06834814611908072 0.2371627399151543 0.13669629223816143 0.09510186432830982 0.0872648353929713 0.1513284146877489 0.11917112656660228
0.098689549429957 0.13486586207287057 0.11071636114768808 0.11757536693532307 0.11581596093448367 0.2014996885402885 0.07974677061700172 0.14109044032238766
0.09324845483761615 0.1291562601791327 0.11964573568603816 0.16144532522391586 0.08700907203793175 0.18206782432863175 0.08212653500520938 0.14530079270152427
0.12043420054962292 0.07673822108658857 0.15549109547900464 0.09208586530390628 0.1499096223210427 0.14406562346502133 0.1461680401649306 0.11510733162988283
0.07228704270872983 0.09518169747510999 0.06771162212772822 0.08297891574753179 0.15345790664867004 0.2686227312130001 0.09380225258416637 0.16595783149506357
0.10183960600903527 0.06818264725045185 0.20148023152053848 0.1363652945009037 0.10909465072033626 0.10827167809392844 0.15203712685399262 0.12272876505081334
0.10527502636029645 0.06610188269351573 0.25631662458233134 0.13220376538703146 0.09616565552010216 0.07755632415449529 0.14739733245389924 0.11898338884832832
0.10419965109251049 0.06486353326993216 0.27682719448947596 0.12972706653986432 0.09185186025699288 0.0711403363977662 0.14463599806758007 0.11675435988587787
0.10323706658388584 0.06436986287255002 0.2843252363121525 0.12873972574510004 0.09034027994393706 0.06958688860821773 0.14353518676356672 0.11586575317059
0.09446467148068761 0.1293294553979273 0.16492824746608217 0.16166181924740916 0.08255532172863375 0.1393281827829098 0.08223666457368205 0.14549563732266824
0.08225016546604494 0.11063335951027395 0.11587476802728942 0.13276003141232876 0.10153598666375888 0.1914256260956466 0.09957002355924656 0.1659500392654109
0.07772542151374773 0.11195454601666006 0.10453940142416107 0.13994318252082508 0.09725802367084914 0.20572962116246796 0.09491798466629875 0.1679318190249901
0.13565494243655304 0.0901042039729687 0.17993266683712014 0.11263025496621089 0.12742711995748093 0.12730925331565934 0.1255743290444172 0.10136722946958977
0.14843823642383006 0.08637961754125209 0.20245157469653383 0.10797452192656512 0.1312059447356395 0.10598950079429463 0.12038353414797633 0.09717706973390859
0.08938287280880262 0.11086888999494457 0.12388114934897317 0.1385861124936807 0.10343473787730391 0.17354536531425144 0.0939975371696269 0.1663033349924168
0.10537232043821172 0.0681550323107073 0.22690981783518815 0.1363100646214146 0.09771904129958756 0.09087911567562251 0.15197554965999507 0.12267905815927314
0.08268917755413192 0.11292270377516386 0.13055788881243882 0.14115337971895484 0.09750688004309029 0.17004710036322673 0.09573881407024765 0.1693840556627458
0.10496344844001933 0.06834902239785232 0.2360890984894428 0.13669804479570463 0.09585809195905014 0.08753928463965818 0.15133035484099167 0.11917265443728098
0.08259789387967119 0.11286404182251815 0.13261285133121373 0.14108005227814768 0.09712598236403522 0.16873403665415407 0.09568907893648278 0.1692960627337772
0.1175430681404103 0.07655373139419944 0.15933126120067745 0.09186447767303933 0.15381921297317536 0.14024102030015242 0.14581663122704658 0.11483059709129917
0.08353424147578989 0.110655687781336 0.11374548389211851 0.13831960972666998 0.10798988119772247 0.18595478548322653 0.0938167787711327 0.165983531672004
0.07801822909368399 0.11204758673396291 0.10416246641269347 0.14005948341745364 0.09877389741660891 0.20387008981107563 0.09499686701357725 0.16807138010094436
0.1034917504428963 0.06869546861392634 0.21930957416102456 0.13739093722785267 0.09753896579432329 0.0967408183008706 0.15318064195403874 0.12365184350506743
0.09503062126291677 0.1303427587004809 0.14866638642146401 0.16292844837560108 0.0844157323601031 0.149099456037283 0.08288099330411013 0.14663560353804098
0.10800475947471314 0.06792575212490466 0.2432489797390104 0.13585150424980932 0.09256848548107163 0.08357267454197924 0.15039319965790857 0.118434644730603
0.0831557663920909 0.11285332420045253 0.1342623505701961 0.14106665525056566 0.09645823254367049 0.16724369248544035 0.09567999225690542 0.16927998630067878
0.14239493752524657 0.09184141436418063 0.19185679773415984 0.11020969723701676 0.12855090422496385 0.11705933480520347 0.12200666523593225 0.09608024887329665
0.0882338332720448 0.1108817016158453 0.12139102657350327 0.13860212701980665 0.10288900571122349 0.17767135418776586 0.09400839919604277 0.16632255242376798
0.09060874398076947 0.14343003135014926 0.12173100830205119 0.16050710453578676 0.08423691067019681 0.17338054085845991 0.08164926622037849 0.14445639408220806
0.10844928582152828 0.06858914069746302 0.2325831814798025 0.13717828139492605 0.09340405580239328 0.08834273606472107 0.15186199649743543 0.1195913222417304
0.09856218461689084 0.14311356993295768 0.10903850129022595 0.11629831800581512 0.1144106320494716 0.20013821419806416 0.07888059829959634 0.13955798160697813
0.1388580131890828 0.10085383262566261 0.17762965701878278 0.1093008635615436 0.1293804553694284 0.12374409493985224 0.12186230609025832 0.09837077720538924
0.1289056290660921 0.08235300625664686 0.17402538155384858 0.09279532062226091 0.1516470888501523 0.1209727122777609 0.1379464766265252 0.11135438474671308
0.126120391964586 0.08078151525867881 0.17263457058373033 0.09270335679346428 0.15857831656668464 0.12012805446235492 0.1378097662183439 0.11124402815215713
0.11006275415596692 0.07079529646594056 0.2418290778027939 0.13018793261825373 0.105860388815211 0.07894558143341225 0.14514982935199333 0.11716913935642838
0.13978921092079266 0.0924071733083878 0.22465203382834661 0.10739592022356831 0.12465430120123622 0.09470659588809059 0.11973843642836646 0.09665632820121148
0.1284099941364322 0.08113920369879628 0.18865071667225394 0.09215499618510892 0.1492609355564847 0.11280356698495989 0.13699459134383354 0.11058599542213071
0.08504534213951674 0.11934381277182494 0.11982220425209515 0.1371096985270925 0.10654042495320522 0.17461073577494385 0.09299614334881057 0.16453163823251096
0.07748717484341962 0.12453870422709615 0.1045092049064592 0.13826651675540938 0.09752239913533431 0.19797541213951247 0.09378076788627768 0.16591982010649126
0.10264780337614796 0.07697113214776224 0.21809054269546643 0.13610316721652335 0.09665137081425286 0.09529825876132994 0.15174487449364618 0.12249285049487102
0.10461831768442179 0.0707995705576148 0.26214282801845074 0.13092787024391528 0.09291920772340494 0.07478231796728854 0.14597480458538017 0.11783508321952375
0.12059975100585875 0.0806846631545555 0.20281477991757785 0.09377673782817095 0.14100664126308407 0.10917992221775609 0.13940541921919145 0.11253208539380513
0.08374461892765567 0.11947757892464722 0.12312066180712439 0.13734827308298453 0.10488705578344369 0.173445924640017 0.09315795913454604 0.16481792769958142
0.07727819865266566 0.12458908572704361 0.10526006467077581 0.13830928048879837 0.09719858918541709 0.1975838718354696 0.09380977285327194 0.16597113658655802
0.11587129951107368 0.0869331229136877 0.15419088268082198 0.09607004598307159 0.14543635857772827 0.14339965933431992 0.1428145758196109 0.1152840551796859
0.10863293167194098 0.07193456254625566 0.23522662165873456 0.13154268816445028 0.10400503961328204 0.083609456312489 0.14666028068484233 0.11838841934800526
0.1396628379072021 0.09274127343586533 0.22257806541163389 0.10767551159154945 0.12443274628678089 0.09595144499593579 0.12005015993863796 0.09690796043239451
0.11147490167375039 0.07048509054123375 0.2611364672767721 0.12804909971077258 0.09717063716129459 0.07367442362193338 0.14276519027454793 0.1152441897396953
0.10483892318400921 0.06904250537810702 0.2776243184324921 0.1284044107869401 0.09143237857291797 0.06993215832856482 0.14316133560872274 0.11556396970824608
0.120280483652222 0.08025187648695618 0.20741713966785097 0.09341658813385456 0.14008544233127448 0.10757853145778477 0.13887003250943156 0.11209990576062547
0.14210793695824134 0.09251782688992641 0.2108360341624132 0.10639699393109485 0.13332982117441258 0.10042938418692948 0.1186247081589968 0.09575729453798536
0.11231063305673945 0.07062047364116097 0.2563836701770475 0.1283063517289367 0.09925362415830079 0.07459752360488252 0.14305200707688914 0.11547571655604305
0.08321536582012821 0.1199172297541405 0.13640199545245482 0.13937211380030387 0.09704074391543198 0.1622753635978393 0.09453065109933655 0.16724653656036464
0.11901760334294474 0.07645842162176637 0.16040495385004946 0.09175010594611965 0.15363525456895596 0.13841093943414978 0.1456350888033645 0.11468763243264954
0.08315338027919575 0.11856515759285129 0.1131810244779807 0.13688940600366692 0.10720275341476286 0.18389426347682897 0.09284672755031322 0.16426728720440031
0.11705705917877215 0.08614379803615661 0.15634629918628637 0.09570496837225043 0.14817616367002848 0.13945388607881823 0.1422718634309872 0.11484596204670051
0.10879345619193154 0.07179320785137652 0.23599142766787617 0.13137901625334314 0.10447381433888156 0.08285016435030271 0.1464777987182796 0.11824111462800882
0.12190828508019536 0.08090929584159937 0.19447494691695705 0.09394997370460108 0.144917656069679 0.11143692795669652 0.13966294598475026 0.11273996844552128
0.10853376420479291 0.07047088797025201 0.2507160585731895 0.12959230131115318 0.10248150745301181 0.07708666441288894 0.14448574489467375 0.11663307118003788
0.10455336694999763 0.06931383851472711 0.27381254843669284 0.12892579658400777 0.09285855589671835 0.07076003482918392 0.14374264186306537 0.11603321692560699
0.13744738796006714 0.09179725959680149 0.23569923969634107 0.10683160913740274 0.12052423101587567 0.09244255268978993 0.1191092716800595 0.09614844822366247
0.11052736469757828 0.07012623300508247 0.26616302779699097 0.1275029469890095 0.09597828741462902 0.07279321705915327 0.1421562707474479 0.11475265229010854
0.13922254545375895 0.09183137708378204 0.23282384510053 0.10677493108186224 0.12134290887756562 0.09286087455098764 0.11904607987783744 0.09609743797367601
0.08707664377320316 0.12064572727342401 0.12992859255346223 0.1370928664016659 0.10062581053625247 0.16713419300321103 0.0929847267767821 0.16451143968199908
0.10395471397998629 0.07597507331335016 0.22804654891024737 0.13479923807052985 0.0964243938881102 0.08918962677029074 0.15029109080400863 0.12131931426347685
0.12113747357534271 0.08164497388666467 0.19251155637389425 0.0944457832834967 0.14297120020715973 0.11355407250882382 0.14040000022442198 0.11333493994019604
0.142804101176029 0.09295717700525438 0.20574940752053947 0.10676862156129013 0.13452424505601027 0.10206564304245629 0.11903904523325928 0.09609175940516111
0.11264930559591886 0.07077009441142289 0.2544240890846675 0.12852827977480044 0.0996603065627166 0.07499303248692057 0.1432994402862327 0.1156754517973204
0.14016828020520547 0.09211011164301182 0.22883565842528306 0.10703980373362498 0.12261405786097375 0.0935548716537014 0.1193413931179371 0.09633582336026247
0.11135867710021147 0.07028258697982241 0.26349237779219054 0.12775113480343292 0.09659011765456106 0.0731161027076407 0.14243298163905133 0.11497602132308964
0.12205497140400799 0.08037926810970539 0.2028521537923021 0.09344666902115946 0.1417798528748166 0.10843633220384852 0.1389147497687684 0.11213600282539136
0.1082804431374843 0.07023728431233625 0.25394850979463474 0.1292227149320828 0.1015596792798735 0.07637724144163063 0.14407368366308335 0.11630044343887451
0.08249485289230475 0.11989550717452573 0.13583903412635026 0.13940872557829712 0.09754453828162446 0.16297138781722648 0.09455548343571456 0.1672904706939565
0.10609802118061157 0.06814384460613682 0.23801595547737397 0.13628768921227363 0.09560757305495594 0.08615593358298498 0.15087607434162972 0.11881490854403341
0.09806667557727891 0.14303564175352898 0.11007732527363615 0.11627799013517721 0.11498907914187073 0.1991528892559143 0.07886681070038105 0.13953358816221265
0.13867830511698473 0.10082703186316436 0.17799852978898922 0.10927897397824951 0.12952825344067787 0.1234999283930732 0.1218379008384364 0.09835107658042457
0.11284148784273636 0.07211446302442681 0.24400441352261018 0.13001647671208375 0.09963872377843 0.07941093726700695 0.14495866881183067 0.11701482904087537
0.1057560312466958 0.06958313943268109 0.27129173276403373 0.1292233764252399 0.09247258058585289 0.07129767958419221 0.14407442117858837 0.11630103878271593
0.1033390646339642 0.06885808087198209 0.2816239858858553 0.12818582255479158 0.0902988113894364 0.06940936832222593 0.1429176260424318 0.11536724029931242
0.10245660140166855 0.06857002547687586 0.28544731872204476 0.12773050688575105 0.08956019675865172 0.06886791150759917 0.1424099830502329 0.11495745619717596
0.10212996128185718 0.06845899133709762 0.28685220398452765 0.12755545535176988 0.08929760251917132 0.06869106205559221 0.14221481365339117 0.11479990981659288
0.10200911145974038 0.06841749705716471 0.28736727400822404 0.1274904020445517 0.0892026195337094 0.06862944998594596 0.14214228407056734 0.11474136184009653
0.09339800297483469 0.1373239458181092 0.1646231432224935 0.15993820793581012 0.08167659829398366 0.13773584361910593 0.08135987099343385 0.1439443871422291
0.10771901734915079 0.06754531367472068 0.24953215147654956 0.13509062734944136 0.09150764833966336 0.08128304800787604 0.14955087765180322 0.11777131615079503
0.08250227403314953 0.11981133125770356 0.13492776146582108 0.13972168494039652 0.0955129027754787 0.1650902720741842 0.09476775152479068 0.1676660219284758
0.1429762293569416 0.09183284315882123 0.19208941985792827 0.1101994117905855 0.12827040155340041 0.11656513338455066 0.12199527882392858 0.09607128207384374
0.07618997783796698 0.10479750401401892 0.07310973909392958 0.08307080494317445 0.14778600238938355 0.25499823450811065 0.09390612732706677 0.1661416098863489
0.1323068863856495 0.09750030105233955 0.16418178554911367 0.10950578787027543 0.13918919452428397 0.13667005413345448 0.12209078140163544 0.09855520908324787
0.11179949515755254 0.07215895916744587 0.23851569723019891 0.1305147597363354 0.10206886935533917 0.08196471839185522 0.14551421719857094 0.11746328376270185
0.08314147123729934 0.12018212659088835 0.13235599809667412 0.13949373999176018 0.09767398084339068 0.16514704986415965 0.0946131453857156 0.1673924879901122
0.10644813110615226 0.068215337120137 0.23659629797547857 0.136430674240274 0.09573346444510134 0.0866021683093516 0.15103436464531755 0.11893956215818759
0.09813459630176666 0.14303960904473137 0.10980192059614237 0.11627428901400957 0.11501363363286314 0.19934250421895597 0.07886430037471953 0.1395291468168115
0.10633354694644537 0.07729908704815067 0.21820869358732226 0.1340454884371198 0.0993078245045437 0.09471370367028134 0.14945071621272907 0.12064093959340781
0.10533292815892484 0.07071169677243658 0.2619574860822932 0.13070238529943276 0.0933501289542057 0.07458982226370055 0.1457234056995168 0.11763214676948949
0.10359857993798381 0.06919302867208735 0.2782519698869776 0.1286815550488846 0.09079244012836979 0.07019869600331735 0.14347033077838328 0.11581339954399615
0.13706606060348472 0.09171975554282238 0.23722874575254388 0.1067521172502325 0.1198806040074393 0.09225516716017285 0.11902064415809502 0.09607690552520924
0.14604407366936428 0.09272494023543802 0.22056461438859457 0.10537691830552078 0.1267441659712612 0.0962186609933241 0.11748739996152838 0.09483922647496869
0.14890233635952527 0.09287552850701725 0.21445745936405622 0.10543069746655252 0.12872943883419685 0.09716955203604616 0.11754735971270856 0.09488762771989727
0.13072611298608242 0.08107882610955137 0.18515841685442283 0.09202634599114916 0.1504458001882481 0.1133295384913395 0.1368033441898277 0.110431615189379
0.1263994892634069 0.08052797269110418 0.1760643457298225 0.09251973532180295 0.15796215774195907 0.1179658162978069 0.13753680056793394 0.11102368238616353
0.08463128160510362 0.11920374175018544 0.11692207039164142 0.137036039661096 0.10834967020229186 0.17646776537405776 0.09294618342230859 0.1644432475933152
0.10375191790016054 0.07614312365362945 0.222737202513237 0.13527424177893882 0.09841190247909191 0.09111410958305072 0.15082068449084673 0.12174681760104494
0.10466955573413167 0.07059460765402503 0.26380883237659936 0.13064435163191934 0.09310253622149622 0.07394149742199095 0.14565870249111007 0.11757991646872741
0.10339438525618477 0.06914809216770655 0.27895183428983694 0.12861212377119835 0.09069462064725264 0.07005511238854042 0.14339292008520174 0.11575091139407852
0.13698573432245714 0.09170190432026551 0.2374647306253498 0.10673549292768388 0.11983746464576318 0.09221062024449062 0.1190021092790744 0.09606194363491548
0.11036565746979715 0.07008249331819032 0.26684302045815994 0.12743398317780202 0.09578773971198423 0.07271713975953994 0.14207938124450462 0.11469058486002182
0.12173810557656256 0.08032216957524976 0.20388386460801694 0.09339637049628823 0.1414608467905425 0.10828302072450599 0.13883997763328818 0.11207564459554588
0.10817455135734416 0.07021112965046994 0.25435156196501046 0.1291811189567452 0.1014629733930974 0.07632835036150305 0.14402730725475918 0.11626300706107066
0.12138299084269101 0.0805065792930036 0.20005488653752782 0.09361127871767122 0.1435294899443796 0.10942178706501289 0.13915945313850825 0.11233353446120548
0.10822127374337887 0.07031189122393999 0.2528724655766934 0.12934613957459062 0.10201397964738378 0.07661143168819622 0.14421129292868537 0.11641152561713156
0.1044083702259185 0.06925043784392705 0.2746146484183992 0.128825513464524 0.0926969435542928 0.07063029070621107 0.14363083366865587 0.1159429621180716
0.10292188176415311 0.068754860906849 0.282850134834371 0.12803160642654463 0.09024532387095272 0.06922205984513659 0.14274568656810274 0.11522844578389016
0.11970055872450226 0.08017379420208416 0.20903629560420417 0.09334946319726253 0.13962241718506976 0.10732786846736586 0.13877024678279626 0.11201935583671505
0.10755793410952913 0.07010484172281242 0.2563917563302778 0.1290036471793789 0.10094417215379105 0.07606492657561158 0.14382943946715826 0.11610328246144101
0.13866262542539465 0.09207794181561406 0.2296221978147897 0.10707591553347082 0.12299524863993579 0.09381609171081637 0.11938165507985478 0.09636832398012374
0.10014712514381496 0.13896041875298887 0.1487678001282693 0.1578713273438534 0.0872076132782299 0.14465306292063276 0.08030845782274282 0.14208419460946803
0.12375052130441455 0.07637895324528901 0.16426491828245549 0.0916547438943468 0.15023899866778498 0.1336597142705585 0.14548372046721714 0.11456842986793349
0.06163077272121646 0.08698327914112049 0.08367519715032293 0.10043336695264311 0.13020413816454857 0.22267314062709173 0.11353337133777047 0.20086673390528623
0.11139186096776212 0.08365656417148672 0.1466026475018682 0.09578190371864823 0.15565754549730276 0.14958496068984722 0.1423862329907069 0.11493828446237786
0.14105295870363233 0.09399245725919048 0.18985143510478816 0.10776223612346042 0.13919917577681962 0.11100887320125599 0.12014685131973868 0.09698601251111437
0.12902429707992225 0.08145457990794205 0.17748713434574517 0.09237475920434876 0.15423810953001443 0.11725012505467239 0.13732128383213638 0.11084971104521851
0.1105665987435893 0.07072760021864237 0.2437155783772852 0.12997300897756048 0.10479696883550793 0.07833433123591231 0.14491020553169803 0.11697570807980444
0.10522590327329573 0.06947561443125115 0.2711462968763408 0.12919799285879416 0.09351980181495087 0.07111007677615501 0.14404612039629738 0.11627819357291476
0.10322041853819942 0.06885105436562564 0.28156481562953733 0.12818599571481823 0.09051329198391783 0.06937920852162609 0.14291781910293913 0.11536739614333641
0.11980365536505952 0.08020009786574563 0.20864557521138866 0.09337233912027913 0.1397362120095044 0.10739106010488478 0.138804253378803 0.11204680694433494
0.10759441207825825 0.07011538344690012 0.2562402737684374 0.12902003813463073 0.10097960223731303 0.07608454185423426 0.14384771415905845 0.11611803432116767
0.12120108453678687 0.08047743085412253 0.20063947521724323 0.09358502267921498 0.14334209725108082 0.10933244047261585 0.1391204217738778 0.11230202721505797
0.12394173207899335 0.08055396157811968 0.18126841434597243 0.09261957343581162 0.15577821930371188 0.11700939450446443 0.1376852166299528 0.11114348812297395
0.12465207534124143 0.08053055877146492 0.17483947016959797 0.09257617133020259 0.15972510523362435 0.11896451707272745 0.13762069648489816 0.1110914055962431
0.10964344276545311 0.07072486159304327 0.2426922284894599 0.13008838588980368 0.1060395784146539 0.07869311336813108 0.14503884217863186 0.11707954730082332
0.09525000912097176 0.1381146021445649 0.15343992571661108 0.1605269376476443 0.08505456287035092 0.1414803633788277 0.08165935523814949 0.14447424388287985
0.12257866197015616 0.07649249145413035 0.1659271544636368 0.09179098974495643 0.14981877934925922 0.13295320211451245 0.14569998372215304 0.11473873718119554
0.09913997866302802 0.14029330881306531 0.09441498699987816 0.1129643359493767 0.12587499981726588 0.21513589788725224 0.07661928873088157 0.135557203139252
0.10684313431739574 0.0772696025405478 0.2114292792168158 0.1342664012180679 0.10190556021498999 0.09774924391846357 0.1496970174774578 0.12083976109626114
0.105654331044997 0.07084937909267847 0.2593430653127563 0.13096293606959067 0.09406841795781866 0.07524132769537162 0.14601390036415557 0.11786664246263162
0.10375794650228091 0.06926364614156576 0.27728034676706503 0.1287981042488981 0.09101549667385894 0.07036589140362612 0.14360027443869686 0.1159182938240083
0.10270564198444887 0.06870924383649864 0.2838667861429484 0.12794474478590348 0.08984249076429357 0.06913197985759394 0.14264884232099984 0.11515027030731315
0.10224098977370594 0.0685080687027708 0.2862758124372677 0.1276314662733005 0.08940343337031147 0.06877234963823223 0.14229956015844097 0.11486831964597045
0.13640919835847695 0.09147298656945568 0.2398905527203598 0.10652822140845072 0.11928375606086945 0.0917688686116284 0.11877101700315326 0.09587539926760565
0.14577316608941593 0.09265143336068449 0.22147456305878135 0.10531624558554929 0.12651805042453415 0.09606216604746533 0.11741975440657512 0.09478462102699436
0.1127638009850281 0.07036728240813098 0.2604192392822099 0.1278158895326199 0.09749371448271926 0.07360059440028162 0.14250517832965232 0.11503430057935793
0.10513197096664896 0.06903139637111083 0.27731401117727533 0.12839629961192442 0.09149842015510662 0.06991893981331 0.1431522922538918 0.11555666965073196
0.08194580960989109 0.119753839347427 0.14115074454107648 0.13939997885468383 0.09539183284947143 0.1605282692964788 0.09454955087535077 0.16727997462562058
0.1337828534725656 0.10711399295646433 0.19004817246812164 0.10949563859613302 0.12413600882493796 0.1147977932268825 0.12207946571837519 0.09854607473651973
0.08530971768707106 0.13076283115967272 0.11923488927831097 0.13567048113926583 0.10029813986353753 0.1738993849931732 0.09201997851184986 0.16280457736711895
0.11690191971479749 0.09443398751206063 0.15748799347130685 0.09489747161623634 0.14510073987781613 0.13622945659998328 0.14107146526831552 0.11387696593948361
0.10830974518395717 0.07699387718745501 0.2356776340185532 0.13054945948351532 0.10343740857807492 0.08198445718613731 0.1455529048271432 0.11749451353516378
0.08203658986128787 0.1267717533190458 0.13109848406193042 0.1384694785901263 0.09739534005281228 0.16414655084986446 0.09391842895678132 0.16616337430815153
0.11612475371153493 0.09394910571918218 0.1615678849684272 0.09502171414766578 0.14428192839442452 0.13377239594563356 0.14125616013593298 0.11402605697719892
0.08216220953761123 0.1281285371546692 0.11283614375757048 0.13589117795262967 0.104622279763284 0.18112056976668778 0.09216966852439229 0.16306941354315557
0.10271712922742818 0.08324817724891129 0.21998107423802993 0.13437909690633035 0.0972385779844004 0.0916720924194583 0.1498226647597444 0.1209411872156973
0.10414941325810716 0.07513651140445986 0.26215315036671266 0.1300649480403755 0.09260224279423461 0.07382257017415983 0.14501271072561267 0.11705845323633793
0.10298420072421952 0.07304776582113291 0.2778070318341318 0.1280389372892485 0.09032324277735644 0.06980991806064882 0.14275385993293827 0.11523504356032366
0.10217037915167412 0.07238870382972142 0.2835513076270716 0.127283535699646 0.08937188979823023 0.06876735823019092 0.1419116435337844 0.11455518212968141
0.10178854232278889 0.0721628186108804 0.2856570121380032 0.1270111245047365 0.08900343509153803 0.06845912989713612 0.14160792538065395 0.11431001205426285
0.13567021977274063 0.09622552405778982 0.23897757810405426 0.10588742399826809 0.11862923414620577 0.09125476261099838 0.11805657571150187 0.09529868159844128
0.09860214743171225 0.14783796913979289 0.14998388397747647 0.1559532027182349 0.08556714707438375 0.1423650510466254 0.07933271616536297 0.1403578824464114
0.10947561155611932 0.06781312791427939 0.2435592425960163 0.13562625582855878 0.09278270503545201 0.08236094236120924 0.1501438403962881 0.11823827431207688
0.08239613048859189 0.12513353838303098 0.13304907450614611 0.13880848144961733 0.09528342185592635 0.16461081424610174 0.0941483613310448 0.16657017773954078
