0.125 0.125 0.125 0.125 0.125 0.125 0.125 0.125
0.06578947368421052 0.10964912280701754 0.05921052631578946 0.09868421052631579 0.13157894736842105 0.21929824561403508 0.11842105263157893 0.19736842105263158
0.08769198837691987 0.1551473640514736 0.07644942576449425 0.13525667635256675 0.10523038605230385 0.18617683686176836 0.0917393109173931 0.1623080116230801
0.0737895490435943 0.12298258173932383 0.08854745885231317 0.1475790980871886 0.09223693630449287 0.17970617979870995 0.11068432356539146 0.18447387260898573
0.11759861934020292 0.08675375483110136 0.13219619783786873 0.10410450579732163 0.13770437274777994 0.12626666990173746 0.16524524729733592 0.13013063224665203
0.060426602716454225 0.09079933729008365 0.06537552284886022 0.10895920474810038 0.122886714381738 0.2028831628208423 0.13075104569772045 0.21791840949620075
0.07497987789013678 0.11821404370681977 0.08511411146891024 0.14185685244818372 0.09895958901807848 0.1971618205715037 0.1063926393361378 0.1773210655602296
0.07520911070026857 0.11698884663731327 0.08423196957886554 0.14038661596477592 0.09601655135429114 0.20639367383493382 0.10528996197358194 0.17548326995596986
0.09234955048608576 0.14354746742410865 0.07751563240901867 0.1291927206816978 0.11758834875922594 0.26539610731957125 0.09689454051127334 0.07751563240901867
0.07030489605709046 0.12438558533177543 0.08788112007136308 0.15548198166471927 0.08436587526850856 0.18554481952324448 0.10545734408563569 0.1865783779976631
0.13672184175573088 0.10089440218804567 0.15374385095321247 0.12107328262565481 0.1206932304674944 0.12728922427443906 0.13403310083100572 0.10555106690441701
0.08645167725537233 0.11722497226167596 0.08440198002840668 0.14066996671401114 0.09812205371667893 0.19178941659583262 0.10550247503550837 0.1758374583925139
0.0788923130134711 0.11462482302535627 0.08252987257825652 0.13754978763042752 0.10032261798887994 0.21098101050275353 0.10316234072282064 0.1719372345380344
0.06502834009112973 0.09548466631754027 0.05156171981147174 0.08593619968578624 0.13426033050173178 0.2927329045978243 0.10312343962294349 0.17187239937157248
0.10625286045879692 0.08577038133420957 0.13281607557349615 0.10721297666776194 0.12750343255055632 0.15240941072566946 0.1593792906881954 0.12865557200131433
0.09445321758691994 0.0762453684135378 0.18890643517383987 0.1524907368270756 0.0950824723263514 0.08556431487145151 0.1700157916564559 0.137241663144368
0.1482345385252539 0.10099009816339648 0.15388967339184226 0.1211881177960758 0.1293462300054274 0.10653993441571667 0.13416022808519582 0.10565117961709171
0.0740789041649935 0.0983299134379584 0.061182448671179855 0.08849692209416256 0.14431452383682372 0.2504071370935617 0.10619630651299507 0.17699384418832512
0.0674146216070337 0.11927202284321345 0.08920314922165577 0.14909002855401682 0.0920721033235786 0.20291810777513103 0.10112193241055054 0.17890803426482016
0.10308821437373296 0.07274484549241772 0.20101593257864947 0.14548969098483544 0.09328805116617273 0.09647303033367076 0.1610630685709208 0.1268371664996001
0.08117484695487476 0.11480712990088048 0.11142019438559204 0.13776855588105658 0.10000804277785423 0.1792841183376288 0.10332641691079245 0.1722106948513207
0.06551865680572437 0.09569648924141623 0.0616832651022918 0.0861268403172746 0.13479619377028562 0.28057266574772866 0.10335220838072952 0.1722536806345492
0.05558789693920982 0.09834781766167894 0.05138141048940766 0.0857391230896688 0.12581554352568342 0.3147274751440838 0.09692248697092995 0.1714782461793376
0.11833814718264087 0.09552597423177034 0.15546457505614183 0.11940746778971294 0.11980094545368482 0.15086575369483665 0.13313041558047098 0.10746672101074163
0.07481247082545028 0.11872318376582276 0.09653841799706943 0.14840397970727848 0.0898893018220094 0.192891257910438 0.10065661232319757 0.17808477564873415
0.10287504153949174 0.07171156487032355 0.21261104879574125 0.1434231297406471 0.09176132934242857 0.09380703638331474 0.15877530032338627 0.12503554900466674
0.08053908789994735 0.1137151441195242 0.12022259192199387 0.13645817294342905 0.09901152988979513 0.17713712733845235 0.10234362970757178 0.1705727161792863
0.07687686913134703 0.11228943761441225 0.10223071517314217 0.13474732513729468 0.09882065526212458 0.20554034740708998 0.10106049385297101 0.16843415642161835
0.06417334957391414 0.09422446916924997 0.06236459742689347 0.08480202225232497 0.1327074724310787 0.2903616179390988 0.10176242670278995 0.16960404450464994
0.05712392504652712 0.09492783408451634 0.04971510347561044 0.08275759894547578 0.13231732739113244 0.3240909447926398 0.09355206837314653 0.16551519789095157
0.09382978196403155 0.07157266352696053 0.1863197542474094 0.14314532705392105 0.09856594079689551 0.11813938088422456 0.1595963571780284 0.12883079434852895
0.10194067195691102 0.06887774597103423 0.2471458360809007 0.13775549194206846 0.09290375017884983 0.07878098013302101 0.15250099230053976 0.12009453143667508
0.07977957595001244 0.11250556373896471 0.13052833969754474 0.13500667648675765 0.1019456666057638 0.17022082454744128 0.10125500736506825 0.16875834560844707
0.07619310374965055 0.11123522824095534 0.10582191432610366 0.13348227388914638 0.10436154569516759 0.20194138632068365 0.10011170541685979 0.166852842361433
0.11189601969540514 0.07759292281611858 0.1491246356472457 0.0931115073793423 0.15489414202485505 0.14919534475358198 0.14779604345927347 0.11638938422417786
0.08642319516765556 0.1374834869295838 0.08539418079533492 0.11985739886168843 0.11848245042635021 0.2272358256096071 0.08129458357575388 0.1438288786340261
0.082128396540643 0.13371054529500473 0.10857621865408565 0.1671381816187559 0.08211044292180339 0.1908893852111119 0.08502246630171496 0.15042436345688032
0.07644868981291342 0.1112635747893988 0.10142731528327138 0.13351628974727855 0.10098132141824032 0.20933022945434038 0.10013721731045892 0.16689536218409817
0.07416711565028586 0.12113445946373924 0.09807904595162495 0.13031526437616628 0.10298426486295499 0.21268932094289617 0.09773644828212472 0.16289408047020784
0.09048015281478157 0.14967548057792363 0.08947745106041247 0.11963691181465576 0.12715460233430498 0.26206557044813633 0.08972768386099182 0.07178214708879346
0.07348422124274089 0.11189106632130913 0.0917134068425745 0.1398638329016364 0.09316248073789984 0.22718422754728718 0.09486416492458818 0.16783659948196367
0.09971955564273012 0.07736419019168136 0.21654078614511488 0.13862556410281235 0.09581623478220512 0.0976164153023778 0.1534641979485753 0.12085305588450307
0.07835408339451304 0.11950789386624452 0.12485390672256214 0.1327416721318962 0.10419820434271816 0.17486089527827361 0.09955625409892215 0.16592709016487023
0.09205943782750861 0.15105192885803725 0.09630243574256493 0.12093939039346678 0.1288227960669487 0.2475558340802935 0.09070454279510008 0.07256363423608006
0.07361366043504933 0.11173919573730774 0.09261951047557543 0.13967399467163466 0.09784425095143909 0.22216518904140192 0.09473540508163047 0.1676087936059616
0.07359088120702924 0.12078755985551273 0.0968483250712041 0.12985931664331557 0.10239295905048768 0.21680232488581958 0.09739448748248668 0.16232414580414445
0.07351778500499663 0.12168733195128326 0.09763802419449641 0.12970050090865284 0.10330378076560065 0.21475157535766443 0.09727537568148964 0.16212562613581605
0.07351716170857836 0.12180173545095709 0.09781239956033169 0.1297106953489361 0.10370148845008399 0.21403512878324074 0.09728302151170208 0.1621383691861701
0.07352653924244967 0.12183030752685256 0.097860357224169 0.12972793685390205 0.10380157379109159 0.21379741165373117 0.09729595264042654 0.16215992106737756
0.07352517195759195 0.1218293665771442 0.09786774677419112 0.1297220239133236 0.1039033668128874 0.2137082761382146 0.09729151793499272 0.1621525298916545
0.06201800202553215 0.10276240694672797 0.06191422984413788 0.08206487909200569 0.14025750499910508 0.2883753639980731 0.09847785491040682 0.16412975818401138
0.069563728612836 0.11069001679576054 0.08694002015521166 0.1383625209947007 0.09893831049829677 0.23562449394445223 0.09384588380510132 0.1660350251936408
0.09850815899490299 0.07080040729972123 0.20241186777364734 0.14160081459944246 0.09810716175883204 0.10325651538054748 0.15787434105340822 0.12744073313949822
0.1002133119453141 0.07191454023601364 0.26020216873832136 0.13400022556347008 0.09378945761503706 0.07471582838471257 0.14834375805154196 0.11682070946558931
0.0921540401446197 0.13836550450573545 0.10783699536615039 0.12062633726141041 0.1155684659662113 0.19888092763878876 0.0818161244033914 0.14475160471369247
0.13180413212254155 0.09135817624189704 0.17569660334189402 0.1141977203023713 0.13101336062900237 0.12583012317094844 0.12732193591921098 0.10277794827213417
0.14335865611747672 0.08898488014499455 0.19298657421478305 0.11123110018124317 0.1319236889846198 0.10739273432004957 0.1240143758737144 0.10010799016311885
0.12924261456791633 0.07653453212121528 0.1709977974028159 0.0956681651515191 0.15179546426212323 0.11874247534107546 0.142217152971512 0.11480179818182291
0.11174904298461022 0.06720628818176866 0.23192584741707367 0.13441257636353732 0.10377686723353838 0.08009806723622474 0.14985999185606325 0.12097131872718357
0.10641313270027865 0.06643189227613912 0.2604694486147379 0.13286378455227824 0.09337198209602054 0.07273914909550722 0.14813320456798781 0.1195774060970504
0.09482176583442255 0.13101485388496556 0.15611341665900372 0.16376856735620693 0.08235594071759848 0.1412253867503636 0.0833083581768531 0.14739171062058623
0.10094078900127158 0.07708149824321314 0.24406896812024415 0.13573352538939634 0.09181777826430967 0.08176305740678083 0.15026259220966953 0.11833179136511475
0.08180286956470834 0.11395547319016128 0.13209941012371554 0.14244434148770158 0.09513530287801175 0.16701497004836632 0.09661442292209325 0.1709332097852419
0.090863666890269 0.14752456750286919 0.12872432480426027 0.15832695758535079 0.08672497735357798 0.16698969836000416 0.0828171778138758 0.138028629689793
0.11220347965074226 0.09624282658377059 0.15597603781743452 0.0908632946239554 0.1487814682076253 0.13812632305247138 0.1442274517840562 0.11357911827994424
0.09770547147966242 0.1325232046308342 0.09241741120815909 0.11553305019098367 0.12548821191562193 0.21933144325949985 0.07836154708605848 0.1386396602291804
0.10718353049223667 0.06847600168084425 0.21115689339544008 0.1369520033616885 0.1017032845770554 0.0985802200176911 0.15269126344952436 0.12325680302551967
0.08256888568800283 0.11345697165895724 0.12557200666199678 0.14182121457369656 0.09755878522452929 0.17264489838483077 0.0961917803195507 0.17018545748843583
0.09929064254112992 0.08202731192049667 0.23145587017076344 0.13587462550685 0.09526569849425802 0.0872122538026822 0.15041879583989906 0.11845480172392052
0.06745557656289397 0.10941574591424912 0.08389869613684948 0.08560134469823093 0.14394304482875278 0.23576128882468467 0.10272161363787712 0.17120268939646185
0.06229509825976438 0.09325879745983624 0.05634516496904368 0.08130254137524186 0.1455593979653262 0.3067266965352481 0.09190722068505601 0.16260508275048371
0.09960733171907121 0.0687082171224471 0.19644649806071549 0.1374164342448942 0.10650924050603698 0.1144284183011526 0.15320906922527752 0.12367479082040475
0.12051208349027748 0.0767646247462017 0.18204593640670869 0.09595578093275212 0.1461183192242492 0.12081160493271566 0.1426447131477927 0.11514693711930253
0.10889047689660118 0.06599555075767898 0.24549117856702352 0.13199110151535795 0.1023982480526779 0.07928122473941664 0.1471602281074215 0.11879199136382218
0.1050558951564367 0.06540179495886979 0.2708085474026988 0.13080358991773958 0.09271632259603461 0.07165437774590956 0.14583624129634543 0.1177232309259656
0.1034468571813258 0.06489900150146406 0.2802455716465076 0.12979800300292813 0.09017575689608312 0.06990152013892575 0.1447150869301303 0.11681820270263531
0.10277875169978128 0.06468199888589066 0.2837039625419503 0.1293639977717813 0.08941025266390643 0.06940223495623517 0.1442312034858517 0.11642759799460319
0.10251318471588146 0.06459883821512911 0.2849688474776816 0.12919767643025823 0.08915832899820218 0.06923944777352135 0.14404576760209387 0.1162779087872324
0.08177134610070261 0.11299506023478587 0.14244235350270648 0.14124382529348234 0.09482667032625032 0.16142799442561864 0.09580015976427499 0.16949259035217878
0.07461797492000755 0.13054302544393326 0.10819387082449024 0.1298151279002722 0.10218279714946382 0.19501694796128852 0.09736134592520417 0.16226890987534023
0.06373777542352077 0.11238505078282897 0.06348576016269282 0.08150279600302208 0.13932728919285756 0.27875238122540696 0.0978033552036265 0.16300559200604417
0.08501945636913522 0.12808848983176818 0.07414549521918777 0.11166688857128508 0.11971349283053856 0.271626629948541 0.07573928094400204 0.13400026628554207
0.1046659358877232 0.06852458549291292 0.20449152911459786 0.13704917098582584 0.10125684622815269 0.10786808030442195 0.15279959809912222 0.12334425388724322
0.121810767270209 0.07659941944726589 0.18477661909947032 0.09574927430908238 0.14486394301726271 0.11896312050395104 0.14233772718185977 0.11489912917089884
0.12474743614994536 0.0753005773452248 0.1764302195741632 0.094125721681531 0.15631310474953844 0.12020786732533464 0.13992420715642517 0.1129508660178372
0.10986352592892985 0.06584567789615489 0.2432659231067299 0.13169135579230978 0.1048944236298388 0.07909083943765113 0.14682603399530658 0.11852222021307882
0.12238343009468293 0.07591734312010424 0.1960840915497518 0.0948966789001303 0.14488855755415428 0.11088359725843831 0.14107028684258177 0.11387601468015636
0.10883794392128333 0.0655579239296078 0.25099325807285433 0.1311158478592156 0.10211286062108839 0.0771935169243967 0.14618438559825978 0.11800426307329405
0.08299333910576956 0.11304373828128998 0.1349529002866565 0.14130467285161247 0.09787402018929778 0.16442429158147562 0.09584143028196325 0.16956560742193494
0.10203417845534217 0.08144211850167382 0.2346759098257132 0.13486178788153502 0.09473052700340212 0.08538612030220616 0.14929754295391748 0.11757181507621002
0.08091286824331817 0.12544866095361498 0.12938350700145285 0.13086358701657286 0.10317784593238029 0.1684863568195151 0.09814769026242966 0.16357948377071607
0.09391049372048867 0.16230807842781386 0.09657830760699451 0.11862375245615721 0.12700961956409093 0.24142768240864246 0.08896781434211791 0.07117425147369433
0.06593667016127942 0.09260387034988579 0.057826413778574955 0.08073157927938761 0.14124107779413836 0.30893544480560736 0.09126178527235122 0.16146315855877522
0.10043544622871933 0.06851433563789024 0.19705770418302118 0.13702867127578047 0.10620896440095638 0.11465233167317924 0.15277674245225079 0.12332580414820245
0.12086101157279655 0.07658204202447332 0.1823652883926376 0.09572755253059165 0.14663261563159422 0.12065299051198883 0.1423054362992079 0.11487306303670997
0.1089661359535505 0.06585244903155861 0.245825816906055 0.13170489806311722 0.10314106597582941 0.07913409319644411 0.14684113261663964 0.11853440825680547
0.10509786271841175 0.0652984327687458 0.27102540420629057 0.1305968655374916 0.09329631526541977 0.07154218148033645 0.14560575903956152 0.11753717898374244
0.08235276177262621 0.11303368824231332 0.13939373977801958 0.14129211030289165 0.09621397607966255 0.16233028186427295 0.0958329095967439 0.16955053236346995
0.10176562966581078 0.08132760890553774 0.2365407176554698 0.13467089228698392 0.09427279521467886 0.0849307493120904 0.14908621368359637 0.11740539327583216
0.07031670923472647 0.1090530870146934 0.08466425292923414 0.08533253608956055 0.1434151521362612 0.23415414710893048 0.10239904330747265 0.1706650721791211
0.08750581697657947 0.12979554823131273 0.07880642505657792 0.1131550933298624 0.12243663712111012 0.25576569529107673 0.07674867199764579 0.13578611199583485
0.13709808155172762 0.08918425694991727 0.16807209514034818 0.11148032118739659 0.13274377925621159 0.13679693814874908 0.12429223869699291 0.10033228906865692
0.08675890883061084 0.11111716188726607 0.11522194046468802 0.1388964523590826 0.1030261103628704 0.18409565470798778 0.09420802855659516 0.1666757428308991
0.07728915131566497 0.12923815747437836 0.10177605540517952 0.1287270195938428 0.10331796474678147 0.20219761227646715 0.09654526469538212 0.1609087744923035
0.11551870475930577 0.08739250020560049 0.15240941344550402 0.09617124031313927 0.1465893800463512 0.14354826486644143 0.1429650079878906 0.1154054883757671
0.10834579325842326 0.07228809216820503 0.2336147797152088 0.13218388749431484 0.10384122359073689 0.08338555494128266 0.14737517008694503 0.11896549874488337
0.08233747335900825 0.12067910676177654 0.13036740723902096 0.14011326859685527 0.09780179381763622 0.16553168051334854 0.09503334739612791 0.16813592231622632
0.11412599970677904 0.09227038048350021 0.15634599117456774 0.0906144533839714 0.15213310405915895 0.1374095387732148 0.14383246568884347 0.11326806672996423
0.08208802252625572 0.12094110671192088 0.11181323951284385 0.1375436596679924 0.10637002120994647 0.18290107655985513 0.09329048220959484 0.16505239160159085
0.10239454663638835 0.08286305497525549 0.22515812149958292 0.1355104855362834 0.09703032116922577 0.08889044589453404 0.15001567792376508 0.118137346364965
0.0813505617173214 0.122083966533986 0.12851528743707433 0.14032922064975226 0.0964405183651614 0.1677055612936915 0.09517981922331024 0.16839506477970273
0.10189457975960568 0.08271331002795382 0.23223264384668393 0.13510339272197974 0.09463274251128317 0.0860758767514332 0.1495650094439499 0.11778244493711056
0.07154109922249825 0.10745445480737804 0.07986230070685713 0.08615202862496989 0.14076597623704135 0.2445308334013496 0.09738924974996595 0.17230405724993977
0.11266343123685481 0.08453085227191348 0.14355268835391974 0.09478895093348746 0.1568145941457217 0.15299259995321118 0.14091014198470675 0.11374674112018497
0.10784681494242722 0.07215770115432786 0.22990223849919045 0.13228942832542778 0.10616078335581022 0.08508970799247695 0.14749284023745454 0.11906048549288499
0.10497157844898627 0.07025971897007885 0.26453712384756944 0.1305358842864885 0.09410977763114875 0.0725658514623559 0.14553776949553268 0.11748229585783966
0.10328055334368731 0.06939970264524516 0.277337966830093 0.12915938665279927 0.09076237594572513 0.06981348923725751 0.14400307735767323 0.11624344798751934
0.10248919982715043 0.06904288111848021 0.2819678452465468 0.12859028440855683 0.08972738202117535 0.06908258058472959 0.14336857082565962 0.11573125596770116
0.08127162349572443 0.12014658095670001 0.14102267739329094 0.13989888855442617 0.09481198819202193 0.1600816333403927 0.09488794180213254 0.1678786662653114
0.10146535833486232 0.08213913942072887 0.23719847152586396 0.13454094693169957 0.09391775896003639 0.08450385841169959 0.1489423588336275 0.11729210758148169
0.07151345485465394 0.10744073536498522 0.08058308300610285 0.08618377197116309 0.1406862431329631 0.24380003419518648 0.09742513353261914 0.17236754394232617
0.07356042061774395 0.12097191362411444 0.09388880043499814 0.13565308054966646 0.1024442137707595 0.21868969797030063 0.09200817637281725 0.1627836966595997
0.11375507032269074 0.09336052738346465 0.14886288708987058 0.09530645168421695 0.14558503381231733 0.14708284607820016 0.14167944160817925 0.11436774202106036
0.10762358910357925 0.07732981883470313 0.23140824713632824 0.13149169491468948 0.1034385787577425 0.08376211881291158 0.1466034270168254 0.11834252542322053
0.1045275769803665 0.07425444861607876 0.2645295142314731 0.1298245950617253 0.0932206174278935 0.07205637703570299 0.14474473509120714 0.11684213555555277
0.10283487484180406 0.07315597345093974 0.2768005106166782 0.1285142691790759 0.09028036887548326 0.06946734125728374 0.14328381951756672 0.11566284226116831
0.10206255700978782 0.07273072259980473 0.2812546995714104 0.12797436953824465 0.08934281699344915 0.06877602999382514 0.14268187170905783 0.1151769325844202
0.08072242195548772 0.12619186618535858 0.14026002370423044 0.1388634424526721 0.0941758443237327 0.158964631206543 0.09418563922876891 0.1666361309432065
0.0766824186780983 0.13271905671754822 0.10751631009751224 0.12924717017390414 0.101739528610884 0.1936011753742449 0.0969353776304281 0.16155896271738013
0.0748280891215373 0.1360153624726575 0.1001389433591616 0.1364329606974364 0.09493450849740295 0.2013934444548801 0.09253713856000036 0.16371955283692372
0.10139734507471813 0.08512243721472092 0.220614041826811 0.13611773126357357 0.09508297637246974 0.09231080426582024 0.15068792390595037 0.11866674007593593
0.11992957111116831 0.08747235965428582 0.1886203162539437 0.09443941474436243 0.14193283438708187 0.1138876731926618 0.14039053296326118 0.11332729769323494
0.12311015197252324 0.08646166829538178 0.17622724864454842 0.09273961718679868 0.15457847980350053 0.11773162374465385 0.13786366972843506 0.11128754062415841
0.10863927189979676 0.07564384694790438 0.24154795433044435 0.12998859349970684 0.10422842421536176 0.07803459384618261 0.1449275811108672 0.11698973414973618
0.10437061391596623 0.07376403086977505 0.26816443225684533 0.12929352598392918 0.09303502135538454 0.07085556953107817 0.1441526327014852 0.11636417338553628
0.10267100719427574 0.07300016557569777 0.27809956210031844 0.12833408602081536 0.09012820516831176 0.06918336777923663 0.14308292874261055 0.11550067741873382
0.1360241859217996 0.09693889453703872 0.23484885873722985 0.10663099859848857 0.11907233915467734 0.09163121841202028 0.11888560590010591 0.09596789873863971
0.10952718628471851 0.07545624982095599 0.26356560735550844 0.12737168345900673 0.09512574977247756 0.072309086486946 0.14200992170728063 0.11463451511310606
0.10383091364425297 0.07319819368328158 0.27619126255572624 0.12829701136155747 0.09055451538515263 0.0694191998803237 0.1430415932643036 0.11546731022540173
0.08104801121469948 0.12631616972621287 0.13916068820184058 0.13889996880149574 0.09444852216295235 0.15923626370912 0.09421041362188406 0.16667996256179488
0.07673095542534404 0.13274324409845398 0.10728117716676154 0.1292483700639289 0.10179974803762806 0.19369976508002554 0.09693627754794669 0.1615604625799111
0.0748360976458051 0.13601865420022544 0.1000873993126226 0.13643142841897635 0.09494575543853591 0.2014268516055836 0.09253609927547961 0.1637177141027716
0.10280292641461504 0.08500449983493671 0.220291908354414 0.13586698770980915 0.09495464626814619 0.09222054780184283 0.15041034048460758 0.11844814313162848
0.09620691365763004 0.15329294997518694 0.10515415638667408 0.1154448908508315 0.11347879843785233 0.1995866696154807 0.07830175205534656 0.1385338690209978
0.13674195655146817 0.11189742253155151 0.17432436836270562 0.10849326643859471 0.12778178593457967 0.12215536481975284 0.12096189556661231 0.09764393979473523
0.11171262686846527 0.0787291767221218 0.24061837964064126 0.12985835102822513 0.09869063542042987 0.07873594391996172 0.14478237047475248 0.11687251592540263
0.10509324339174668 0.07416259529500374 0.26782992255493104 0.12934353427662026 0.09195887993222229 0.0709942554846443 0.14420838821587365 0.11640918084895827
0.10284433342004733 0.07305757527894682 0.2779802586043639 0.1283524803344193 0.08993003325411437 0.06921464977756213 0.14310343702956896 0.11551723230097737
0.10202467171074951 0.07268831944711825 0.2816762629033095 0.12791747655730534 0.08924216368611608 0.06870693651277127 0.14261844028105536 0.1151257289015748
0.10172351263992832 0.07255522431383761 0.2830130602243634 0.12775314231568893 0.08899944056181629 0.06854257199484286 0.14243521986540245 0.11497782808412005
0.0806543194796999 0.12613745242019223 0.14063818351210483 0.1388392664115454 0.09409774702968586 0.1588566698868255 0.09416924156609166 0.16660711969385447
0.11532061373190555 0.09280080709074533 0.1592774034802353 0.09033857734135115 0.15055187342838497 0.13539293604219488 0.14339456720849386 0.11292322167668892
0.08171131219928662 0.1281120324717417 0.11171987974145743 0.1362380966018716 0.10541793501706091 0.18091005817724035 0.09240496986909552 0.1634857159222459
0.07816301943975777 0.13221260858461303 0.10077014372830473 0.12823976195959078 0.10356804073496996 0.20056690163358212 0.0961798214696931 0.1602997024494885
0.06408553185544877 0.11600902016968255 0.05875407674603517 0.08120056923163256 0.1356006346846757 0.2901570810221973 0.09179194782706289 0.16240113846326512
0.10970989702244621 0.09140711604775652 0.13538379303730616 0.09368595319219258 0.15422326763793695 0.16389636747139638 0.13927046176033406 0.11242314383063111
0.10700918318147912 0.07729890135388578 0.22589139864905397 0.13180645580649772 0.10556839351422723 0.08684549534743545 0.14695436192157282 0.11862581022584796
0.08157254056504241 0.12716962446548116 0.12797823286407065 0.1389749929975313 0.09758212909076035 0.16569118882175102 0.09426129959832558 0.16676999159703754
0.10412881195259133 0.08312875366502234 0.23146293178268798 0.13464149383777682 0.0946313873492835 0.08557318916222252 0.14905366839184084 0.11737976385857467
0.08112344388139404 0.12848564414195532 0.12924290446107717 0.13913058815306872 0.09535276827676313 0.16534111159823858 0.09436683370382053 0.16695670578368246
0.10401018482285675 0.08327919952246017 0.2320193807529108 0.1346280002426488 0.09415674134265786 0.08549976267757332 0.1490387304273523 0.11736800021153997
0.09658506381225777 0.1530503876844831 0.10744697212761416 0.11555845919476174 0.11343819491389362 0.19687199021421958 0.07837878101905578 0.13867015103371405
0.077441354749847 0.13872660964413275 0.0991350280258513 0.13455640773815938 0.09640410460055183 0.20100445983761045 0.09126434611805594 0.16146768928579125
0.13855008672245384 0.11356068334490677 0.1755174609812173 0.10841488724907734 0.12675474809277168 0.12266685407965282 0.12001973679995538 0.09451554272996487
0.10112101744719057 0.15600150191047 0.09481114510238886 0.1118453413751878 0.11842124582202555 0.2077250201945585 0.07586031849795345 0.13421440965022532
0.10638863919634604 0.08646184512699262 0.20981968617433752 0.13349882906902244 0.09939774148685752 0.09544308097154786 0.14884123181277575 0.12014894616212018
0.10721000035757125 0.075878905744946 0.2628239897512024 0.13078908148325497 0.09237118218278512 0.07211670040226488 0.14478888955411212 0.11402125052386332
0.0816637558473498 0.1269241286413357 0.13622856815048578 0.13897820358865273 0.0948695689499948 0.16029845329914644 0.09426347721665143 0.16677384430638328
0.1042141767781293 0.08286727312814575 0.23471953178593333 0.13425339569759623 0.09381197517960328 0.0844681977432852 0.14862402779709472 0.11704142189021209
0.07152039213423539 0.11320307780908452 0.0798973784865867 0.08552402240696896 0.13983102303976971 0.2422967316319735 0.09667932967744317 0.17104804481393793
0.07286462063704484 0.13015070098073994 0.09286977597572943 0.13411978223446983 0.10144118419975032 0.2166419971666526 0.09096820012424911 0.1609437386813638
0.07387832729059088 0.13495738567449503 0.09661814240961299 0.13586718302530867 0.09450944279587545 0.20897550546962407 0.09215339370412241 0.16304061963037042
0.07667550467908246 0.1329034591737547 0.0970652037273998 0.12759907765095505 0.10064299330791694 0.209915606158981 0.09569930823821629 0.1594988470636938
0.06364975190181028 0.11573353375722013 0.058083611644617276 0.08091483915786966 0.13429430547101154 0.29402533113848783 0.09146894861324398 0.16182967831573933
0.09889722774531855 0.08245027039455867 0.1951501072202564 0.13525592185369087 0.10410970190746809 0.11160618206903168 0.15080025914135384 0.12173032966832179
0.07998176026852584 0.128006523070536 0.12092414860120308 0.13880461814771783 0.097066670749411 0.174504996380806 0.09414574100453905 0.16656554177726138
0.139668489780764 0.11149282713142251 0.1833606169571096 0.10819669287190083 0.12662147794141393 0.1165563866714053 0.11977818665509575 0.0943253219908879
0.10151705122253601 0.15574211730934676 0.0963823982254426 0.11201233155973282 0.11858077498360195 0.20537694742192872 0.07597358140573181 0.13441479787167934
0.11945274551017507 0.09695756983397541 0.14762865879414264 0.09360370242501945 0.14872592752749925 0.14215876252853898 0.13914819047062593 0.11232444291002333
0.10884143611833672 0.07769477048490647 0.23065755528049758 0.13131701402222007 0.1040231588234592 0.08287208179297233 0.14640867085760953 0.11818531261999805
0.10480616467342284 0.0743005330067985 0.2642115504780496 0.1298254202660908 0.09335365155114937 0.0719141466525149 0.14474565513249227 0.11684287823948174
0.1199141246889158 0.08526014411142478 0.2015070496727629 0.09360394923384481 0.14033692757504326 0.10790450826887298 0.13914855736852152 0.11232473908061377
0.0828437773687441 0.12704550053741048 0.12142942304793405 0.13673488269584466 0.10370751815364365 0.17141511852422792 0.09274192043718159 0.16408185923501356
0.10502850555724162 0.08312890161043496 0.22845429294898065 0.13458740913917774 0.09592110815417666 0.08655337508706526 0.1489937944072297 0.11733261309569341
0.08127016119897439 0.12846813283482603 0.128569524608086 0.13911048916564342 0.09561285250316374 0.16568305134340228 0.09435320134713207 0.16693258699877211
0.1400030897926186 0.11143936698397695 0.18604586707511916 0.10807563435240106 0.12607192418490862 0.11450016391892283 0.11964416989765196 0.09421978379440092
0.08599029591264631 0.1318188557861387 0.11756776741620571 0.13594371893696083 0.1002604580657654 0.17308113613981746 0.09220530501811258 0.163132462724353
0.07945304020534984 0.1330624831038765 0.1021108055945846 0.12833285455098298 0.10251432023940427 0.19786078720383588 0.09624964091323725 0.16041606818872872
0.08834892976045934 0.15966285717041517 0.08099551742209714 0.11161879583703217 0.11158534178154186 0.23813934149976768 0.0757066615242479 0.1339425550044386
0.11620298672913591 0.09769127843561885 0.14283306007720992 0.09377585364818308 0.14678681733434087 0.15077487457143726 0.13940410482625426 0.1125310243778197
0.10828801053379725 0.07792825762636157 0.22885808687690587 0.13156378876301172 0.10380671054124474 0.08446392949440147 0.1466838062775668 0.11840740988671056
0.09412995439207082 0.1464916537209003 0.1480265855078543 0.15992323612770573 0.08390438872590739 0.14224101411088028 0.08135225489974596 0.14393091251493514
0.14324320616060277 0.1137550167107311 0.1923251369831175 0.10735636643120727 0.12209966316415932 0.10877997009900994 0.11884791074191443 0.09359272970925762
0.08661020301490809 0.13237100305792007 0.11901824099966468 0.13600677329119948 0.09948431105690438 0.17105326831071557 0.09224807231924835 0.16320812794943934
0.07960416576010014 0.1332224942504273 0.10245897597099736 0.12838430496019215 0.10238032361280862 0.19718112552509007 0.09628822872014411 0.1604803812002402
0.06568301888036202 0.11754947860386945 0.06221570379051991 0.08056646140223517 0.13823284416043405 0.2779398166754269 0.0966797536826822 0.16113292280447034
0.05974622240708604 0.10894199929795312 0.05165539273273674 0.07770588484778966 0.14018404173188273 0.31851325424164495 0.08784143504532743 0.15541176969557932
0.09791180807885579 0.08154379700664803 0.19196397569442955 0.13506743270003538 0.1053880105948561 0.11597417869376056 0.1505901078013827 0.12156068943003184
0.1037500118199541 0.0758106262807068 0.2500822840773311 0.131715789365637 0.09489819573985624 0.078345606681276 0.14685327560616543 0.1185442104290733
0.08108365785016158 0.12698612397389328 0.13341244432173158 0.13910656031701582 0.09543873625319634 0.16269406834073677 0.09435053656284552 0.16692787238041898
0.07836003680254243 0.13817250643178636 0.10523062788765383 0.127839312457994 0.10115673304293578 0.1935621584610995 0.0958794843434955 0.15979914057249245
0.05782289367681073 0.10469977079888167 0.07367884649734771 0.09483217057890964 0.12171517745901778 0.24378819513652156 0.11379860469469155 0.18966434115781927
0.07115548584263214 0.1295365768065575 0.09231774420097119 0.13559812213483127 0.09843606681647969 0.21826735740614953 0.09197090023058123 0.16271774656179752
0.07362688280354246 0.1349020580720119 0.09654800138684265 0.13597334135097722 0.09393905068507442 0.20961725933797695 0.09222539674240195 0.16316800962117264
0.1144812099940179 0.09842910175606526 0.14469024702631048 0.0897281939188417 0.1498533439260532 0.14823195634707725 0.14242570463308205 0.1121602423985521
0.07007967056861232 0.11106702322038774 0.06504113185626238 0.0816341993537304 0.15075921456735497 0.2658682233263223 0.09228213839986914 0.1632683987074608
0.10013323250729765 0.08161481538415277 0.19788071026056686 0.13487475137048607 0.10731074979489195 0.10642318195102823 0.15037528249813895 0.12138727623343747
0.10404475522417106 0.07566666772939486 0.25226315761024504 0.13144730225570694 0.0950999140558915 0.0766216985795094 0.14655393251494495 0.11830257203013626
0.10315952694911382 0.07364661496947522 0.27239092994794495 0.1291070878888084 0.09104925413525226 0.07050543887076162 0.1439447681387162 0.11619637909992755
0.1363438627491982 0.09717537081503068 0.23299636385129752 0.10678889759079453 0.11948582735164444 0.09203801831729942 0.11906165149302017 0.09611000783171507
0.14479815344566688 0.09972983818341138 0.216939152606128 0.10517909748516802 0.12580474641530165 0.09562097961808988 0.11726684450958284 0.0946611877366512
0.11193491631122877 0.07607590620342496 0.2565171811526749 0.12781787777424763 0.09687347046289464 0.07323716302801524 0.14250739507069102 0.11503608999682287
0.082434821603461 0.12685396482576589 0.13478431753311307 0.13883145844033615 0.09574753845763637 0.16058620328653442 0.09416394572474973 0.16659775012840333
0.10428434833225936 0.08659515451892273 0.23333460504844153 0.1335548272113485 0.09366279172189812 0.084285175934091 0.147850683766735 0.11643241346630383
0.08369570804618043 0.12994597716189038 0.12850399759243744 0.1296034775592508 0.10221907272256 0.16682481179917927 0.09720260816943811 0.1620043469490635
0.0785873851645739 0.13850657827432153 0.10389091357581812 0.12735255737139978 0.102364631803351 0.194592819067736 0.09551441802854985 0.1591906967142497
0.07719316060703003 0.13978027255995998 0.09802123502625311 0.12651585312420707 0.10176703392843378 0.20369073850570188 0.09488688984315531 0.15814481640525882
0.09368740649781479 0.17058709690084212 0.0883729915071675 0.11551523928540357 0.12375203997427357 0.25213965279920353 0.08663642946405269 0.06930914357124214
0.07538046178219607 0.13949234652059933 0.09308959410045681 0.13127589572380546 0.09662596252251734 0.21756536129527723 0.08903930318658111 0.15753107486856655
0.10149109063389807 0.08528069716853798 0.21125500868021763 0.13542731958406343 0.09580816075825746 0.09786178072952464 0.15099135481984383 0.12188458762565706
0.08316931527834125 0.12960639217874131 0.1236058117628034 0.12967418557273844 0.10268358149634696 0.17191234256555168 0.09725563917955383 0.16209273196592303
0.06688679268832579 0.11795328495038974 0.06572680353099171 0.08139159119940055 0.13970573947952852 0.26788269631328193 0.09766990943928065 0.1627831823988011
0.06016137110699559 0.1094498047704417 0.05230373347836426 0.07803745843643388 0.1411531880572742 0.3146032699146972 0.08821625736292527 0.15607491687286776
0.12643517668752285 0.1052752423563877 0.1550232086756365 0.10890789285516098 0.13620972666645423 0.1487074761103791 0.12142417307881381 0.09801710356964488
0.08323378853555527 0.129969220698771 0.11026528977278091 0.13538114296640824 0.10192316488756407 0.18494628982810157 0.09182373175112907 0.16245737155968987
0.11677488947418142 0.09735005181795683 0.14873230886424982 0.08951290728835253 0.15216609074273854 0.14148863787929844 0.14208397982278176 0.11189113411044065
0.0705808900449733 0.11111968271019679 0.06571713083799423 0.08180830574420404 0.15179444923300967 0.26288397562167876 0.092478954319535 0.1636166114884081
0.10023587453935354 0.08160834152478669 0.19816962123177442 0.13485905991116662 0.10751038802531189 0.10588577315555457 0.15035778769200217 0.12137315392004998
0.13750266401852249 0.09997549426881731 0.20842687025531967 0.10854859177714173 0.12570707048098123 0.10112199740945445 0.12102357919033563 0.09769373259942755
0.08580064880859235 0.12983045072434118 0.122816871148251 0.13635898901986937 0.10047549885946294 0.1685997881499894 0.09248696646565054 0.16363078682384324
0.105314843658252 0.08726277858185522 0.22821665009429798 0.13379338770572624 0.09485464699703672 0.08580252364038954 0.1481147800405272 0.11664038928191517
0.08095620063447961 0.13329886906883337 0.12805720733745124 0.13831346839652517 0.09495266336966313 0.16463281577000888 0.09381261334720838 0.16597616207583019
0.10414692140144392 0.08778153914039577 0.23062587847239538 0.13382349966377205 0.09369020230463616 0.08511720306894002 0.1481481152158974 0.11666664073251921
0.07281291997482042 0.11334676309423382 0.0834818357383083 0.08459531525209826 0.14233634146792934 0.23272181566589545 0.1015143783025179 0.16919063050419653
0.06161045082249713 0.11470969650038738 0.05505806298175483 0.07877125684946341 0.14334872134265528 0.29991352919187836 0.08904576861243689 0.15754251369892683
0.09796394350864353 0.08574689415139147 0.19280200912732992 0.13443271126205103 0.10571485185812506 0.11246770919131133 0.14988244076530163 0.12098944013584591
0.10347201065603345 0.07876352352638571 0.2499402280554519 0.13119944254000876 0.09470610329287368 0.07756160621430347 0.14627758742893512 0.11807949828600788
0.10287830216415562 0.0763048275682089 0.2711843693302908 0.128781560443311 0.09082838188236896 0.07053732488260522 0.14358182933007954 0.11590340439897988
0.1020356738592297 0.075393621754516 0.27889084573757766 0.12781451789695458 0.08942158101965024 0.06890704456656623 0.14250364905824636 0.11503306610725912
0.10159259514212934 0.07506165036323496 0.2816732624752893 0.12746298295449193 0.08891418318298426 0.06846692739147603 0.14211171383135143 0.11471668465904274
0.10140293582451419 0.07494215093771164 0.28267779149815436 0.1273372048900938 0.08873215343920644 0.06833279833326472 0.14197148067597026 0.11460348440108442
0.13511438128678585 0.09987320787549592 0.2358850114169752 0.10608477466360357 0.1182314557297337 0.09105826485447312 0.11827660697568934 0.0954762971972432
0.08499715603368725 0.13440742054294427 0.1284033271781568 0.1354138289235639 0.09843294886572983 0.16400282239078925 0.09184590135685206 0.16249659470827668
0.10491658043451085 0.08780996640152744 0.2304251612489809 0.13351148177851796 0.09424699255837006 0.0848924938470572 0.1478026985907891 0.11639462514024643
0.08088108959785258 0.13342989137356742 0.12853678224835666 0.1382958668278302 0.09481829209973103 0.1642823627673463 0.09380067489191964 0.16595504019339624
0.11636980481713627 0.0981234907885133 0.1547945011375203 0.08973273179558656 0.15008226516370926 0.13629838394100907 0.14243290761204216 0.11216591474448319
0.08147208968074121 0.1336453232219209 0.11021060892787914 0.1353283361839704 0.10481672437647849 0.18034499921129157 0.09178791497695384 0.16239400342076446
0.07801958013543527 0.13911554377852267 0.09975486976540514 0.12708045223716294 0.10271293335138666 0.1991557162577615 0.09531033917787221 0.15885056529645367
0.07437734668331135 0.14330734057310282 0.09762156187350986 0.1349583070624247 0.09432421142489839 0.20192432520463355 0.09153693870320981 0.1619499684749096
0.1034770236860924 0.09014060591944201 0.21809514924861265 0.1349144594785661 0.0943784307529346 0.09202074443295692 0.14935585257700437 0.11761773390439097
0.07252207670786316 0.11358047865250627 0.08147730808256848 0.08440116080467691 0.14218871309552053 0.23574654808189852 0.10128139296561228 0.16880232160935382
0.07270247284216252 0.1355148632395026 0.09279196525553425 0.1333628095711781 0.10153627211348423 0.21360147030531662 0.09045477518740777 0.16003537148541375
0.11299484470850718 0.09991751583527873 0.14784976843859388 0.09471711949583025 0.14469622968038842 0.14536061871827557 0.14080335972812977 0.1136605433949963
