0.125 0.125 0.125 0.125 0.125 0.125 0.125 0.125
0.07575757575757576 0.12626262626262627 0.09090909090909091 0.15151515151515152 0.0946969696969697 0.15782828282828282 0.11363636363636365 0.1893939393939394
0.09495469861172676 0.1582578310195446 0.08545922875055409 0.14243204791759015 0.12879064023740694 0.19782228877443078 0.1068240359381926 0.08545922875055409
0.08769198837691987 0.1551473640514736 0.07644942576449425 0.13525667635256675 0.10523038605230385 0.18617683686176836 0.0917393109173931 0.1623080116230801
0.11085053540066345 0.08729479662802246 0.13302064248079618 0.10475375595362697 0.15774377570883394 0.1091184957850281 0.16627580310099518 0.1309421949420337
0.07400327937594632 0.12333879895991055 0.0888039352511356 0.14800655875189264 0.1156608114574414 0.15417349869988817 0.1110049190639195 0.1850081984398658
0.09129249304264696 0.15215415507107827 0.08216324373838227 0.13693873956397046 0.13525834015715693 0.21732573001540498 0.10270405467297784 0.08216324373838227
0.06153556567448623 0.1088706161933218 0.053646390588013654 0.09491284488648569 0.12307113134897246 0.2608449803597213 0.10729278117602731 0.18982568977297137
0.09472356270113817 0.07646359880694287 0.18944712540227635 0.15292719761388573 0.08525120643102435 0.09305041833018673 0.1705024128620487 0.13763447785249713
0.0737241458479101 0.1228735764131835 0.08846897501749212 0.1474482916958202 0.10592024983082253 0.16666817780313134 0.11058621877186516 0.18431036461977524
0.0661153353331865 0.10308675885773172 0.055666849783175126 0.09277808297195855 0.14716293245413486 0.23830017508954587 0.11133369956635025 0.1855561659439171
0.08241628935495622 0.14581343501261487 0.07557172600160224 0.12711940488279244 0.09889954722594749 0.23141619356832 0.08622011809441575 0.15254328585935095
0.07610104556923393 0.1175955102812027 0.08466876740246594 0.14111461233744324 0.10412081576764382 0.19417002396712407 0.10583595925308242 0.17639326542180403
0.07837933254297154 0.11818287382816522 0.08509166915627896 0.14181944859379825 0.10545391688252273 0.18743386180866675 0.10636458644534871 0.1772743107422478
0.07811987333287423 0.11739072871709115 0.08452132467630562 0.14086887446050939 0.1050578631408829 0.19230358675131798 0.10565165584538204 0.1760860930756367
0.07792584272986723 0.11710873258691401 0.08431828746257808 0.1405304791042968 0.10591706632538693 0.1931386335823634 0.10539785932822261 0.175663098880371
0.06528955663487278 0.10917360197205153 0.052921195438092 0.08820199239682001 0.14237296827085066 0.259794309617489 0.105842390876184 0.17640398479364003
0.080998286408087 0.1433046605681539 0.07413214311840056 0.12493226818762136 0.0971979436897044 0.24477930734519604 0.084736668857691 0.14991872182514565
0.11456800907977198 0.09225406605216194 0.1231622119280999 0.09699024189337865 0.15455967075142624 0.1432752330183131 0.15395276491012483 0.12123780236672331
0.060412016520286674 0.10688279845896873 0.05869917294453604 0.09317987557961377 0.12082403304057335 0.26830857990244805 0.105333772394346 0.18635975115922754
0.09265534316243661 0.07479407219136448 0.19567874647797026 0.14958814438272897 0.08338980884619293 0.10248493730246479 0.16677961769238586 0.1346293299444561
0.1096700509785401 0.08026285024996686 0.19030162766035016 0.1498625317825258 0.09699937752203851 0.07635019203586615 0.1659039830885104 0.13064938668220197
0.12222233888123574 0.08756764828417789 0.14672068328526458 0.09745060804029082 0.15494161676369778 0.1146003398691114 0.15468350482585844 0.12181326005036351
0.07244097741545961 0.10640708524210557 0.06058417318138979 0.08805779133984386 0.15623145870109997 0.23449358183260088 0.10566934960781262 0.17611558267968772
0.05803376244308179 0.10267511816852933 0.054823610246771244 0.08951164148025634 0.11606752488616358 0.2986779868370038 0.10118707297768108 0.17902328296051268
0.06617516247398285 0.1170791336078158 0.08909083588223878 0.14634891700976976 0.07941019496877942 0.2270143119347154 0.0992627437109743 0.17561870041172373
0.11479771809680166 0.0896347201802798 0.13318799191544997 0.09636706130228047 0.14890909319044177 0.1436809993181966 0.15296358936869914 0.12045882662785058
0.06582220979602667 0.10495855629000922 0.06127938344517823 0.09150233112462342 0.1186488027626191 0.2713466365392442 0.10343741779305256 0.18300466224924683
0.0704075994231542 0.11709149994536357 0.08988088636008867 0.14636437493170446 0.0794185825716379 0.2219265786354586 0.09927322821454737 0.17563724991804533
0.10497457121979462 0.08074564506160355 0.20010353112723211 0.14466698785185048 0.09355948418973406 0.089677540038716 0.1601523023838149 0.12611993812725425
0.07233180814102383 0.10733718650461688 0.06918842269693581 0.08942104202326549 0.14291495898550477 0.2326592471742036 0.10730525042791857 0.17884208404653099
0.0714563942249432 0.11818649602282291 0.09159862847852891 0.14773312002852865 0.08016127556330599 0.21338274719350356 0.10020159445413247 0.17727974403423438
0.07730178247638636 0.1257095825917967 0.09173074771993665 0.13489929691080246 0.09874740362245976 0.20181259285701308 0.10117447268310184 0.16862412113850306
0.06599836788648733 0.10691729344805671 0.058134485657861015 0.08540945142305535 0.1380615306948909 0.27216862633587163 0.10249134170766641 0.1708189028461107
0.08297761932127727 0.13795288701448302 0.0735670102469377 0.12026661944852367 0.09356804510547545 0.26577573363824963 0.08157214188682474 0.14431994333822837
0.07114370526316298 0.11643743642998905 0.0908603842850088 0.1455467955374863 0.07897495688294909 0.22366187085273398 0.09871869610368637 0.17465615464498355
0.10392337525496644 0.07976156673295297 0.20544223496895297 0.1427828941580318 0.0924492298618976 0.09309677090095528 0.15806653321524072 0.12447739490700209
0.0715841287433303 0.10619437578258521 0.0720825293415338 0.08847372566837435 0.14139163718582082 0.2371576811395575 0.10616847080204922 0.1769474513367487
0.07025436795374204 0.1282334484651741 0.09049238608473938 0.14519098068008462 0.0787818886472807 0.21434039054377682 0.09847736080910088 0.17422917681610153
0.1382760655129108 0.10742318619171216 0.16785265368573174 0.1141268842098126 0.12316891516605118 0.12331391060695676 0.12634315223878315 0.09949523238804174
0.07537853846118113 0.1297870895971844 0.10289271179460978 0.14667488288325128 0.0892669682942527 0.1805061159018486 0.09948383360777044 0.17600985945990152
0.10460509430191996 0.08015249180698528 0.21233461370572831 0.14175476126122727 0.09353967815110241 0.0871039390180156 0.15692834783497686 0.12358107392004429
0.083290606676927 0.12239636459323776 0.1150903683829268 0.13584166127970076 0.10208093658006677 0.16961673992773957 0.10188124595977557 0.16980207659962593
0.09747308798031024 0.15470958073387162 0.09094176164517587 0.12383775013035206 0.12604726683073075 0.23980959000358418 0.09287831259776407 0.07430265007821124
0.0703992299450078 0.13110102733441364 0.0908137400902775 0.14175048680084137 0.08669646667417866 0.21299465655544011 0.09614380843883154 0.1701005841610096
0.1033239374049408 0.07999105043716387 0.21095500564203437 0.14116160820453655 0.09284168779155563 0.09239104137428379 0.1562717030184531 0.12306396612703187
0.08278179655649136 0.12184261198071278 0.11671908954662995 0.13519873215558267 0.10155191708817006 0.17150838836124763 0.10139904911668701 0.16899841519447834
0.0786453617051858 0.12486174205815476 0.09940906998848992 0.13327575352357762 0.10170995545898273 0.19554661021845393 0.09995681514268323 0.16659469190447201
0.06620853234274848 0.10572015091934635 0.06113795881304437 0.08437702617815594 0.13747525446217454 0.2750745935144313 0.10125243141378712 0.16875405235631188
0.08029458244641317 0.14735218427013952 0.07150062434134431 0.11611530474453492 0.10282824505025621 0.2638142258880116 0.07875646756585847 0.1393383656934419
0.10797795267665658 0.09261002751228517 0.1379558064988389 0.10080072665276578 0.1322945761676205 0.15755298814111904 0.1498470503673951 0.12096087198331892
0.0759638452692541 0.12694580627961352 0.0985162692303562 0.14530106450542835 0.08921369543763472 0.1911460155109956 0.09855202636020358 0.17436127740651403
0.10445974600625267 0.07938075553160039 0.21510032360683454 0.14060494114105132 0.09290456787063592 0.08931554951159773 0.15565544969623915 0.12257866663578833
0.08326096079198264 0.12146732701698001 0.11887209414998162 0.1348169389916141 0.10134900289213127 0.17059979817408205 0.10111270424371058 0.1685211737395176
0.07894506595604152 0.12456777054353685 0.10048248822982764 0.1329629033588598 0.10148997337844669 0.1956259918155678 0.09972217751914488 0.16620362919857476
0.07787680396995182 0.12423311843003204 0.09676229736373898 0.13219330097961135 0.10155118337377174 0.2029966939236713 0.09914497573470853 0.1652416262245142
0.057777199453179814 0.09232495946044553 0.07145826203147579 0.09825352078193679 0.12131983252550699 0.24445495924525734 0.11790422493832413 0.19650704156387358
0.0837819031426309 0.14719300252716735 0.07330143496286554 0.1174817859200015 0.10248391621748174 0.2550965158496763 0.07968329827617492 0.14097814310400178
0.13233201772711856 0.10702554103930076 0.159801315221744 0.11641497369876712 0.114620400193224 0.1352382678014342 0.12979400798952095 0.1047734763288904
0.08042146800586134 0.1280841454818073 0.10443541240501691 0.14454164520140428 0.08747374051176829 0.1835566721897653 0.09803694196269161 0.17344997424168512
0.1169749672756498 0.08821920450051916 0.145936869501903 0.09362557923570719 0.1487266995397248 0.14087267536899337 0.14861203053286856 0.117031974044634
0.06945117432007987 0.1091770644744829 0.06197058216783299 0.0874213595267097 0.1303177743910764 0.26799518051446586 0.0988241455519327 0.1748427190534194
0.10015134406526918 0.0791230456230203 0.19569648602656972 0.142460781567123 0.08992024201656665 0.1056002572453077 0.15883314004573262 0.1282147034104107
0.10618748369266905 0.073761706432747 0.24732147958640668 0.13648474442380795 0.09143268925019432 0.07473097378611052 0.1510942225611549 0.11898670026690948
0.08333390981779765 0.12043066640338565 0.1258081867672924 0.13430574963238415 0.10203861367466838 0.16547137443970353 0.10072931222428812 0.1678821870404802
0.07881678331332903 0.12420782121780259 0.10222105933012827 0.1326479466972295 0.10277449385950779 0.1940360021875438 0.09948596002292216 0.1658099333715369
0.06594713566087826 0.10518242488138672 0.06202110103488577 0.08394219489148132 0.13898421958622204 0.2753079002924056 0.10073063386977757 0.16788438978296263
0.06062012277710237 0.10520856439196084 0.05248979197639852 0.08284619224102678 0.1226292923266227 0.31686143448889187 0.09365221731594332 0.16569238448205356
0.09825096630467363 0.07852032832594708 0.19369788654451175 0.1417452285432869 0.0889561696411055 0.11322336312788216 0.15803535182363476 0.1275707056889582
0.10560244868609919 0.07354853314373824 0.2484398248945196 0.1361399127133639 0.09107519143092967 0.07579553169855538 0.15071247968268203 0.11868607775011211
0.08312706892406371 0.12020504200893442 0.12689760621227425 0.13406180134630408 0.10182018224541065 0.16576469657040477 0.10054635100972807 0.16757725168288007
0.07871070432283109 0.12405601810673755 0.10284023887704073 0.13249403367246068 0.10263876405664571 0.19427217361936291 0.09937052525434552 0.16561754209057583
0.06587013168183455 0.10506106148287253 0.06229805668785151 0.08384411517719613 0.13914865809840754 0.27547680830481003 0.10061293821263534 0.16768823035439226
0.060561879338859516 0.1051073737567592 0.05285166397331541 0.08276530211261911 0.12254739434362354 0.3170750059483633 0.0935607763012216 0.16553060422523821
0.09810115893013564 0.07840046632037669 0.19476226904181615 0.14152630761915946 0.08882353254808892 0.11322131735256466 0.1577912713306151 0.12737367685724352
0.11964720279033966 0.08332751630547207 0.17041690226303 0.092542535094951 0.14826173210919813 0.12323302971919187 0.14689291284912856 0.11567816886868873
0.08021175522804737 0.12487388342245666 0.11138405044051444 0.14391903759113361 0.0898443847729836 0.17944939185195244 0.09761465158355151 0.17270284510936035
0.10429795876987115 0.07844954661528368 0.22201093744210157 0.13910236703108886 0.09355296233091166 0.0873254591883767 0.15399203839013498 0.12126873023223131
0.10307595544762274 0.15013728267701779 0.11429620195601094 0.1250087012286876 0.12765577303498182 0.21106433899695087 0.0937565259215157 0.07500522073721257
0.07634625829229903 0.12961629813799455 0.0992355094333691 0.14034268157070726 0.08615234946922419 0.20470673597229488 0.09518894923926233 0.1684112178848487
0.10370750980395142 0.07891671965900705 0.2181295848633958 0.13927861728230911 0.09304079867831731 0.09131723075225932 0.15418715466336214 0.12142238429739768
0.1028295648886712 0.14999699485934326 0.11393648115458266 0.12483039067182901 0.1273598458529402 0.21252569516566466 0.09362279300387176 0.07489823440309741
0.05539949888118367 0.09405500210725035 0.07200994311550206 0.1017459538796376 0.10968811581633396 0.24859241318557468 0.11501716525524251 0.2034919077592752
0.09731271771033391 0.07768839715914676 0.20311020491978904 0.14185132549237725 0.09186831634372801 0.10234920342729764 0.15815364200418777 0.12766619294313952
0.10470672339622122 0.07296548237080795 0.254608034177712 0.13513116111420834 0.09142276057857453 0.0737634348877991 0.14959575019562338 0.11780665327905343
0.08279513888103633 0.1197878045499992 0.12965877484613644 0.133628352497263 0.10215011403181493 0.16472311019922406 0.10022126437294725 0.16703544062157874
0.09691302630225794 0.15276232056708244 0.09635196578806703 0.12237365832606932 0.12723487434237798 0.2391597159339517 0.091780243744552 0.0734241949956416
0.08794580360294875 0.15114397078468053 0.07844433340534337 0.1137013618204899 0.10548927828263172 0.24971443338020302 0.07711918453911489 0.13644163418458788
0.10163913068390991 0.08080083336821194 0.20404340372834068 0.13980597024250663 0.09027275932714597 0.10173930589259532 0.1558732235390335 0.12582537321825593
0.10536408636484575 0.0730401057304802 0.2553597208896676 0.1348507285583887 0.0909744420383427 0.0735634429746912 0.1492852998285784 0.11756217361500554
0.11983151826974998 0.08181720121792306 0.18815275021873823 0.09125902033912234 0.14753204609800724 0.11247810059267956 0.14485558783987673 0.11407377542390292
0.09491849375725399 0.14730525021941399 0.09610650667946805 0.1184555792177081 0.11249432372619524 0.20822936717365667 0.08034378416505417 0.1421466950612497
0.10249206938835986 0.08026761297934812 0.21111375822262107 0.1394452098217468 0.09079662688711106 0.09491303126893522 0.15547100259230576 0.12550068883957213
0.08245150926555446 0.12070298813775394 0.12136680833561715 0.13376764388578913 0.10211384193305534 0.1720619206706516 0.10032573291434187 0.16720955485723643
0.06700713985159151 0.10540381110913742 0.06551997438721618 0.08435839346290006 0.1404868393578897 0.26727698274998496 0.10123007215548005 0.1687167869258001
0.0603342026429954 0.10452105057631975 0.05363085707150425 0.08220152780655451 0.12901309554492207 0.31297274452848967 0.09292346621610512 0.16440305561310903
0.08159836988897319 0.14289416989883466 0.1026732146774099 0.16115976279883756 0.07834196447301642 0.20630746110282658 0.08198127064114781 0.1450437865189538
0.07806745436982751 0.12550959410380913 0.09837832512871825 0.13125539498766278 0.09771197140621365 0.20656647002844292 0.09844154624074708 0.16406924373457846
0.05745351450327808 0.09633378880517192 0.07232066025180776 0.09713565883196679 0.1204937006623317 0.24542856868314988 0.11656279059836012 0.19427131766393357
0.07131580822871741 0.1237592702463396 0.0930422369340402 0.1408803914053995 0.09008608733331906 0.21630607938639038 0.09555365677931446 0.16905646968647942
0.07600419211477387 0.12887205350152897 0.0959345644881251 0.1303010998086681 0.09943498328385011 0.2088509071857176 0.09772582485650107 0.1628763747608351
0.06493106099148968 0.10978696480016166 0.061255981396232326 0.08266432304449152 0.13720567300637812 0.2796301630188739 0.0991971876533898 0.16532864608898304
0.0836911725621915 0.1449938197156997 0.0734573086414097 0.11353323188215748 0.10653537142559068 0.2645440689334205 0.07700514858094158 0.13623987825858896
0.1323958753391124 0.10442270996298002 0.1650665494691768 0.11343344754023255 0.12057053707650749 0.13555094900107434 0.12646982882470703 0.1020901027862093
0.1243266564432516 0.08599883543549426 0.16726411557781015 0.09697907723264745 0.14033902058322958 0.12455149022194702 0.1441659118264431 0.11637489267917694
0.14217871276063876 0.09737157043635207 0.1933602087487402 0.11175018298061944 0.12478192785111031 0.10538911808248527 0.12459311445749659 0.10057516468255746
0.09842309388946602 0.1438175204525456 0.13479531943977835 0.16320012324350133 0.08137672592764283 0.1484879129996987 0.08301919312821589 0.14688011091915118
0.10672692829518024 0.08317265563778292 0.23065860580926123 0.13665474544799 0.09075103942586918 0.08161869841276163 0.1512824206831635 0.11913490628799127
0.08309018396539365 0.12473010320920758 0.12503581009900358 0.1329294122318243 0.10163752974090777 0.1667181362900145 0.09969705917386822 0.16616176528978036
0.06683290407163994 0.11084700169408156 0.06583081438442472 0.08393075799552521 0.13985651332619364 0.26412358294245436 0.10071690959463024 0.16786151599105043
0.07258492393507229 0.12358387191856486 0.09054488030200107 0.13854464381885906 0.09406142883073533 0.22045726802195392 0.09396941059018267 0.16625357258263085
0.13722813852746665 0.10964268205356 0.17208848790912856 0.11084186186365963 0.12599629660570738 0.12486466882350049 0.1227064974640432 0.09663136675293402
0.10035920521030474 0.14904252329976797 0.09297787169893926 0.1165922526118012 0.11135958502416318 0.2106778963798145 0.07907996264104777 0.13991070313416146
0.10613131553857276 0.0798896365202238 0.20925909400475035 0.13837960853124684 0.09257178944743373 0.0949439716037676 0.15428293667588266 0.12454164767812215
0.08295191393149251 0.12413715113859476 0.12088681834644624 0.13291723624822108 0.10202942437932094 0.1712429834594823 0.09968792718616581 0.16614654531027634
0.09648852052424399 0.15953079370490839 0.09416331243785701 0.12086957694511333 0.126093608496117 0.23968025901585735 0.090652182708835 0.072521746167068
0.06526456683553022 0.10943670218521587 0.0567651779407135 0.08170117175633472 0.13025628968925995 0.30081590174702844 0.09235784633324795 0.16340234351266944
0.07170272338053099 0.12229016217711754 0.08818103171388207 0.13718744803960636 0.09196465995388922 0.23100015928666967 0.0930488778007765 0.16462493764752764
0.10102233075584606 0.07855258429871038 0.20917964917813636 0.13955392308473877 0.09188627669145234 0.09861449544723948 0.15559220976761173 0.1255985307762649
0.12009509883947932 0.08532072376319806 0.1761252894146997 0.09152378663953231 0.14847391580379035 0.11878060043110338 0.14527585180878144 0.11440473329941539
0.08208642609772672 0.12290287196471987 0.11399218761999648 0.14105764950383626 0.09926983000771056 0.1757479713901089 0.09567388401129766 0.1692691794046035
0.1043198909979336 0.08150940335921032 0.2236299996676513 0.13749442522640684 0.09477328467686434 0.08619408054454639 0.15221198071462214 0.11986693481276495
0.06271920657173402 0.09405804994824046 0.09369597193498995 0.10045869652455089 0.12406461284156817 0.2035356333003537 0.12055043582946104 0.20091739304910178
0.11193089853793964 0.08636190158045028 0.14934381927047835 0.09845615843611695 0.1475222719337745 0.14187586787555315 0.14636169224234696 0.11814739012334032
0.10663840869017698 0.07386076280900108 0.22899982528120003 0.13550537778445487 0.0993049624645092 0.08265743907660708 0.1510783838880415 0.12195484000600941
0.10564788890402615 0.07375343479706861 0.2641797542140057 0.132639903334236 0.09151773934409675 0.06978866645945422 0.14683782542495805 0.11563478752215446
0.07163055444500911 0.10880452008806475 0.0819227507434556 0.0881088270527704 0.1364250023251867 0.23728940848466681 0.09960128275530568 0.1762176541055408
0.10058390603820627 0.0770824911939568 0.20595783149823 0.13847877053725105 0.09959671206039694 0.09927590027600537 0.15439349491242765 0.12463089348352593
0.08223066197455801 0.12348142721195077 0.12029881644202882 0.132700245976641 0.10338355709866817 0.17250479934287127 0.09952518448248075 0.16587530747080123
0.06670565087392356 0.11035443854763337 0.06519777081418802 0.08367208638064183 0.14019863593197682 0.26612074103358246 0.10040650365677017 0.16734417276128366
0.07235580319159755 0.12293595195874372 0.09041757397632655 0.13778142290768783 0.09713781360462033 0.22058197916049732 0.09345174771130133 0.1653377074892254
0.11403159956852665 0.09086180247678988 0.14293081381835623 0.09190953899362093 0.15091627419899534 0.14857489006895325 0.14588815713273165 0.11488692374202615
0.06986104975705851 0.10604759748420513 0.06459243275469743 0.08442190014548437 0.14479910357785822 0.26600066365135383 0.09543345233837364 0.16884380029096874
0.07278967218579492 0.12236196794060754 0.09024848205988317 0.13767438775794766 0.0978285875191159 0.22050848726954914 0.0933791499575645 0.16520926530953717
0.10112511921981333 0.07832007988076548 0.21020946013565234 0.13908885356493594 0.09423522290992702 0.09676760412075143 0.15507369195971216 0.12517996820844235
0.14275182949113177 0.1013564643751764 0.2100581731702196 0.10874819542020019 0.12380100724671193 0.09808948856558197 0.12038872264670103 0.09480611908427708
0.08556847240581424 0.12421835369086609 0.12102710225920042 0.14025002761817099 0.09735501559935121 0.16815488959594535 0.09512610568884641 0.16830003314180517
0.10495213691310401 0.0814091928330425 0.2262822781979506 0.13707154916452183 0.09421407585051374 0.08482865387932673 0.15174383953093176 0.11949827363060876
0.08316478129808762 0.12423931803021192 0.124510995443525 0.13269485692686783 0.10240505462886196 0.16759527981871 0.09952114269515089 0.16586857115858478
0.07857874295722797 0.1296219038841597 0.10287440246274418 0.13090735642651777 0.10268785168627256 0.1935150297300423 0.09818051731988833 0.1636341955331472
0.09515585248030746 0.15951447660762114 0.09043019515431926 0.1199770475820052 0.12558366627710899 0.24736974766293104 0.08998278568650389 0.07198622854920313
0.07613340673364903 0.1276574414384549 0.09469686012127838 0.13648323745093124 0.09511156341669019 0.21356636658333392 0.09257123931454467 0.16377988494111748
0.07686886868510408 0.12917941723350135 0.09630138457011522 0.12986571909558856 0.10042233433095701 0.2076308378935566 0.09739928932169144 0.16233214886948572
0.06527532903552119 0.1097445196539237 0.06144085041210868 0.08257457852565292 0.1377284822032691 0.2789975888874351 0.0990894942307835 0.16514915705130584
0.07180247482621623 0.12227136114198896 0.08931829101290893 0.1370490721185188 0.09803612275545764 0.22410876877447403 0.09295502282821275 0.16445888654222252
0.10082338575465502 0.0782312046402311 0.2097721296109344 0.13890890178743923 0.09509681621606504 0.09727649122493935 0.15487305915704044 0.12501801160869533
0.10541877215159456 0.07470451404046917 0.25807719350330055 0.13359343500836354 0.09146135376027925 0.07238523580515711 0.14789342418508294 0.11646607154575285
0.09651048536379202 0.146749428264594 0.1099761359652165 0.11870684707009722 0.11214078223697449 0.1929538952980998 0.08051420931710941 0.14244821648411665
0.10458439640892862 0.07893595922129178 0.21595001532820257 0.1368732060566311 0.09643673547011966 0.09143039172907706 0.15260341033478123 0.123185885450968
0.09922592321313264 0.14785490837748308 0.14626100457934882 0.1584619121668185 0.08569491726527691 0.14146728255499313 0.08288776944110507 0.13814628240184176
0.10035214367779385 0.16490267674525083 0.09928317841135192 0.12118454189113181 0.12263162819655599 0.22804669952488754 0.09088840641834885 0.07271072513467908
0.06571939662199179 0.10959982871994196 0.05751009156863883 0.08132416769748893 0.13632529604474888 0.29494121612026775 0.091931667831944 0.16264833539497786
0.09937031318974024 0.07711218176590948 0.19603079775730217 0.13824559664692584 0.10200594884516481 0.10868060138697241 0.15413352342575162 0.12442103698223327
0.0983932415918563 0.1474897497025158 0.1415169613206338 0.15847383818333 0.0866486688065762 0.14642685328808397 0.08289400766512646 0.13815667944187743
0.08118805042534179 0.13356939380970195 0.10636954256433356 0.1309346840294833 0.09957049100235991 0.18649847010981277 0.09820101302211248 0.16366835503685412
0.09594856730602677 0.16056044677936038 0.0912398595645326 0.12016644651109837 0.12504129605865102 0.24481868099034795 0.09012483488332379 0.07209986790665902
0.06471852388523754 0.10844045059544359 0.05621823508495238 0.08076126775526858 0.1360354948546823 0.30100814615574883 0.0912953461581297 0.16152253551053716
0.0834276787188115 0.14203285726560655 0.10280721434138905 0.15930474063829766 0.08578584599983252 0.20222976752819996 0.0810376289333949 0.1433742665744679
0.11687399738850125 0.0929744249545022 0.1464857665201747 0.09176949314231528 0.14744280455299127 0.14407578488296208 0.14566586213065916 0.11471186642789409
0.09622845074070677 0.14520213085344336 0.08916376109957184 0.11531044372422619 0.12102732925768915 0.21648479002494664 0.07821056183034471 0.1383725324690714
0.11820321199439689 0.0889692714414928 0.14627446978850844 0.09650851222362432 0.14757885081380664 0.14318908373440412 0.14346638533541764 0.11581021466834918
0.1224123948079472 0.0837450145412441 0.16221044205900312 0.09572681248238338 0.15360420909164074 0.12512461587107976 0.14230433616784158 0.11487217497886006
0.10795360128562932 0.07287164137803122 0.23374827675104617 0.13392269388796482 0.10230703478045183 0.07935251796351478 0.1493138094541936 0.12053042449916831
0.13810656655971884 0.095010209504205 0.216372851939374 0.11039455397029654 0.1224378500215094 0.09524118015429887 0.12308168927733062 0.0993550985732669
0.10938768868925355 0.07243777024537114 0.2525858948586231 0.13163260782348787 0.09514450697291386 0.07358164997496448 0.1467605343942469 0.1184693470411391
0.10355660685580176 0.07099164503768417 0.2667991852173475 0.13201193637747177 0.09029442867628543 0.07035199767184691 0.14718345742383793 0.11881074273972461
0.11902483255215902 0.08240485966973678 0.19808865077485424 0.09590614676992441 0.1386253355140908 0.10829186996421396 0.1425709286311115 0.11508737612390928
0.09487723831393592 0.1408624258723686 0.13744496831560624 0.16199881761814625 0.08797676707242309 0.1486327527715226 0.08240809417966571 0.1457989358563316
0.1429867670951618 0.11086729820125824 0.18695711648331706 0.10962600688255854 0.1233547092196202 0.10927621548275676 0.1213604960197636 0.09557139061556384
0.12785891014803852 0.08493763105754558 0.17358190495705647 0.09502135493811142 0.1467585909814121 0.11656035584529768 0.14125562614680445 0.11402562592573372
0.10893135606718829 0.07263916669417037 0.2377604081640939 0.13332178363826605 0.10098619724308357 0.07772764354893036 0.148643839369828 0.11998960527443947
0.10412850412041548 0.07129251413690534 0.2617957636283236 0.13255386654535906 0.09189343872602718 0.07124976383366388 0.1477876691184824 0.11929847989082314
0.10252273633487122 0.07075085715741779 0.27007373702206555 0.13170845159859174 0.08971507748649328 0.06984643941832337 0.14684509454350447 0.11853760643873255
0.13609300566274515 0.09415307771085635 0.22764965094667278 0.10959650614272554 0.11895094029041478 0.09272803821273558 0.12219192550539697 0.09863685552845297
0.14423801254791824 0.09538087284675642 0.2121480777598988 0.1083954010809149 0.1249394847641565 0.09648950703134737 0.12085278299618422 0.0975558609728234
0.099410300853664 0.14194578739828295 0.14031819699785697 0.1611089042611271 0.0857108349071828 0.1445525626227334 0.08195539912413857 0.14499801383501437
0.10744287545871505 0.08259206590942703 0.23306354802102408 0.13591234147730077 0.09134467829618528 0.08069625955422356 0.15046054896958003 0.11848768231354428
0.0635643468240294 0.09423222779838007 0.09545750814820383 0.10046386847920738 0.12344352039578256 0.20135414922093306 0.12055664217504884 0.20092773695841476
0.05336087780060717 0.08957706597967782 0.07131409825908558 0.10205179665637602 0.1194985599804828 0.24473110744294121 0.11536290056807723 0.20410359331275205
0.09788245438229909 0.07629615871469632 0.2036108880776104 0.1396731274008518 0.10010700732726294 0.10099943575227942 0.15572511368423328 0.12570581466076663
0.10536875130334515 0.07460015286480719 0.2560729304857689 0.1337516614121112 0.09251437672280197 0.07301952737979224 0.14806858731825084 0.11660401251312258
0.07169799795934008 0.10832699614950216 0.08128044676896605 0.08762097264254776 0.1389998849284923 0.23778196110491534 0.09904979516114094 0.1752419452850955
0.10061998133078984 0.07669933711670812 0.20555658330844118 0.13775758955066905 0.10269861653492658 0.09909662963099775 0.15358943193186533 0.12398183059560215
0.12035283949015221 0.08478096591960416 0.17518454272622813 0.09113626534108685 0.1514757542767567 0.11848856193316773 0.14466073863664575 0.11392033167635855
0.07158984609260324 0.1058927895758265 0.06916973461685492 0.08472776542014182 0.1505711696499503 0.25281395072070106 0.09577921308363858 0.16945553084028364
0.07327244556418584 0.12213690559804327 0.09120946916082392 0.13736285124858907 0.10188024899407894 0.2161348110021464 0.09316784693382563 0.16483542149830688
0.08681862302524172 0.1465191211520861 0.11273132545639694 0.1625942412455631 0.08232375675177875 0.17996713165779224 0.08271098359013428 0.1463348171210068
0.10581571296761474 0.08384025562660688 0.22329358194193336 0.13721910573752688 0.09155747361583043 0.08673976669337108 0.15190719072286246 0.11962691269425421
0.10394666537462378 0.15474377635112738 0.11556409229093471 0.12354081867086736 0.1265265379381365 0.20889800416863943 0.09265561400315052 0.0741244912025204
0.0669744798657613 0.1091673706897673 0.05981916222977175 0.0817262997093368 0.1389769843251297 0.2874968519162223 0.09238625184533726 0.1634525994186736
0.12969581172716166 0.099886655473807 0.15972146259216324 0.11195113671156352 0.13378671239175782 0.13938503519218756 0.12481716287095217 0.10075602304040715
0.14438884833027263 0.09702748212913362 0.19101687429428632 0.1096927142021521 0.12990137194642545 0.10695007600384143 0.12229919031195167 0.09872344278193688
0.08636007964979514 0.12329884171886372 0.11741080633482086 0.13973973698914838 0.10001670937149822 0.17070614602582107 0.09477999552307455 0.16768768438697804
0.10555493310146702 0.08130234214480152 0.22500112208732437 0.13701933990039208 0.09476456483902966 0.08521889833573328 0.15168604172937178 0.11945275786188028
0.1039053219100052 0.15422452119296204 0.11591723638017117 0.12354155796713732 0.1273658490076167 0.20826441028647222 0.09265616847535299 0.0741249347802824
0.0665573011812222 0.11531874191413766 0.05947582768336367 0.08102364169749322 0.1383144098734162 0.2856708514669099 0.0915919427884706 0.16204728339498645
0.0994641032091978 0.08090368040609429 0.1959320348004386 0.13730616712457894 0.102850713739583 0.10688162069297083 0.1530861296150156 0.12357555041212105
0.10588407036540969 0.07512909158972972 0.2532448600304027 0.13383580390478367 0.09311472728531517 0.07395234280113633 0.1481617365164882 0.11667736750673448
0.09664478821829448 0.15056876024671076 0.1089884752720636 0.11777608741424449 0.11251775307354502 0.19228991941447374 0.07988291146357451 0.14133130489709336
0.0774144240523258 0.135525492705098 0.09925966800716486 0.13754091617523426 0.09538056981342816 0.1965412084306568 0.09328862140581107 0.1650490994102811
0.13922760439222542 0.11093242176035574 0.1750371780533457 0.11043965807636537 0.12613751245788982 0.11968365636796277 0.12226124133810085 0.09628072755375443
0.08496656931474653 0.12996317043905203 0.11344981151364822 0.13860406945423787 0.09883813787470941 0.1738436413852112 0.09400971667330917 0.16632488334508544
0.1176412645666391 0.09159592340552639 0.14967872383765624 0.09183463594559878 0.15143220681138028 0.13725468709548846 0.1457692634057123 0.11479329493199845
0.08156438050118328 0.12679247961319418 0.10840954397093953 0.13886418554468177 0.10362252495523308 0.1799237195221485 0.09418614323900155 0.1666370226536181
0.10483222127938337 0.08186524126709899 0.22166627725341959 0.1373448181059053 0.09569416434090991 0.0868144101786342 0.15204635948232087 0.11973650809232769
0.103779835428946 0.154285737409249 0.11526764081194656 0.12349970741021983 0.1275704338501684 0.20887204008567353 0.09262478055766489 0.07409982444613192
0.06651348423747079 0.11526227241260151 0.05936751420009447 0.08097134339816743 0.1385910243830531 0.2858188516004365 0.09153282297184144 0.16194268679633486
0.07154846574471611 0.12754189111885228 0.08806721920428233 0.13529470343287403 0.09869640602002087 0.2247325671618563 0.09176510319794932 0.1623536441194488
0.07373561878353851 0.13207349778596697 0.09542879729675946 0.13829777248634745 0.09310856641284068 0.2075964528254072 0.09380196742552262 0.16595732698361695
0.10362106582222122 0.08279892533068137 0.21702185288834186 0.1379874601135073 0.09413484468217911 0.09138130046226638 0.15275779060184771 0.12029676009895507
0.0833166318024455 0.12432497843849033 0.12274916318081407 0.13253291596213435 0.10233904761600437 0.16967143107584265 0.09939968697160079 0.16566614495266793
0.0673179576440578 0.11050913705235223 0.06563293318068222 0.08367973951646195 0.14012509130321227 0.26495997485055534 0.10041568741975433 0.1673594790329239
0.07212615215447624 0.1275271762769485 0.08984261607207916 0.13622439209411213 0.09953276468293935 0.21888195356876444 0.09239567463774563 0.16346927051293456
0.11365840292672581 0.09276402995502235 0.1474389285286788 0.09715072413716702 0.14356580825387374 0.14442016075539704 0.14442107647853486 0.11658086896460042
0.140269340614334 0.10042023555781518 0.18706802186874893 0.10982926096156961 0.13298960542870908 0.10812577094476504 0.12245142975864552 0.09884633486541265
0.0983878931235792 0.14803831106824697 0.13386219970610874 0.1600886142675032 0.08689615708224306 0.1472106898711404 0.08143638204042555 0.1440797528407529
0.08153114608520602 0.13374575006194417 0.10499358201121128 0.13104831008295934 0.09971637113772493 0.18686822045503557 0.09828623256221951 0.16381038760369918
0.09577830296390093 0.16484605536710534 0.09055705053787068 0.11939396446329342 0.12442988569992956 0.24381288894245387 0.08954547334747008 0.07163637867797606
0.07596561375366971 0.13555454407955256 0.09394015986490124 0.1346886097843087 0.09609597386420547 0.21077475331935647 0.09135401359283546 0.1616263317411704
0.10372325171725776 0.08556553496503792 0.21563498314468693 0.13731215523051196 0.09439064070288058 0.09165520113797677 0.1520102003365863 0.11970803276506173
0.07212820119350362 0.11034213613752929 0.07954626394601448 0.08597416808102666 0.14180369356861824 0.2350881992140225 0.10316900169723198 0.17194833616205332
0.07331431987298802 0.12825314991642123 0.09310787358580304 0.13708020129141327 0.1007088926357928 0.2100631846197968 0.092976136528089 0.16449624154969592
0.10325201863496716 0.08473739500100835 0.21548378149852088 0.13748559327035023 0.09536431526287378 0.09161545779730075 0.15220220337621188 0.11985923515876687
0.08302700743077528 0.12696934829188217 0.12217403871288998 0.13207899131182005 0.10231638632432 0.1692762453046725 0.09905924348386505 0.16509873913977505
0.11666192187439171 0.09364358148453827 0.15163128687457855 0.09134148645131308 0.15189023592150466 0.13566814289887666 0.14498648643065568 0.11417685806414135
0.09619516598461997 0.15016894113059212 0.08963591614998759 0.11437418595110763 0.12290322972190437 0.21189800310144702 0.07757553481901211 0.13724902314132914
0.0770124787291224 0.1348121954104626 0.09498294283689115 0.136789030203222 0.09720381175818742 0.20227405824562786 0.09277864657262012 0.16414683624386636
0.11543762320824068 0.09491143068165953 0.14397979088316248 0.09151775619060355 0.15063933651844216 0.14385058761201236 0.14526627966762468 0.11439719523825444
0.08088806658760025 0.12984094080041278 0.10682198071822104 0.13812563416118145 0.1034847757919439 0.1814026282118129 0.09368521273541003 0.16575076099341773
0.1045031979072354 0.08458029526589847 0.2205809437334753 0.13693771996167114 0.0955042379596306 0.08691631805216844 0.1515956851020535 0.11938160201786716
0.07237110605260987 0.11031755823883825 0.08030781509576057 0.08608200328811697 0.14233323029008285 0.2331258765126172 0.10329840394574034 0.17216400657623393
0.11220191435843521 0.09197555109154384 0.14265739068783911 0.09560897346007928 0.15441992359958617 0.14627631810379596 0.14212916054662533 0.11473076815209514
0.08035160865834097 0.12921101502467153 0.10653151891197025 0.13809222029852092 0.10425997842565733 0.18218044490274765 0.09366254941986636 0.16571066435822507
0.11619416395911984 0.09406054292854185 0.1472366289776606 0.09145487244901238 0.15266153518561362 0.13890720173400475 0.14516646420478155 0.11431859056126545
0.0810560243201865 0.12973892304791154 0.10753677975708065 0.13819366109637374 0.1040782958997844 0.17983256981938722 0.0937313527436274 0.16583239331564845
0.13966354870737188 0.11294932508189306 0.17701879378148483 0.10973735593620332 0.12770728846737275 0.1157714598767853 0.1214837639993785 0.0956684641495106
0.10027763798293012 0.15787497770687103 0.09361848768982092 0.11378143456532339 0.11742895082457278 0.2033072950034397 0.0771734947486541 0.13653772147838805
0.10543374572814668 0.08747006164878275 0.20802669045716554 0.13542334908575324 0.09806665333569987 0.09271155755674002 0.15098692801053384 0.12188101417717792
0.12151974897143335 0.08770781973606724 0.175704640449698 0.09084319702719362 0.14977944778011754 0.11669559891468294 0.14419555083681526 0.11355399628399201
0.0714105952985584 0.11196858416181343 0.06885643653256826 0.0840034368595124 0.15044383899328106 0.2503498275505754 0.0949604068846662 0.1680068737190248
0.11162201382023114 0.09192777586611986 0.1387695885715533 0.09524230873999794 0.1565618674693934 0.15000158623121734 0.1415840888134895 0.11429077048799753
0.13928863988872098 0.10229721413291448 0.18353657879470595 0.10932804020685012 0.1363201817163839 0.1089415030525922 0.12189260602166721 0.0983952361861651
0.11066877630855865 0.07824478963079252 0.23991425364235267 0.13151663803005478 0.09887295568228124 0.07578637574987981 0.1466312367290312 0.1183649742270493
0.09369516507344007 0.14802038711251653 0.14701299388182498 0.16194927019208102 0.08225445407467888 0.13893049687313566 0.08238288961944992 0.14575434317287292
0.08063788060361234 0.13806073422267554 0.10734926170319337 0.1306076421186012 0.09851561523645246 0.18361358187826263 0.09795573158895092 0.16325955264825154
0.0664306992935672 0.11515132684724019 0.06316001054165002 0.08287543937580656 0.13788760109991516 0.26929351683923974 0.09945052725096787 0.16575087875161312
0.11061030991195682 0.09252627319010531 0.13727856360409646 0.09540823879205645 0.1531911727030978 0.15466480026778934 0.1418307549804302 0.11448988655046775
0.0799863480451773 0.1291269264358982 0.10530565017105509 0.13787455648422822 0.10398714120996305 0.18475499330069287 0.09351491657191133 0.1654494677810739
0.10440558435695754 0.08451667596734432 0.2199879392066393 0.13696772837232926 0.0956355646646005 0.08744983858953048 0.151628905646209 0.11940776319638963
0.07239762619402525 0.11027766575936282 0.08021335313382838 0.08605811632800728 0.14234427663086455 0.2333229897042885 0.10326973959360872 0.17211623265601456
0.062019813333806115 0.1114066006016029 0.05497912034930553 0.08076773267943455 0.1425541424648901 0.2954344708788178 0.09130265433327384 0.1615354653588691
0.09833482946743652 0.08259953893673408 0.19360578342874696 0.13693684444258597 0.10419235644521621 0.10841312489496534 0.1526743623859876 0.12324315999832736
0.1032767896056791 0.07685598888868575 0.2462128101419583 0.13370847264731542 0.09397294490734398 0.07656039966890424 0.14907496875752926 0.12033762538258387
