0.125 0.125 0.125 0.125 0.125 0.125 0.125 0.125
0.125 0.125 0.125 0.125 0.125 0.125 0.125 0.125
0.12326388888888887 0.12326388888888887 0.13715277777777776 0.12326388888888887 0.12326388888888887 0.12326388888888887 0.12326388888888887 0.12326388888888887
0.12138310185185185 0.12138310185185185 0.13662229938271606 0.12138310185185185 0.13507908950617284 0.12138310185185185 0.12138310185185185 0.12138310185185185
0.11954049318415638 0.11954049318415638 0.13472074867112482 0.11954049318415638 0.13454928090706447 0.1330275045010288 0.11954049318415638 0.11954049318415638
0.11796374005217489 0.11796374005217489 0.13293271212674432 0.11796374005217489 0.13291366015295983 0.14433492745942172 0.11796374005217489 0.11796374005217489
0.125 0.125 0.125 0.125 0.125 0.125 0.125 0.125
0.11706893236792303 0.11706893236792303 0.13095782125681193 0.11706893236792303 0.14184875845178646 0.14184875845178646 0.11706893236792303 0.11706893236792303
0.1147249128356401 0.1147249128356401 0.14068580911616388 0.1147249128356401 0.14284481335281787 0.14284481335281787 0.1147249128356401 0.1147249128356401
0.12301604425898863 0.12301604425898863 0.12301604425898863 0.12301604425898863 0.12301604425898863 0.1388876901870795 0.12301604425898863 0.12301604425898863
0.1143262156977196 0.1143262156977196 0.1387127451558203 0.1143262156977196 0.1387127451558203 0.15094343119976145 0.1143262156977196 0.1143262156977196
0.12131569934864608 0.13401861220394826 0.12131569934864608 0.12131569934864608 0.12131569934864608 0.13808719170417513 0.12131569934864608 0.12131569934864608
0.11344499387978248 0.11344499387978248 0.14542942029544725 0.11344499387978248 0.1374944493285962 0.14985116097704432 0.11344499387978248 0.11344499387978248
0.11943346383075798 0.1320384631507338 0.11943346383075798 0.11943346383075798 0.13471062486726867 0.13608359282820737 0.11943346383075798 0.11943346383075798
0.11213974300920665 0.11213974300920665 0.14362792513215353 0.11213974300920665 0.14765569099952303 0.14801766882229028 0.11213974300920665 0.11213974300920665
0.11772782027019058 0.13018779171565797 0.11772782027019058 0.11772782027019058 0.14699887901627745 0.1341742279171117 0.11772782027019058 0.11772782027019058
0.11116091163963829 0.11116091163963829 0.14774338973054657 0.11116091163963829 0.14991661147341917 0.14653544059784263 0.11116091163963829 0.11116091163963829
0.1161100681569192 0.12846128056132344 0.1161100681569192 0.1161100681569192 0.14582932863206682 0.14515905002201396 0.1161100681569192 0.1161100681569192
0.11004186313808582 0.11004186313808582 0.14612164457577784 0.11004186313808582 0.15535654073468827 0.14831249899910492 0.11004186313808582 0.11004186313808582
0.1147341788810981 0.12696105256310763 0.1147341788810981 0.1147341788810981 0.14553184336426786 0.1538362096671339 0.1147341788810981 0.1147341788810981
0.10934804322721939 0.10934804322721939 0.1487831234529094 0.10934804322721939 0.15457028092077557 0.14990637949021793 0.10934804322721939 0.10934804322721939
0.1138283560971201 0.12597813867792226 0.1138283560971201 0.1138283560971201 0.14447015352872597 0.16040992730775133 0.1138283560971201 0.1138283560971201
0.10888855206282813 0.10888855206282813 0.1505963328616483 0.10888855206282813 0.1537808826447185 0.15118002417949253 0.10888855206282813 0.10888855206282813
0.11254752272423661 0.12464625073121752 0.11254752272423661 0.11254752272423661 0.15309127222652125 0.15952486342107813 0.11254752272423661 0.11254752272423661
0.11136980920664488 0.1252193926212246 0.11136980920664488 0.11136980920664488 0.15173174552403476 0.16619981582151636 0.11136980920664488 0.11136980920664488
0.11022671377419255 0.12413997962099527 0.11022671377419255 0.11022671377419255 0.157375495120769 0.16735095638727282 0.11022671377419255 0.11022671377419255
0.10844210622502945 0.12223543729402891 0.1206895188666064 0.10844210622502945 0.1573446136280237 0.16596200531122307 0.10844210622502945 0.10844210622502945
0.10706969323752416 0.12065140849241626 0.13099501553880144 0.10706969323752416 0.15596260459491781 0.164112198423768 0.10706969323752416 0.10706969323752416
0.10589847075007 0.11930418280478292 0.1404348123597301 0.10589847075007 0.15436193972877185 0.162305182106435 0.10589847075007 0.10589847075007
0.11604158019217761 0.11753110375381239 0.1413001918678223 0.10427508344216983 0.15224116542039653 0.16006070843928172 0.10427508344216983 0.10427508344216983
0.12604923969373044 0.11610432981666101 0.14029858075639026 0.10304531828845963 0.150352395627903 0.1580594992399365 0.10304531828845963 0.10304531828845963
0.12717146507624663 0.1150841202660759 0.14577970461617146 0.1021836391753358 0.14890380443746318 0.15650998807803537 0.1021836391753358 0.1021836391753358
0.12668943132216537 0.11426626149681776 0.15158481959167816 0.10147913702280933 0.14774917031642384 0.15527290620448705 0.10147913702280933 0.10147913702280933
0.12603562271785612 0.11361713739666578 0.15646299043079082 0.10092088611924156 0.1468321310029544 0.15428946009400815 0.10092088611924156 0.10092088611924156
0.12548289822905245 0.11312189811590054 0.16024950334850524 0.10049777173849322 0.14612405788843774 0.15352832720262433 0.10049777173849322 0.10049777173849322
0.1250630321810204 0.11275657681475557 0.1630677969468856 0.10018747702409997 0.14559373812695603 0.1529564248580824 0.10018747702409997 0.10018747702409997
0.12475752152412081 0.11249370856336322 0.16510891873967992 0.09996520002839038 0.14520667076129773 0.15253758032636733 0.09996520002839038 0.09996520002839038
0.12454042375104125 0.11230796721435356 0.1665586634398637 0.09980866626286876 0.14492986055311877 0.15223708625301632 0.09980866626286876 0.09980866626286876
0.1238584449368364 0.11164838763296181 0.16650582249701165 0.09916972460914475 0.1489833087890885 0.15149486231666734 0.09916972460914475 0.09916972460914475
0.13069834414387743 0.11044890885119099 0.16535826787470512 0.09804353244752857 0.14925032009948916 0.1501135616881515 0.09804353244752857 0.09804353244752857
0.13233203402530358 0.11014600969305566 0.16525858623754364 0.09787390870959001 0.14917247034337103 0.14946917357195585 0.09787390870959001 0.09787390870959001
0.13270430370334882 0.1100539077356719 0.16551889008616108 0.09781546221422127 0.14908726624701532 0.14918924558513905 0.09781546221422127 0.09781546221422127
0.13276352856454174 0.11000475154998124 0.16582893348283903 0.09777653957935104 0.1490190582639767 0.14905410940060826 0.09777653957935104 0.09777653957935104
0.13824120841655457 0.1092093183190627 0.16516643508586698 0.09698656814684257 0.14820564318712973 0.14821769055085818 0.09698656814684257 0.09698656814684257
0.13982619995943307 0.10900380647439119 0.16493966874025906 0.09686943777227311 0.14780893536558615 0.14781307614351102 0.09686943777227311 0.09686943777227311
0.14029244562389948 0.1089547007821959 0.16492930501767086 0.09684316672948577 0.14764631258418623 0.14764773580359006 0.09684316672948577 0.09684316672948577
0.14001555457169423 0.10852747341281876 0.16450325575176053 0.09642139554813033 0.15052039383078344 0.14716913578855212 0.09642139554813033 0.09642139554813033
0.13984793907051674 0.10839842870674347 0.1643191992955376 0.09633982054976362 0.1514919092462746 0.1469230620316368 0.09633982054976362 0.09633982054976362
0.14381423599442214 0.10779161985018759 0.16365066919000829 0.09574734999388278 0.15125541108058982 0.14624601390314396 0.09574734999388278 0.09574734999388278
0.14508382005497195 0.1076305318546472 0.16332985923072676 0.09565368520462636 0.15107509113797873 0.1459196421077962 0.09565368520462636 0.09565368520462636
0.14550262012031295 0.10759506677811391 0.1632126038858647 0.09563611879426423 0.15099145380383322 0.14578989902908246 0.09563611879426423 0.09563611879426423
0.14853473117010996 0.10717620939815661 0.16274917356422247 0.09522120197836617 0.15054589148167696 0.1453303884507354 0.09522120197836617 0.09522120197836617
0.14928545842335844 0.10676940292171021 0.16219716603126103 0.09486093521080392 0.15235298287035656 0.14481218412090197 0.09486093521080392 0.09486093521080392
0.1494935925371291 0.10665726278594204 0.1619238691644668 0.0947939957946409 0.15297615451083285 0.1445671336177065 0.0947939957946409 0.0947939957946409
0.1495549493854595 0.10662989732135945 0.16181064756291857 0.09477909034514367 0.15319923239852096 0.14446800229631046 0.09477909034514367 0.09477909034514367
0.1495732266620737 0.10662265226420162 0.16176951851438123 0.09477488589516167 0.15328021927740573 0.14442972559645267 0.09477488589516167 0.09477488589516167
0.14937792167176733 0.1064198453014038 0.16155048785470466 0.09457288393871473 0.15471852573229292 0.14421456762368703 0.09457288393871473 0.09457288393871473
0.15129162258425097 0.1060700387697539 0.16113252993560792 0.09424561151404237 0.15495563053276323 0.1438133436354967 0.09424561151404237 0.09424561151404237
0.15196235867392635 0.10597108324469665 0.1609060564381947 0.09418552338139063 0.15498857997837082 0.1436153515206397 0.09418552338139063 0.09418552338139063
0.15220591530461786 0.10594749706797958 0.16080416405666415 0.09417293226301328 0.15498891789651328 0.14353470888518535 0.09417293226301328 0.09417293226301328
0.15369468865266211 0.10574253722963468 0.16055963124801154 0.09397059311097028 0.15478671134020672 0.14330465219657423 0.09397059311097028 0.09397059311097028
0.15519577194538023 0.10554567353386024 0.16028427978014462 0.0937965027305675 0.15453327710734036 0.14305148944157206 0.0937965027305675 0.0937965027305675
0.156411239729885 0.10539621239927224 0.1600426692888088 0.09366891533995446 0.15430624463072687 0.14283688793144358 0.09366891533995446 0.09366891533995446
0.15687576750898524 0.10535274581067654 0.15991875267837283 0.09364205554409072 0.15419029953684962 0.14273626783284352 0.09364205554409072 0.09364205554409072
0.15750029591095624 0.10527815863178376 0.15979767890772598 0.09357229798615303 0.15407504627100563 0.1426319263200695 0.09357229798615303 0.09357229798615303
0.15774017106878577 0.10525524653211707 0.1597349263031915 0.09355767335080777 0.15401519739423067 0.14258143864925177 0.09355767335080777 0.09355767335080777
0.15783420537927909 0.10524898421030174 0.1597065741139447 0.09355395681784429 0.15398799675404692 0.1425603690888947 0.09355395681784429 0.09355395681784429
0.15787141548150968 0.10524717884452463 0.15969463218189547 0.09355284726560222 0.15397621393966604 0.14255201775559748 0.09355284726560222 0.09355284726560222
0.15788618700509754 0.10524658638896589 0.15968990629236973 0.09355245540624094 0.15397119862049752 0.14254875547434642 0.09355245540624094 0.09355245540624094
0.1578920416757014 0.10524635572960137 0.15968819567048326 0.09355229057527181 0.15396906582789835 0.14254746937050022 0.09355229057527181 0.09355229057527181
0.15819481392753768 0.10520336449589102 0.15964452160799755 0.09350932497037977 0.15392526333628795 0.14250406172114635 0.09350932497037977 0.09350932497037977
0.1583101860445502 0.10518991954123287 0.15961804243044836 0.09350065681946719 0.15389940752096257 0.14248047400440456 0.09350065681946719 0.09350065681946719
0.15821882694835093 0.10504980070964406 0.15946845103065155 0.09336203187172933 0.15484308393159882 0.14233374176456656 0.09336203187172933 0.09336203187172933
0.1580622357574542 0.104915068914677 0.1592873341477602 0.09324286883582766 0.15584260902071362 0.14216414565191193 0.09324286883582766 0.09324286883582766
0.1579112314926707 0.10481324700457792 0.159125472191425 0.09315601712516934 0.15666299557231203 0.14201900236350648 0.09315601712516934 0.09315601712516934
0.15783131792881552 0.10478388358757838 0.15904057207974476 0.09313796725373641 0.15697925909166532 0.14195106555098666 0.09313796725373641 0.09313796725373641
0.15779426750119072 0.10477630968726606 0.15900122369315925 0.09313365595531288 0.15710382744068482 0.14192340381176058 0.09313365595531288 0.09313365595531288
0.15663685914145128 0.11276213633391438 0.15784269785704627 0.09199142647983863 0.15601236045889624 0.14077166676917596 0.09199142647983863 0.09199142647983863
0.156189119914172 0.11437166535985753 0.1573894008394083 0.09201785634226316 0.15559400971527357 0.14040223514449915 0.09201785634226316 0.09201785634226316
0.15600708913061953 0.11469213596406976 0.15720306484255023 0.09201925615175698 0.1557632833390762 0.14027665826841318 0.09201925615175698 0.09201925615175698
0.15591176305755644 0.11473491422883243 0.15710514123741073 0.09199850476982069 0.15603992208462716 0.14021274508211107 0.09199850476982069 0.09199850476982069
0.15587012240644546 0.11474080723445368 0.15706205400659243 0.09199591747175402 0.1561510736406055 0.14018819029664106 0.09199591747175402 0.09199591747175402
0.15585261783614507 0.11474153030047388 0.15704380147484348 0.09199547231653898 0.1561963279790644 0.14017930545985613 0.09199547231653898 0.09199547231653898
0.15584532276098093 0.1147415498680174 0.1570361435036939 0.09199534854448069 0.156214810337491 0.14017612789637474 0.09199534854448069 0.09199534854448069
0.15584228818117102 0.1147415078264565 0.15703294293901204 0.09199530262387719 0.15622236336064102 0.14017498982108784 0.09199530262387719 0.09199530262387719
0.1558410264001934 0.11474148092320488 0.1570316102403983 0.09199528405488609 0.15622545018527778 0.14017458008626735 0.09199528405488609 0.09199528405488609
0.1558212605326115 0.11472222665100688 0.15701180935471828 0.09197603511595127 0.1563614077957023 0.14015519031810733 0.09197603511595127 0.09197603511595127
0.15600911709707235 0.11468623729847453 0.1569714362626655 0.09194386270355044 0.15638526774810146 0.14011635348303483 0.09194386270355044 0.09194386270355044
0.15608011931811658 0.11467286860578904 0.1569484889119129 0.09193762849003792 0.1563888669639407 0.14009677073012688 0.09193762849003792 0.09193762849003792
0.15610783708007636 0.11466874391284312 0.15693751575663348 0.0919361539881297 0.15638887581095476 0.14008856547510312 0.0919361539881297 0.0919361539881297
0.15611883053886427 0.1146675236572565 0.15693257203186814 0.09193575140593388 0.15638847687488888 0.14008534267932063 0.09193575140593388 0.09193575140593388
0.15625783396269952 0.11464793290878628 0.1569111757053777 0.09191640255923339 0.1563689636142133 0.14006488613122312 0.09191640255923339 0.09191640255923339
0.15631143762967897 0.1146403652936969 0.15689863262138234 0.09191271858686356 0.15635723761950138 0.14005417107514978 0.09191271858686356 0.09191271858686356
0.15633266901926543 0.11463800474948599 0.15689257903001727 0.09191185823613893 0.15635154462122366 0.14004962787159095 0.09191185823613893 0.09191185823613893
0.1563282269379726 0.11462434460042653 0.156876879692643 0.09189866603807952 0.15643967651758955 0.14003487413713 0.09189866603807952 0.09189866603807952
0.15632386250213584 0.11461910291566738 0.1568678450366182 0.09189613232226419 0.1564735231372593 0.14002726944152669 0.09189613232226419 0.09189613232226419
0.15632146640616276 0.11461746643531179 0.15686350660141013 0.09189553494620234 0.15648689744942149 0.14002405826908668 0.09189553494620234 0.09189553494620234
0.15632031528846163 0.11461697840978363 0.15686154667223148 0.09189537133426297 0.15649225467594596 0.14002279095078865 0.09189537133426297 0.09189537133426297
0.15631979171582053 0.11461683250308984 0.15686068611321397 0.0918953221730709 0.15649441694678093 0.14002230620188205 0.0918953221730709 0.0918953221730709
0.1563108332972908 0.1146080609408089 0.15685158706842284 0.09188657953512992 0.1565563831363297 0.14001339695175793 0.09188657953512992 0.09188657953512992
0.15590816421169446 0.11420734503613975 0.1564488415896936 0.09148760249276322 0.1561830130222242 0.14278982866195822 0.09148760249276322 0.09148760249276322
0.1557763124053714 0.11405863196641718 0.15621276587945812 0.09141832678645456 0.15595944572890022 0.14373786366048943 0.09141832678645456 0.09141832678645456
0.15571272208053205 0.11401998863020062 0.15610583093774394 0.09140916412227097 0.1558578960439334 0.14407606994077704 0.09140916412227097 0.09140916412227097
0.15568600242938924 0.11401185809499909 0.1560610732551898 0.09140869418827544 0.1558154616851955 0.1441995219704 0.09140869418827544 0.09140869418827544
0.15567540767894983 0.11401068127553989 0.15604297159528072 0.0914091291548023 0.15579836106355852 0.14424519092226434 0.0914091291548023 0.0914091291548023
0.1556654936262339 0.11400490738328314 0.15602993405835697 0.09140358855359784 0.15583251541656462 0.1442563838547678 0.09140358855359784 0.09140358855359784
0.15566045256222177 0.11400281417434402 0.1560235859313073 0.09140263995302629 0.15584569102305695 0.14425953644999098 0.09140263995302629 0.09140263995302629
0.1556542533181844 0.11399828089745516 0.1560168384856898 0.09139852163096518 0.15587848913728947 0.1442565732684856 0.09139852163096518 0.09139852163096518
0.15565091529501512 0.1139966032157538 0.15601326501421456 0.09139774261976699 0.15589128009601538 0.14425470851970032 0.09139774261976699 0.09139774261976699
0.15564936007186422 0.11399609332791395 0.15601160775773762 0.09139756531321341 0.1558963949511995 0.1442538479516445 0.09139756531321341 0.09139756531321341
0.15471664502850221 0.12052013216172322 0.15507884833649657 0.09046549225694485 0.1549664381273009 0.14332145957514233 0.09046549225694485 0.09046549225694485
0.15430383676065126 0.12221238147591455 0.15466475026449888 0.0904377033474498 0.15455388666586345 0.14295203479072222 0.0904377033474498 0.0904377033474498
0.15388202529136044 0.12240713001143042 0.15424184188748394 0.09018629673604474 0.15413179002989916 0.14477832257169176 0.09018629673604474 0.09018629673604474
0.15373986397771328 0.12242178394324607 0.1540300004843817 0.09014960595124737 0.1539204599772925 0.14543907376362442 0.09014960595124737 0.09014960595124737
0.15295770372022066 0.1274672622866522 0.1532188513373073 0.089426192481101 0.1531096103076867 0.14496799490483026 0.089426192481101 0.089426192481101
0.15258532435748648 0.1289859236750551 0.15283374875421749 0.08937703327678255 0.15272496822921572 0.14473893515367753 0.08937703327678255 0.08937703327678255
0.1524424532240988 0.12946884013449894 0.15268526672784064 0.08938804431199228 0.1525768365344689 0.144662470443116 0.08938804431199228 0.08938804431199228
0.15239103363129203 0.12962652102966568 0.15263139232990047 0.08939566483267154 0.15252316869483978 0.14464088981628725 0.08939566483267154 0.08939566483267154
0.15218307735597342 0.12948881081027738 0.15242237222518037 0.08920895720655679 0.1523142564088932 0.14596461158000523 0.08920895720655679 0.08920895720655679
0.15206734473569405 0.12941622234478808 0.15230600830807453 0.08917916050491828 0.15221871289251993 0.14645423020416856 0.08917916050491828 0.08917916050491828
0.1520152688759468 0.12938941589406194 0.15225356486473343 0.08917491003070067 0.15217491903840002 0.1466421012347558 0.08917491003070067 0.08917491003070067
0.1519932460364128 0.1293805831234865 0.15223134203481956 0.08917440703633385 0.15215629072191209 0.14671531697436754 0.08917440703633385 0.08917440703633385
0.15202406614783456 0.12937213973891917 0.15221643957686995 0.0891687083270295 0.15214288215825253 0.1467383473970353 0.0891687083270295 0.0891687083270295
0.15203588187086936 0.12936858642037857 0.15220933797576625 0.08916777868681947 0.15213640300566467 0.14674645466686276 0.08916777868681947 0.08916777868681947
0.1520406005776558 0.12936731469734147 0.15220622922376176 0.08916761111399397 0.15213355385273883 0.14674946830652025 0.08916761111399397 0.08916761111399397
0.15204251795233567 0.1293668855234608 0.15220490771051776 0.08916757711246961 0.15213234064889053 0.14675061682738655 0.08916757711246961 0.08916757711246961
0.1520433032659566 0.12936674456453637 0.15220435279822647 0.0891675695140716 0.15213183093185073 0.14675105989721526 0.0891675695140716 0.0891675695140716
0.15191341317697155 0.12923648591533124 0.15207390812926902 0.0890373546661257 0.15200140512312676 0.14766272365692432 0.0890373546661257 0.0890373546661257
0.1518662875516352 0.1291719250195188 0.15199579889297402 0.08901327005000446 0.1519233401062499 0.14800283827960867 0.08901327005000446 0.08901327005000446
0.151860882661821 0.1291453282866778 0.15195691415232845 0.08900673482472528 0.15188449547122093 0.1481321749537761 0.08900673482472528 0.08900673482472528
0.15185752249609902 0.12913594047815352 0.15193968655145182 0.08900561162514574 0.15186729532347762 0.14818272027538076 0.08900561162514574 0.08900561162514574
0.15186806917131934 0.1291310850313519 0.15193061331339908 0.08900367332485098 0.1518582382567568 0.14820097425261988 0.08900367332485098 0.08900367332485098
0.15187037030453698 0.12912751139116718 0.15192479069548315 0.08900160845528508 0.15186630060489725 0.14820620163806014 0.08900160845528508 0.08900160845528508
0.15187096584095366 0.12912604386350288 0.15192202215289524 0.08900125139253434 0.15186928110907522 0.14820793285596995 0.08900125139253434 0.08900125139253434
0.15187930911995273 0.1291243498343599 0.15191963752769916 0.08900001337963719 0.15186927693426117 0.14820738644481546 0.08900001337963719 0.08900001337963719
0.15188804310930526 0.12912282344023784 0.1519176499222989 0.08899901338432097 0.1518682752106989 0.14820616816449622 0.08899901338432097 0.08899901338432097
0.15189148240793782 0.12912217192667907 0.15191664953577083 0.08899883617903873 0.15186768332232747 0.14820550427016863 0.08899883617903873 0.08899883617903873
0.15189286938788632 0.1291219323381376 0.1519161980797523 0.08899879904035518 0.1518674011598594 0.1482052019132989 0.08899879904035518 0.08899879904035518
0.15189343428645447 0.12912184847738808 0.1519160016944482 0.0889987896288102 0.15186727494163402 0.1482050717136446 0.0889987896288102 0.0889987896288102
0.15189249859747467 0.12912065282080287 0.15191475076214392 0.08899762003092566 0.15187538762431346 0.14820385010248827 0.08899762003092566 0.08899762003092566
0.1518919119268107 0.12912008205748035 0.15191403345168517 0.08899742080324134 0.1518785472991726 0.14820316285512722 0.08899742080324134 0.08899742080324134
0.15189162946582763 0.12911986516291477 0.15191369683545636 0.08899738126638687 0.15187981596582376 0.14820284877081696 0.08899738126638687 0.08899738126638687
0.1518915030033301 0.1291197882623843 0.15191354792018852 0.08899737176318592 0.1518803317300109 0.14820271379452848 0.08899737176318592 0.08899737176318592
0.15189144792794554 0.12911976165573147 0.15191348353509426 0.08899736905243096 0.15188054256164488 0.14820265716229097 0.08899736905243096 0.08899736905243096
0.15189142425668972 0.12911975252198077 0.15191345600348452 0.0889973681863717 0.15188062898642882 0.14820263367230097 0.0889973681863717 0.0889973681863717
0.15189141416053417 0.12911974938923773 0.15191344430653067 0.08899736789182983 0.15188066447443113 0.14820262399377687 0.08899736789182983 0.08899736789182983
0.1518906249184421 0.12911896335422346 0.15191265440059837 0.08899658283027707 0.1518861737701403 0.1482018350657645 0.08899658283027707 0.08899658283027707
0.1518901646300638 0.12911858561845835 0.15191219377023207 0.08899644934526443 0.15188832153241288 0.1482013864130395 0.08899644934526443 0.08899644934526443
0.15188941957336122 0.1291179137777062 0.151911448532784 0.08899589488127436 0.15189288075490523 0.14820065271742028 0.08899589488127436 0.08899589488127436
0.1513568801978057 0.13284255213569016 0.1513789090190672 0.08846366401313424 0.15136253786175752 0.14766812874627677 0.08846366401313424 0.08846366401313424
0.1510855239088565 0.1340718945176006 0.15110750742540874 0.08841281758041958 0.15109207632551183 0.14740454508136358 0.08841281758041958 0.08841281758041958
0.15097560349389003 0.13449687033192392 0.15099754519123368 0.08841525831471479 0.15098251888079647 0.1473016871580116 0.08841525831471479 0.08841525831471479
0.1509376935005182 0.13464634405575474 0.150955409566025 0.0884186643584938 0.1509405571636898 0.1472640026385309 0.0884186643584938 0.0884186643584938
0.1509237705716036 0.13469949501039644 0.15093973439389105 0.08842043996580322 0.15092495641512493 0.14725072371157427 0.08842043996580322 0.08842043996580322
0.1509183714019993 0.13471812974851438 0.15093360872411385 0.088420806283989 0.1509216860229989 0.14724578525040669 0.088420806283989 0.088420806283989
0.15091881799774548 0.13472439361441646 0.1509309306861305 0.08842066523725013 0.1509201906450094 0.14724367134494773 0.08842066523725013 0.08842066523725013
0.15091903231506382 0.13472657593017753 0.15092985093055183 0.08842069461082099 0.15091960075426436 0.14724285623747954 0.08842069461082099 0.08842069461082099
0.1509191433512983 0.13472734829341837 0.15092942602520723 0.08842071689419939 0.15091937875272532 0.14724255289475255 0.08842071689419939 0.08842071689419939
0.15091919903911158 0.13472762346661984 0.15092925975313828 0.08842072659980729 0.15091929652329597 0.1472424414184125 0.08842072659980729 0.08842072659980729
0.15091922582654083 0.13472772177196296 0.15092919461638918 0.08842073032585952 0.15091926619658586 0.14724240061094268 0.08842073032585952 0.08842073032585952
0.1509190008843078 0.13472751952490306 0.15092893160411064 0.08842049429044528 0.15092091684193157 0.14724214827341126 0.08842049429044528 0.08842049429044528
0.1509187091382773 0.1347272514177302 0.15092862408244256 0.0884202956972491 0.15092267939554377 0.147241848874259 0.0884202956972491 0.0884202956972491
0.15091855456987546 0.13472712551624025 0.15092846296922832 0.0884202619463979 0.15092337558858945 0.14724169551687288 0.0884202619463979 0.0884202619463979
0.1509184839292329 0.13472707561192032 0.1509283896120613 0.08842025531545478 0.1509236572790121 0.14724162762140902 0.08842025531545478 0.08842025531545478
0.15092011490813392 0.13472681946214296 0.15092812023339797 0.08842001631820232 0.15092353494102234 0.14724136150069578 0.08842001631820232 0.08842001631820232
0.15092064306794284 0.1347265841414245 0.15092786138830616 0.0884198690382675 0.1509241963789425 0.14724110790858155 0.0884198690382675 0.0884198690382675
0.15092083638707735 0.13472647785127856 0.1509277287772245 0.08841984362978648 0.15092444490210705 0.14724098119295304 0.08841984362978648 0.08841984362978648
0.1509208390734353 0.13472636394529605 0.1509275964821827 0.08841976625660071 0.15092504853096 0.1472408531983238 0.08841976625660071 0.08841976625660071
0.15092082693202685 0.13472631154095985 0.15092752843730317 0.08841975300268683 0.15092528526962926 0.1472407888120203 0.08841975300268683 0.08841975300268683
0.15092081926608972 0.13472629089136134 0.1509274976182179 0.08841975036488935 0.15092538067703157 0.1472407604526315 0.08841975036488935 0.08841975036488935
0.1509208154479359 0.1347262831504769 0.15092748421081906 0.08841974972144162 0.1509254195465111 0.14724074847993243 0.08841974972144162 0.08841974972144162
0.15092081367669022 0.1347262802998434 0.15092747846801824 0.08841974953141377 0.1509254354542584 0.1472407435069483 0.08841974953141377 0.08841974953141377
0.15092081287943696 0.13472627925633263 0.1509274760258704 0.0884197494676891 0.15092544197871927 0.14724074145657345 0.0884197494676891 0.0884197494676891
0.15083265191537829 0.1346381182637784 0.15083931438054587 0.08833158883379812 0.15083728404693042 0.14785786489197278 0.08833158883379812 0.08833158883379812
0.15078243486644827 0.13459410978971262 0.150789094769586 0.08831788201742542 0.15078706666784034 0.1480936478541366 0.08831788201742542 0.08831788201742542
0.1507594130122065 0.1345767583232031 0.15076607055562724 0.08831565662513649 0.1507640437734825 0.14818674446007135 0.08831565662513649 0.08831565662513649
0.15074949537735677 0.13457041092181135 0.15075615134812878 0.0883152730653873 0.1507541252937172 0.148223997862824 0.0883152730653873 0.0883152730653873
0.15074531866644628 0.13456815976190345 0.15075197372942015 0.08831520355950397 0.15074994805447192 0.1482389891092462 0.08831520355950397 0.08831520355950397
0.15074469340087226 0.13456721438562308 0.15075007190375134 0.08831503192538512 0.15074804641883927 0.1482448781147585 0.08831503192538512 0.08831503192538512
0.15036255222805006 0.13723984332841288 0.15036740202328927 0.08793314970002784 0.15036537663204963 0.1478653766881147 0.08793314970002784 0.08793314970002784
0.15016121344478883 0.13817518468380002 0.15016498143582652 0.08788921466133842 0.15016295909533495 0.14766801735623442 0.08788921466133842 0.08788921466133842
0.1500763447303552 0.13851641742729068 0.15007966232832456 0.08788772953065299 0.15007764284452957 0.14758674407754088 0.08788772953065299 0.08788772953065299
0.1500434051187497 0.13864308188503252 0.1500459603612343 0.08788936310017975 0.15004394273207633 0.14755552060236787 0.08788936310017975 0.08788936310017975
0.15003073427760868 0.13869046401655294 0.15003297352569153 0.08789033418247101 0.15003095692989513 0.14754386870283862 0.08789033418247101 0.08789033418247101
0.14996636105047279 0.1386486996707011 0.14996846932741648 0.08783120857776422 0.14996645326180422 0.14795639095631263 0.08783120857776422 0.08783120857776422
0.14993061169465788 0.13862430760491778 0.14993266522226514 0.0878221193613035 0.14993064988393404 0.14811540751031463 0.0878221193613035 0.0878221193613035
0.14991438101219087 0.13861394501758928 0.14991641158357794 0.08782069425640736 0.14991439682826022 0.1481787827891595 0.08782069425640736 0.08782069425640736
0.1499074285529898 0.1386099175377871 0.14990944948913928 0.08782046372611425 0.1499074351032069 0.14820437813853415 0.08782046372611425 0.08782046372611425
0.1496362813238228 0.14048600830678867 0.1496382982147456 0.0875521958543976 0.14963628403659188 0.14794654055485806 0.0875521958543976 0.0875521958543976
0.14948967349346234 0.14116815722915846 0.1494916865748539 0.08751788351141147 0.14948967461695428 0.1478071575513365 0.08751788351141147 0.08751788351141147
0.1494262621143293 0.1414259696101738 0.1494282724640409 0.08751518969083072 0.14942626257962294 0.14774766415934093 0.08751518969083072 0.08751518969083072
0.14940057221823583 0.14152499760689874 0.14940258093749786 0.08751576158522914 0.14940057241093696 0.14772399207074294 0.08751576158522914 0.08751576158522914
0.1493904012677717 0.1415632839662918 0.14939240910956864 0.08751623009219651 0.14939040134757878 0.14771481403219988 0.08751623009219651 0.08751623009219651
0.14938636039798447 0.14157807658789048 0.1493883677963183 0.08751640151638315 0.14938674532865887 0.1477112453399985 0.08751640151638315 0.08751640151638315
0.14938477018848495 0.14158380906440715 0.14938677737135003 0.08751648483105558 0.1493853144955312 0.14770987438705988 0.08751648483105558 0.08751648483105558
0.1493844832952408 0.1415859850509015 0.1493861054932376 0.08751647163915478 0.1493847087211302 0.14770930252202558 0.08751647163915478 0.08751647163915478
0.149384597262884 0.1415867899293337 0.14938580111980457 0.0875164455289894 0.14938443172824323 0.14770904337276622 0.0875164455289894 0.0875164455289894
0.14934449242764308 0.141546945269397 0.14934552302593232 0.08747629349361571 0.14934416497569228 0.14798999382048802 0.08747629349361571 0.08747629349361571
0.14913587010293616 0.1428259018775147 0.14913682880205978 0.08728428073890708 0.1491354756621013 0.14791308133866676 0.08728428073890708 0.08728428073890708
0.1489960151129971 0.14327429853812138 0.148996943291573 0.08723082747795169 0.14899559329013645 0.148044667333317 0.08723082747795169 0.08723082747795169
0.14893106129001213 0.14344321260503828 0.14893197633020472 0.08722379513079491 0.1489306283692087 0.1480917360131515 0.08722379513079491 0.08722379513079491
0.14890351321322076 0.14350884560995514 0.14890442258073133 0.08722314792675481 0.148903333917424 0.1481104408984043 0.08722314792675481 0.08722314792675481
0.14889234104354981 0.14353466273502494 0.14889307437567897 0.08722321130993814 0.14889209319962407 0.14811819471630774 0.08722321130993814 0.08722321130993814
0.1488877970345076 0.14354487612004796 0.1488884574335234 0.08722329431046731 0.14888752081413784 0.14812146566638112 0.08722329431046731 0.08722329431046731
0.14888605917812509 0.14354891106547446 0.14888657260710747 0.08722332162464173 0.14888565445747848 0.1481228378178894 0.08722332162464173 0.08722332162464173
0.1488854238887414 0.14355050025755312 0.14888579791177547 0.08722332754404884 0.14888488741817893 0.1481234078916047 0.08722332754404884 0.08722332754404884
0.14888516623721001 0.14355112929836067 0.1488854825235555 0.08722333300160505 0.14888457520349285 0.14812364773256576 0.08722333300160505 0.08722333300160505
0.14888510840182342 0.14355137217370098 0.14888534794915173 0.0872233290475549 0.14888444194454345 0.14812374238811574 0.0872233290475549 0.0872233290475549
0.1488850845312242 0.1435514675578918 0.1488852922964813 0.08722332912986475 0.1488843868371527 0.1481237813876559 0.08722332912986475 0.08722332912986475
0.1488850749320267 0.14355150527267427 0.14888526953448758 0.08722332941683426 0.14888436430118682 0.14812379770912196 0.08722332941683426 0.08722332941683426
0.14886682680770585 0.1435332759228323 0.14886701595869073 0.08720508526808476 0.14886611081908135 0.14825151468743555 0.08720508526808476 0.08720508526808476
0.1488564184830091 0.14352327216333466 0.14885660536292 0.08720223452514003 0.14885570032712078 0.14830130008819534 0.08720223452514003 0.08720223452514003
0.1488516815314724 0.1435188849847258 0.148851831935684 0.08720177272280062 0.14885092697995403 0.14832135639976202 0.08720177272280062 0.08720177272280062
0.14884964110867585 0.1435170849174773 0.14884977640388478 0.0872016941410402 0.1488488714983157 0.14832954364852582 0.0872016941410402 0.0872016941410402
0.14884878102389043 0.14351636355923494 0.14884891006059395 0.08720167911137987 0.14884800518311964 0.14833290283902137 0.08720167911137987 0.08720167911137987
0.14884842136724583 0.143516077058777 0.1488485478115214 0.08720167566476054 0.148847642948768 0.1483342838194061 0.08720167566476054 0.08720167566476054
0.1488482714477312 0.14351596367358802 0.14884839681815726 0.0872016746995172 0.14884749196279068 0.14833485199918123 0.0872016746995172 0.0872016746995172
0.14884818735262065 0.1435158971774483 0.14884831227823053 0.08720165269460405 0.14884758094904263 0.1483350641588458 0.08720165269460405 0.08720165269460405
0.14884814897931836 0.1435158675402866 0.14884827372066306 0.08720164914986979 0.1488476142584067 0.1483351480517157 0.08720164914986979 0.08720164914986979
0.1488481178866068 0.14351584071081286 0.1488482425516179 0.08720163394972506 0.14884772957535242 0.14833516742643496 0.08720163394972506 0.08720163394972506
0.1488481234900957 0.14351582476732405 0.14884822422685962 0.08720162853385638 0.1488477719186601 0.1483351699954914 0.08720162853385638 0.08720162853385638
0.14883583054896568 0.14350352324940235 0.14883592137567167 0.087189333272002 0.14883549419353018 0.1484212308164241 0.087189333272002 0.087189333272002
0.14882882502994935 0.14349676587149893 0.14882889567530264 0.08718740288804419 0.1488284789190876 0.14845482584002878 0.08718740288804419 0.08718740288804419
0.14882561117483742 0.1434938018738728 0.14882567346038028 0.08718709041866322 0.14882526103344396 0.14846838120147599 0.08718709041866322 0.08718709041866322
0.14882421603596158 0.14349257473269492 0.1488242748585142 0.08718702632083396 0.14882394273212238 0.1484739126782049 0.08718702632083396 0.08718702632083396
0.14882362587764772 0.14349208086305065 0.14882368326566783 0.08718701396924895 0.14882338439776674 0.14847618368812038 0.08718701396924895 0.08718701396924895
0.1488233785841598 0.14349188419828002 0.14882343537792675 0.08718701109404138 0.1488231502848797 0.1484771182726297 0.08718701109404138 0.08718701109404138
0.1488232753433541 0.14349180620652782 0.14882333189095184 0.08718701027159977 0.1488230525031158 0.14847750324125114 0.08718701027159977 0.08718701027159977
0.14882323231107708 0.14349177532897575 0.14882328875669915 0.08718700999723977 0.14882301173182422 0.1484776618797045 0.08718700999723977 0.08718700999723977
0.14882322384874205 0.14349176176198727 0.1488232694413883 0.08718700854629728 0.14882299339519534 0.14847772591379513 0.08718700854629728 0.08718700854629728
0.1488232200926545 0.14349175618708473 0.14882326119045963 0.0871870082949468 0.1488229855496149 0.1484777520953458 0.0871870082949468 0.0871870082949468
0.14882321848729807 0.14349175394980246 0.14882325772353108 0.08718700824520112 0.1488229822505728 0.1484777628531923 0.08718700824520112 0.08718700824520112
0.14882322417340094 0.14349175215094084 0.1488232553667029 0.08718700732422696 0.14882297996327962 0.14847776637299476 0.08718700732422696 0.08718700732422696
0.14882322638101114 0.14349175129775474 0.14882325424327456 0.08718700717689634 0.14882297886865217 0.1484777676786182 0.08718700717689634 0.08718700717689634
0.14882322727032807 0.14349175093799207 0.14882325375301758 0.08718700715191549 0.1488229783903245 0.14847776819259112 0.08718700715191549 0.08718700715191549
0.14882322763387404 0.14349175079205367 0.14882325354520295 0.0871870071471444 0.14882297818745097 0.14847776839998506 0.0871870071471444 0.0871870071471444
0.14882322778333648 0.14349175073368614 0.1488232534580322 0.08718700714604163 0.14882297810232686 0.1484777684844933 0.08718700714604163 0.08718700714604163
0.14882322784492175 0.1434917507104676 0.14882325342161415 0.08718700714572594 0.14882297806675648 0.14847776851906214 0.08718700714572594 0.08718700714572594
0.14882322787032143 0.14349175070125056 0.14882325340642502 0.08718700714561962 0.1488229780519185 0.14847776853322564 0.08718700714561962 0.08718700714561962
0.14882322128022696 0.14349174409701995 0.1488232467995204 0.08718700054500571 0.14882302424975719 0.1484777619384583 0.08718700054500571 0.08718700054500571
0.14882322178677232 0.14349173984991775 0.14882324240755476 0.08718699888933826 0.14882304172723115 0.14847775756050918 0.08718699888933826 0.08718699888933826
0.14882322172712137 0.14349173791395645 0.14882324031914942 0.08718699861989783 0.14882304869620253 0.14847775548387676 0.08718699861989783 0.08718699861989783
0.14869590057692628 0.14438298465299734 0.14869591832873078 0.08705967749440763 0.14869573045695805 0.14835043350116472 0.08705967749440763 0.08705967749440763
0.1486250079586025 0.14472086589065714 0.14862502535382274 0.0870415158593637 0.14862483912845656 0.14827971409037005 0.0870415158593637 0.0870415158593637
0.14859343407993084 0.14485363239478047 0.14859345132268084 0.08703930267579861 0.14859326583087432 0.1482483083443377 0.08703930267579861 0.08703930267579861
0.14858025188660742 0.14490656545267 0.14858026906407823 0.087039197034688 0.1485800838991015 0.14823523859347873 0.087039197034688 0.087039197034688
0.14857487080781326 0.14492779002627126 0.14857488795735788 0.0870392754574351 0.14857470293735128 0.14822992189890102 0.0870392754574351 0.0870392754574351
0.14857269238545068 0.1449363191912082 0.14857270952306603 0.08703932564811513 0.14857252456702327 0.14822777738890647 0.08703932564811513 0.08703932564811513
0.14857181324445326 0.1449397495635093 0.14857183037698085 0.08703934871663278 0.1485716454490175 0.14822691521614065 0.08703934871663278 0.08703934871663278
0.14857145886747958 0.14494112968367054 0.14857147599784065 0.08703935844231733 0.14857129108214756 0.14822656904190973 0.08703935844231733 0.08703935844231733
0.1485713160817246 0.14494168500793486 0.14857133321116447 0.08703936242437155 0.14857114830081156 0.14822643012524986 0.08703936242437155 0.08703936242437155
0.14856299259780043 0.14493364250546126 0.14856300972684913 0.08703109807620953 0.148562824818812 0.14828423612244865 0.08703109807620953 0.08703109807620953
0.14855825371719042 0.14492913796874723 0.14855827084551493 0.08702980642719431 0.1485580859445057 0.14830683224245897 0.08702980642719431 0.08702980642719431
0.14855608480067606 0.14492713218334533 0.14855610192838056 0.08702960015265912 0.14855591703373722 0.1483159635958835 0.08702960015265912 0.08702960015265912
0.14855515186048343 0.1449262962274378 0.14855516898778465 0.08702956548506519 0.14855498409735918 0.14831970237173947 0.08702956548506519 0.08702956548506519
