Action: 0
[0.20283727546355032, 0.07356668409502602, 0.2961972188117435, 0.07354418749381833, 0.11497927327216419, 0.09178698587606103, 0.07354418749381833, 0.07354418749381833]
[0.22404671172566873, 0.07976248902701094, 0.29737835411226565, 0.07976248902701094, 0.07976248902701094, 0.07976248902701094, 0.07976248902701094, 0.07976248902701094]
[0.19917868197509078, 0.07978302604774123, 0.3119688500035521, 0.07978286313787587, 0.0837923602211197, 0.08592849233886862, 0.07978286313787587, 0.07978286313787587]
[0.125, 0.125, 0.125, 0.125, 0.125, 0.125, 0.125, 0.125]
[0.2158722953080375, 0.07412084443287736, 0.26418969086700456, 0.07412084443287736, 0.14744172427151178, 0.07601291182193665, 0.07412084443287736, 0.07412084443287736]
[0.18907144570919457, 0.0727337210543051, 0.2930645331202693, 0.07205785959622463, 0.13190464217210682, 0.09705207915545035, 0.07205785959622463, 0.07205785959622463]
[0.125, 0.125, 0.125, 0.125, 0.125, 0.125, 0.125, 0.125]
[0.125, 0.125, 0.125, 0.125, 0.125, 0.125, 0.125, 0.125]

Action: 1
[0.2222222222222222, 0.1111111111111111, 0.1111111111111111, 0.1111111111111111, 0.1111111111111111, 0.1111111111111111, 0.1111111111111111, 0.1111111111111111]
[0.10049946370071408, 0.10049946370071408, 0.10049946370071408, 0.10049946370071408, 0.10049946370071408, 0.2965037540950014, 0.10049946370071408, 0.10049946370071408]
[0.08441041992530328, 0.13806662476598017, 0.08441041992530328, 0.08441041992530328, 0.16882083985060656, 0.271060435756897, 0.08441041992530328, 0.08441041992530328]
[0.125, 0.125, 0.125, 0.125, 0.125, 0.125, 0.125, 0.125]
[0.08206239839668283, 0.14142636682629384, 0.08206239839668283, 0.08206239839668283, 0.22659333578631163, 0.2216683054039804, 0.08206239839668283, 0.08206239839668283]
[0.15383914652923567, 0.09618904816670656, 0.07691957326461783, 0.07691957326461783, 0.20100950525004663, 0.24128400699553976, 0.07691957326461783, 0.07691957326461783]
[0.125, 0.125, 0.125, 0.125, 0.125, 0.125, 0.125, 0.125]
[0.125, 0.125, 0.125, 0.125, 0.125, 0.125, 0.125, 0.125]

