0.125 0.125 0.125 0.125 0.125 0.125 0.125 0.125
0.099626400996264 0.07845579078455792 0.199252801992528 0.15691158156911583 0.08685378548392246 0.06839735606858895 0.17370757096784492 0.1367947121371779
0.0745303753200788 0.12421729220013136 0.1056354961590544 0.1490607506401576 0.0931629691500985 0.15527161525016417 0.11179556298011822 0.186325938300197
0.06953327073848203 0.10855049751426352 0.06423375909769509 0.09769544776283716 0.1302605970171162 0.21710099502852703 0.11723453731540459 0.19539089552567432
0.07295173961840629 0.12906846240179573 0.09118967452300786 0.16133557800224466 0.08754208754208755 0.15488215488215487 0.10942760942760943 0.19360269360269358
0.1399296487323923 0.10325299612885139 0.17055999838283553 0.12390359535462167 0.1143053111397948 0.10286355786664445 0.13716637336775375 0.10801851902710607
0.07769141208195313 0.1047950128433126 0.06569815364236718 0.09431551155898134 0.1257540154119751 0.22993625747267052 0.11317861387077759 0.18863102311796268
0.08439631745736567 0.1493165616553393 0.07357627675770341 0.13017341272516758 0.10127558094883882 0.21676222307614024 0.08829153210924409 0.1562080952702011
0.08055663250594498 0.11740300112544075 0.090461100014122 0.14088360135052888 0.08805225084408054 0.20087621145882492 0.10566270101289668 0.17610450168816108
0.07906704582410407 0.11572594767413506 0.09059719590160135 0.13887113720896208 0.0867944607556013 0.21120193821767205 0.10415335290672156 0.1735889215112026
0.07809519476762754 0.11437930201088292 0.0896495247883381 0.1372551624130595 0.09306589986145267 0.21304459133252018 0.10294137180979462 0.17156895301632435
0.08076862792286589 0.1138463258853317 0.08920351130379099 0.13661559106239804 0.09320749107526033 0.2131272706255571 0.10246169329679854 0.17076948882799756
0.08019344529769737 0.11222752550169802 0.08798496342283782 0.1346730306020376 0.09198676622143272 0.2235882077502212 0.10100477295152824 0.16834128825254702
0.0975575693873455 0.13641653728389744 0.08020163923311177 0.1227748835555077 0.11924697812296409 0.27805629961723827 0.09208116266663077 0.07366493013330462
0.08068170295229828 0.1427445513771431 0.0703378948814908 0.12444396786725298 0.09681804354275794 0.2512356040805643 0.08440547385778897 0.14933276144070357
0.06705778475554339 0.11864069610596135 0.08382223094442923 0.14830087013245172 0.08046934170665206 0.2231613550627051 0.10058667713331508 0.17796104415894204
0.1057804818429242 0.07177142629384257 0.19770362714219858 0.14354285258768515 0.09097166439620871 0.10618218653187998 0.1589078384365094 0.12513992276875116
0.08484355958770416 0.11276408908754082 0.11017086883080082 0.135316906905049 0.09846393888325244 0.18780682289555492 0.10148768017878675 0.16914613363131123
0.09759857513734319 0.1348465440832837 0.08748376256052853 0.12136188967495531 0.11934064375204771 0.275530033730652 0.0910214172562165 0.07281713380497319
0.06119295892160046 0.09890264922491358 0.04873463874850814 0.08622282240120671 0.11180299477598925 0.3232290136283522 0.09746927749701628 0.17244564480241342
0.1073970803013007 0.08171531639440259 0.1265367772525264 0.10214414549300323 0.12147530616242536 0.18631426710170626 0.15184413270303165 0.12257297459160389
0.07920626286898202 0.11825979095417051 0.0835531131741422 0.14782473869271312 0.08021098864717652 0.21329168342258928 0.10026373580897065 0.17738968643125574
0.11754362966859032 0.07758490428561894 0.13633104074418803 0.09310188514274273 0.1412570664131162 0.17002334724946985 0.1477807700678456 0.11637735642842839
0.07280009820969599 0.10136940539134603 0.049950141787040075 0.0883733277770709 0.11459150174673897 0.2962685859598862 0.09990028357408015 0.1767466555541418
0.11725499897679416 0.08057588400920819 0.12477235770082612 0.10071985501151023 0.1197814633927931 0.1863047856540646 0.14972682924099134 0.12086382601381228
0.08322512212269005 0.11527480417078297 0.08144415512066189 0.14409350521347872 0.08752169842973606 0.21779552254168164 0.09773298614479425 0.17291220625617446
0.1102975360734984 0.06997564178215347 0.20448576564621176 0.13995128356430694 0.09000558076520439 0.10834355696729812 0.15493182388885424 0.12200881131247271
0.08725279078775891 0.11003489362353663 0.11930201145907691 0.13204187234824394 0.09634259876179896 0.19094208832309678 0.09903140426118297 0.16505234043530492
0.09930751396429738 0.1317818649370709 0.0922929399115962 0.1186036784433638 0.11665687608802747 0.28124216075710307 0.08895275883252285 0.0711622070660183
0.07717571778349869 0.10964934034727411 0.07746964263666106 0.13706167543409264 0.09048175877362348 0.25072428333994556 0.09296357116399327 0.16447401052091115
0.10541621759124917 0.07167821652920928 0.17759080513207073 0.14335643305841855 0.09745366509289448 0.11565214822471749 0.15983172461886366 0.12902078975257672
0.11191092247633457 0.06745327928312106 0.2463681880543442 0.13490655856624212 0.08817335064535733 0.08422974910277785 0.1493471059422786 0.1176108459295444
0.07571017327590499 0.09472090324619066 0.08855191968514746 0.08524881292157159 0.1326424784851088 0.2503295110370474 0.1022985755058859 0.17049762584314318
0.07366425751553639 0.10970046840496897 0.08468990938850804 0.1371255855062112 0.09891845011031139 0.2383437076019283 0.09300691886508239 0.16455070260745341
0.11444078624098081 0.07822330952261237 0.13175081158876467 0.09777913690326545 0.1495912796233312 0.16552445757495932 0.14535525426216775 0.11733496428391854
0.1141962026567586 0.06899336534272661 0.1945899940716361 0.13798673068545322 0.1107176793800122 0.09548306304944026 0.153844907197065 0.1241880576169079
0.1118093380449903 0.06587838538764662 0.26325968842922837 0.13175677077529324 0.08811168744656327 0.0784590914508834 0.145860161379242 0.11486487708615309
0.08551659606465312 0.11430188866088041 0.12002027528107194 0.14287736082610053 0.09730144156173565 0.1716214816191434 0.09690812299509428 0.17145283299132064
0.1440169073597327 0.09058373168261274 0.1920367065421547 0.10870047801913528 0.11862521449265867 0.13093654508277147 0.12033589752220104 0.09476451929873332
0.13339597277126095 0.07526925772543065 0.15925048032555064 0.09408657215678831 0.15579108656997934 0.12943673510439466 0.13986600875844948 0.11290388658814599
0.11559783448444787 0.06656947640879736 0.21539934546388623 0.13313895281759472 0.11528310152445351 0.08574623511611461 0.14843999664887053 0.11982505753583525
0.10924762462124844 0.0656202674751907 0.2509791402338239 0.1312405349503814 0.10274994783018927 0.07572260103392017 0.14632340239990285 0.11811648145534327
0.08330927744277125 0.11086952808152978 0.1376143281524216 0.1385869101019122 0.10267202844901 0.1666455574939808 0.09399807815607959 0.16630429212229467
0.10517142053476006 0.06659852424789615 0.23271211010323417 0.1331970484957923 0.10105677662606762 0.09288200735147409 0.14850476899456247 0.11987734364621308
0.10600354472642762 0.06315684035129054 0.27934667888691916 0.1263136807025811 0.09601141481072176 0.07465520030044127 0.14083032758929562 0.11368231263232297
0.12116076385554304 0.07169502081196112 0.22460263063078878 0.0896187760149514 0.1440561741420286 0.10809977360903658 0.13322432971774864 0.10754253121794168
0.10806295353684468 0.0612152314635324 0.2790497196465385 0.1224304629270648 0.10656907476183244 0.0759843114678626 0.13650082956196627 0.11018741663435831
0.10270863351516364 0.06023763176350609 0.3104109398646383 0.12047526352701218 0.0948575514893462 0.06856131452471205 0.13432092814131058 0.10842773717431095
0.08207031913404476 0.1067159522444616 0.16921370519093687 0.133394940305577 0.09916716861657884 0.15888741793444772 0.09047656820726092 0.16007392836669238
0.10261917391650223 0.06388716275708593 0.2619552783780452 0.12777432551417187 0.097837226593521 0.0884711023270436 0.1424588375508752 0.11499689296275468
0.10330705474368895 0.06039536251861159 0.30821405036987626 0.12079072503722318 0.09281438178104436 0.07109412883276264 0.1346726441832921 0.10871165253350087
0.10093663792286468 0.05864329761504052 0.33153993644835544 0.11728659523008104 0.08922350164688571 0.0660462944791466 0.13076580095055304 0.10555793570707293
0.09899467904640717 0.057752599786862015 0.343644007123009 0.11550519957372403 0.08715098262391428 0.06421817449604264 0.1287796777336893 0.10395467961635163
0.09355909970475304 0.12011798709252373 0.2093892689548428 0.15014748386565466 0.08229876396970696 0.13297528870611833 0.0763793722273113 0.1351327354790892
0.10448511616319828 0.062168532986391876 0.28593733364296275 0.12433706597278375 0.09106102019539097 0.08148102198963342 0.13862654967413351 0.11190335937550537
0.09697022780773791 0.12172933736416167 0.18973796864945192 0.15216167170520206 0.0840162712291231 0.14103503788569083 0.07740398082395063 0.13694550453468185
0.10712419321672452 0.06271208901279846 0.2760752104857977 0.1254241780255969 0.09225853612258528 0.08368543442820506 0.13983859848525507 0.11288176022303721
0.10518318458980538 0.0593332361460886 0.3185124255872562 0.1186664722921772 0.09005107392094483 0.06914952150187831 0.1323042608988901 0.10679982506295949
0.1216087868095189 0.06868049318347581 0.2518041564591864 0.08585061647934476 0.13862049243858415 0.1027920073719488 0.12762270748272744 0.1030207397752137
0.12665669621437833 0.06801495417625539 0.2207687134393749 0.08501869272031923 0.15910547031201042 0.11202704493381897 0.12638599693945962 0.10202243126438305
0.08973370247454432 0.10346122114180817 0.14346585304689286 0.12932652642726022 0.11645227961784685 0.17465146330653283 0.0877171222724026 0.15519183171271228
0.14036390436955587 0.08336192785739713 0.2056891647696887 0.1042024098217464 0.13626808951622976 0.12015442417380368 0.1161779106520068 0.09378216883957176
0.09332735199048728 0.10399263447033497 0.13893646994083433 0.12999079308791872 0.1107830590262616 0.1788130714233766 0.088167668355284 0.15598895170550245
0.10834743099176235 0.06368814123873702 0.24849791394549015 0.12737628247747404 0.10284739338043178 0.09258913446671674 0.14201504926966135 0.11463865422972663
0.10715861154581575 0.05991982473531543 0.3048210464103937 0.11983964947063086 0.09527562252386483 0.07151729488808144 0.13361226590233022 0.10785568452356777
0.10386125933811775 0.05798299866621503 0.33239409869299374 0.11596599733243006 0.09058563633199439 0.06554717919230782 0.1292934328467541 0.10436939759918705
0.10150512742077843 0.05707065526984572 0.34568015691377607 0.11414131053969144 0.08810071469123472 0.06351581243544471 0.1272590432435067 0.10272717948572228
0.08416672173233103 0.10431827060855349 0.18488496524486894 0.13039783826069187 0.09732076741662657 0.15399027965597645 0.08844375116812145 0.15647740591283024
0.11816038961794738 0.07944614365971908 0.195764905748392 0.08882799337333917 0.14794397150723781 0.13121422583663245 0.1320487782087251 0.106593592048007
0.08704043255387178 0.11234620330430165 0.13474542675434442 0.1284577742528881 0.11407989833211213 0.18205305403183994 0.08712788166717628 0.1541493291034657
0.07963219714532643 0.1172314107443943 0.11529419650962847 0.12997822675220405 0.10399323411435946 0.20973771752994758 0.08815914510149492 0.15597387210264485
0.10453188182198286 0.07221612067833977 0.23459900594886882 0.1275628101467937 0.10187010021798087 0.10219053835294202 0.14222301370097742 0.11480652913211432
0.12350391850626402 0.07541199876890475 0.21610163874876648 0.08704501094446049 0.14817798326741222 0.11590718155519367 0.12939825507564576 0.1044540131333526
0.12766906978770118 0.07354257476751978 0.20437096531335966 0.08438065117965499 0.16561241238922286 0.11773003981122951 0.12543750533572592 0.10125678141558599
0.11314372668589741 0.06390497982772965 0.2779115488767357 0.11749174695878098 0.11342784479398602 0.07738305077574444 0.13099452981822296 0.10574257226290287
0.12474241906405188 0.07297781885578339 0.2329421122095444 0.08485558888788494 0.1506439937299379 0.10586782844952444 0.12614353213781104 0.10182670666546192
0.12821808589650124 0.07275361732625117 0.21111380519167558 0.08364758807506849 0.16574033587097292 0.11380170415427202 0.12434775779517643 0.1003771056900822
0.11320505092692305 0.06355375585099021 0.28130944287068804 0.11692053309143695 0.11316463667978019 0.07626043181385322 0.13035766898403492 0.10522847978229327
0.08708761403784004 0.11126203716319316 0.16333499888505362 0.12940439192844483 0.10488183599544301 0.1609739162809463 0.0877699353949452 0.1552852703141338
0.10482654971295997 0.0699014174411416 0.2603428196938753 0.1240679338031495 0.09983304996326658 0.09104060157329086 0.13832648738948158 0.11166114042283455
0.10544120591657384 0.0636271187095359 0.31003956316234826 0.11770399329175939 0.09381866645686052 0.07220468986012335 0.13123116864021533 0.10593359396258346
0.0850602404958635 0.11116784013729408 0.17244140536315616 0.12927957103596996 0.09887568570201002 0.16035449775466723 0.08768527426787529 0.15513548524316395
0.07966540739355348 0.11697566278015653 0.12711041652453728 0.12976710442526881 0.09986417951331071 0.20288075496440752 0.08801594908844321 0.15572052531032254
0.07704089756745769 0.126339135319584 0.11120489594681278 0.12735569947586967 0.09854298820718 0.22030915664146242 0.08638038747058985 0.15282683937104358
0.11620781525448977 0.08895652485451466 0.16154709102409956 0.08829427590746337 0.14916858111033418 0.15861720941113702 0.13125537134900525 0.10595313108895606
0.0994341076289957 0.1383044156223724 0.14115361417542022 0.14537191625292878 0.09824966921140527 0.17270149073518667 0.07395006174605508 0.1308347246276359
0.1093075879089492 0.07948893959579181 0.24654143497617206 0.12361194739595331 0.09807265970374716 0.09390858118873412 0.1378180965742942 0.11125075265635798
0.08604100965028301 0.12040934972920522 0.1513367427550691 0.12911598780900133 0.09988578848511846 0.170697614034416 0.08757432216610526 0.1549391853708016
0.07900774560248845 0.127479608327319 0.11916995153826182 0.1276769859849581 0.09896509265739958 0.20788992916999957 0.08659830353762377 0.15321238318194969
0.11674637927060916 0.088873024077827 0.1648831330381968 0.08799689516185014 0.14904906272148385 0.15604193663849555 0.13081329489731752 0.10559627419422016
0.11238886075905186 0.07103606469103463 0.2566957109957979 0.11942128475428924 0.11066948324086322 0.08916361881524604 0.13314582046485682 0.10747915627886032
0.08658659960191387 0.11790822339005144 0.1543487098222699 0.12819331909948592 0.10334198085178188 0.16884067223024532 0.08694851208486871 0.1538319829193831
0.10475660111288229 0.07660078183533907 0.2542560870686362 0.12320292441011078 0.09923478162554326 0.09370412550920545 0.1373620664691832 0.11088263196909968
0.10570836483082047 0.06796482447009404 0.3063510940194993 0.117163410747624 0.09356551408062047 0.07317126273299505 0.13062845944548526 0.1054470696728616
0.08492815823053192 0.11718640833295693 0.17050513415338014 0.12804624982091328 0.09818796639231507 0.16064182253670897 0.0868487607480977 0.15365549978509593
0.10346936873132269 0.07595193221660584 0.2630976632711388 0.12225443009262482 0.09702101378841797 0.09187203872818316 0.13630456608834438 0.11002898708336235
0.10484970501561053 0.06756293427116851 0.3108068694833087 0.11656428639970216 0.09253345196996128 0.0728144145921919 0.12996048050832465 0.10490785775973195
0.10285982617587801 0.06485343988650774 0.334199254617688 0.11344016474040165 0.0891279630372434 0.0669458852743077 0.126477318001612 0.1020961482663615
0.1011067179263644 0.06373596993390232 0.34550890466078243 0.1119655584240277 0.08718067166655748 0.06489993280263824 0.12483324200410252 0.10076900258162493
0.10003739606264933 0.06323395528663026 0.3509530293267322 0.11127889423735608 0.0861770693982987 0.06410098819515314 0.12406766267955968 0.10015100481362046
0.11863716934823645 0.07514837097600505 0.2635891770469803 0.08271884633482973 0.13626959915734932 0.10140710071466875 0.12296712082013493 0.09926261560179567
0.10794374182083144 0.06593659902198791 0.30844292702794807 0.1133663732502119 0.10222377968737481 0.07366179726957717 0.12639504599687804 0.10202973592519071
0.10362015881367372 0.06445653661564578 0.3325752897859134 0.11300604155214022 0.09167539461681261 0.06696783817493472 0.12599330304395334 0.1017054373969262
0.10135284280295949 0.06368478281849492 0.34462866890310534 0.11194707947046709 0.08791487051055305 0.06490674462109089 0.12481263934990881 0.1007523715234204
0.08350017958524951 0.11558084977089965 0.1826686145183522 0.12713526596920113 0.09608114017750799 0.15624075476707258 0.08623087604867556 0.15256231916304133
0.07836372475539757 0.12628920577591388 0.12893551177585627 0.1273400925040475 0.09782913732984515 0.202064414981772 0.08636980187231048 0.15280811100485697
0.11609984127924898 0.08835024271790716 0.1689047568161608 0.0875712043826603 0.14811067567285088 0.15569735690909942 0.1301804769628801 0.10508544525919236
0.11185949603410052 0.07072073766592882 0.25870749943973925 0.11893176236628178 0.11021864144635035 0.08992323738419562 0.13260003953375 0.10703858612965361
0.10725090571437712 0.06666806353133668 0.3078053874220688 0.11600347677545006 0.09610694651294498 0.07242687131716943 0.12933521962874803 0.10440312909790504
0.08517374357697091 0.11661876100136284 0.17082944900673375 0.12767629356245996 0.09883241102474846 0.16105995565823406 0.08659783389453807 0.15321155227495195
0.10347393585973821 0.07579942995651501 0.263143699444166 0.12208043386120523 0.09717078931599589 0.09234874781219003 0.13611057327510495 0.10987239047508472
0.10483119564611217 0.06750403444490413 0.31077969632856994 0.11647832535784208 0.09257876732897635 0.07313284770988358 0.1298646403616538 0.10483049282205788
0.10284911373149636 0.06481903790530595 0.33415581726477245 0.11338178925384718 0.08915407202572645 0.06718432579990571 0.12641223369048332 0.10204361032846246
0.1011019291307167 0.06370833968615063 0.3454633774602108 0.11191531519110798 0.08720329069654895 0.06510673961437581 0.12477722454889202 0.10072378367199719
0.10003510130165788 0.06320829575719575 0.35090845487001304 0.11123116059624956 0.08619877944088801 0.06429572026543318 0.12401444323193793 0.1001080445366246
0.08309800571994419 0.11532167876246487 0.18460802960750733 0.12693604139480338 0.09547354779897184 0.1561436972269385 0.08609574981560578 0.15232324967376404
0.10173100969394483 0.07959682271280917 0.2699123585349897 0.1204479997581806 0.09521651972518276 0.09040155871885729 0.134290531073673 0.10840319978236254
0.10365760468644503 0.07067622858527418 0.31380813708492183 0.11547626036016663 0.09146213577599785 0.07224358651282897 0.12874741267021564 0.10392863432414998
0.08386954533090457 0.1218571210098423 0.17220082346447285 0.12682424511206708 0.0969218365132484 0.16011741166332133 0.08601992277166289 0.15218909413448048
0.10250550458746521 0.08110884706952329 0.2631209478965266 0.12108132751322152 0.09613109843270798 0.09208243548137755 0.1349966442572783 0.10897319476189937
0.10421007694076577 0.07114094301967805 0.3103595547806544 0.11585395031187316 0.09199530790586484 0.07300310297992671 0.1291685087805511 0.10426855528068585
0.1370298181633691 0.0907920209153004 0.27904310553376993 0.09439570735384326 0.11876833173856796 0.08977071043292795 0.10524416924376255 0.08495613661845892
0.1310124759601685 0.08210168261789726 0.22959787673146742 0.08102028520093504 0.14912151642892343 0.10947972520735018 0.12044209561213626 0.09722434224112204
0.08930762801671871 0.1224139675565036 0.1432102033095119 0.12344041600021705 0.11274939258351241 0.17702508943747633 0.0837248038957994 0.14812849920026044
0.11862670468688359 0.09233279203867938 0.173572910140235 0.08593579349581183 0.1529026210363405 0.1457568975685255 0.12774932883855014 0.1031229521949742
0.12660024946710335 0.08419564397793083 0.18388778299534994 0.08312779856493674 0.16725149192554659 0.13160861901407844 0.12357505577712986 0.0997533582779241
0.11372339756242879 0.0724341010975073 0.2651681758709739 0.1164081924151411 0.11438608692509566 0.0833262255908825 0.12978644736434386 0.10476737317362698
0.10715208857351657 0.06919809982242933 0.3104071487463486 0.11478431578384464 0.09663081209255461 0.07054570467057447 0.12797594610527155 0.10330588420546016
0.10321403276868255 0.06742076046121948 0.3334200480020296 0.11263000508216242 0.08994058767030524 0.06643351099930332 0.1255740504423512 0.10136700457394618
0.13558159581473325 0.08919615919081321 0.28931166428950433 0.09346402218969498 0.11705683159474882 0.0870666971352992 0.10420540981448081 0.08411761997072548
0.13024513589235406 0.08160109204054378 0.23396538552087157 0.08079076061551324 0.14806708808253496 0.10828073320949001 0.12010089190007639 0.09694891273861586
0.11246128198389256 0.07037493523398305 0.2919388727686489 0.11366330508045554 0.10639030844628754 0.07614821908581458 0.12672610282850788 0.10229697457241
0.1054899373780356 0.0679842733350427 0.32387662091217684 0.11322352985927128 0.09322004058727104 0.06806863477892451 0.1262357862759338 0.10190117687334416
0.10208126079837375 0.06678781948961049 0.3400325194844613 0.11184283692147393 0.08843638394321533 0.06546420944646253 0.12469641668707615 0.10065855322932654
0.10033683246920723 0.0661188339126567 0.3479743902267131 0.11099403400553878 0.08650079424764481 0.06443041975394471 0.12375006477930967 0.09989463060498491
0.09945144577466651 0.0657679660416429 0.3518353288978824 0.11055498593241883 0.08565991232898565 0.0639703147426642 0.12326055894256248 0.09949948733917695
0.09900895254492795 0.06559206712043801 0.35370367414919246 0.11033829010654683 0.08527842199855244 0.0637551737164047 0.12301895926804549 0.09930446109589215
0.09879053228636403 0.0655058247315216 0.3546059959277565 0.11023295602790034 0.085100873357455 0.06365263761278543 0.1229015196311068 0.09920966042511031
0.13294520422935546 0.08819212644892765 0.29894175156656294 0.092772300060429 0.11453371979515788 0.08568563658377737 0.10343419126140366 0.08349507005438608
0.08985784534546214 0.12399068863290715 0.1657691281227992 0.12301080228608172 0.1021339925649871 0.16419116657999178 0.08343341372447281 0.14761296274329805
0.10447528914718761 0.08142957767464913 0.2590101702009632 0.12084697585799606 0.09766356223363125 0.09307678696274506 0.1347353596506314 0.10876227827219645
0.08408940293245219 0.12509843599132442 0.15423061900597798 0.1272244658821253 0.09882278370752279 0.1715735565628663 0.08629137685918065 0.15266935905855034
0.07758564838235443 0.1353146310283941 0.11874590094697313 0.12543070762662223 0.0974843377600466 0.20984718427864948 0.08507474082501333 0.15051684915194663
0.10281933283445857 0.08532039980763022 0.23330603842272524 0.12390642680769749 0.09854819937327688 0.10643739948497039 0.1381464191423135 0.11151578412692774
0.1058022797092475 0.07286799119716235 0.295191277085518 0.1176522126869869 0.09398410500013986 0.07744170577253907 0.13117343713011823 0.10588699141828821
0.13837582125787812 0.09161435273516305 0.27212998520323056 0.09491337553603588 0.12007489630083792 0.09164820034946881 0.10582133063495344 0.0854220379824323
0.1044353722932831 0.14313512442356874 0.17969744287537348 0.1410022491685956 0.08914160991318672 0.14395894597544898 0.07172723109880733 0.12690202425173602
0.10837111278315914 0.08395497282759225 0.26611537902929855 0.11966000517484172 0.09301219246943201 0.08778035713950268 0.13341197591881607 0.10769400465735755
0.10586447701586112 0.07141333155126277 0.3116628307647493 0.11549600856468101 0.09089232969885448 0.07195518425187597 0.12876943044450254 0.10394640770821288
0.10286752357321317 0.06781830056297254 0.3342146549489221 0.11272696602465151 0.08836769476403801 0.06686843604668084 0.12568215465733534 0.10145426942218637
0.1354529017314983 0.08927980980775513 0.28971721476768886 0.09346296401457814 0.11646539545561967 0.08730081658154569 0.10420423002819382 0.08411666761312031
0.11144275104084969 0.06984917093553682 0.3206587443465684 0.1106210844909408 0.09487371440332304 0.06966130483834841 0.12333425390258622 0.0995589760418467
0.12283657004717966 0.07922698866998153 0.2499525332033931 0.08249422644395983 0.14006247682974143 0.10380092480704631 0.12263320826594626 0.0989930717327518
0.0873911092163216 0.12182720233117761 0.14991161499279154 0.12373363847059965 0.11014785577392139 0.17458452782693157 0.08392368522353714 0.14848036616471957
0.11785727962964006 0.09216205018097694 0.176608544325296 0.08587719136297019 0.15164755103150476 0.14513254100193107 0.12766221283211687 0.1030526296355642
0.12626199395230334 0.08410813342168008 0.18520984549139188 0.08306256552919747 0.1666125988379859 0.13159170164422404 0.12347808248818014 0.09967507863503697
0.1135545924472856 0.072363574999176 0.2658735732157439 0.11630530846143934 0.114124779727671 0.08343165409951518 0.1296717394338734 0.10467477761529541
0.08632747499436216 0.1222014722934822 0.156595117543598 0.12670185619969448 0.10375738415610497 0.16643755621159279 0.08593691116153192 0.1520422274396334
0.13549738562265748 0.10640829571434318 0.20722170191631975 0.0991854011223787 0.12869533353677645 0.12314070072153771 0.1105843203558461 0.08926686101014084
0.11564344382280724 0.07551496154977652 0.2780631829645159 0.11536957078825318 0.10207145855076698 0.08087630685501208 0.12862846175944048 0.10383261370942788
0.14254809559202455 0.0921629607882243 0.26344377396159413 0.0948339956854455 0.12315213840199632 0.09277561142839949 0.10573282802541462 0.08535059611690095
0.11488601343073927 0.07109426245479783 0.3070674609862522 0.11190883211314516 0.09780627081674795 0.07174921489571165 0.12476999640077528 0.10071794890183065
0.10552720299845253 0.06759365363257432 0.33134977038926244 0.11231950587938448 0.09015518781779894 0.06673925698824519 0.1252278670028361 0.10108755529144603
0.12072811088240072 0.07887502692860403 0.25486998071909756 0.08260347971101842 0.13806806378158953 0.10293554173873286 0.12279562058533484 0.0991241756532221
0.10871443069143932 0.06951818682706344 0.30339149782244446 0.11306247826711907 0.10283528487116997 0.07466566531089709 0.12605622576945963 0.10175623044040717
0.0849864744752756 0.12111162719518628 0.16864423867085335 0.12628882285060775 0.10016794450565744 0.16159753807866917 0.08565676680302092 0.1515465874207293
0.1345491592085649 0.10587366676144332 0.21315446098177165 0.09888903999560096 0.12696180756480185 0.12131782967578554 0.1102538998159909 0.08900013599604084
0.11505085245391565 0.07523305803153775 0.2812595674306596 0.11505818842752684 0.10131609181391638 0.0802485785929493 0.12828129366472024 0.10355236958477418
0.10687403083995371 0.0691667234401278 0.31863264062461755 0.11393742073320698 0.09228052616428686 0.06953325821298695 0.12703172132493373 0.10254367865988628
0.10276398727546569 0.0671489896383164 0.33747853497130087 0.11215072005002501 0.08839025532582097 0.06609218129499092 0.12503968339905772 0.1009356480450225
0.11962719810830312 0.07873136704979979 0.2575405935386461 0.0825359670132377 0.13719501582847032 0.10263143962000866 0.12269525842564889 0.09904316041588523
0.10825345061766248 0.06942308333971789 0.30480798609287224 0.11294257626715669 0.102481644580061 0.07452039647467672 0.125922543987412 0.10164831864044103
0.10363274679220376 0.06745832258636293 0.33039637768608204 0.11256854960666408 0.09163649310267423 0.06749028340661505 0.1255055321734001 0.10131169464599768
0.12005660160603664 0.07887143140923539 0.25445856709025355 0.08263179603176184 0.13875821936621138 0.10322751456042463 0.1228377146979624 0.0991581552381142
0.14308435501301348 0.09167781880699821 0.24984244235550782 0.09319077707361625 0.1358770025468819 0.09855514293624808 0.1039007619014796 0.08387169936625462
0.09229055439615805 0.12477864850109492 0.14964274521479398 0.12281907076122053 0.10851841035855311 0.17126431612101733 0.08330336973369741 0.14738288491346463
0.10589723199043198 0.08203894048018426 0.24985788935223957 0.12152286426009906 0.10014958021904602 0.09567399108436671 0.13548892477954327 0.10937057783408914
0.14028884491224808 0.0949556083744164 0.25132543950132763 0.09644917255385126 0.12407104400331048 0.09857200565828032 0.10753362969809982 0.08680425529846612
0.11485624021950647 0.07202973954047368 0.30098753451064175 0.11273781749292111 0.0986810452081635 0.07354933405001975 0.12569425323464486 0.10146403574362899
0.10582618153728562 0.06796036456652642 0.3283781616721099 0.11270875276407974 0.0906750577801099 0.06735175596122037 0.12566184823099635 0.10143787748767176
0.10197517793533135 0.06662878825235091 0.3422193960275876 0.11156046010262705 0.08753821921242344 0.06529195677035654 0.12438158760695879 0.10040441409236434
0.08327436966717017 0.12024152152511294 0.1812955081790252 0.12618723838788676 0.0954717771347794 0.15651703300356004 0.08558786603700146 0.1514246860654641
0.11630679278596097 0.09185502642980756 0.19119109222434671 0.08594357683206531 0.14503437806515665 0.13877594217353212 0.12776089929065232 0.10313229219847836
0.08530542925453213 0.12502676802677445 0.13032415693893412 0.12355231100413133 0.11108589373599849 0.19264196993621757 0.08380069789845429 0.1482627732049576
0.10453482946747447 0.08283991007029601 0.23919487605471246 0.12268731350313548 0.10184143266967581 0.10169585729555237 0.13678719878633164 0.11041858215282195
0.1059628224489006 0.07216817378997908 0.2980269402089601 0.11711789756546936 0.09458885547920734 0.07615148705467212 0.13057771564388895 0.10540610780892243
0.08450042689301004 0.1223309597158862 0.16705124204220845 0.12691867193426135 0.09790571653080611 0.1629066077725196 0.08608396879019466 0.1523024063211136
0.10293668037467794 0.08133256455523323 0.2602248607374691 0.12127665779565538 0.09661292575563829 0.09325289581993076 0.1352144229453053 0.10914899201608984
0.10450140367398392 0.07124811420571986 0.30885009425399335 0.11596499139072558 0.09224308605997926 0.07353150686712094 0.1292923112968239 0.10436849225165303
0.10258509630719087 0.06789201759121674 0.33286708938847376 0.11290515744416116 0.08887788642102572 0.06737728635596524 0.12588082479222149 0.10161464169974503
0.10083880303446116 0.06653560341207897 0.34453483378894745 0.11142838839549207 0.08692685834165084 0.06521562596182567 0.12423433750960088 0.10028554955594288
0.09975856021208529 0.06593529136887345 0.35017297992371316 0.11073352490041578 0.08591095717828032 0.06436889743818232 0.1234596165680755 0.09966017241037421
0.09917023469194053 0.06565848663585087 0.35289288440657673 0.11040537357675673 0.08540577502821549 0.0640086571104782 0.1230937523311004 0.09936483621908106
0.09886757862494178 0.0655282387730557 0.3542044091683039 0.11024928425976145 0.08515953676650309 0.06384687218254151 0.12291972439110715 0.0992243558337853
0.09871629771382559 0.06546628241813031 0.354836792849173 0.11017462701323225 0.08504050725591539 0.06377184130515094 0.1228364871326634 0.09915716431190902
0.082349622228788 0.11973170434127052 0.1853028849919227 0.125953011412759 0.09459582985417307 0.15549433443060043 0.08542899904517566 0.15114361369531076
0.0772937718656881 0.13404683722342234 0.1286978674783387 0.12553885340824744 0.09641408998705552 0.2022138640704529 0.08514809187689826 0.1506466240898969
0.08735604779941941 0.15861895334595624 0.1275653330321647 0.14432075474868403 0.0835386725878225 0.19529621875302425 0.0734153404591132 0.12988867927381562
0.11874137950774813 0.09999526930181651 0.16737254522755926 0.08658844676073539 0.14076057246252896 0.1539161088749496 0.12871954175177977 0.10390613611288246
0.08570444630609657 0.12707448372316008 0.1224472643700308 0.12337232077614091 0.10950123511618186 0.2001748472071164 0.08367861756990427 0.14804678493136908
0.10502897757640361 0.0834787656383815 0.2347271912478201 0.12311511887720061 0.10171490070540008 0.10386726911267345 0.1372641698526401 0.11080360698948057
0.09664176411835405 0.1442697590590335 0.16797579086893927 0.14614070671219134 0.08610895550668855 0.1529952455837064 0.07434114211011474 0.1315266360409722
0.1066921279733258 0.08484915940932605 0.2603421186680512 0.1208960785716352 0.09290209686505879 0.09072184228617407 0.13479010551195741 0.10880647071447166
0.10567171723476931 0.07180750336333211 0.30885719063937356 0.1159434387664084 0.09116547568860542 0.07293729768862868 0.12926828172911503 0.10434909488976758
0.10294799452228011 0.06798075483759834 0.33285627640466464 0.1129047672750059 0.08857357528645718 0.06724195134375817 0.12588038978273045 0.1016142905475053
0.10095075943892051 0.06654950054151089 0.3445245642415445 0.11142825061114511 0.08684227434553572 0.06518504138097625 0.12423418389033643 0.10028542555003062
0.09979307338928027 0.06593744348675176 0.3501662111457533 0.11073344631900627 0.08588817331279587 0.06436202170363867 0.12345952895566818 0.09966010168710564
0.09918091231020398 0.06565883033247814 0.35288894094100287 0.11040535333691931 0.0854002804229582 0.06400713488801789 0.12309372976519212 0.09936481800322737
0.08248339292224063 0.11981595918139809 0.18468403685065024 0.12599157256109766 0.09472541282263275 0.15565458502548404 0.0854551535631793 0.15118988707331718
0.10148213442766577 0.08027932063733563 0.26983098779309617 0.12027544442430248 0.09493744202671572 0.09084862595534937 0.1340981447536626 0.10824789998187223
0.13777216985173155 0.09409882065183817 0.2607797290011272 0.09592120582618077 0.121514967158635 0.09663903606967515 0.10694498619724929 0.08632908524356268
0.09109122456745326 0.12582033284672503 0.15330659189790244 0.12329269604702428 0.10430403246426034 0.17060927568831075 0.08362461123189473 0.14795123525642911
0.13722068224293307 0.10693997197091104 0.20506957014176472 0.09881578037907966 0.12862694460095847 0.1242206275124761 0.11017222081070524 0.0889342023411717
0.11627218740563303 0.07564136811282436 0.27683318246731536 0.11541167745451536 0.10211992264129939 0.08117574465931428 0.1286754075500343 0.10387050970906382
0.09951729438204925 0.14080290280360866 0.18312509632570062 0.14484281933966972 0.08583798770248946 0.14183444959407798 0.07368091244670157 0.13035853740570275
0.08161865880102677 0.14003027540475843 0.12815108572426026 0.12548054036025455 0.09383805848562247 0.1951961923735124 0.08510854041825962 0.15057664843230545
0.13457864081423662 0.11127090236197584 0.19346456239714802 0.10005578613526314 0.12589271804964963 0.1331324480288831 0.11155473469110681 0.09005020752173681
0.11611188265923356 0.07686430545499516 0.27082238506751644 0.11624902466265888 0.1019381629630783 0.08378112979760796 0.12960898719851668 0.104624122196393
0.14308132381693103 0.09269828316705497 0.26016106944191997 0.09511422684697761 0.12340933328711808 0.09388769441996883 0.10604526485774965 0.08560280416227985
0.11522178570992392 0.07129205290579445 0.30538028882022045 0.11209550685789078 0.09803319014635159 0.07211309457750154 0.12497812481021553 0.1008859561721017
0.10571110669435357 0.06767985976819028 0.3305130964849765 0.11241637276049682 0.09029551425563895 0.06687344820549204 0.12533586634640467 0.10117473548444715
0.10183585808013142 0.06651038708839474 0.3432498086135445 0.11142695595965185 0.08734480139510852 0.06511518804894513 0.1242327404505372 0.10028426036368666
0.08323156322292424 0.12019235275001684 0.1816250780276422 0.126166398242566 0.09540668061674215 0.15640451826711496 0.08557373098191436 0.15139967789107922
0.11628346992472798 0.09183972155047436 0.1913347387978967 0.08593701525288028 0.14500178310969655 0.13872770799837703 0.1277511450624907 0.10312441830345634
0.11047918465823306 0.07388091373604307 0.2701665669636837 0.11681879598819621 0.10790428518454204 0.0853690973736827 0.13024423970624263 0.10513691638937658
0.08550326286323268 0.1226031816758982 0.15786324814978528 0.12668727398620397 0.10181450755202875 0.16757677637267657 0.08592702061672966 0.15202472878344475
0.10361229641633583 0.08165012466277499 0.25504368729386356 0.12166535174010318 0.09810157024088415 0.0947803653935916 0.13564778768635383 0.10949881656609285
0.13922506129451967 0.09480397609634941 0.2538795892177735 0.0963811919871445 0.12321019916457639 0.0982990730118081 0.10745783643939844 0.08674307278843005
0.13243358652994391 0.08326746160803968 0.21874752879229237 0.08147721294625097 0.15178554258155535 0.11339466261169119 0.12112134939472533 0.09777265553550117
0.1138772030804095 0.07110274510511821 0.28381714974653166 0.11441337494153245 0.10814558862310261 0.07810952630768049 0.12756237474824586 0.1029720374473792
0.14142602695188095 0.09092547065755556 0.2659050664589216 0.0944952593307365 0.12511904495699513 0.091728235977501 0.10535516226874653 0.08504573339766285
0.1508811109995994 0.09337626265640264 0.2541716271634884 0.09210821109152587 0.12960814406081803 0.09426347242583731 0.10269378161995496 0.08289738998237328
0.11771253368824797 0.0713275089957815 0.30173667981985447 0.11185020963018756 0.09979545784707379 0.07220778464459632 0.1247046367070897 0.1006651886671688
0.0873026548433894 0.12160723855586329 0.16819946663704793 0.12622219697833126 0.09924179645008493 0.1603484330803306 0.08561157708095513 0.1514666363739975
0.13550249039041973 0.1059488624716753 0.21286000558504814 0.0988476760498078 0.12657252447331632 0.12109775048161242 0.11020778210329318 0.08896290844482702
0.09018463199719627 0.12891992328742624 0.13733492834148334 0.12319721056598476 0.10549477509134807 0.18347203087088562 0.08355984716649402 0.1478366526791817
0.11864240771010691 0.09775807973770978 0.17047153186220138 0.08548647449152222 0.1492810978546458 0.14869525299345568 0.12708138596053156 0.10258376938982668
0.12631119259615461 0.08829670190247342 0.1821021738284946 0.0827106326478439 0.16531429084235474 0.1330573383825011 0.12295491062276497 0.09925275917741266
0.08741570294117108 0.1276591118278303 0.1269885076975379 0.12234930701255933 0.11679041753533884 0.18899303720545105 0.08298474736504025 0.14681916841507117
0.13515618447862265 0.11560096128571527 0.19043936706080258 0.09805007763980224 0.13312808607100696 0.13006173418982175 0.10931851939840638 0.08824506987582201
0.1024715966929117 0.1610638767701868 0.14823875004244194 0.13946607395866117 0.09169216011623038 0.16060229040823665 0.07094578544853633 0.12551946656279503
0.12258276420331267 0.10845692006691496 0.17482158121041416 0.08466373974801593 0.14221689392613615 0.13980327764158132 0.12585833550600575 0.1015964876976191
0.11277367516069645 0.08233233010433835 0.26012204837910274 0.11657590121727436 0.10734398893741806 0.085960314942483 0.12997343016314022 0.1049183110955469
0.10680631261359867 0.07478884943835105 0.30748217743029393 0.11444018362812165 0.09456906438583007 0.07132498280535067 0.1275922644331446 0.10299616526530948
0.1374047169184065 0.09580511049983645 0.2767199321296574 0.0935502231900334 0.11905566076065142 0.08896763813343721 0.10430151749694766 0.08419520087103004
0.09036006386548404 0.13353954380207228 0.15771064784304525 0.1217289783737051 0.10277246069275917 0.1652495286514533 0.08256400272303475 0.1460747740484461
0.1042817726858701 0.08966749281844068 0.25331576633809394 0.11989148794865885 0.09756499005137514 0.09370608906698005 0.1336700619367883 0.10790233915379298
0.10474600329924838 0.07686004575573484 0.3046133031690903 0.11538039343660246 0.09234221876115457 0.07357515328053775 0.1286405282046896 0.10384235409294222
0.10247010845468515 0.07234655867959217 0.33031351344106535 0.11239440726563256 0.08872176107861122 0.06728730808249717 0.12531137645884705 0.10115496653906929
0.10056241373081941 0.07052031628244447 0.3429050211120671 0.11088154345149741 0.08665630797237789 0.06505636213807518 0.123624646206371 0.09979338910634766
0.08240067830675084 0.12667564992382516 0.18083677246144866 0.1250882893741772 0.09459305585595186 0.15545711490547856 0.08484249192335498 0.15010594724901266
0.11514844068347503 0.09983274493234028 0.19008981678383174 0.08500112202355817 0.14366611641495924 0.1379005358149628 0.1263598769186029 0.10200134642826979
0.12451752098889468 0.09077457167965183 0.1906419154038652 0.08223772718999434 0.16220506536948967 0.12868602184274622 0.12225190489736473 0.09868527262799322
