Action: 0
[0.19905931985629258, 0.0884604246406098, 0.2613953780782983, 0.08846042463273124, 0.09724317889247384, 0.08846042463413188, 0.08846042463273124, 0.08846042463273124]
[0.18843436559325177, 0.0903068233575542, 0.2697246942614231, 0.0903068233575542, 0.0903068233575542, 0.0903068233575542, 0.0903068233575542, 0.0903068233575542]
[0.18820503194144453, 0.09408613388851908, 0.24186381556563602, 0.09408613386324673, 0.09950048266008375, 0.0940861343545765, 0.09408613386324673, 0.09408613386324673]
[0.125, 0.125, 0.125, 0.125, 0.125, 0.125, 0.125, 0.125]
[0.1752174033105718, 0.09611214981505847, 0.2810069401552408, 0.08889113242344822, 0.08889269080667796, 0.09209741864210623, 0.08889113242344822, 0.08889113242344822]
[0.11706055069452041, 0.08753986043992393, 0.24523892956153673, 0.08753986043992393, 0.20000121754432332, 0.08753986043992393, 0.08753986043992393, 0.08753986043992393]
[0.125, 0.125, 0.125, 0.125, 0.125, 0.125, 0.125, 0.125]
[0.125, 0.125, 0.125, 0.125, 0.125, 0.125, 0.125, 0.125]

Action: 1
[0.10137479249191188, 0.10137479249191188, 0.10137479249191188, 0.10137479249191188, 0.20274958498382376, 0.18900166006470492, 0.10137479249191188, 0.10137479249191188]
[0.1111111111111111, 0.1111111111111111, 0.1111111111111111, 0.1111111111111111, 0.1111111111111111, 0.2222222222222222, 0.1111111111111111, 0.1111111111111111]
[0.08804308004272719, 0.1072408942321009, 0.08804308004272719, 0.08804308004272719, 0.17855411617527434, 0.27398958937898876, 0.08804308004272719, 0.08804308004272719]
[0.125, 0.125, 0.125, 0.125, 0.125, 0.125, 0.125, 0.125]
[0.10137479249191188, 0.10137479249191188, 0.10137479249191188, 0.10137479249191188, 0.10137479249191188, 0.2903764525566168, 0.10137479249191188, 0.10137479249191188]
[0.1111111111111111, 0.1111111111111111, 0.1111111111111111, 0.1111111111111111, 0.2222222222222222, 0.1111111111111111, 0.1111111111111111, 0.1111111111111111]
[0.125, 0.125, 0.125, 0.125, 0.125, 0.125, 0.125, 0.125]
[0.125, 0.125, 0.125, 0.125, 0.125, 0.125, 0.125, 0.125]

