Action: 0
[0.10903481960812751, 0.2051626953007183, 0.17159698472958654, 0.10258134765035914, 0.10310309629620419, 0.10335836111428612, 0.10258134765035914, 0.10258134765035914]
[0.10745302521237193, 0.09991308276697088, 0.2653638361487875, 0.09991308276697088, 0.09991308276697088, 0.12761772480398614, 0.09991308276697088, 0.09991308276697088]
[0.23637752819943966, 0.10069257290423966, 0.15942371692432022, 0.10069257290423908, 0.10073588903610546, 0.1006925742231778, 0.10069257290423908, 0.10069257290423908]
[0.125, 0.125, 0.125, 0.125, 0.125, 0.125, 0.125, 0.125]
[0.27185737755755657, 0.10171913351366507, 0.117065383412511, 0.10171874311367068, 0.10248313306153134, 0.10171874311372402, 0.10171874311367068, 0.10171874311367068]
[0.10340071162865594, 0.10200415574663875, 0.27310263793397604, 0.10200161160986006, 0.11348604822176592, 0.10200161163938314, 0.10200161160986006, 0.10200161160986006]
[0.125, 0.125, 0.125, 0.125, 0.125, 0.125, 0.125, 0.125]
[0.125, 0.125, 0.125, 0.125, 0.125, 0.125, 0.125, 0.125]

Action: 1
[0.10076953281268944, 0.10077114907675525, 0.10076953281268944, 0.10076953281268944, 0.1576449602594746, 0.2377362266003229, 0.10076953281268944, 0.10076953281268944]
[0.10427487295105402, 0.10427487295105402, 0.10427487295105402, 0.10427487295105402, 0.1658010163915679, 0.20854974590210804, 0.10427487295105402, 0.10427487295105402]
[0.10357949317785578, 0.10357782661293063, 0.10357782661293063, 0.10357782661293063, 0.20743902506395098, 0.17109234869354012, 0.10357782661293063, 0.10357782661293063]
[0.125, 0.125, 0.125, 0.125, 0.125, 0.125, 0.125, 0.125]
[0.10248924185122424, 0.10214649157304702, 0.10214649157304702, 0.10214649157304702, 0.11370925147301551, 0.2730690488105251, 0.10214649157304702, 0.10214649157304702]
[0.10282037375424817, 0.10282037375424817, 0.10282037375424817, 0.10282037375424817, 0.108856339280977, 0.274221418193534, 0.10282037375424817, 0.10282037375424817]
[0.125, 0.125, 0.125, 0.125, 0.125, 0.125, 0.125, 0.125]
[0.125, 0.125, 0.125, 0.125, 0.125, 0.125, 0.125, 0.125]

