0.125 0.125 0.125 0.125 0.125 0.125 0.125 0.125
0.099626400996264 0.07845579078455792 0.199252801992528 0.15691158156911583 0.08685378548392246 0.06839735606858895 0.17370757096784492 0.1367947121371779
0.09444644354078607 0.15741073923464347 0.10039762527401264 0.1416696653111791 0.1180580544259826 0.19676342404330432 0.10625224898338434 0.08500179918670747
0.07295173961840629 0.12906846240179573 0.09118967452300786 0.16133557800224466 0.08754208754208755 0.15488215488215487 0.10942760942760943 0.19360269360269358
0.0735570797657792 0.12259513294296534 0.09562443946294065 0.1471141595315584 0.09194634970722398 0.1749345195264155 0.11033561964866881 0.18389269941444797
0.07789319486734063 0.1215580583051003 0.09525686247037593 0.14586966996612036 0.09116854372882523 0.17651433072999664 0.10940225247459029 0.18233708745765045
0.09586135987032575 0.14887034952931694 0.08758713908803775 0.13398331457638524 0.1116527621469877 0.24116760011082655 0.10048748593228894 0.08038998874583114
0.08423742272321409 0.14903544020260953 0.07343775314331484 0.12992833248432628 0.10108490726785692 0.218236841425509 0.08812530377197782 0.15591399898119152
0.10196465336362097 0.0742836199241406 0.20197129464756397 0.1485672398482812 0.08223502083584144 0.09698797189241852 0.1644700416716829 0.1295201578164503
0.06717081288939633 0.10194171629051672 0.07415070563234583 0.09174754466146505 0.12233005954862007 0.24906701806096793 0.11009705359375804 0.1834950893229301
0.06854075687635541 0.12126441601201342 0.08567594609544427 0.1515805200150168 0.08224890825162649 0.20598169341699038 0.10281113531453312 0.18189662401802012
0.09888996895731957 0.07299618064356164 0.2130253818381552 0.14599236128712328 0.0808097726294211 0.0993913974942387 0.1616195452588422 0.12727539189133827
0.07586495765674944 0.11521331969977373 0.1242762980602415 0.1382559836397285 0.08640998977483029 0.18346748388921946 0.10369198772979638 0.17281997954966058
0.07265557860195579 0.11261453878200459 0.10480941115276193 0.1351374465384055 0.08446090408650343 0.22004722776155763 0.10135308490380414 0.16892180817300687
0.059754774249643476 0.0927768547171519 0.06269510685212248 0.08349916924543672 0.12083822772200717 0.3132385256282407 0.10019900309452405 0.16699833849087345
0.10369818603396119 0.08370817426837832 0.12962273254245146 0.10463521783547289 0.12443782324075343 0.17278832562547344 0.1555472790509418 0.12556226140256746
0.1027884759948007 0.07558496351078892 0.1872702081013576 0.15116992702157783 0.08427159364561092 0.09431871011522211 0.16854318729122184 0.13605293431942003
0.09707616376981068 0.06933064047209865 0.254214483685867 0.1386612809441973 0.08827627069140086 0.07805322883276401 0.15350373796020214 0.12088419364365918
0.10707795830421131 0.07668218127593195 0.20212870571195563 0.09201861753111834 0.14139716267794633 0.11961080491649681 0.1460612976684418 0.11502327191389793
0.07535141370543791 0.12098622649420092 0.10192082528129834 0.15123278311775115 0.08206022318737105 0.18439390948842538 0.10257527898421384 0.18147933974130137
0.1357527858754604 0.09404322552919119 0.1848586142380832 0.11285187063502942 0.11961632041366922 0.12956184141702684 0.12493165979946276 0.09838368209207694
0.0909622399101925 0.14234596870351773 0.08261346948760416 0.12409648553640008 0.09654770051195115 0.23034856301674808 0.08416979018990613 0.14891578264368008
0.07562238953132536 0.10784668811617135 0.09827355250502637 0.1294160257394056 0.09536572217793807 0.23464357045132217 0.09706201930455421 0.161770032174257
0.08213248131880486 0.13521276545987979 0.07309316529070152 0.11787779552912597 0.09170952787713586 0.2785690137913849 0.07995189609801587 0.14145335463495115
0.09628146891758774 0.07174726880682844 0.19093396781175453 0.14349453761365688 0.08742996538784513 0.1209820067183919 0.1599857008916443 0.1291450838522912
0.09928837803927205 0.06632552962753893 0.27204470987382673 0.13265105925507786 0.0853516416825921 0.08184399283704105 0.14685017548791687 0.11564451319673456
0.07750574510894195 0.10865508832123436 0.15305800522424076 0.1303861059854812 0.09472182350677139 0.17490101988236798 0.09778957948911092 0.16298263248185152
0.0908256166405901 0.1320426312736343 0.10940981798032924 0.11883836814627087 0.1225997653353651 0.2658520036263446 0.08912877610970316 0.07130302088776252
0.06833743332759103 0.11056404530435135 0.09381778775561761 0.13820505663043917 0.08445855486681723 0.24503197227018478 0.0937390818884718 0.165846067956527
0.0937366125827564 0.07074361155995894 0.20515285088781518 0.14148722311991788 0.09097752039007671 0.11281598562083425 0.15774769503071442 0.12733850080792608
0.09705083779271637 0.06492609165182359 0.2830538285456468 0.12985218330364717 0.08831102400547201 0.0798498624490325 0.1437517047561743 0.11320446749548728
0.07140301527964014 0.11492768527286565 0.13694210426249115 0.14365960659108207 0.09050476509376745 0.17273260590299075 0.09743868968786437 0.17239152790929846
0.09620049402599451 0.06679333868149584 0.25374995456213956 0.13358667736299168 0.09067237571814193 0.09465103619019484 0.14788594319386947 0.11646018026517221
0.062100713669222075 0.09999624424129086 0.07972627093730357 0.08717621292830485 0.1380030706972908 0.26009803835972034 0.09854702331025766 0.1743524258566097
0.07660981376929828 0.12718630529849895 0.10784014763590588 0.15898288162312366 0.08710777163144705 0.21831458592915193 0.0808739006517629 0.1430845934608113
0.07124839359680812 0.11034567074060038 0.09873983889025671 0.13793208842575047 0.09095539646320559 0.2317061675358824 0.09355393823659598 0.16551850611090055
0.09646636451161834 0.06870185912431472 0.21208491198981552 0.13740371824862943 0.09705280157392691 0.11143210628953139 0.15319489183839727 0.12366334642376649
0.09627057277505244 0.06578731780088441 0.26481564361591636 0.13157463560176882 0.0943153585465222 0.0821233999249484 0.14669589969331537 0.11841717204159193
0.09319172896871324 0.06354510907546507 0.29547866107735676 0.12709021815093013 0.09084924077567236 0.07376773672237653 0.14169610889364895 0.11438119633583711
0.09054209656453867 0.061903649734783614 0.31577055031472895 0.12380729946956723 0.08807317007629123 0.07044076475961891 0.13803589955786075 0.11142656952261049
0.11986437976228688 0.08216193074453777 0.2790804356299213 0.10270241343067223 0.11641748405473348 0.09283565767425504 0.11450552661598827 0.09243217208760499
0.09880305864081579 0.06045105665547459 0.31108890779460796 0.12090211331094917 0.09203782578440277 0.07310830203795657 0.13479683379593885 0.10881190197985428
0.07684554804238677 0.10776280752706745 0.16948447060164865 0.1347035094088343 0.09408710716387979 0.1641082265404596 0.0913641194251224 0.16164421129060114
0.1304334701633002 0.08540048920506318 0.2180192180206668 0.10675061150632897 0.12236543708392499 0.12193625829900806 0.11901896536601154 0.09607555035569608
0.12778222417921142 0.0708559596670704 0.20514614491597138 0.08856994958383799 0.14604898603469324 0.12364761733427782 0.1316651787843323 0.10628393950060558
0.10992844453296052 0.06126232685486983 0.2788065183218961 0.12252465370973965 0.09995608912806964 0.08064393385821272 0.13660584525548583 0.11027218833876568
0.10267191090783648 0.05992087288676775 0.3181549850207973 0.1198417457735355 0.087849903454106 0.07008840763714665 0.13361460312362838 0.10785757119618194
0.09893149231822707 0.058678691079055385 0.33819140196534886 0.11735738215811077 0.08369072928770682 0.06668393615655187 0.13084472309269962 0.10562164394229968
0.09693364946855625 0.05795699693754295 0.34843454242932487 0.1159139938750859 0.0819194195843465 0.06528335034489587 0.12923545287267038 0.1043225944875773
0.08029082495315835 0.10566758349416669 0.18519287123101957 0.13208447936770837 0.09052579299057929 0.15814933889010668 0.08958773383201091 0.15850137524125002
0.09972699781474763 0.06322238819416914 0.2747662759908357 0.1264447763883383 0.09012651697999642 0.09093625638675377 0.14097648949565475 0.11380029874950445
0.10013883193261554 0.06000136553156978 0.31918731538357226 0.12000273106313956 0.08587519874750009 0.07299800967706795 0.13379408970770934 0.10800245795682561
0.09796678849535692 0.05843417294261484 0.34061049029441176 0.11686834588522968 0.08299741460715275 0.0676417923348459 0.13029948414368145 0.10518151129670672
0.09189025775161744 0.12059994930278617 0.20917443670983923 0.15074993662848268 0.07770326463725757 0.1375213746759804 0.07668583732840206 0.1356749429656344
0.1030766985201165 0.06231101874626409 0.2872934555781389 0.12462203749252818 0.0861790098374899 0.08541367443006997 0.13894427165211723 0.11215983374327536
0.101874463325668 0.0593600029948176 0.3253623648554515 0.1187200059896352 0.08426597222968235 0.07120523823756994 0.13236394697650372 0.10684800539067169
0.09455803635177455 0.12074887967511645 0.20390886431575117 0.15093609959389556 0.0780338971462031 0.1391911956632498 0.0767805376195034 0.135842489634506
0.10505528295347798 0.06234857589810382 0.2844556607899258 0.12469715179620763 0.0863252794106111 0.08586259403991202 0.13902801849517477 0.11222743661658688
0.13919337935435447 0.07968012764256419 0.27188862900126565 0.09960015955320523 0.11319943484612026 0.09575138095050956 0.11104674505409597 0.0896401435978847
0.11261912990352568 0.0583622911073898 0.3153441021613485 0.1167245822147796 0.08908220471681481 0.07267636752307823 0.13013919837976173 0.10505212399330165
0.10386323649999099 0.05797110010348801 0.3382113549305978 0.11594220020697601 0.08319786809562497 0.067199359149266 0.12926690082777773 0.10434798018627842
0.08393311673447242 0.1051117880221495 0.18248974283909492 0.13138973502768686 0.09047303192945223 0.1598183874820973 0.0891165159318224 0.15766768203322423
0.102713451019671 0.0627925720104164 0.2730975247743479 0.1255851440208328 0.09177237612287141 0.09099423887555581 0.14001806355755536 0.1130266296187495
0.08393061781356609 0.10594554683636989 0.16151955220973657 0.13243193354546237 0.09506482478934485 0.17236580614621702 0.08982339840474839 0.15891832025455482
0.1183450632981157 0.07235260859684066 0.18693794723787557 0.09044076074605083 0.1450030134983855 0.14394542849901298 0.13444626522845762 0.108528912895261
0.08605205637466345 0.10347263092093657 0.1321287213974066 0.12934078865117074 0.11071417246144387 0.19535588803217968 0.08772679578079406 0.15520894638140487
0.10501600894581642 0.06369274751809918 0.2447600405265994 0.12738549503619837 0.10208123335632435 0.10039220849924912 0.14202532058513456 0.11464694553257851
0.09229016025243057 0.05278938659341107 0.2667363223241849 0.10557877318682214 0.11070879992312045 0.08825209244200138 0.15694993745384306 0.12669452782418658
0.10025995850040341 0.05938660955700069 0.3144495851357531 0.11877321911400138 0.09582044825176106 0.07199100659943576 0.13242327563904333 0.10689589720260126
0.1001101069965533 0.05773619756418973 0.3375022186119587 0.11547239512837947 0.08963590573641252 0.06687491712174168 0.12874310322522306 0.10392515561554151
0.13361072948185848 0.07694245921506389 0.2941520583066618 0.09617807401882987 0.11749215906678094 0.0878328782310732 0.10723137506278493 0.08656026661694688
0.10918860494288271 0.05700888677640724 0.3253992113256276 0.11401777355281448 0.0949216584674078 0.06972656001501006 0.12712130872231703 0.10261599619753303
0.08471972348307052 0.10415290458322173 0.1780203857360874 0.13019113072902716 0.09835182191724798 0.1600311271385638 0.08830354953794886 0.15622935687483258
0.10261854797298879 0.062443522924780594 0.2698500905283273 0.12488704584956119 0.09674094197414536 0.0918217732921256 0.139239736193466 0.11239834126460509
0.13776140884525437 0.07917763248252922 0.26404119032475626 0.09897204060316155 0.12286555927745445 0.09776089262465297 0.11034643929934576 0.08907483654284537
0.14858149238683652 0.07688034721265016 0.25764386068837286 0.0961004340158127 0.12970958110853487 0.09744908172011053 0.10714481225345088 0.08649039061423143
0.11605562695150545 0.05763930241519898 0.30625147174804845 0.11527860483039797 0.09934581559520637 0.07315139260734842 0.12852704150493624 0.10375074434735818
0.12453510503148618 0.06795222613652313 0.24572254061064677 0.0849402826706539 0.14246961636200978 0.10618245484961013 0.12626943513428548 0.10192833920478468
0.10972605245439523 0.058245761106898775 0.3007979956163426 0.11649152221379755 0.10432281821987269 0.07569412652507122 0.1298793538712041 0.10484236999241779
0.10380154837381533 0.05768287501915072 0.33008331482475656 0.11536575003830143 0.0924886303908371 0.06812450441029264 0.12862420190837487 0.10382917503447128
0.10088673395354796 0.056975035220389846 0.3445947996186579 0.11395007044077969 0.08826509040327894 0.06572738216177475 0.12704582480486928 0.10255506339670172
0.08325461164768239 0.10383586462307957 0.18406144528268473 0.12979483077884946 0.09668420737948923 0.15858048856446255 0.08803475478913268 0.15575379693461935
0.10179721693778675 0.06881744534673574 0.27181342109141243 0.12305014783895307 0.0958147045489564 0.0907701991875189 0.137191731993579 0.11074513305505776
0.0721338374204503 0.09724342223465308 0.22148990865898732 0.18010311501169024 0.06412270067487227 0.11119654093940055 0.09161767154942504 0.16209280351052122
0.07390562444457273 0.10840270788543502 0.1426980393590395 0.130083249462522 0.09440126293778053 0.19034261698560637 0.09756243709689151 0.1626040618281525
0.08922980688279566 0.13686339760034225 0.09616422859468697 0.10630826209375846 0.1143964379296006 0.2573632180966264 0.07210473428967965 0.12756991451251015
0.09034682078562573 0.13555754011955456 0.1171044077108053 0.1461374619026177 0.08832045598107009 0.21667010629837805 0.07433949148959249 0.13152371571235594
0.10743499849096705 0.0730673130337817 0.23483265223757696 0.12657206541202487 0.09641169226606268 0.10664801243087986 0.14111840725788444 0.1139148588708224
0.10696543696051343 0.06477115922402737 0.2973942634112735 0.11947613053998887 0.09354429374021966 0.0771132292150443 0.1332069694229428 0.10752851748598997
0.10360303621143988 0.06203151379476784 0.3283453742987455 0.11531384197110578 0.08991279152919525 0.06844465613356258 0.12856632828718806 0.1037824577739952
0.1360109723099057 0.08183144626082711 0.2887479724123621 0.09530603828236157 0.11785665687730933 0.08821235910919219 0.10625912029391656 0.08577543445412542
0.11161394881107015 0.06192030040654769 0.3214979565329968 0.11267561880326431 0.09542847204502554 0.06983074014078669 0.1256249063373708 0.10140805692293788
0.10384981388628375 0.06072158399994916 0.3394889078081586 0.11312843209587552 0.0890564432666775 0.06580947069017179 0.12612975936659554 0.10181558888628799
0.08417455737523895 0.11022128592503895 0.18174607459959494 0.1285136331967374 0.09655409165462948 0.15740822880967106 0.0871657686030045 0.15421635983608487
0.09151502013668045 0.13503650439296716 0.15034241849284888 0.14990895664071346 0.08550450089533762 0.17651650399975172 0.07625803446505859 0.1349180609766421
0.106984897585259 0.0721021009856168 0.25355187742934243 0.1250067362968077 0.09434248311739228 0.09613265980843218 0.1393731821100229 0.11250606266712691
0.1065076260714893 0.06404978374417675 0.3067678951318563 0.1182271508887911 0.09210846772775336 0.07412019031672723 0.13181445031929395 0.10640443579991199
0.08530184306463862 0.11121171829091067 0.17129781023984522 0.1292801707843493 0.09778641001823299 0.16230016160707153 0.08768568105373258 0.15513620494121916
0.10389813783666066 0.06964110766552341 0.2647297014689615 0.12358705126514315 0.09711064451147895 0.0920146718672424 0.13779033924636108 0.11122834613862882
0.12279876390869447 0.07425688360530115 0.22840360536667875 0.08586905046360228 0.14440316508723064 0.11357556017374018 0.12765011083842967 0.10304286055632274
0.12785404389510704 0.07290356658429485 0.20923036905963452 0.08369827499738787 0.16256891085812503 0.1188837972990356 0.12442310730954974 0.10043792999686545
0.08933083746033828 0.109727451902807 0.13808909153755264 0.1261098964274726 0.1177234574364481 0.1821519815107372 0.08553540801167708 0.15133187571296713
0.08013541653351143 0.11572079409068554 0.11552287978132435 0.12846622029080226 0.10444691847848406 0.21441469619203318 0.08713361028419632 0.15415946434896272
0.07678340830276438 0.1253187761736068 0.1070533412240714 0.12647787285022072 0.09916407247525236 0.2276440895336697 0.0857849920201497 0.15177344742026486
0.07554330770534161 0.1266044048883234 0.10388299734317802 0.12571055329674338 0.09708963113010637 0.23505189248764152 0.08526454919257379 0.15085266395609206
0.07445145847017784 0.1341481998851404 0.10190726582445027 0.12403832348322813 0.09552638513142793 0.2369520378805556 0.08413034114514605 0.14884598817987377
0.0741006275313057 0.13599689492725797 0.1011344867512881 0.12378665857204349 0.0949124920154079 0.2375652032325978 0.08395964668364689 0.14854399028645215
0.10236181355504394 0.0861395221551015 0.22328611102662305 0.12492853429076163 0.09826894661999334 0.11329339878153914 0.13928599270925215 0.11243568086168547
0.1060815012118501 0.07343686633151532 0.2901806690219644 0.11843306003504332 0.09412772263565343 0.07910640308142326 0.13204402365101098 0.106589754031539
0.10390220743053787 0.06895988973294259 0.32378715136506414 0.11421226877859648 0.08999176626238627 0.06901751814524068 0.12733815638449486 0.10279104190073683
0.10159134153905626 0.06707670821904482 0.34021802307966587 0.11211990641610688 0.08741020057255385 0.06567057590231216 0.12500532849676396 0.1009079157744962
0.10010940929643707 0.06622816757104998 0.3481751351838281 0.11112905356871512 0.08602532569039043 0.06441615896157113 0.12390060151616446 0.10001614821184361
0.09929117952717334 0.06583457683056336 0.35201520361438365 0.11066086962592289 0.08532754006569669 0.0638972363138783 0.12337861135905134 0.0995947826633306
0.09886783551190907 0.06564919709155069 0.3538661032446331 0.11043840923947744 0.08498546188524078 0.06366784008197315 0.12313058462968604 0.09939456831552969
0.09865575454819994 0.06556108109940022 0.3547578726361602 0.11033215292998638 0.08481973514197926 0.06356234923310741 0.12301211677417885 0.09929893763698774
0.09855130889142709 0.06551896219644991 0.35518748961811675 0.11028121965828791 0.08473982724078083 0.06351276472525288 0.12295532997722547 0.0992530976924591
0.08226450139027054 0.11989347579390869 0.18550916116975533 0.12613850279821717 0.09432000504262832 0.15495333985378582 0.0855548105935734 0.15136620335786058
0.10132963173825851 0.08033450222884515 0.2704180968033952 0.12039200863086474 0.09456176797394031 0.09038307971175959 0.13422810514515815 0.10835280776777827
0.10343001898407124 0.07080516415894103 0.3141246197972765 0.11549918303641048 0.09101091157911059 0.07240786796784063 0.12877296974358002 0.10394926473276943
0.0837203617495024 0.12190154054789505 0.17227918622370744 0.12684158503509002 0.09649998824973294 0.16051575238903362 0.08603168376293063 0.15220990204210802
0.11669873967796582 0.0924376254639456 0.1874176494752351 0.08625215698973308 0.14543146928274067 0.14004014630214154 0.12821962442055845 0.10350258838767969
0.11075669880859086 0.07418353546743767 0.26817540155064523 0.1171941829684709 0.1079674116386939 0.08558523671924244 0.13066276817529515 0.10547476467162381
0.10613716213703074 0.06952459231575323 0.3122360174182205 0.1148982957998023 0.09460834743846049 0.0710840933538178 0.128103025317093 0.10340846621982207
0.10278436534469466 0.06746927204961385 0.33443142546066595 0.11263841131226855 0.08917254647825623 0.0665459864118701 0.12558342276158896 0.10137457018104169
0.11967223742652415 0.0789201823128777 0.2563564936743447 0.08269393165950252 0.1374557078485573 0.10273864560490331 0.12293008348188732 0.09923271799140301
0.10829875377211973 0.06954686530896916 0.3042844642472119 0.11312705569162015 0.1023811804554199 0.07441910562363341 0.12612822477856755 0.10181435012245814
0.10364608087645041 0.06754012351193607 0.33020194325171737 0.11269502395441028 0.09147125603047017 0.06737350918329345 0.12564654163275293 0.10142552155896925
0.12006244447174738 0.07895601745736118 0.2544749420970058 0.08271831491159701 0.13850211332136472 0.10305785902320068 0.12296633082380688 0.0992619778939164
0.10852425897397269 0.06959977588333481 0.30328280786400547 0.11320388185901503 0.10274955229272412 0.07454234923191749 0.12621388022191676 0.10188349367311353
0.09705208621585806 0.138504866054271 0.19269772500238605 0.14442432637467206 0.08566985272682497 0.13820122299384133 0.07346802689494186 0.1299818937372048
0.10560514892021643 0.08294773222846086 0.27367853357982647 0.11948070810449986 0.09156400020295 0.08597916660423333 0.13321207306576327 0.10753263729404987
0.10466701658692389 0.07106598890600349 0.3156197411239688 0.11520255442517992 0.09006379534971129 0.07125635364702916 0.1284422509785215 0.10368229898266194
0.08412129493361478 0.12195330875895757 0.1727848974200809 0.12679933940677346 0.09630075858875856 0.1598781633973532 0.0860030302063333 0.15215920728812812
0.10256245146264359 0.0811046562610586 0.2634445497779191 0.1210467251096984 0.09573621601150817 0.09220528361882468 0.13495806515961897 0.10894205259872855
0.12173258701739502 0.08308808929631775 0.22670015934507526 0.0845699591597815 0.1428045417100216 0.113901788116772 0.12571892436289908 0.1014839509917378
0.1104201504627249 0.07120972541182256 0.28885338461863835 0.11480226609575074 0.10526211387972417 0.07813436068169242 0.12799595936347133 0.10332203948617567
0.10505029592111792 0.06830571720794101 0.3225153579289708 0.11357900887890336 0.09291407105342106 0.06878232216409416 0.1266321188545385 0.10222110799101304
0.13671198134414386 0.08968391930061051 0.2843359779485412 0.09380716727168012 0.11829076711869008 0.08815574549876985 0.1045879909730523 0.08442645054451209
0.1120670790437478 0.07009806217378575 0.3179368802873068 0.11093957239487963 0.09539134807735793 0.07003209871980634 0.12368934414772402 0.09984561515539168
0.10415650412313712 0.0671267767703696 0.33679715337980615 0.11178480041860252 0.08889689894952095 0.06599983566436464 0.12463171031745683 0.10060632037674229
0.10107206359963197 0.06625243862376498 0.3463615106314265 0.11113087229367874 0.08655877574362057 0.06470392478479339 0.12390262925877314 0.10001778506431086
0.13418405109913023 0.08859166224756723 0.2952145055008199 0.09305259298235229 0.11513937314003043 0.0863237843940171 0.10374669695196591 0.08374733368411705
0.11078215462210537 0.06958790822082597 0.32349152254621016 0.11037637835965197 0.0940697803647753 0.0692920905348937 0.12306142482785078 0.09933874052368678
0.08544836458456426 0.12098116469183914 0.1751698169869917 0.12604775079509473 0.09719581799404323 0.15840652693233248 0.08549325706102077 0.15125730095411366
0.07804473509090783 0.13438755054003865 0.12551205710563246 0.12555565168318542 0.09697132087501367 0.20370241719593463 0.0851594854894649 0.1506667820198225
0.10265764903203062 0.08491246142540991 0.23716428897348765 0.1235408203298441 0.09797293588145216 0.10482631085734344 0.13773879520357246 0.11118673829685968
0.1224563682120378 0.08431135317854584 0.21549617727392423 0.08514871292397172 0.1446788298521008 0.1191508223457643 0.1265792807048893 0.10217845550876607
0.08719108492363133 0.12331209882799622 0.13862721446687065 0.12391786277942297 0.11129892577648737 0.1829027405268492 0.08404863736343471 0.14870143533530755
0.10477558033051698 0.08225484181294002 0.24387969458608744 0.12226718212591232 0.10147378044429275 0.09898967313311374 0.13631878365381567 0.11004046391332109
0.10579284033540491 0.0719133558483561 0.3004259381358749 0.11684535639387558 0.09422085465825084 0.07536698129729429 0.13027385257645532 0.10516082075448802
0.1033576008120646 0.06827552690695848 0.3287004521643866 0.11339876204976658 0.08972061505880295 0.06805700007192408 0.1264311570913069 0.1020588858447899
0.10125334864520243 0.06673715486907786 0.3425132490494294 0.11168275198429238 0.0872804124192972 0.06550067231808174 0.12451793392875583 0.10051447678586314
0.07106826946166557 0.10290044950364717 0.24826230113487036 0.17274711466609208 0.06117158980226711 0.10050216607574537 0.08787570615622946 0.15547240319948288
0.11307985300711705 0.08962866751265439 0.2235886123494675 0.08750115303969515 0.13124852886274527 0.11987546064406493 0.13007634093662146 0.10500138364763417
0.1081763733138271 0.07271151716470235 0.2879088483916397 0.11562069441178731 0.10261437738565846 0.08000111850266425 0.1289084458591121 0.10405862497060857
0.10448368881424842 0.06863342996639947 0.3221750365131819 0.11374188343367009 0.09243681754871573 0.06934773680519551 0.1268137118282859 0.10236769509030307
0.10186361470326505 0.06697220586856187 0.33927129378264476 0.11199173662545098 0.08828409777459531 0.06596205953748373 0.12486242874509235 0.10079256296290587
0.13477941759036025 0.08892834041180817 0.29197844464330397 0.09326224942453203 0.11619309460721144 0.08694198060171221 0.10398044823899318 0.08393602448207882
0.11110274079765041 0.06971810565168973 0.3218090825639226 0.11049281667047219 0.09466315978567871 0.0695793146721723 0.12319124485498914 0.09944353500342497
0.10367621711995176 0.06692271320463561 0.3386790185152415 0.11152154588389328 0.08867346315225043 0.06581944967140661 0.12433820115711683 0.10036939129550397
0.08370120992291574 0.12033065446377844 0.18015663391442152 0.126193299028474 0.09578711014821284 0.15680715695567232 0.08559197673235629 0.1514319588341688
0.07762604372181964 0.13422461029395583 0.12708950698891175 0.12556599671587482 0.09674797961560054 0.20290016448445514 0.08516650212033249 0.15067919605904978
0.11505043509211745 0.09525323248132457 0.16707897971358193 0.08663905883791889 0.146657861777386 0.15655878148833688 0.12879478000383168 0.10396687060550266
0.11127529646365959 0.07529550464455109 0.25700080323312385 0.11819542392142834 0.10952461204383954 0.0905534010457435 0.13177907711836864 0.10637588152928552
0.1069033723904715 0.07003921869939575 0.3065139634057699 0.1154672888917799 0.09568705050529029 0.07273113595221367 0.128737410152477 0.10392056000260191
0.1033486146424924 0.06770004261619017 0.33155753381687936 0.11288947481517635 0.08983607546140746 0.06720439148294659 0.12586333983124887 0.10160052733365872
0.10111028074626024 0.06653205669270548 0.34386332366919925 0.11147358595096957 0.08720630427560463 0.06520349189838177 0.12428472941100638 0.10032622735587261
0.13430335327805581 0.08869976828288999 0.2940557921533742 0.09310579722630277 0.11564514536039378 0.08658891048180613 0.10380601571350472 0.08379521750367248
0.10303168829971801 0.1417932321197529 0.18752760286958994 0.1405146325023658 0.08776392812952034 0.14142656420615504 0.07147918262076869 0.1264631692521292
0.12309039311185187 0.0955056508353252 0.19341615321243238 0.08527811016532585 0.14081295885159242 0.13279136323005974 0.1267716383950217 0.10233373219839101
0.11254131289928071 0.07438307883902624 0.2711487582996843 0.1166237271318653 0.10647215678083222 0.08384285914182149 0.13002675248881104 0.10496135441867877
0.10660034520722553 0.06939626011335287 0.3136177726894558 0.11459435386999595 0.09418388930935503 0.07070830758002584 0.1277641527475925 0.10313491848299636
0.10291760180902285 0.06735691032541999 0.33503575335579794 0.11245892074360386 0.0891151588217094 0.06651932210285605 0.1253833041723464 0.10121302866924349
0.13539654336771656 0.08912321375201814 0.2900382715722724 0.09339258009495939 0.1166556890779133 0.08721462283930664 0.10412575721035024 0.08405332208546346
0.11139908710907334 0.069805155069449 0.3208103980109071 0.11058522325094162 0.09488345069423997 0.06969571364334237 0.12329427129619909 0.09952670092584746
0.12280545468567677 0.07920787740286457 0.25000630077709324 0.08248068601353419 0.14002161138136504 0.10388816701653851 0.12261307950668665 0.09897682321624102
0.10955995106464307 0.06968700534279977 0.30077914974394704 0.11324523727464188 0.10353823769289437 0.07500971690978064 0.12625998842411565 0.10192071354717769
0.12261012537842549 0.07955664256664086 0.24145883158037051 0.0829295135634901 0.14442201382099376 0.1062271650090612 0.12328029180483004 0.09951541627618811
0.08731155618578494 0.12191041996880492 0.1471377933365343 0.12374131807031316 0.1114250770761544 0.1760553596825159 0.08392889399551676 0.1484895816843758
0.10441940205817749 0.08168827999705763 0.24859155779253758 0.12175183916533955 0.10115474243682081 0.09707330859005431 0.13574421471120693 0.10957665524880558
0.1054574421581303 0.07164393382382259 0.3028113601821954 0.11653186603465998 0.09394707763268123 0.07480530651658379 0.12992433422073285 0.104878679431194
0.08434719349460883 0.12212520880233049 0.16858432890951147 0.12683727158698377 0.09765286397574256 0.16221964920657497 0.08602875811986727 0.15220472590438053
0.07773921394571118 0.13463260160450585 0.12337257828291134 0.12551402660149721 0.09723110660854838 0.20576238820966605 0.08513125282536332 0.15061683192179665
0.10225331690129645 0.08886070697845193 0.23520118810459814 0.12287685858248418 0.09789878824242737 0.10532144106185587 0.13699852740465024 0.11058917272423577
0.10525272706299325 0.07575320150499018 0.29577227257205163 0.11699009474705616 0.0934432453311737 0.07706214847050251 0.130435225038882 0.10529108527235054
0.08399941202966858 0.126717564639917 0.16588149089917728 0.1262634349989258 0.09714866791208078 0.16283376030485677 0.08563954721666274 0.15151612199871098
0.07714739708334771 0.14136423614840468 0.12188163919060065 0.1244305675249587 0.0964810125651972 0.20498208152756858 0.08439638492997198 0.1493166810299504
0.07458228099381117 0.14453730207274207 0.106981757158468 0.12297937841529398 0.09518641513666436 0.2247455119821203 0.08341210014254723 0.1475752540983528
0.10181062340670143 0.0914535074326738 0.22559415520740073 0.12354128076182336 0.09789819613065182 0.11077577582423916 0.13773930855086872 0.11118715268564101
0.10557588058816748 0.07660208650774285 0.29081661441304346 0.1175571875190223 0.09386667530029157 0.07871259574534428 0.13106749115926813 0.10580146876712006
0.08408318646835049 0.12702166080257626 0.16425983058066257 0.12630498932539405 0.097291367875903 0.16380524586637357 0.08566773189026727 0.15156598719047285
0.11643896779261964 0.09739109583218562 0.1831473239292806 0.08566286500554829 0.14565368647342458 0.14156702065352797 0.12734360230675537 0.10279543800665794
0.12538378959162147 0.0881440096051471 0.18786279794030092 0.08265219513591023 0.16353044553101834 0.13037608869654171 0.12286803933636803 0.09918263416309225
0.11290622879165248 0.07540237326149657 0.266935239040063 0.11566893941880133 0.11290435480580478 0.08311858376370149 0.12896223544155908 0.10410204547692119
0.12428563928047898 0.08349230182097075 0.22663949311907966 0.0832312478194078 0.14913259744154547 0.10961238309324262 0.12372884004198534 0.09987749738328935
0.1004639160264442 0.14571881509576992 0.16315215825537793 0.14146554575314643 0.09697693931695583 0.1529407263174384 0.07196290805703537 0.1273189911778318
0.08094614240113962 0.14712655784252698 0.12073070300249837 0.12359162661118077 0.09608597358451684 0.1993816804884414 0.08382736413627913 0.14830995193341692
0.1033348069558605 0.09141696468309485 0.23346087516780786 0.12282893341120041 0.09758336447849929 0.1038839208182824 0.1369450944151742 0.11054604007008038
0.10566644126459819 0.07629833969748648 0.29483343291639197 0.1170683977300845 0.0934334957823308 0.07681580763057969 0.1305225270214524 0.10536155795707604
0.09604619137254362 0.14492054481041725 0.1890845892338274 0.14419350197471223 0.083222861748012 0.13940755155697984 0.07335060752626665 0.129774151777241
0.0801887943607067 0.1474820396851596 0.12930106296279908 0.12425598734277818 0.09237587123425844 0.1930110855791667 0.08427797402379739 0.1491071848113338
0.10277580278724602 0.09121285242608144 0.2384996562331271 0.12250161495471937 0.09617175856992367 0.10200670280670664 0.1365801587629483 0.11025145345924742
0.10526227625536333 0.0760925155195812 0.29746560055534604 0.11679762017695972 0.09282681437233001 0.07621668470415768 0.13022063025699834 0.10511785815926374
0.10315200656768299 0.07105736289503331 0.32700947157669363 0.1131724703495346 0.08931723424653674 0.06825737231694902 0.12617885873298856 0.10185522331458115
0.1198139577056617 0.08187990058525844 0.2529680483699297 0.08250975574708953 0.1376459744714692 0.10351436260602233 0.12265629361806143 0.09901170689650743
0.10830064658616373 0.07229016153455961 0.30211943756031423 0.11273065701875443 0.10261620888998697 0.07479902725302916 0.12568626984031275 0.10145759131687898
0.10356105971450906 0.06989778287950595 0.3288111390427406 0.11230655544853231 0.09159309146748416 0.06754104330466279 0.125213428238886 0.10107589990367907
0.10106039948445113 0.06874450521913762 0.34224311365016563 0.11115419283174113 0.08759898306131428 0.06523140228624925 0.12392862991837406 0.10003877354856701
0.09971595992063749 0.06812195120018923 0.3488361471069417 0.110452240264673 0.0859869762601448 0.0643337038185951 0.12314600519061301 0.09940701623820569
0.09901412952273506 0.06779894076676109 0.3520425141862774 0.1100906254787713 0.08528845458763024 0.06394094083642018 0.12274283169051069 0.09908156293089415
0.08782060226142446 0.06020767853002673 0.31475565469288536 0.09783917028532213 0.10085127719912973 0.07567411477213712 0.14544449791668784 0.11740700434238659
0.09723696923244375 0.06775091405164828 0.33609054681770834 0.1127461817329401 0.09116680223727812 0.06783344363026635 0.12570357873806903 0.1014715635596461
0.09888481361999403 0.06819983890756202 0.3459956069418063 0.11093533977599031 0.08729607698957144 0.06516189287315519 0.1236846250935295 0.09984180579839129
0.09889943684689238 0.06791808092362915 0.3507023952177031 0.1102777545614233 0.08577780133387382 0.06422308535838657 0.12295146665281075 0.09924997910528098
0.09868509953790221 0.06770549527928299 0.35295738394976856 0.10999406141432475 0.0851633164589312 0.06386481812197191 0.12263516996492624 0.09899465527289227
0.08206343417557213 0.12340102438260639 0.18431962186870068 0.12535953798412142 0.09429790997201813 0.1551005567946314 0.0850264692414041 0.15043144558094568
0.1009841406968697 0.08430335854501916 0.2690435471614234 0.11958189812918309 0.09449143125306801 0.09064702350638099 0.1333248923917907 0.10762370831626478
0.10321524531817405 0.07366122054612159 0.3130003282963979 0.11494511244168741 0.09103554675822419 0.07253672306286045 0.12815522237901567 0.10345060119751867
0.10177728335036745 0.07006214726546471 0.3346721663044904 0.11224061526530305 0.08816879219903268 0.06692253202107443 0.12513990985549459 0.10101655373877273
0.09450673965545829 0.1417388503813492 0.20328279607567853 0.14317053745535543 0.0814690617328241 0.13414830106657288 0.07283022992294168 0.12885348370981986
0.10391363253698387 0.0869959473818147 0.27871406129493675 0.11804895322849403 0.0896940926312648 0.08477348179446562 0.13161577322639556 0.10624405790564463
0.1036508765289147 0.07381210069086233 0.3177881941893966 0.1143206783094555 0.08923614139830438 0.07084437348341752 0.12745902492113917 0.10288861047850996
0.10168620813320195 0.06992581470550772 0.33700661928102815 0.1119533367363923 0.08746449075430289 0.06638591159235856 0.12481961573445528 0.10075800306275307
0.11900801694895784 0.08142307854739086 0.2571698333886746 0.08226821434160507 0.13651207550929237 0.10259969795827452 0.12229722609587858 0.09872185720992609
0.10785112937031473 0.07206819785493188 0.3043129247416465 0.11250850950024135 0.10210982243987075 0.07445316560743379 0.1254385919353437 0.10125765855021722
0.08444419810272723 0.1250059605228909 0.1685200838235717 0.1255971558556459 0.09956020014468729 0.16096817837813346 0.08518763614556853 0.15071658702677507
0.07724368530208706 0.14077668910928773 0.12270601574083728 0.12435692727327408 0.09720003880695062 0.20414189341080508 0.08434643762882937 0.14922831272792886
0.11437270672566967 0.10096424990997686 0.16439664191250009 0.08601317869240219 0.14627225163465946 0.1569007895631142 0.1278643671307949 0.10321581443088262
0.11088805300299753 0.07916320833922091 0.2549876661764377 0.11772854998425741 0.109325546490535 0.09069273350095801 0.1312585475197616 0.10595569498583167
0.08526271116357531 0.12763354958839962 0.15248005895520858 0.1260683866957636 0.10183437677648853 0.16993159920069537 0.0855072535849527 0.15128206403491629
0.1033945075535034 0.08627632058512572 0.2514123903337819 0.12123453981358444 0.09800380139570651 0.09539988994764285 0.1351674645384292 0.10911108583222599
0.10479431225681354 0.07464104768254069 0.30398807780337334 0.11595696257373841 0.09276607875657311 0.07420889484554773 0.12928335976504865 0.10436126631636458
0.09570835059230884 0.1441162292911548 0.19236232827077537 0.14397017784927887 0.08297408745941805 0.13805866295807986 0.07323700351463316 0.12957316006435096
0.10480939776528728 0.08788466289611832 0.2728480431586596 0.1186693174594113 0.09057822428217963 0.08610053567684334 0.1323074330480302 0.10680238571347017
0.1042088959541617 0.07418573166934378 0.314826803032877 0.11466544506674844 0.08973112540547806 0.07133968418465901 0.12784341412665837 0.10319890056007361
0.08367288698706615 0.12603049262320198 0.1720428525862141 0.1260003286900575 0.09595463360411757 0.15963731857845193 0.08546109250282162 0.151200394428069
0.10206115691657272 0.08528159826980693 0.2623435531880213 0.12027368614699323 0.09549510422415378 0.09220239931648072 0.13409618440567753 0.10824631753229391
0.10386936491572875 0.07408065119031712 0.30959327575963835 0.11533854654592923 0.09160366937041897 0.07311592828214011 0.12859387204449124 0.10380469189133633
0.10213752404581593 0.07025463522723875 0.3329876578990174 0.11243772763583823 0.08846935971975216 0.06715946516132024 0.1253596754387629 0.1011939548722544
0.10048981796997389 0.06872649344144029 0.34437690889643213 0.11102214888490991 0.08661920490514864 0.06506408113399312 0.12378141077168313 0.09991993399641891
0.1183567802245188 0.08099370991033349 0.2602393113463627 0.08207688445299449 0.13589555503933312 0.10193269631692001 0.12201280136594404 0.09849226134359339
0.10750081130776144 0.07188551737719986 0.30590718561626323 0.11234149853076561 0.10180587166675722 0.07419937965567999 0.12525238716788345 0.10110734867768904
0.10313898181015346 0.06969854806550412 0.3307018742720307 0.1120938147972748 0.09121676787732118 0.06728934157126651 0.1249762382889019 0.10088443331754732
0.09492825674312583 0.14162670817676445 0.20189801631985804 0.14319143812386612 0.08229459383204364 0.13434783049072188 0.07284086200214059 0.12887229431147948
0.07994483433030099 0.14646040033254656 0.13340558485205342 0.12424376055789518 0.09213740970574126 0.19044581647793787 0.08426968107405065 0.14909251266947418
0.11537968338078138 0.10224820197933611 0.16941252553112748 0.08601735453598866 0.14396918384910673 0.15188165047771995 0.1278705748027533 0.10322082544318639
0.08443214435384991 0.13214395615964114 0.12255839268020167 0.1224310807137219 0.10996173074222806 0.19851518722719252 0.08304021126669835 0.1469172968564663
0.10418184922820692 0.08809669505468473 0.23403089933425214 0.12231348156206806 0.1014968420376469 0.10342769530733256 0.13637040406994752 0.11008213340586126
0.12259639068044037 0.08753855207242328 0.21356531367961717 0.08463720574330535 0.14591700499866153 0.11836199500771703 0.12581889092586887 0.10156464689196641
0.11108025611177046 0.07470932022182616 0.28139208867122767 0.1148975268719568 0.1068040497870561 0.07960681613147375 0.12810216801992794 0.1034077741847611
0.08534656053108648 0.1260882924294552 0.16115376505885087 0.1258924320655006 0.10110200840636152 0.16395811258571816 0.0853879104444265 0.1510709184786007
0.10303092812353488 0.08564120550586317 0.2562156321080512 0.12075894021586205 0.09741767481261475 0.09361536656032216 0.13463720647947602 0.10868304619427582
0.10444872479511516 0.07434880246476015 0.3064371445511093 0.11567022998936292 0.09239467206647803 0.07363354481132377 0.12896367433142403 0.10410320699042663
