0.125 0.125 0.125 0.125 0.125 0.125 0.125 0.125
0.07575757575757576 0.12626262626262627 0.09090909090909091 0.15151515151515152 0.0946969696969697 0.15782828282828282 0.11363636363636365 0.1893939393939394
0.06497845146401839 0.1206249568536179 0.05848060631761654 0.09746767719602757 0.12995690292803677 0.21659483821339462 0.11696121263523308 0.19493535439205514
0.07295173961840629 0.12906846240179573 0.09118967452300786 0.16133557800224466 0.08754208754208755 0.15488215488215487 0.10942760942760943 0.19360269360269358
0.11011574826236875 0.09698898971902668 0.1321388979148425 0.10405938210793847 0.13764468532796093 0.1238044466393862 0.16517362239355313 0.13007422763492307
0.07273940491563871 0.13211759814190174 0.08728728589876646 0.14547880983127742 0.10251034745714113 0.16890893409271981 0.10910910737345807 0.18184851228909676
0.07084538798231642 0.13281409582603795 0.08501446557877969 0.14169077596463284 0.09713343237803147 0.18912029034093608 0.10626808197347462 0.17711346995579103
0.0589142259310178 0.11069982826077708 0.053022803337916015 0.0883713388965267 0.12880697917071934 0.2773965399341575 0.10604560667583203 0.1767426777930534
0.07221738469876554 0.12776921908243136 0.09027173087345693 0.15971152385303916 0.09672717292159409 0.1533230628989176 0.10832607704814831 0.191653828623647
0.09547988833895753 0.08436200235188875 0.19095977667791506 0.15038082413385812 0.09092541269267725 0.09031311048161891 0.1664777540269003 0.131101231296184
0.06093615534249353 0.10971944042585462 0.06481575922484767 0.0914042330137403 0.13242507510137094 0.24820579124772393 0.10968507961648835 0.1828084660274806
0.07161599619861049 0.1267052240436955 0.08951999524826311 0.15838153005461936 0.10424915523891817 0.15204626885243458 0.10742399429791574 0.19005783606554322
0.06906375735188265 0.1292302482244036 0.09006131907720745 0.1381275147037653 0.0950452821198768 0.20221684911533364 0.10359563602782398 0.1726593933797066
0.08278676354285751 0.15568414410787415 0.08117144860511422 0.12418014531428627 0.12070280143463513 0.2678315008209462 0.09313510898571471 0.07450808718857177
0.08211994424805127 0.14528913213116765 0.07159174626753187 0.1266623203194795 0.11823610420578796 0.21819587292356826 0.08591009552103826 0.15199478438337538
0.06792125343097045 0.12016837145479389 0.08490156678871308 0.1502104643184924 0.09767353088154153 0.19699037579684198 0.1018818801464557 0.18025255718219085
0.12365608473250456 0.10899132709045557 0.16088900641829385 0.11685500007221679 0.12622432698988081 0.1321473762468649 0.1293632886432355 0.10187358980654798
0.08199981271564526 0.1450765917276801 0.07148701621363945 0.12647702868566982 0.1250462723225431 0.21235642445565092 0.08578441945636735 0.1517724344228038
0.09182040744792855 0.07412008793989414 0.1836408148958571 0.14824017587978827 0.10547366768167836 0.09801195445677278 0.1652767334062714 0.13341615829180944
0.10007765727915174 0.07756004264226854 0.21663822481231412 0.14464201838963062 0.09461312048842989 0.08024610634734874 0.16012466016271684 0.12609816987813954
0.09417238386924452 0.1537576521022315 0.10636060720971621 0.12847337223491737 0.12481955773596352 0.21897737433078845 0.09635502917618802 0.07708402334095042
0.05574324959993317 0.09862267236911254 0.05369420420826754 0.08597874001409811 0.14269581984166138 0.29411447566192445 0.09719335827680656 0.17195748002819622
0.0887413901165169 0.07163461611815221 0.18717892335986505 0.14326923223630442 0.10623680604582102 0.11426222090093599 0.15973450220973043 0.12894230901267398
0.10942514233965055 0.08481695833585713 0.16043765689139897 0.0949697601885247 0.14917612816172127 0.13171650275429497 0.15074565109289634 0.11871220023565587
0.06586288766127356 0.11652664740071476 0.10550599148411051 0.14565830925089346 0.10572079126143008 0.18714107034859515 0.09879433149191034 0.17478997110107214
0.1340107948650673 0.10557266588997467 0.1710521679327634 0.11324373335566564 0.12430897465499388 0.12772088935963577 0.12536546793952402 0.09872530600237518
0.0743312100391827 0.11588560574649777 0.10671589707310963 0.14485700718312222 0.10095409594149003 0.1851769357422118 0.09825083965463942 0.17382840861974663
0.10450277580185496 0.07847775260630631 0.21249192936511704 0.14030560585472007 0.09181682423335386 0.09476333124094759 0.15532407322948252 0.12231770766821749
0.07193916872462433 0.10410253956670838 0.07790558828630423 0.08668298422536765 0.13485490164623073 0.24712926802958812 0.10401958107044117 0.1733659684507353
0.06807258506028312 0.11216531335875947 0.09040403409189604 0.14020664169844935 0.1032167109393713 0.22259006609589238 0.09509667871720913 0.1682479700381392
0.122998672279656 0.09288001385884086 0.16705916687905187 0.11610001732355109 0.1315122185743957 0.1355170403579463 0.12944285513536216 0.10449001559119596
0.11830482885670274 0.07807972780800163 0.157543640825185 0.09759965976000204 0.1566004079892907 0.12966369361454386 0.14508844943427168 0.11711959171200242
0.08182216478592465 0.11311258935884137 0.10300255588769303 0.1413907366985517 0.10896790195697863 0.18613536325212213 0.09589980402162639 0.16966888403826205
0.10491340850464491 0.07738841844546897 0.2185972671181684 0.13855716792710276 0.09194273336882182 0.09441909561602371 0.1533884805705004 0.12079342844926907
0.08269147428996847 0.11928743446232677 0.1261790587733737 0.13246855730806484 0.09676966841232965 0.17766669213780695 0.09935141798104864 0.16558569663508102
0.06615746536512154 0.1036544097562614 0.06668225448616161 0.08297154046608983 0.13030388165251475 0.28472151878236335 0.09956584855930778 0.16594308093217966
0.059422600124440506 0.09074153278835688 0.050254384046590564 0.07910800294369574 0.14137219952425523 0.3314588365750047 0.08942643811026475 0.1582160058873915
0.097463986494088 0.06869800652300301 0.1864155435085694 0.13739601304600602 0.10863786217416752 0.12454587540027327 0.1531863011124873 0.1236564117414054
0.1028677242391138 0.06749631067095022 0.24087816627496925 0.13499262134190043 0.0986385697251165 0.08312654982024013 0.15050669871999942 0.12149335920771039
0.10134875456985247 0.06570807247262493 0.26882711209440047 0.13141614494524986 0.09410458406839553 0.07380160695979417 0.14651919443895767 0.11827453045072488
0.09935244398302198 0.06447541624585691 0.2848681968483043 0.12895083249171382 0.09159533297820223 0.07093147317855193 0.14377055503180633 0.11605574924254244
0.0979374559456187 0.06371954884652171 0.29430420192111717 0.12743909769304343 0.09013168913778112 0.06968773498486025 0.14208508354731855 0.11469518792373908
0.09706352723245401 0.06327584178941405 0.29980129021408897 0.1265516835788281 0.08927815835515075 0.06903730057421664 0.14109568303490236 0.1138965152209453
0.09655263016583868 0.06302243537615138 0.3029443952887157 0.12604487075230275 0.08878787245329738 0.06867678773144212 0.14053062455517934 0.11344038367707246
0.11342789843018819 0.07409323464354843 0.2244017073683893 0.09261654330443553 0.1390586369641045 0.10758141518786551 0.13768071213614597 0.11113985196532264
0.11680015230897432 0.07368276255618993 0.1956476315686549 0.0921034531952374 0.15654573685621992 0.11777815045289157 0.13691796922754695 0.11052414383428487
0.11757252679726124 0.07366923219399397 0.18525939512301903 0.09208654024249247 0.16343389400693661 0.12058173635795877 0.136892826987347 0.11050384829099094
0.10599602813856789 0.0642883127430545 0.2538448898756365 0.128576625486109 0.10869664310623535 0.07952519556644579 0.14335334214645284 0.11571896293749806
0.08124085793861206 0.11105548756362742 0.1415747337363991 0.13881935945453427 0.10084413426955446 0.1657264562357126 0.09415573945611891 0.16658323134544112
0.11544340782814418 0.076342312719859 0.17010747848624255 0.09542789089982374 0.14839167303266304 0.137913798794935 0.14185996915854396 0.11451346907978849
0.0962766226852952 0.1265580895909896 0.13817521081788453 0.15819761198873697 0.09450402965863512 0.16343614706562912 0.08047443740296621 0.1423778507898633
0.10680408979852236 0.06685157364949965 0.23686623215028565 0.1337031472989993 0.09610026348510001 0.09027282965692279 0.14906903139157085 0.12033283256909938
0.1052640168951485 0.06406956273127858 0.27772053324535145 0.12813912546255715 0.09277216638453467 0.07384382009538003 0.14286556226944805 0.11532521291630145
0.08286132200578966 0.11071499926673857 0.14756621626662303 0.13839374908342322 0.09692378371232345 0.16360036616928098 0.09386706459571315 0.16607249890010786
0.10355828166713885 0.06667563398567389 0.24124472459645657 0.13335126797134778 0.09640389466614764 0.09007334373813157 0.14867671220089074 0.12001614117421301
0.1047175119611828 0.06392498222757836 0.27957783395680763 0.12784996445515673 0.09265857580777025 0.0736629942564871 0.14254316932537622 0.11506496800964104
0.09548083125696515 0.12715405172639785 0.17014968032595978 0.1589425646579973 0.08348566159477164 0.14088551065881647 0.08085339158689428 0.14304830819219758
0.08021748126851203 0.12344846376301079 0.11446393250890113 0.13076067020209237 0.09429764565856556 0.19529046619473323 0.0980705026515693 0.16345083775261549
0.0778945483424238 0.11048869971000247 0.10588396953269218 0.1381108746375031 0.09652793544165407 0.21168572084267512 0.09367520192804558 0.1657330495650037
0.10389806176396668 0.0675864876264313 0.2228375676267856 0.1351729752528626 0.09785101551018356 0.10029043462071868 0.15070777987147516 0.12165567772757635
0.10571549827108716 0.06436772400103197 0.2720241258786289 0.12873544800206393 0.09378326549966877 0.07598161774634578 0.14353041739931607 0.11586190320185755
0.10413884685449144 0.06299147732227686 0.2917682692758882 0.12598295464455372 0.09107314800920259 0.0701990519978445 0.14046159271564423 0.11338465918009837
0.12089458295671153 0.07332938716000416 0.21986948497961012 0.0916617339500052 0.14054870278036538 0.1074407035314987 0.1362613239017988 0.10999408074000623
0.14369562114452744 0.0835167667011649 0.22172004469228113 0.10439595837645613 0.13541555228704566 0.10090599141312807 0.11639370284658615 0.09395636253881051
0.11418217234646387 0.06282826818717462 0.2684325774388434 0.12565653637434923 0.10087883513714409 0.07483306707517201 0.14009766070393861 0.11309088273691431
0.1061955547309887 0.06281225861042346 0.2897857193811096 0.12562451722084692 0.09259975536038055 0.06985816746021602 0.1400619617372726 0.11306206549876223
0.09595189469828616 0.12675417566743066 0.17291003290598697 0.15844271958428832 0.08355582679802864 0.1391877801489817 0.08059912257113798 0.1425984476258595
0.0821671655097211 0.12315495820593718 0.11491483912906728 0.13043316681370465 0.09412527399357659 0.19433826272058372 0.09782487511027851 0.16304145851713084
0.07835392336682348 0.11041532443336985 0.1059636396894647 0.1380191555417123 0.09675425556129505 0.21125772230290105 0.09361299245437879 0.16562298665005476
0.13628724933256672 0.08840542868488709 0.1822761832708103 0.11050678585610885 0.12824159978534555 0.13161982634528593 0.12320681945449749 0.09945610727049796
0.08850668118344293 0.1086907990672109 0.12211855772762568 0.1358634988340136 0.10417293905906148 0.18546043066649814 0.09215089486133098 0.1630361986008163
0.10594367827925967 0.0669492373805739 0.2294540121993163 0.1338984747611478 0.09898218096334166 0.0949769821961376 0.14928680693519017 0.12050862728503303
0.08368378699396917 0.11082003954650721 0.13535802235314365 0.13852504943313404 0.09872982497676207 0.1726970968916408 0.09395612048508221 0.16623005931976081
0.10447310873405694 0.0668529367885935 0.23574378386626485 0.133705873577187 0.09748365260860091 0.09233328721753206 0.14907207098829653 0.12033528621946829
0.1404306885792397 0.0851258148326926 0.2305487439779988 0.10640726854086577 0.12422244732634458 0.09886233147394988 0.11863616358212943 0.09576654168677917
0.11336909843227698 0.06278433633907508 0.27246508741340325 0.12556867267815017 0.09826766781555207 0.07453363267153838 0.1399996992396689 0.11301180541033513
0.12388150123271437 0.0733028265746927 0.21290883315883155 0.09162853321836587 0.14328925507037724 0.10882284209866219 0.13621196878431702 0.10995423986203905
0.0861753198666055 0.10868251854734536 0.1299702251773641 0.13585314818418168 0.10802619582413407 0.17612494015877575 0.09214387442057541 0.163023777821018
0.10507785836140542 0.06676664511983724 0.23291694628673446 0.13353329023967447 0.0996651551423762 0.09298049018794158 0.14887965344632365 0.12017996121570705
0.0835324529331377 0.11080031322269279 0.1362323422261588 0.138500391528366 0.09893797739808609 0.17185665686436688 0.0939393959931526 0.1662004698340392
0.11868922836540179 0.07596752048762564 0.16775642757632045 0.09495940060953206 0.1478475053999432 0.13966510995347867 0.1411635268762596 0.11395128073143845
0.11047730210602465 0.06445186512687784 0.24630161304932938 0.12890373025375568 0.10619622470548647 0.08393786797857054 0.14371803955157536 0.1160133572283801
0.10631868100156544 0.06341560903392927 0.2809192769612464 0.12683121806785855 0.09471409642988597 0.07224567911505311 0.14140734312938855 0.11414809626107271
0.12191063165518036 0.07338212463558304 0.21605578440725623 0.09172765579447881 0.1422254838069086 0.1082658115960231 0.13635932115119537 0.11007318695337455
0.10933470313863869 0.06319928856832953 0.2666274605243279 0.12639857713665906 0.10304734299987009 0.0767089274314437 0.14092498077773777 0.11375871942299316
0.12281885528371232 0.07338601621942487 0.21091403818121446 0.09173252027428108 0.14517022569911803 0.10953276748597175 0.13636655252714025 0.11007902432913728
0.10972981691096492 0.06329305751771844 0.2643990399988058 0.12658611503543687 0.10387549920409359 0.07705489626157758 0.14113407153950946 0.1139275035318932
0.10540427114411693 0.06292493582154769 0.2882073571714988 0.12584987164309538 0.0935375895183871 0.07049787512198277 0.14031321510058548 0.11326488447878587
0.10356905736235665 0.06245386453736504 0.2980269467959504 0.12490772907473008 0.0905501490369632 0.0688125005793724 0.13926279644600503 0.11241695616725707
0.10276373210894052 0.062221593354070646 0.3019801820119039 0.12444318670814129 0.0895747767989587 0.06827279460605848 0.13874486637459932 0.11199886803732716
0.08285726276916275 0.11015222337621085 0.153488106587092 0.13769027922026356 0.09624906799554378 0.16094479647279714 0.09338992851461356 0.16522833506431628
0.1036111917506951 0.06640867446656651 0.2436133102588584 0.13281734893313302 0.09634646502412282 0.08958596320881877 0.14808143231798562 0.11953561403981973
0.10501199768230443 0.06375352004802033 0.280382726227944 0.12750704009604066 0.09285984692834377 0.07356769867457826 0.14216083425633189 0.11475633608643661
0.10383234819840456 0.06270829753359253 0.2950067754921911 0.12541659506718505 0.09071795846141523 0.06961294563422668 0.13983014405251826 0.11287493556046654
0.09545642315914883 0.12661749991577811 0.1743055085668433 0.15827187489472264 0.08318812384947365 0.13920366758842412 0.08051221462035892 0.14244468740525038
0.0820629916012245 0.12311136438340688 0.11519100646025983 0.13039923659196542 0.09404883692085159 0.19438809085836098 0.09779942744397407 0.1629990457399568
0.06670198296143866 0.09394752560993543 0.06293745551950622 0.08190297104455908 0.13736498094761462 0.3007531745600654 0.09258596726776244 0.16380594208911817
0.07251686021720592 0.10558631820927004 0.08974065633680442 0.13198289776158756 0.10332792174764026 0.2489470334100753 0.08951883500351157 0.15837947731390506
0.07520219492740789 0.10826065379641084 0.09816281069130484 0.1353258172455135 0.09737698265128386 0.23149435351389702 0.0917862064795657 0.16239098069461624
0.10340005457931942 0.06750993889458788 0.21887182329012092 0.13501987778917576 0.09829710841132858 0.1048462194005612 0.15053708762464818 0.1215178900102582
0.08309579941058666 0.11070144278881852 0.13252235146771013 0.13837680348602316 0.09849015624731837 0.1769057113562301 0.09385557106008527 0.16605216418322777
0.11855094988186768 0.0759473078172312 0.16638052883801352 0.094934134771539 0.14768656216286136 0.1414535872915168 0.14112596751112366 0.11392096172584681
0.1255764864369199 0.0732706312649459 0.1745251303856719 0.09158828908118237 0.1609365043395223 0.12804486842290957 0.13615214317142932 0.10990594689741884
0.11163208282189066 0.06396845927501353 0.24851317650695315 0.12793691855002706 0.10866880959467598 0.08149720990437016 0.1426401166520451 0.11514322669502437
0.12377740838199074 0.07359268525916482 0.2047046966084166 0.09199085657395602 0.1474861326341833 0.1113086058659887 0.1367505867875525 0.11038902788874722
0.12629115411899278 0.07268537591875883 0.1874884510580583 0.09085671989844853 0.15987542167034255 0.11871019701120894 0.13506461644605183 0.10902806387813824
0.11128855244281319 0.06364135443947293 0.2540253033411926 0.12728270887894585 0.10792185557290378 0.07937506564321345 0.1419107216904068 0.11455443799105129
0.09741400082768868 0.12701310470375138 0.1628486848645937 0.15876638087968922 0.08697247910905319 0.14333183915861825 0.0807637676648854 0.1428897427917203
0.1208596627088177 0.0929839255323427 0.16557103390388012 0.0901326019013071 0.1386497850951781 0.13606961641627352 0.14306762206556684 0.11266575237663387
0.10123849255289884 0.12895815418287404 0.09740225193970395 0.112425057492762 0.12648933645029115 0.22232312113419544 0.0762535172559603 0.13491006899131439
0.0806559356540032 0.10777760877673134 0.09988500989066686 0.13472201097091416 0.10269154075464187 0.22122481247723857 0.09137666831070701 0.16166641316509697
0.10394285467287034 0.07449731359007472 0.2180335874281337 0.13345172784295212 0.09877889478806598 0.1024003491585219 0.14878871746072422 0.1201065550586569
0.08262644816333405 0.11853833019978972 0.13159164945826424 0.1371019907829838 0.0979190861260008 0.17470919084245795 0.092990915487589 0.16452238893958054
0.1030015793280797 0.08063786499462282 0.23161758956829023 0.13140080350387612 0.09629877634461578 0.0922805732303171 0.14650208987670962 0.1182607231534885
0.10451353617929318 0.07314177804919969 0.27420969986984867 0.126594405910457 0.09253111034001904 0.07393118908533639 0.14114331524643486 0.1139349653194113
0.1206229204818663 0.08297871862421516 0.21291752017336063 0.09081988387397114 0.14053172329103464 0.10813551568518188 0.13500985722160488 0.10898386064876536
0.10830376672119249 0.07271457077393569 0.2639230742350097 0.12493426081237374 0.10206266727862283 0.07632844809423187 0.13929237735349728 0.11244083473113636
0.10433228256331029 0.07104528365333622 0.2869282914175476 0.1244720348133956 0.09248404813567114 0.06993619822556893 0.13877702985911422 0.11202483133205604
0.09421172108831195 0.14154665686970053 0.1701254295306725 0.1554209094429904 0.08234217935114199 0.13741234432792673 0.07906194089056467 0.13987881849869133
0.09800491071946422 0.16199725596366607 0.13525570901908499 0.15353525180457586 0.07728708094007482 0.15975779929239223 0.08031074709777813 0.13385124516296357
0.07089646455088222 0.11879852741734674 0.06748683565605855 0.08189777511397973 0.1251132890054787 0.2737342278915189 0.09827733013677567 0.16379555022795947
0.06047708808343389 0.10699983988153282 0.052245221155601165 0.07568118960386162 0.13840108660305472 0.32928054634738363 0.08555264911740879 0.15136237920772325
0.09820904652520776 0.08002074660631632 0.191936931586511 0.13197893275187017 0.10747307754526693 0.12445356466389541 0.14714666084424927 0.11878103947668313
0.08060204961658805 0.12496331654742691 0.12390736637904695 0.13532974882195664 0.09891669250801936 0.18209625442659133 0.09178887311402278 0.16239569858634798
0.07625286388702088 0.13283431030729825 0.1058609654745869 0.13391204104813778 0.09578211070496945 0.20383596191365827 0.09082729740656302 0.16069444925776533
0.10218474541741158 0.08313178338835917 0.22000601686485963 0.13246555741194677 0.09660611266455722 0.09869757155715199 0.14768921102496155 0.1192190016707521
0.1047694915559035 0.07378569221081523 0.2694409612171403 0.12720866226987232 0.09301493890705975 0.07546429254916759 0.14182816524715616 0.1144877960428851
0.13782060923769443 0.09486427424630967 0.24108657721974333 0.10372571423047543 0.12050039014845325 0.09300286146785865 0.1156464306420375 0.09335314280742786
0.08768736933536796 0.1263471002477944 0.13547871299686 0.13283971947653345 0.10105776328808026 0.1670816876385707 0.09009998364495313 0.15940766337184012
0.10396507219935183 0.08133244572717388 0.23291733912940504 0.13083868974148488 0.09671293075566963 0.09060332669914659 0.14587537498043165 0.11775482076733639
0.10467820510379114 0.07316574566572069 0.27469016481000885 0.1264785992809307 0.09255566066367968 0.07358668562623262 0.14101419949679883 0.11383073935283762
0.10321257850134509 0.07097468918160556 0.2916325541614453 0.12428261671433813 0.09015606628238504 0.06932129730163236 0.13856584281434414 0.11185435504290431
0.1365104455580469 0.09381882534788336 0.24915801865278456 0.10302375826140828 0.11894028697571868 0.09096348064758943 0.11486380212130147 0.09272138243526747
0.11071256008180039 0.07286291701002241 0.2786458113836011 0.12276579765994668 0.09562347691609478 0.07202551629043323 0.13687470276414948 0.11048921789395201
0.10434790675123837 0.0706368502079367 0.29284335128964356 0.12368383152280081 0.0905094972276642 0.0687648726189537 0.13789824201124207 0.11131544837052074
0.1367840978699495 0.093682854110268 0.2495177887429107 0.10292410431401919 0.11895268927875952 0.09075407639465152 0.11475269540682438 0.09263169388261726
0.1463763436455562 0.096249559748333 0.23026493193318587 0.101376815801104 0.12635049985109356 0.09511513061551768 0.11302758418421596 0.09123913422099361
0.08929498898277966 0.1264308026851171 0.13264731976743319 0.13256169647326452 0.10233307218277017 0.16774667261972132 0.08991141152099681 0.1590740357679174
0.10445227738381407 0.08139444768251686 0.23159085318029987 0.13091351191281345 0.09707658536662199 0.09079136763468272 0.14595879611771886 0.11782216072153211
0.08227564366477086 0.12590669610627694 0.13444816435946275 0.13601884501978412 0.09696997686095374 0.16890179986463538 0.09225626010037533 0.16322261402374091
0.11659113277839682 0.09240997794597146 0.16506655644938842 0.0930407072743245 0.14513416384364333 0.13779735261307538 0.13831126036601077 0.11164884872918941
0.08323204077893738 0.12571436730974972 0.11604901474463919 0.13296932730746963 0.10666559764394616 0.18561856788122813 0.09018789156506636 0.15956319276896352
0.10347922289133002 0.08178938556912663 0.22422910772081497 0.13170402704100953 0.09868048629677795 0.09474398465204119 0.14684016149199122 0.11853362433690857
0.10488972775426386 0.07346530590286267 0.27110143046135343 0.1269192014089929 0.09330373893628503 0.07458787627931611 0.1415054379888324 0.11422728126809363
0.13778623075287105 0.09475628882925242 0.2416711145701734 0.10365866037629629 0.12052215091260784 0.0927410896214856 0.11557167059864674 0.09329279433866663
0.12863454726128995 0.08455631347769728 0.19897628331713074 0.08891592312463704 0.14826914057643342 0.11176919280348796 0.13217949168975895 0.10669910774956445
0.08578990876476032 0.12417180648554055 0.1247915228734828 0.13293289212982176 0.1076512328093028 0.17497998737151377 0.09016317900979215 0.1595194705557861
0.10381358130075719 0.08132791044721299 0.22809059535179405 0.1312673432884532 0.09859361397022785 0.0924130549857163 0.14635329169623065 0.11814060895960789
0.12139937748568727 0.08488873235702105 0.19738756518013387 0.09172193504919593 0.14383870288326311 0.11434654810656047 0.13635081687910322 0.11006632205903513
0.09744316623311071 0.14362418836941332 0.14364422374167285 0.15376696437946832 0.092342189928658 0.15256841317833883 0.07822058622781651 0.13839026794152148
0.07970363135101718 0.13695060961759645 0.11094400418116131 0.13404767074121293 0.09444493198859157 0.19213265751083808 0.09091928972012704 0.16085720488945554
0.10293048519618171 0.08352091346359009 0.22232258066827995 0.13227449025609653 0.09613270742732588 0.09629559635310737 0.1474761854049315 0.11904704123048689
0.1048690325238772 0.07376852109984547 0.27039491362572643 0.1270937493574556 0.09282782573432924 0.07496153731165409 0.14170004592540197 0.11438437442171004
0.10343382850098938 0.07117458355603191 0.28991348215398055 0.12451822380063886 0.09037173604242475 0.06969321739240832 0.1388285271329511 0.11206640142057497
0.10231066995985001 0.07030352037447182 0.29773678241511914 0.12348456584338809 0.08914438058419386 0.06820789591465785 0.13767607564926998 0.11113610925904926
0.10173268239571315 0.06998113170782731 0.300866781238363 0.12308076088254424 0.08860627759975606 0.0677338181288787 0.13722586325262767 0.11077268479428984
0.10147174807576474 0.0698569618695759 0.3021197637177016 0.1229222327164339 0.08838255545088085 0.0675676125469775 0.13704911617787482 0.11063000944479053
0.10136046946415157 0.0698082287581468 0.3026217592176354 0.12285949781398031 0.08829160912633821 0.06750571614381741 0.13697917144334817 0.11057354803258226
0.08152639557242773 0.12308399423328462 0.15229872341747988 0.1353990545722683 0.0946902675574768 0.15868681866784579 0.09183588049249503 0.16247886548672194
0.10196881884468113 0.08061982267670326 0.24072996699608568 0.13041154739754682 0.09485140745498688 0.08864890082896905 0.14539914314323504 0.11737039265779214
0.08177223613670695 0.12571877295052347 0.13672324666734811 0.1359779107574954 0.09642738208957138 0.16797846249731974 0.09222849599204036 0.1631734929089945
0.1335166096229263 0.11192509375970697 0.19040203555127583 0.10648659655047625 0.12467849612385898 0.11842862310348266 0.11872460839284442 0.09583793689542862
0.11198013341653011 0.08050160642209069 0.2534027560883289 0.12500373450744093 0.09872351567495326 0.07851505749506615 0.13936983533889308 0.11250336105669684
0.10538362198291577 0.07487324365220017 0.28220500801514564 0.12447628360976241 0.09183177763042857 0.07041964291077243 0.13878176694998884 0.11202865524878616
0.10280307088896151 0.073328990177634 0.2942154517810372 0.1233413148773391 0.08946665651833145 0.06832097085459558 0.13751636151249597 0.11100718338960519
0.1017332179716972 0.07277488444837525 0.29910096110848583 0.12278225477306358 0.08856136024881962 0.06765024093666917 0.13689305121713208 0.11050402929575723
0.09303114895339235 0.14606055387732914 0.17282835173043104 0.15418083655597636 0.08101117144405692 0.1356940633338736 0.07843112120456189 0.1387627529003787
0.07842171222964311 0.14548777630807092 0.11760743887183925 0.13304536162033095 0.09127453507342645 0.18426927928806783 0.09023946266422447 0.15965443394439713
0.10188351394147174 0.08939220650007573 0.22443594767959624 0.13109613822374455 0.09474577590804915 0.09429748252011458 0.14616241082557788 0.11798652440137009
0.08132964936259042 0.13227782464838211 0.13207175628794143 0.13513574672065706 0.09589519275994698 0.16946964507559586 0.09165728908009783 0.16216289606478845
0.10218618058182129 0.08682857500526282 0.23099033693903695 0.1305361520534435 0.09540582511287286 0.09103232542375862 0.14553806803570488 0.11748253684809913
0.12055283394898662 0.0889194789543131 0.1980639050778141 0.09130404931113238 0.14226932574181061 0.11359594613006506 0.13572960166251918 0.10956485917335886
0.08387103772602233 0.1300252907196613 0.12413958866024943 0.13237439417264685 0.10583645749270205 0.1751195865218333 0.0897843716997083 0.15884927300717622
0.08833764663968015 0.16277464754398724 0.1217919431363103 0.15346475223472325 0.083969272994807 0.1734766082154907 0.07806685222375052 0.1381182770112509
0.10813639060462177 0.08769967290770597 0.2277092252653643 0.13423697856616718 0.0860564405563188 0.0905283292228563 0.14860585335774304 0.11702710951922267
0.061533806331358146 0.09824907914930758 0.09900020666764042 0.10075134851764542 0.11654315090167429 0.20852688263800598 0.11389282875907744 0.20150269703529083
0.09853836802275721 0.0825565816212975 0.21691377964778363 0.13278666242637957 0.10179091350923002 0.09985847943581702 0.14804721915299332 0.1195079961837416
0.10368845077289318 0.07650235603217966 0.2677222059143177 0.1268512665601072 0.09406571277310004 0.07557417234121602 0.14142969570208966 0.11416613990409648
0.10298038304153057 0.07403631769842257 0.288455272779328 0.12416361168059648 0.09050459385656452 0.0696794093483263 0.13843316108269485 0.11174725051253681
0.11950265875590094 0.08558678393971132 0.21732753611197947 0.09012806889782764 0.13901543477958733 0.10630440704321768 0.13398142779438257 0.10815368267739317
0.08369536146633375 0.12914402792637475 0.12902512149890075 0.13234727782283126 0.1051078467278357 0.17209765142962322 0.08976597974070297 0.15881673338739752
0.10270130072187823 0.08623861925072256 0.22922351560138957 0.1303032610492841 0.09749469867279083 0.0914872578135862 0.14527841194599286 0.1172729349443557
0.12067525928223831 0.08878795880309591 0.1973783471763019 0.09127419747455563 0.1429719238055963 0.11369805158627141 0.13568522490247373 0.10952903696946674
0.083893404210164 0.129985688833028 0.12396670700964169 0.13236893957420365 0.10600210403451932 0.17515975679037382 0.08978067205902508 0.15884272748904435
0.1029249986109819 0.08652006827351276 0.2269420827825472 0.13052386657156684 0.09786897811859224 0.09222415508814961 0.14552437064023943 0.11747147991441013
0.08154962327129614 0.13151332965621934 0.13273754723443648 0.1351247863784367 0.09665406956884992 0.16862104512778459 0.09164985510885272 0.16214974365412402
0.07604428561147802 0.14133751126148036 0.1075381832556066 0.13299032448112674 0.09478921356812124 0.19750995931850557 0.09020213312632944 0.15958838937735206
0.08632240341146571 0.1657613249820418 0.11675732129759375 0.15308024663220543 0.08148457714661488 0.18095064866558053 0.0778712558955132 0.13777222196898486
0.10740014863571873 0.08791101667217398 0.22859454651999148 0.13387950246724312 0.08551755107907516 0.09177165831495677 0.14821011262144942 0.11671546368939144
0.08254096242493363 0.13207679936860267 0.13326219170662743 0.13537194476810083 0.09383418259024791 0.16865009244661985 0.09181749297314666 0.162446333721721
0.10247531479713634 0.08677079682551272 0.2315448885322299 0.13050678381134112 0.09489236018732418 0.09084842577882819 0.1455053246374206 0.117456105430207
0.12063271511482206 0.08890481829324148 0.19826084529045873 0.09129915013621379 0.1420819098673444 0.1135392624245094 0.13572231870995363 0.10955898016345655
0.09668716279565182 0.14986095820331727 0.14313859033928206 0.152572798953839 0.09145077898745495 0.15136107219417724 0.07761311946782244 0.13731551905845507
0.10539886027950682 0.08902715747894611 0.2351085246935493 0.12931448676283647 0.09362574272881481 0.08696618756406402 0.14417600240572961 0.11638303808655283
0.104644399205595 0.07692391340525083 0.27509348447022697 0.12578042430754616 0.09149221065108484 0.07262739957941965 0.14023578650408502 0.11320238187679153
0.10292895846204721 0.07388392934075674 0.2914180304113609 0.12377216677592454 0.08966516718457031 0.06894006850071628 0.13799672922629197 0.11139495009833207
0.08155190989211807 0.12798066166834254 0.1490873900585933 0.1348045352249532 0.09467727619294933 0.15870014341008803 0.09143264128301173 0.16176544226994383
0.10164315159430606 0.08562385706714146 0.23852731943229993 0.1297469577049322 0.094560890294356 0.08846738674030999 0.14465817523221544 0.11677226193443897
0.081301598685708 0.13127176489214343 0.13565243976202251 0.13510103290816422 0.09587188998645835 0.16704629021625605 0.09163374405945052 0.16212123948979704
0.11570274195656745 0.0981356350103356 0.16480850359304502 0.09238067276961155 0.1440367399953375 0.13674882460748974 0.13733007474407927 0.11085680732353387
0.10862367532327745 0.07923951573548217 0.2428341023350901 0.12670263321742525 0.10440490121233645 0.0828988216636659 0.1412639806170398 0.11403236989568273
0.10497353481527638 0.07500196940769575 0.27792648255253 0.1250621157533948 0.09351459101237022 0.0715304762093554 0.13943492607132227 0.11255590417805532
0.13704263159913913 0.09788342003968302 0.24354692583892928 0.10288545968177323 0.11989210269204897 0.09144293690903268 0.11470960952579792 0.09259691371359591
0.11074475590721466 0.07670350328011852 0.2757841073611345 0.12239757191218205 0.09573587085025266 0.07201221743320861 0.13646415853492536 0.11015781472096385
0.1042033582573401 0.07363581290241926 0.29130294697151654 0.12332977590761349 0.09039061303889845 0.06863719818299091 0.13750349642236906 0.11099679831685214
0.1197489736175054 0.08542489320027671 0.2182211424683303 0.09001920948235145 0.13884151914992676 0.10590160974096362 0.13381960096182396 0.10802305137882173
0.10759171820341633 0.07567502103545419 0.2656912700715717 0.1241214671200281 0.1012393283586999 0.07558570176002719 0.13838617304277756 0.11170932040802528
0.0824316409431419 0.12839352568734386 0.14254249881262654 0.13473851634207085 0.09739424168929023 0.16142549365694148 0.09138786325810024 0.161686219610485
0.10207330773950654 0.08585966340108998 0.23557609499650545 0.13000140962967627 0.0953864728765089 0.08915991255064873 0.14494187013935547 0.11700126866670865
0.0813924703690755 0.1313474090659772 0.13491937319608652 0.13512113477618598 0.09607559222971897 0.1673512802615978 0.09164737836993483 0.16214536173142313
0.07602907422402062 0.14132225193216727 0.10809243127110017 0.13301675960647621 0.0946730847904868 0.1970262236105412 0.09022006303743604 0.15962011152777145
0.07446121280051109 0.14298615857587715 0.10085243629784511 0.13205210552435576 0.093694091463774 0.20792569278754253 0.08956577592086738 0.1584625266292269
0.11388059043874713 0.10050000003353503 0.1521872229907885 0.09250657806782085 0.14353841155901817 0.14886206180251174 0.13751724142619337 0.11100789368138501
0.08205946468178466 0.13241633860142288 0.11203695087317064 0.13170720636210598 0.105504475512801 0.1888950720190201 0.08933184431516755 0.15804864763452717
0.10284146236945046 0.08725803757482802 0.22152954073119832 0.13101718991482725 0.09813436272449098 0.09522954640906066 0.1460743893527999 0.11791547092334449
0.08151427048103246 0.13168905069272985 0.13134823234790208 0.13511646374742875 0.09669566823460427 0.16985234780547986 0.09164421019390821 0.1621397564969145
0.07602044592947972 0.141352674213099 0.1071754493753555 0.1329608232853931 0.09477781969506352 0.19797767593947943 0.09018212361965794 0.15955298794247175
0.10159274796218844 0.0890173653415898 0.2196805945217088 0.13152686910739353 0.09590248657506556 0.09726311067864916 0.1466426436167507 0.1183741821966542
0.12060706195707585 0.08949785331740358 0.19422661347609674 0.09150976102138005 0.14271768873498944 0.1155939023311377 0.13603540593626048 0.10981171322565605
0.08386452793948788 0.1301601331700908 0.12315383924526149 0.1323610250600991 0.10592042549669924 0.17593151506243618 0.08977530395380635 0.1588332300721189
0.07627975780620852 0.14059447049234186 0.10492908177507333 0.13251916545774556 0.09669819859449731 0.20007376292741122 0.08988256439742741 0.15902299854929464
0.10170280230711465 0.08893205678552524 0.21858738820960752 0.1315650839953281 0.09640156391468323 0.0977172788270058 0.14668525036494043 0.11840857559579528
0.12064880327840294 0.0894893945925509 0.19383794848490615 0.09151772066827121 0.1429051582548163 0.11573247143315955 0.13604723848596734 0.10982126480192544
0.10876097854135162 0.07700781677396054 0.2553159319364648 0.12529839375438884 0.10305668933055691 0.07809327687458345 0.13969835840974398 0.11276855437894996
0.08269345807076664 0.12882050825427865 0.13995504668010236 0.13484026966257667 0.09786500776749352 0.16256050741594236 0.09145687855374766 0.161808323595092
0.10223191026334867 0.08600444292415858 0.23442622316542988 0.13012051388036378 0.09558108320857596 0.0894527015753006 0.1450746624904951 0.11710846249232738
0.12048131556132337 0.08870244793741609 0.19920857978065998 0.0912262939005342 0.14222993404675577 0.11306586307038292 0.13561401302228665 0.10947155268064104
0.10851126712306473 0.07673149577848272 0.25761424849349185 0.12504174856270941 0.10270624701215034 0.0774452011500148 0.13941221817364766 0.11253757370643848
0.10436629901464684 0.07417882921102319 0.2839655576757157 0.1242979303901514 0.09261160036363325 0.07012872957362895 0.13858291642006434 0.11186813735113628
0.10248343888762144 0.07317258701197832 0.2949308249880221 0.12325436408566966 0.08958544825681115 0.06822499122414499 0.13741941786864958 0.11092892767710269
0.10162698485025652 0.0727308461492707 0.2993896918496044 0.12274650010193114 0.08856489161900219 0.06761604791111865 0.13685318742707844 0.11047185009173803
0.1352706705689456 0.09691502004636456 0.2514879734862636 0.10231184809245111 0.11782504652201871 0.09003870259021167 0.11407007541053878 0.092080663283206
0.12730442601892264 0.08834887165622618 0.20189476205967102 0.08827474128071666 0.14660265981846243 0.11041851781482188 0.1312263318143191 0.10592968953686
0.09805581185451909 0.14935885562816037 0.1440126539108047 0.15210584679038536 0.0922446236983785 0.14995136307390475 0.07737558293250038 0.1368952621113468
0.10569152541441763 0.08889180999857502 0.2354293742739006 0.1292184723552737 0.09375408978742852 0.08664914954410677 0.1440689535065514 0.11629662511974631
0.1387454541706575 0.10188997696001927 0.22794085105418987 0.10415334624746836 0.1212597604278018 0.09614939108899424 0.11612320842814754 0.09373801162272151
0.12877609003196427 0.08959867442111111 0.19384280306680104 0.08866271450190151 0.148344781076794 0.11257659943363292 0.1318030800655133 0.1063952574022818
0.11059797270447039 0.07680558878056834 0.25481914462941635 0.12483871855311181 0.10408862657687878 0.07730924719331408 0.13918585486443957 0.11235484669780062
0.12204864689972023 0.08632260166837459 0.20549010052271047 0.0903864381791745 0.1441649981715515 0.10875797765919408 0.13436551108426537 0.10846372581500938
0.108613901346868 0.0761264797124026 0.26017739050820093 0.12464102140832713 0.1028752608553054 0.07642358959987869 0.13896543730152294 0.11217691926749442
0.10428319509403558 0.07400248088744173 0.28499210978638884 0.12415015412468243 0.09255270921555281 0.06986605526753856 0.13841815691214593 0.11173513871221419
0.10242199405447273 0.07311471399144102 0.29534132550118214 0.12319922672638203 0.08953626163155395 0.06814923021345216 0.1373579438277722 0.11087930405374383
0.08143123562208063 0.12773128465894512 0.1500615762415412 0.13474616690305932 0.09462216904304564 0.15831911491340792 0.09139305233424895 0.1616954002836712
0.10157628550739979 0.08555388379477039 0.2389550491576587 0.1296992728225347 0.09451525600437456 0.08836589702606502 0.14460501014691557 0.11672934554028126
0.10358121269210431 0.07630829264962556 0.2767873089351548 0.12567148295446387 0.09161272236112435 0.07282032072315966 0.14011432502535 0.11310433465901748
0.11995339114459676 0.08621440158819384 0.21344336935606784 0.09038244259665336 0.13973164313787043 0.10745624967814602 0.13435957138248766 0.10845893111598404
0.14178455652660776 0.09984844824918605 0.2166884527640051 0.1021983828910754 0.1336162844683443 0.09994176032025648 0.11394357017855718 0.09197854460196785
0.11280215122133048 0.07759239428276547 0.26409662919293375 0.12329832874219211 0.099633020890827 0.07414054462225077 0.13746843517972762 0.11096849586797289
0.12250023808537171 0.08631155800677189 0.20863610586658157 0.09019777642108959 0.1423617297180827 0.10767020748723505 0.13408505270956006 0.1082373317053075
0.10861193860657438 0.07603956543399915 0.2615213102053385 0.12449503761547408 0.10234715623752136 0.07613678178036118 0.13880267626680465 0.11204553385392667
0.10423257132820306 0.07395187998081094 0.28554317609841956 0.12408432922279919 0.09238824565588244 0.06977913435451344 0.13834476705885224 0.11167589630051929
0.11987319981500302 0.08557304583537746 0.21627237287913414 0.09012828025089564 0.13968175285118398 0.10633567008241739 0.13398174198491353 0.10815393630107477
0.10769409813199518 0.07574968231451543 0.2648587543545393 0.12420922728261606 0.10149913708224918 0.07571677720493308 0.1384840190747973 0.11178830455435444
