0.125 0.125 0.125 0.125 0.125 0.125 0.125 0.125
0.099626400996264 0.07845579078455792 0.199252801992528 0.15691158156911583 0.08685378548392246 0.06839735606858895 0.17370757096784492 0.1367947121371779
0.0745303753200788 0.12421729220013136 0.1056354961590544 0.1490607506401576 0.0931629691500985 0.15527161525016417 0.11179556298011822 0.186325938300197
0.07404950254662265 0.13739998702337416 0.09742181999485847 0.1480990050932453 0.09256187818327831 0.1542697969721305 0.111074253819934 0.18512375636655662
0.07235911333996942 0.13599316784123688 0.09469001654044039 0.14471822667993883 0.09044889167496176 0.17235413056357524 0.10853867000995412 0.1808977833499235
0.07085351026863823 0.1332601805096344 0.09262981638951344 0.14170702053727646 0.08856688783579779 0.18956854338458665 0.10628026540295736 0.17713377567159558
0.05944060896884259 0.11170555227214767 0.05824025742609255 0.08916091345326389 0.11888121793768518 0.27725652689152386 0.10699309614391667 0.17832182690652779
0.07295173961840627 0.1290684624017957 0.09118967452300783 0.16133557800224463 0.08754208754208752 0.15488215488215484 0.10942760942760942 0.19360269360269358
0.10634988949359081 0.09404263221031754 0.1387003829238611 0.10050064557144334 0.13293736186698854 0.14231844672910823 0.15952483424038624 0.12562580696430417
0.06247999785371301 0.11054153466426148 0.0544697417186216 0.09636954304063822 0.12495999570742602 0.24950061749682018 0.1089394834372432 0.19273908608127643
0.09436822711341764 0.07617676164577086 0.18873645422683527 0.15235352329154173 0.08493140440207587 0.09645264955381913 0.16986280880415175 0.13711817096238757
0.09365732293032429 0.07909645355427068 0.22092403699800134 0.14751028361526078 0.0882425851751737 0.07867066126079186 0.16329994767338593 0.12859870879279145
0.06077332266065962 0.10905276509005465 0.07513856865854322 0.09115998399098944 0.13194062956448885 0.24022278126409802 0.10939198078918731 0.1823199679819789
0.08128370547560389 0.14380963276453 0.07587079417095943 0.125372500358821 0.09754044657072469 0.24064065911583638 0.08503526111293946 0.1504470004305852
0.09115227339268127 0.0821483029195871 0.2065510400296656 0.14356483059347303 0.09305370346493051 0.0994385975258059 0.15893216899236734 0.1251590830814893
0.10108921344653657 0.08609991730522748 0.1760428840321529 0.09552930670697707 0.1467394530837752 0.12345377187180454 0.15163382016980487 0.11941163338372132
0.0827360932455942 0.14637924189605128 0.08400667561630733 0.12761267242219856 0.09928331189471304 0.22029211585387576 0.08655468216462162 0.15313520690663826
0.1303680314821599 0.10878728142537475 0.17141160430578734 0.11364675740288989 0.12330127223054929 0.12759676072635634 0.12581163212692734 0.09907666029995528
0.07061405181857301 0.10601552279360033 0.07149166261861724 0.0857924024529372 0.13977330421937936 0.2517773682474938 0.10295088294352464 0.1715848049058744
0.06622429677654187 0.11716606352772793 0.08852980544482442 0.14645757940965992 0.09026024319617137 0.21627647118866983 0.09933644516481283 0.1757490952915919
0.09987918931519775 0.07876652083434936 0.21418788823329687 0.14072281814696097 0.09366635301050562 0.09430985486729053 0.15578594438735602 0.12268143120504288
0.0984373821017701 0.150400189599314 0.11542872614998642 0.12522886085897514 0.12645010387517583 0.21499577525516217 0.09392164564423135 0.07513731651538508
0.0565118877252468 0.09998257059082126 0.05479191498217287 0.08716429230994674 0.12690936565538663 0.30177783628789673 0.09853354782863544 0.17432858461989348
0.10094348619093381 0.08148450090111524 0.1330513906522294 0.10185562612639405 0.13641254595309132 0.17261046953816275 0.15141522928640072 0.12222675135167287
0.09904320505787913 0.07277420190343259 0.20374189414172558 0.14554840380686518 0.09195026750965066 0.09367285573079319 0.16227560842347505 0.13099356342617866
0.101129809583863 0.07270535758097268 0.2591965250069374 0.13533077699536303 0.0904211616076394 0.07341895866297182 0.14981673318167985 0.1179806773805729
0.07890643517164342 0.11952592122515575 0.13496785200022648 0.13336143612919754 0.10057441238077496 0.16594107083460685 0.10002107709689817 0.1667017951614969
0.09280310332463028 0.15212307681732024 0.09912521388004167 0.1218651620628701 0.12476973331797162 0.24479574181229155 0.09139887154715258 0.07311909723772206
0.08326753314683924 0.13478709718355195 0.07793176653667978 0.11750670010873761 0.10284899768671317 0.2629496686115015 0.07970019659549159 0.14100804013048515
0.12551923082991653 0.09347122637761214 0.16460561688830092 0.11683903297201517 0.1230890348824984 0.14105392594186497 0.1302668024329781 0.10515512967481365
0.07352969458636406 0.11548173364266955 0.11137628430192105 0.14435216705333695 0.09529004972797586 0.18883904387450845 0.09790842634921984 0.1732226004640043
0.07440738853406648 0.1225589735680707 0.1019439447724331 0.1314353030849524 0.09989091908040428 0.2068928647901682 0.09857647731371431 0.1642941288561905
0.09351150158522548 0.1501483262867048 0.09136790980104573 0.1198526839276034 0.12271580641886386 0.26060264867829225 0.08988951294570255 0.07191161035656203
0.0693551158755579 0.11198245670970353 0.09540661867898584 0.13997807088712944 0.09261484167027277 0.2277475630338292 0.09494164807996605 0.1679736850645553
0.11268933644343025 0.08550452443673251 0.1462522468447147 0.09189609666698036 0.14733634745772808 0.15558450721037057 0.14586682010631802 0.11487012083372544
0.08574541238390512 0.1361639004184302 0.08896330643265661 0.11870699010837507 0.11641144424088692 0.23104625195131992 0.08051430633437612 0.14244838813005006
0.09518520567148296 0.07070158568627455 0.20987249515322492 0.1414031713725491 0.09503754237201235 0.10288316190424526 0.15765398360491667 0.12726285423529418
0.11976293869702499 0.0815519188885807 0.18029211634205555 0.09115042274345087 0.14683034552970084 0.12179101866598324 0.14468321070389026 0.11393802842931358
0.06323718421310823 0.09972937279245854 0.07111388261560048 0.08694355576778437 0.14213812720718957 0.2646667463047078 0.09828401956358232 0.17388711153556874
0.06730586513792111 0.11184037940746254 0.09303746621154185 0.13980047425932815 0.0951234803988551 0.2303105742369358 0.09482119123676172 0.16776056911119377
0.1031699630751032 0.07693965780200267 0.21833268394175517 0.137789348965818 0.092937904225041 0.09816792075633327 0.15253847341759255 0.12012404781635415
0.08417197432363231 0.11880950061286656 0.12634957805318037 0.13192585672951837 0.10013899947723662 0.17475237734452898 0.0989443925471388 0.164907320911898
0.07983175481769816 0.12215889318580457 0.10513904912374974 0.13040009231577235 0.10026803098708141 0.2014019949383491 0.09780006923682927 0.16300011539471543
0.06663969177750055 0.10325887718056731 0.0636009552056695 0.08240214902240611 0.13523027980173208 0.2851811701404249 0.09888257882688732 0.16480429804481223
0.05878888501116875 0.09284535984751129 0.05308174780688245 0.08094210858500983 0.13056943283879283 0.3303884738184303 0.09149977492218503 0.16188421717001966
0.09581083626974916 0.06985932737076689 0.19645459359128958 0.13971865474153378 0.09641501338970931 0.12021891209804007 0.15577587327153092 0.1257467892673804
0.08266697685793657 0.11773315304007781 0.12128102021106854 0.13165403552237864 0.10055457646849597 0.18280216685528522 0.09874052664178398 0.16456754440297328
0.07928440024483642 0.12156618536753269 0.10371243440434427 0.12984424812548767 0.10201673027717004 0.20388750532965372 0.09738318609411577 0.1623053101568596
0.096013870902624 0.14882275697425942 0.09149132941576917 0.11875645970971735 0.12605380843606606 0.2585405539534456 0.08906734478228802 0.07125387582583041
0.07353161866669324 0.11078859305460445 0.09726911864170978 0.13848574131825556 0.09233479008929071 0.227477789318636 0.09392945932890377 0.16618288958190663
0.10398308221822467 0.07636161205397116 0.21996361962404487 0.13678400554913794 0.09485844133175453 0.09737612771293254 0.15142551692863457 0.11924759458129974
0.10423063817228316 0.14664485285662684 0.1180052134044617 0.12213183577707339 0.12832202954752414 0.21578745194298174 0.09159887683280504 0.07327910146624403
0.06400755675312009 0.09528237329946511 0.06159456195417711 0.0830666844149183 0.13270822662277199 0.3033057587871076 0.09390146933860329 0.1661333688298366
0.09601895029221544 0.0693868787606365 0.20021454081837617 0.138773757521273 0.10102818029561984 0.11495892715707523 0.15472238338565808 0.12489638176914568
0.10551483083394352 0.07087405433916447 0.26071613040052194 0.1320905076707676 0.09338080697615542 0.07603822073782228 0.1462296218414684 0.11515582720015637
0.07694480810711916 0.11433725849110121 0.13753326788025433 0.14292157311387652 0.09404203902315085 0.16577705518799932 0.0969381104598467 0.17150588773665182
0.10360211645515509 0.07578003357069413 0.23717186478800845 0.13536014491132414 0.09412813640594823 0.08610217901789002 0.14984924467187694 0.1180062801791031
0.08399140688888014 0.11816207227512152 0.1310091875600443 0.1312680766351112 0.10332025048460791 0.16971285288601257 0.09845105747633341 0.164085095793889
0.09782368226073224 0.14958052089878565 0.09802278424504392 0.11973131188109289 0.12828740382205084 0.24491702585281913 0.08979848391081967 0.07183878712865574
0.07342811400150698 0.11014557427376573 0.09869129096895612 0.13768196784220718 0.09925537474643255 0.22219502552437717 0.09338429123210573 0.1652183614106486
0.09736217327539762 0.06944557831155784 0.21749502897097883 0.13889115662311569 0.09667655322585712 0.10027419400920314 0.1548532746230857 0.1250020409608041
0.10520184716373171 0.07045994945934944 0.2677998759662138 0.13130594999811307 0.0921464541755631 0.07325298514552497 0.14536108424699531 0.11447185384450884
0.09203243565514145 0.13671955080593032 0.11665932246222284 0.11919140326670848 0.11438741513343402 0.1971373239321364 0.08084286482437616 0.14302968392005017
0.07391232386707394 0.11210205524437832 0.10436420165598387 0.1401275690554729 0.09903047625918102 0.20726724421371742 0.09504304683762511 0.1681530828665675
0.07737212048580328 0.12030693828794851 0.09997206783315311 0.12915641254763272 0.10279171388520855 0.21208792186498834 0.09686730941072455 0.16144551568454088
0.0854128530639933 0.13267218104216974 0.08304885499869787 0.11566292706240441 0.11477324849670346 0.2511847853753413 0.07844963748580472 0.13879551247488528
0.08455607071782018 0.12945600497522947 0.11229162871256848 0.16182000621903683 0.08657849761259197 0.19734265256724023 0.08231713359837961 0.14563800559713314
0.0792885665351372 0.12237588293127659 0.10177982835291328 0.1292538609755724 0.1001902374040463 0.2086039018499094 0.09694039573167931 0.16156732621946548
0.06102633778522711 0.1063887289157135 0.0594685795962976 0.08223403019005163 0.13596254880642578 0.29749150628525317 0.09296020804092793 0.16446806038010325
0.09442777938405397 0.07621411268280591 0.19786540311167475 0.13686748554045905 0.10542797106578342 0.11341947884265621 0.15259703238615357 0.12318073698641316
0.09674309059471312 0.07192655189674968 0.2550677562555412 0.13324659443003106 0.09577173418168981 0.07876232864046612 0.1485600090137809 0.11992193498702798
0.09531487286232494 0.07029183821495956 0.27648362905799706 0.13071892293411805 0.09211126392237737 0.07169059843947774 0.14574184392803907 0.11764703064070622
0.09438741445585024 0.06963351573018801 0.2843134162992055 0.12967251946045863 0.09070417895834747 0.07000850543681719 0.14457518214472026 0.11670526751441275
0.07466777347324503 0.12081675026527348 0.14259104984805054 0.14069408084790705 0.09552085649547909 0.16144930243397587 0.09542728961858044 0.16883289701748844
0.10315711437703756 0.07602779900876626 0.23916660835952103 0.13495592014002322 0.09444465194117328 0.08519227584348564 0.14940175123356253 0.1176538790964305
0.06672647053498991 0.10722890551718554 0.08138606104684194 0.08658602993151829 0.1414596218501062 0.24556099133373566 0.0978798599225859 0.17317205986303658
0.09496872468939614 0.07599116679382528 0.20767910178454807 0.1364531515898947 0.10619916076594092 0.10376577699377115 0.15213508095171843 0.12280783643090525
0.12817705126486895 0.09519090341088027 0.21501699222990653 0.11023285326955996 0.12711670754631835 0.1021545192726361 0.12290140506322582 0.09920956794260397
0.10470171664016488 0.07149853700504936 0.25895630550856624 0.1297322326824152 0.0983741665305119 0.07533627428812739 0.14464175793099127 0.11675900941417369
0.11634078935986895 0.081209206273869 0.20176582861392783 0.09436583238204775 0.14307378426183084 0.10972441241041678 0.14028114783958145 0.11323899885845731
0.0813858932192915 0.1199625407544857 0.12274545532190852 0.13790046578220258 0.1052253031053644 0.17376729304321897 0.09353248983488523 0.16548055893864308
0.10515154532753485 0.07625805187379518 0.23072874025245538 0.13542764592821388 0.09685213040786468 0.08759278791832661 0.14992397107234096 0.11806512721946852
0.0805767589479289 0.12121330467558704 0.13040872684649954 0.1402156408631797 0.09662997225829531 0.16759404487418952 0.09510278249850448 0.1682587690358156
0.11737008171598477 0.08538814208485514 0.1572376927650034 0.09090530757471403 0.15240781407871212 0.13876518830485546 0.14429413900748259 0.11363163446839254
0.09599636428914812 0.14181811360344404 0.09264101077374123 0.11324290358679001 0.1261827105278915 0.21741918265597096 0.07680823025886627 0.13589148430414802
0.10449139507390565 0.07769106589194742 0.21099239674092812 0.13489558003833024 0.10200885030107239 0.09811618501091195 0.15039850490840698 0.12140602203449721
0.137130960733851 0.09439813711761617 0.21473194190465741 0.10905582281590279 0.12490042229863484 0.1000433706495337 0.12158910394549162 0.0981502405343125
0.11009636983383846 0.07105251681918366 0.2579688638841303 0.12893450383784125 0.09750667113906863 0.07464767123058605 0.14375234980129464 0.11604105345405712
0.08209354505625559 0.12025558861907848 0.13643870276309222 0.13974302356594062 0.09660453454155175 0.16239075249544493 0.09478222467950756 0.16769162827912873
0.11784337942378569 0.08521731544275508 0.15901790395938534 0.09079494713679308 0.1522441403157649 0.1372696660913292 0.14411896370919533 0.11349368392099134
0.0825557502841773 0.11984111436717801 0.11273225862839567 0.1371990737393007 0.10667742467266245 0.1832987267631646 0.09305676305796048 0.16463888848716085
0.10308876507080826 0.0764220604570789 0.22094846265362825 0.13572310788624237 0.09807611983959012 0.09226955029201447 0.15132113670301944 0.12215079709761811
0.081334496746254 0.12114772172246625 0.1281635760415771 0.14011448874029037 0.09682533459401949 0.16924282069536914 0.09503417497167521 0.16813738648834844
0.10533756901509006 0.07631277501265228 0.23316883136020433 0.1354068574944649 0.09504812326863539 0.08677788245778961 0.14990095742162982 0.11804700396953349
0.08171142215658314 0.12107468609778356 0.13089338087955113 0.1400234383948171 0.09616224305888144 0.1671342842534227 0.0949724190851803 0.16802812607378048
0.10533202654835905 0.07623801404973163 0.2342676763142975 0.13528172084931642 0.09482497814717643 0.0863552475956462 0.14976242601145323 0.11793791048401944
0.09745636454527724 0.14439113251014818 0.10908837225574099 0.11647085919219388 0.1146801951791362 0.19915041905216554 0.0789976262347054 0.13976503103063265
0.07835966579120304 0.12588565637463378 0.10083428330192279 0.13631344196947118 0.09795562548534666 0.20461912303041568 0.09245607368364132 0.1635761303633654
0.11570792462511971 0.08707969995803734 0.15251530287835952 0.09611688173665683 0.14548893971914223 0.14486679268569583 0.1428842003130003 0.11534025808398822
0.12301349245723535 0.0818361231926807 0.16619314423546255 0.09353331021404973 0.15730625376680885 0.12683415615571886 0.13904354772118438 0.11223997225685968
0.09701956714954432 0.13831327009551442 0.13247061038366764 0.1588417284804856 0.09372669937974455 0.15586847221679404 0.08080209666181226 0.14295755563243706
0.10864463522786273 0.07720602128726947 0.23435791865246236 0.13477701986170146 0.09403316227653395 0.08427962667154394 0.14920370127139923 0.1174979147512269
0.09848996677955096 0.14450818527965414 0.10912164731253686 0.11644678958735143 0.11450556436975967 0.19821039840273028 0.07898130076359487 0.1397361475048217
0.1198429387725583 0.08736557027254857 0.1533796062823086 0.09458559933200704 0.14894865712146768 0.14176706284953866 0.1406078461711627 0.11350271919840844
0.08315848303590369 0.12000185507285159 0.11140354334090645 0.13708977066465472 0.10600268813110406 0.18485330789748902 0.09298262705950494 0.16450772479758563
0.10352021601964917 0.07643155215927055 0.22033767270871576 0.13571010822663948 0.09800986764996933 0.09254484277909412 0.1513066430526861 0.12213909740397554
0.10461968629721846 0.0707894461822766 0.26239216702885576 0.1309878073277723 0.09305969204024152 0.07422054456767621 0.14604162996096406 0.11788902659499507
0.08182731713742902 0.12027549601673879 0.13745073177658246 0.13980906363223036 0.09575217385994282 0.1622873241461048 0.09482701707229539 0.16777087635867644
0.07982718386289549 0.12215486794171851 0.10792595495985273 0.1301469468956502 0.10292234655690694 0.19672880599167578 0.09761021017173765 0.16268368361956273
0.11614542942800285 0.08657194794101078 0.15453446353698255 0.09586822390015366 0.14675903778825858 0.14256447498726835 0.14251455373813887 0.11504186868018439
0.10852945514573051 0.07198343191262437 0.23498613737782997 0.1316936977821561 0.10411630996414387 0.08333799467436465 0.14682864513920987 0.11852432800394051
0.13952139702774438 0.09290535069572994 0.2220336553903034 0.1078740742449121 0.12441683733385066 0.09589047600800979 0.12027154247902885 0.09708666682042089
0.11133278507813904 0.07062969444963818 0.2604103891112981 0.12831414625138302 0.09711213335670554 0.07365742273885555 0.14306069738773597 0.1154827316262447
0.10476347928186329 0.06918977820890163 0.27671889682864603 0.12867680220441569 0.09141878465082257 0.06995810512988641 0.1434650317114903 0.11580912198397411
0.10287193214324021 0.06881547467052711 0.28292636425151924 0.12816449133603863 0.08990401169530417 0.06907584037553169 0.1428938433254043 0.11534804220243479
0.10225769658831559 0.0686554086473006 0.2852203918481413 0.1279084710027212 0.08943059393098672 0.06880141432033512 0.14260839975975037 0.1151176239024491
0.10204599097403906 0.06859130712386965 0.2860598812279832 0.12780671127249538 0.08926962578755976 0.06870549821424879 0.14249494525455828 0.11502604014524585
0.10197094661471871 0.06856701484864378 0.2863659745285376 0.1277685305671448 0.08921273444900035 0.06867074486412578 0.14245237661739873 0.11499167751043031
0.08126141482466726 0.1197757342044018 0.1427227341322717 0.1394975741391887 0.09479573073891538 0.1599339770556443 0.09461574593788451 0.16739708896702643
0.11767731867770004 0.08512291684229324 0.1609454274755211 0.09072963459865925 0.1515497567816253 0.13654760936213226 0.14401529301374483 0.11341204324832405
0.08283628322927207 0.11977325319086465 0.11313086575691905 0.13712302036692003 0.10660815249314051 0.1829756214911035 0.0930051790314762 0.16454762444030405
0.1034110790898107 0.07637296352725961 0.2210269107884629 0.13563423206466993 0.09808667286675747 0.09217528601034616 0.1512220467944902 0.12207080885820293
0.13882062148892055 0.09392086647563581 0.21786455019595413 0.10862375640899194 0.12350181171732623 0.09839963079953078 0.12110738214554771 0.09776138076809272
0.11137256659002197 0.07083053872747129 0.2589045275320955 0.12856228093065886 0.09708608380119937 0.07420060054334485 0.1433373490376152 0.11570605283759297
0.08296920199161288 0.12010246517378684 0.13659808903466114 0.1395765424162398 0.09650904935325479 0.16208349410081144 0.09466930703014527 0.16749185089948776
0.10543156998988631 0.07599456263651981 0.23648100808774752 0.13496028104035943 0.09472345388756617 0.08534486452144224 0.1494065789294984 0.11765768090698002
0.09781854361583213 0.1443016839037602 0.10949249636227347 0.11641747242017715 0.11466251160261605 0.19864490911483434 0.07896141607629406 0.13970096690421258
0.10620388794244756 0.07749940420378135 0.21791322512381528 0.13426979685287901 0.09915677572195883 0.09441328963066019 0.1497008033568666 0.12084281716759111
0.10525351361488414 0.07084370643400976 0.2613243118001119 0.13093802377531533 0.09328854346735663 0.07452155449537338 0.14598612501516497 0.11784422139778379
0.1035544892648704 0.06933372525506881 0.2773714218120221 0.12894261299539872 0.09077804616973818 0.07020996190023275 0.1437613909068102 0.11604835169585885
0.10261643249625538 0.06883064242176412 0.28321016643117014 0.12817699749954023 0.08977841015993786 0.06912026647733327 0.14290778676441276 0.11535929774958621
0.10220604347959644 0.06865191950751665 0.28532911139343536 0.12790001058046685 0.08939980615540141 0.06880413234085167 0.14259896702031155 0.11511000952242018
0.09338566043602622 0.13757355231753124 0.16364222478003126 0.1602138940054524 0.08168771338711081 0.13780433917051502 0.0815001112984258 0.14419250460490715
0.1440838437615512 0.10310905243023391 0.19981589765476862 0.10808251545458061 0.12236697763620537 0.10866414279804053 0.11965178756062647 0.09422578270399334
0.1298066361805632 0.08240971908179355 0.18062899045690595 0.09264954929681953 0.14889945880709618 0.11669640925999299 0.13772977776064516 0.11117945915618342
0.11057167913217364 0.07086681673278893 0.2446158428971183 0.1301289070824496 0.10348358499801405 0.07813313249878835 0.14508402028446246 0.11711601637420463
0.10514424169980817 0.06958417022950014 0.270897048564987 0.129397628830257 0.09318897720269745 0.07106136791924746 0.1442686996062716 0.1164578659472313
0.0941183846482242 0.13793004407367873 0.16010634216572697 0.1605000609790018 0.08250282424001532 0.13874660581858517 0.08164568319366615 0.1444500548811016
0.1072099360300445 0.07661133767414934 0.24567523095110816 0.133805562054736 0.09105677266703578 0.08086190026064431 0.1481282575453325 0.11665100281694936
0.09828468772057046 0.14449247365028675 0.11131077246075932 0.1164914290512129 0.11382732935941584 0.1967920149311288 0.07901157796517048 0.13978971486145547
0.1062633415055419 0.07747535027491076 0.21866057469019098 0.13420643301835566 0.09893035538371589 0.09404799800074712 0.14963015741001745 0.12078578971652011
0.10524406430306618 0.07082401283483575 0.2616037358374762 0.13090394971520983 0.09321953987490703 0.0744430077098285 0.14594813498098766 0.11781355474368885
0.10354497629529269 0.0693252433596807 0.27747304882501206 0.12892894953933484 0.0907553480226277 0.07019022219969066 0.14374615717295988 0.11603605458540137
0.102613013672225 0.06882731432631078 0.28324658834905314 0.1281716999136457 0.08977054641016441 0.06911442705483731 0.1429018803514826 0.11535452992228114
0.13656703565377384 0.09173026883253077 0.23829451646352512 0.10680994952672802 0.11945137652060174 0.0919327755982392 0.119085122830546 0.09612895457405521
0.12727387348325028 0.08110363457175232 0.19253601815204222 0.0921837038529938 0.14732808301458453 0.11191697508151298 0.13703726722027137 0.11062044462359256
0.10959283254511375 0.07050841325369049 0.2492349436228319 0.12962950777754298 0.10278888418754979 0.0770516342853858 0.14452722732809642 0.11666655699978867
0.09510150220948786 0.138169351025729 0.1546601373703771 0.16063614355948957 0.084336233905204 0.14080919491547492 0.08171490781069687 0.1445725292035406
0.10761505457758352 0.07675238136984104 0.24348520303799795 0.13402527514861723 0.0915816229659053 0.08132642636257967 0.14837148897201416 0.11684254756546118
0.08241232572277192 0.1210730208955196 0.13321504303947077 0.13993945886826678 0.0954737063947469 0.16504363537882724 0.0949154590584766 0.16792735064192013
0.10545896935828401 0.07617030692465826 0.23517924528236336 0.1351583818012106 0.09463653359182676 0.08594029429217152 0.14962588461509677 0.1178303841343887
0.1212979755942746 0.08165230468907955 0.19422325159316425 0.09443735508930154 0.14214575667117224 0.11253105910816788 0.14038747114767808 0.11332482610716182
0.10835428820047509 0.07067485354173506 0.2502511424958495 0.12989717816500573 0.10183403867553995 0.07725537873817405 0.14482565983471532 0.11690746034850516
0.10448363496941314 0.06946078805817293 0.27303929311238795 0.12919012869884397 0.0927105182167632 0.07080716867062856 0.1440373524448305 0.11627111582895958
0.1029536576770181 0.06892672077624433 0.2815943371726696 0.12834224893654417 0.09027947248621984 0.06930350912393894 0.14309202978447536 0.11550802404288975
0.10233569096584497 0.06869489433756626 0.28473558262648535 0.1279695280326699 0.08954605797144713 0.0688691970449354 0.14267647379164836 0.1151725752294029
0.0813470442193925 0.1198076158896281 0.14236711410014852 0.13951901773802763 0.09487801807323579 0.16002807840205457 0.09463029029187961 0.16742282128563313
0.1048854261254795 0.07584555352634502 0.23883395207539584 0.1347305006503192 0.09422729356410584 0.08486771192491886 0.14915220259213194 0.1174573595413039
0.07176631161167199 0.11176936626431187 0.08085308985784191 0.08535821891717651 0.14019457758887055 0.24285009828027007 0.09649189964550389 0.17071643783435303
0.10040621273482551 0.08142527002592859 0.2051512312516849 0.13444130278844524 0.10506811432517822 0.10261867668826434 0.1498920196760725 0.12099717250960071
0.08044754308115283 0.12770413411777334 0.12373347047763025 0.13861135709251768 0.09752730469989673 0.17162790242682205 0.09401465959318592 0.1663336285110212
0.0754746254944913 0.14146080628536703 0.10377471862135444 0.135903613307925 0.09414219375887994 0.193981603623184 0.09217810293928827 0.16308433596951
0.13172208475476252 0.11680976637560057 0.17555670596253548 0.10943813084338615 0.12372862634816768 0.12223501909081437 0.12201534886568574 0.09849431775904753
0.11051453836270203 0.08271403114024592 0.2414087495952483 0.1289864584393933 0.09779080757024784 0.07868732699189251 0.1438102753048161 0.11608781259545398
0.10466970139749003 0.07683690799944787 0.2687970633424902 0.128461821294884 0.09160194243322517 0.07079158032635306 0.14322534404071396 0.1156156391653956
0.08102302308141532 0.1304865228378125 0.13783707531995337 0.13793697936991328 0.09443335427741002 0.1592014142969627 0.09355725557263683 0.16552437524389593
0.07974261291454167 0.1233529345020417 0.10803753381969565 0.1301870493724321 0.10269152735540593 0.19561424329101873 0.0976402870293241 0.16273381171554016
0.06418411052497326 0.11956100269425728 0.05962756614318632 0.08068801986246492 0.1352009546826336 0.2881497621752033 0.09121254419235164 0.16137603972492984
0.07032895233853291 0.13515515787884858 0.08693027544838296 0.1310884123760067 0.09907196630984447 0.2312070002291021 0.08891214056807413 0.15730609485120806
0.09991731881157054 0.09107899648363288 0.20775590375912376 0.134224277448496 0.09609714073657424 0.10047446043900612 0.14965005261795 0.1208018497036464
0.09183252893810283 0.1566952781816952 0.1422146468033776 0.15813600160287902 0.08194984249474804 0.14640620406905458 0.0804430964675515 0.1423224014425911
0.14430077087349846 0.10543887115211029 0.19250396063198386 0.1086514743670716 0.1230493548519985 0.11105212149220077 0.1202816484649714 0.09472179816616498
0.086421690168418 0.13803986382377978 0.11874634984152012 0.1343522166416719 0.09916929589316355 0.17092207237404547 0.09112585128739488 0.16122265997000632
0.07604303998218086 0.14708881707902371 0.10209922176307265 0.1348464637542783 0.09391896412183 0.19272665703070926 0.09146107976377137 0.16181575650513394
0.10096951562009578 0.09286961000376577 0.2142906072407272 0.13391283769571521 0.09468579424043504 0.0934472607377453 0.14930282053537205 0.12052155392614369
0.1368394589789167 0.10668662948814818 0.21390079816170016 0.10725535830399702 0.12144472150896458 0.09776149070693614 0.11958172037773997 0.09652982247359733
0.08522885201785768 0.13861966712324966 0.12370056223903694 0.13456193041977493 0.09898280194673657 0.1661637778127235 0.09126809193689082 0.1614743165037299
0.10238827387255671 0.09070910729503025 0.22288714845105534 0.13291430350517702 0.09506305937441666 0.0882257049167058 0.14818952943039884 0.11962287315465932
0.10349093824000663 0.08006491880211053 0.2619954006407901 0.1293477406821934 0.09163691281494195 0.07283804416180636 0.14421307804417685 0.11641296661397407
0.11928399889575403 0.08996239695518676 0.20127491998071137 0.09286536898102778 0.13939526137348277 0.10772900282003135 0.13805060821657264 0.11143844277723333
0.08231242273815827 0.1341647716667497 0.12111281774618202 0.13513379635547076 0.10306580884573138 0.17039386079743224 0.0916559662237106 0.1621605556265649
0.10181152733368301 0.09002378176613265 0.22190123754459323 0.13306938453488049 0.09602982505379437 0.08903936448021682 0.14836243320530704 0.11976244608139243
0.08026363698628386 0.136072485800616 0.12693630502836384 0.13759743344939307 0.09508662889601566 0.16559963483872836 0.09332695486132749 0.16511692013927168
0.07954617833765268 0.12390309071827507 0.10558544250564796 0.13011027408257916 0.1027779580117785 0.1978565081789084 0.09758270556193437 0.16263784260322395
0.08751804912106362 0.16729150959920527 0.08092294916622834 0.10999058244176965 0.11070165010918719 0.23698425254148292 0.0746023080909394 0.13198869893012355
0.10304997081165954 0.09609216746218703 0.2029295568417846 0.13240844295042561 0.09776013185178062 0.10096659876414088 0.1476255326626387 0.11916759865538305
0.10420492917372143 0.08141730691710697 0.2542712232042614 0.13003874060538634 0.09269142486269892 0.07535801730059885 0.14498349139137848 0.1170348665448477
0.10283713155821171 0.07766739437697398 0.27365776176966705 0.12791916896726888 0.09020627223661297 0.06996469182885787 0.14262032719186546 0.115127252070542
0.10187983834259141 0.07653902082156237 0.2807989437845673 0.12704220462712 0.08912845084739192 0.0686309800146596 0.14164257739769945 0.11433798416440798
0.10142619105222513 0.07616699432797357 0.28341634833478924 0.1267170038980663 0.08869980196481546 0.06824835406035491 0.14128000285351572 0.11404530350825968
0.10123773103069122 0.07603830359043787 0.2843754227328013 0.12659870893974792 0.08853672735228242 0.06812615550529351 0.14114811280297265 0.11393883804577312
0.10116392581699195 0.07599261502343184 0.28472705936697706 0.12655567815630653 0.08847597936127635 0.06808449524365245 0.141100136690688 0.11390011034067586
0.09187028908470846 0.15126379511658547 0.16172433547474468 0.15745825876695238 0.0803498788532282 0.13552267817989996 0.0800983316336236 0.14171243289025715
0.1066525064829908 0.07753261387882612 0.24637354397871775 0.13378134615803444 0.09061160032716607 0.08031704809963579 0.14810144955224 0.116629891522389
0.0967719606979652 0.15800813029657554 0.11014633907267152 0.11444445848422825 0.11205222706875027 0.19362033627030242 0.07762319792843306 0.1373333501810739
0.10448030730863431 0.09368919918274297 0.21531951510776426 0.13153797123828379 0.09730155405577172 0.0926322573281716 0.1466550216641761 0.1183841741144554
0.08061004167964642 0.13690902561810442 0.12531042176336446 0.13733301396219486 0.09520574800541312 0.16668452274663254 0.09314760947001043 0.1647996167546338
0.11779440559992653 0.08669199641140637 0.15571087167330286 0.09096406257211127 0.15212901274871052 0.13861717187129038 0.1443874009081131 0.11370507821513909
0.07061632026412468 0.1146749011898771 0.06661247700419709 0.08116463066568325 0.15172253112350242 0.26112855679917224 0.09175132162207672 0.1623292613313665
0.11051766828396317 0.09675657390045209 0.13680989677055108 0.09247848064140168 0.15862526926640222 0.15636246165286705 0.13747547271468072 0.110974176769682
0.10680413778415185 0.08214754756581381 0.22597673446181024 0.13046294106811035 0.10630762989903744 0.08542791900921207 0.14545644325056484 0.11741664696129932
0.08114201914559621 0.1337647417028423 0.12789024006450617 0.1374891713268386 0.09726458186633624 0.16420871540173143 0.09325352489994272 0.16498700559220633
0.1053318958309242 0.07720084247268483 0.23302335948866343 0.1353904221152655 0.09519384150876355 0.08594420011222081 0.14988276278124626 0.11803267569023145
0.08104352218233286 0.13262820955183055 0.12964140544630925 0.13787506735863092 0.09509240534522212 0.16475404620728934 0.09351526307802792 0.1654500808303571
0.09596098895824823 0.14873088308457275 0.12785978824839467 0.15666800817276913 0.08633178473733245 0.16591676103974323 0.08194941965960231 0.1365823660993372
0.10108539629269024 0.15373861773799144 0.09736925145240835 0.11961604156085695 0.12368382410274716 0.24302521274614883 0.08971203117064272 0.07176962493651418
0.11727676618135437 0.10342322626883516 0.1453514209871355 0.09100896993419796 0.14799760523489866 0.15044030112259882 0.13529094634994204 0.10921076392103754
0.1408312213604841 0.10823759566526911 0.18677775519055398 0.10589224305042784 0.1352087545229076 0.1096874628699431 0.11806194859502925 0.09530301874538506
0.146425055564666 0.10809925274134538 0.20048613133037282 0.10456067326965644 0.1302446723499042 0.099502261141016 0.1165773476603483 0.09410460594269078
0.12895075214737045 0.09406857059774067 0.1790858799434858 0.09098520546990481 0.14959849779184642 0.11287322860811666 0.13525561887764956 0.10918224656388578
0.10958228918735737 0.08052096078052423 0.24245398626645917 0.1285614837037996 0.10294025943548245 0.07689922510379596 0.14333646018916166 0.11570533533341965
0.13823254805974017 0.10296650063860746 0.22283036560403197 0.10616822473493372 0.12260828645831105 0.09327302466532994 0.11836964757760521 0.09555140226144035
0.09819689244354485 0.1579922999978395 0.14441346364086866 0.154527697644376 0.08549596878107728 0.1416911816802163 0.0786075679321391 0.1390749278799384
0.10861419951438389 0.0783305464254975 0.23921196874125522 0.13431849297430604 0.09206125264989613 0.08166927317407681 0.1486960931583689 0.11709817336221551
0.08163410220258711 0.1329580650676827 0.13105185860637156 0.13785232452441185 0.09443114775736683 0.1631498749087716 0.09349983750351414 0.16542278942929423
0.07982179658614208 0.12358064032365856 0.1065119801471623 0.13013663512942228 0.1026717225140149 0.19700395504075516 0.09760247634706672 0.16267079391177786
0.08759882742992783 0.1672312949268239 0.08111024693720832 0.1100218966792172 0.11070670666518789 0.23668120403371384 0.07462354731286036 0.13202627601506065
0.10306439951003867 0.09607643829391012 0.2030098446718997 0.1324028792554991 0.09775637016851549 0.10090814721219113 0.14761932955799675 0.11916259132994919
0.10420547158440238 0.0814124432932641 0.2543015507272009 0.13003509120433956 0.09268817699632367 0.0753462615290092 0.1449794225815547 0.11703158208390561
0.09266936688445548 0.15339370920957554 0.15413300412726247 0.15790239854773244 0.08128665077905547 0.13817844814989558 0.08032426360906389 0.1421121586929592
0.1071243150275155 0.07788651496243311 0.24338879644260938 0.13414791113229493 0.09104383041368011 0.08095191898719013 0.14850725204714782 0.11694946098712891
0.09686230943271014 0.15811868386531142 0.10957715082947189 0.11444391348593747 0.11215224285385457 0.19389017507217116 0.07762282827741845 0.13733269618312496
0.07664161639912144 0.1506290358251653 0.09857303823200406 0.1321478557995877 0.09516887297185878 0.1986314342269501 0.08963071958580733 0.15857742695950525
0.11363719772337211 0.10652734973705281 0.14937908495092447 0.0939792149819916 0.14231129347759022 0.14168438604312117 0.13970641510755769 0.11277505797838992
0.10718295861900612 0.08444606741455729 0.23111629163940287 0.13005268180552834 0.10251179244695328 0.0826437596604277 0.14499903478914875 0.11704741362497549
0.10408485109907518 0.07927288030536338 0.2646769602696224 0.12859137070226487 0.09271795024944028 0.07155397178011802 0.1433697819620774 0.11573223363203838
0.10237912715571897 0.07759145954363744 0.27736408048424377 0.12730008901873954 0.08982860733474612 0.06903645709679704 0.1419300992492514 0.1145700801168656
0.08033273865344658 0.13342349144185192 0.13940329220085512 0.13730191778002135 0.09371483113406297 0.15793490930728712 0.09312651814644927 0.16476230133602562
0.10084093914962698 0.09052992136455713 0.22936687798991537 0.13241120005398324 0.09357918972751109 0.08647318503846974 0.14762860662735144 0.11917008004858491
0.10286964104247821 0.08053752715342613 0.26435289267277323 0.12895585005805996 0.09109241893333474 0.07235525584383687 0.14377614924383697 0.11606026505225396
0.10214337859053278 0.07784501763893092 0.27730020672918876 0.12736055438731284 0.08953279825986733 0.06919603182271601 0.1419975136228697 0.11462449894858155
0.08028884966797023 0.1334979018168538 0.13938374369025197 0.13730086209253822 0.09364952397467302 0.15799228213172783 0.09312580211493897 0.16476103451104585
0.11459637901598398 0.10290477572371885 0.1629189819783706 0.09405524931194491 0.14178569008961714 0.1310531794602139 0.1398194452458166 0.11286629917433388
0.09354932272058451 0.15994230150682626 0.1292638659909292 0.15516656427038797 0.08918835281567712 0.1543071282451353 0.0789325566071104 0.13964990784334916
0.10808044606837484 0.0788895824176137 0.23322875149112737 0.1350580038165496 0.0933209348723311 0.08416464415204818 0.14951476205983508 0.11774287512212014
0.08145964924331535 0.13405129849040553 0.12960482511317267 0.13770453840480407 0.09460633325406552 0.16392830944695266 0.09339959996151928 0.16524544608576486
0.10537928087465367 0.07719637667230521 0.2337586334156138 0.1353512712406407 0.0946092580431875 0.08586721444143197 0.14983942115366003 0.11799854415850727
0.12028515513271291 0.09050248737145526 0.1926763131465741 0.09333057980364769 0.1409338926073041 0.11153270082402847 0.13874217534990016 0.11199669576437722
0.12264583152460314 0.09194400061712797 0.1772415995978317 0.09165118672583752 0.15372890260367106 0.11656141011524582 0.13624564474467787 0.10998142407100503
0.10817331826716065 0.08093339511479145 0.2417325018282092 0.12860686014780928 0.10385982011319146 0.07756087885787918 0.14338705153793063 0.11574617413302836
0.10391665232758124 0.07834603500562833 0.2685739023276365 0.12805701585032048 0.09264221735796692 0.0704388466861911 0.14277401617938712 0.11525131426528842
0.13595670843015364 0.10285796921761407 0.23178395756851647 0.1056818682074957 0.11931242410739397 0.09146599473730485 0.11782739634477504 0.09511368138674613
0.10926191283200076 0.08137908355790792 0.2624947152818994 0.12604015837208027 0.09489892462506568 0.07196369219327234 0.14052537060290143 0.11343614253487226
0.10345338408428444 0.07787784659996481 0.2762652267226224 0.12709904267742347 0.09018251264371095 0.06902690128017044 0.14170594758214228 0.11438913840968114
0.08051707788668652 0.13349721716705043 0.13915247168125233 0.13728302072726412 0.09378174453785343 0.15791514211216226 0.09311370101501393 0.16473962487271693
0.07510591711609513 0.14856934607837774 0.10667931490089216 0.1350098158979793 0.09290625785708889 0.18814569394118819 0.09157187513080337 0.16201177907757514
0.0736051813842032 0.15204113355805993 0.0988582694765795 0.13394425687097072 0.09203458242129223 0.1979343199051582 0.09084914813857145 0.16073310824516485
0.10029492761916552 0.09552756437091178 0.21259078576824977 0.13368577839498563 0.09420659572837561 0.09432748120304209 0.1490496663597825 0.12031720055548707
0.10326894163744024 0.08219067122543795 0.2579805644998986 0.12963517023937565 0.09168696954869876 0.07403248908324254 0.14453354055046808 0.1166716532154381
0.10241787712312332 0.07857535978069823 0.2749042858682097 0.12759503608237527 0.0898156377955987 0.06959732766162664 0.14225894321423033 0.11483553247413775
0.10165291087528584 0.077481243633555 0.2811210229471876 0.1268166386203996 0.0889292118043762 0.06847290922734584 0.14139108813349027 0.11413497475835963
0.10127341522427848 0.077124643430172 0.2833997611035857 0.12653373950176558 0.0885665805748833 0.068145817885638 0.14107567672808788 0.11388036555158901
0.08007345326235403 0.13365193974490286 0.14068236311447443 0.1371525100308681 0.09336944736123827 0.1574620937325319 0.09302518071658879 0.16458301203704168
