Action: 0
[0.1172693812364737, 0.0979548832872526, 0.29478350754120386, 0.0979548832872526, 0.0981726940340068, 0.09795488403930527, 0.0979548832872526, 0.0979548832872526]
[0.16769943470352866, 0.09645862568867128, 0.2535488111644437, 0.09645862568867128, 0.09645862568867128, 0.09645862568867128, 0.09645862568867128, 0.09645862568867128]
[0.09982953947329272, 0.19963392016049047, 0.1990072145490914, 0.09981696008024524, 0.09983513122338929, 0.10224331435300034, 0.09981696008024524, 0.09981696008024524]
[0.125, 0.125, 0.125, 0.125, 0.125, 0.125, 0.125, 0.125]
[0.10577564417567614, 0.09863174208079485, 0.2981804729884806, 0.09863174208079485, 0.10280047314472454, 0.09871644136793924, 0.09863174208079485, 0.09863174208079485]
[0.11897124812676245, 0.09442033867598613, 0.24967636580387476, 0.09442033867598613, 0.15925069268943204, 0.09442033867598613, 0.09442033867598613, 0.09442033867598613]
[0.125, 0.125, 0.125, 0.125, 0.125, 0.125, 0.125, 0.125]
[0.125, 0.125, 0.125, 0.125, 0.125, 0.125, 0.125, 0.125]

Action: 1
[0.09994004798838237, 0.09994004798838237, 0.09994004798838237, 0.09994004798838237, 0.10149325481757834, 0.29886645725212746, 0.09994004798838237, 0.09994004798838237]
[0.1111111111111111, 0.1111111111111111, 0.1111111111111111, 0.1111111111111111, 0.1111111111111111, 0.2222222222222222, 0.1111111111111111, 0.1111111111111111]
[0.09700741866587667, 0.09866202199670769, 0.09700721319518449, 0.09700721319518449, 0.22253651432907767, 0.19376519222760008, 0.09700721319518449, 0.09700721319518449]
[0.125, 0.125, 0.125, 0.125, 0.125, 0.125, 0.125, 0.125]
[0.13801626548480933, 0.15844856548645317, 0.09123867047268498, 0.09123867047268498, 0.22146715800473538, 0.11711332913326215, 0.09123867047268498, 0.09123867047268498]
[0.10448307126877243, 0.09577306639988625, 0.09577306639988625, 0.09577306639988625, 0.191187149748489, 0.22546444698330728, 0.09577306639988625, 0.09577306639988625]
[0.125, 0.125, 0.125, 0.125, 0.125, 0.125, 0.125, 0.125]
[0.125, 0.125, 0.125, 0.125, 0.125, 0.125, 0.125, 0.125]

