Action: 0
[0.1203050786454421, 0.09714110418265935, 0.2968293264313492, 0.09714110348540941, 0.09716007646209651, 0.09714110382222459, 0.09714110348540941, 0.09714110348540941]
[0.20713155102476533, 0.09751597570175241, 0.20311538680388166, 0.09751597570175241, 0.10217318366259087, 0.09751597570175241, 0.09751597570175241, 0.09751597570175241]
[0.1614896790391374, 0.19283609339029148, 0.16338156993000633, 0.09641798803797041, 0.09659283155170569, 0.09644586197494794, 0.09641798803797041, 0.09641798803797041]
[0.125, 0.125, 0.125, 0.125, 0.125, 0.125, 0.125, 0.125]
[0.2301199305160593, 0.0930168103743616, 0.18132293443786826, 0.09301681037434636, 0.12347308316676517, 0.09301681038190655, 0.09301681037434636, 0.09301681037434636]
[0.25854354056530265, 0.09337032019300816, 0.1560611625651767, 0.09313153808770892, 0.11949882432567671, 0.09313153808770892, 0.09313153808770892, 0.09313153808770892]
[0.125, 0.125, 0.125, 0.125, 0.125, 0.125, 0.125, 0.125]
[0.125, 0.125, 0.125, 0.125, 0.125, 0.125, 0.125, 0.125]

Action: 1
[0.09722823602477375, 0.09722823602477375, 0.09722823602477375, 0.09722823602477375, 0.21734953075941124, 0.19928105309194624, 0.09722823602477375, 0.09722823602477375]
[0.1111111111111111, 0.1111111111111111, 0.1111111111111111, 0.1111111111111111, 0.2222222222222222, 0.1111111111111111, 0.1111111111111111, 0.1111111111111111]
[0.0986948891961522, 0.10437721535496676, 0.0937294012358052, 0.0937294012358052, 0.13918106071956338, 0.2828292297860969, 0.0937294012358052, 0.0937294012358052]
[0.125, 0.125, 0.125, 0.125, 0.125, 0.125, 0.125, 0.125]
[0.09581141183701603, 0.09581141183701603, 0.09581141183701603, 0.09581141183701603, 0.1858022730164125, 0.2393292559614913, 0.09581141183701603, 0.09581141183701603]
[0.10012994391763372, 0.10012994391763372, 0.10012994391763372, 0.10012994391763372, 0.20025988783526744, 0.19896044865893026, 0.10012994391763372, 0.10012994391763372]
[0.125, 0.125, 0.125, 0.125, 0.125, 0.125, 0.125, 0.125]
[0.125, 0.125, 0.125, 0.125, 0.125, 0.125, 0.125, 0.125]

