0.125 0.125 0.125 0.125 0.125 0.125 0.125 0.125
0.099626400996264 0.07845579078455792 0.199252801992528 0.15691158156911583 0.08685378548392246 0.06839735606858895 0.17370757096784492 0.1367947121371779
0.0745303753200788 0.12421729220013136 0.1056354961590544 0.1490607506401576 0.0931629691500985 0.15527161525016417 0.11179556298011822 0.186325938300197
0.07346369166295703 0.1224394861049284 0.09668129484448348 0.14692738332591407 0.09182961457869628 0.17480376283119256 0.11019553749443556 0.18365922915739255
0.07194520098248398 0.11990866830413997 0.09410046758936512 0.14389040196496797 0.08993150122810498 0.1924429560010022 0.10791780147372598 0.17986300245620995
0.08820728893551134 0.14701214822585223 0.08643200788793122 0.13231093340326702 0.11025911116938918 0.25715875028363844 0.09923320005245026 0.07938656004196021
0.07295173961840629 0.12906846240179573 0.09118967452300787 0.16133557800224468 0.08754208754208756 0.1548821548821549 0.10942760942760946 0.1936026936026936
0.09521749796447375 0.07498377964702309 0.206816869642458 0.14996755929404618 0.08986531050760509 0.08638778095511744 0.16602025286113373 0.13074094912814282
0.10471894306357109 0.08246616766256225 0.16908423872960823 0.09895940119507468 0.14215673535890494 0.12183684790107892 0.15707841459535665 0.12369925149384335
0.0717320201271132 0.12691049714796954 0.0896650251588915 0.1586381214349619 0.08607842415253585 0.16901213606590393 0.10759803019066982 0.19036574572195428
0.10458872782010747 0.08236362315833465 0.14439356208537457 0.09883634779000158 0.14962299847637994 0.13976621420213858 0.1568830917301612 0.12354543473750196
0.0612028285538399 0.10828192744140906 0.05335631207257838 0.09439962905148483 0.1224056571076798 0.2648417635248817 0.10671262414515675 0.18879925810296966
0.10545929452662617 0.08512979196727655 0.13182411815828268 0.10641223995909567 0.12655115343195142 0.1587397722159134 0.15818894178993925 0.12769468795091482
0.06874636752311089 0.12162818869473466 0.08593295940388862 0.15203523586841833 0.09229361956449691 0.1938017946185822 0.10311955128466635 0.18244228304210197
0.11004058974303967 0.0812062732230316 0.14186750078428623 0.09744752786763794 0.14917610804597106 0.14377397483856877 0.15467861566291735 0.12180940983454742
0.06860406719382213 0.12137642657368532 0.08575508399227767 0.15172053321710663 0.09388286757663204 0.1936902807952152 0.1029061007907332 0.18206463986052795
0.10275390084974453 0.07239763434397575 0.21091800015993226 0.1447952686879515 0.09305619841027594 0.08955291030317877 0.16029431454262438 0.12623177270231672
0.08105920588157203 0.11454398702338546 0.12076342619416919 0.13745278442806255 0.09986907527395916 0.17140595234272657 0.10308958832104692 0.17181598053507818
0.07739680759218594 0.11300488376578875 0.10298348314053134 0.1356058605189465 0.09952884546845807 0.20026839847619637 0.10170439538920988 0.1695073256486831
0.06669425324316261 0.0948784202080698 0.06293088040891864 0.08539057818726283 0.13378282905543623 0.28307318869790876 0.10246869382471537 0.17078115637452565
0.07652646269447125 0.13539297245944912 0.0667153777336416 0.11803489906721208 0.10389998204502851 0.2777299738391731 0.08005845328036991 0.1416418788806545
0.09168437727320784 0.07401028044945694 0.18336875454641569 0.14802056089891388 0.09090790999473293 0.11375773293647623 0.1650318790917741 0.1332185048090225
0.10560197785248618 0.06912113492139038 0.24686217192704854 0.13824226984278076 0.08874648206971146 0.07786718602573624 0.15303987544662742 0.12051890191421913
0.08364883908320207 0.11261644924576276 0.1310460297203759 0.1351397390949153 0.09786221309902905 0.16940725156688424 0.1013548043211865 0.16892467386864413
0.07951649103554974 0.11167124391595189 0.10646194893786316 0.13400549269914225 0.09827140254986427 0.20206243546334404 0.10050411952435669 0.1675068658739278
0.11671810213451055 0.07802510479521477 0.1502861804012062 0.09363012575425772 0.14546648283539568 0.15021709965761246 0.1486192472289805 0.11703765719282214
0.06731478689754257 0.11909539220334452 0.0963127813897379 0.14886924025418066 0.09208560999383707 0.19670692061002654 0.10097218034631385 0.1786430883050168
0.07802194746652209 0.11155595063655259 0.09935834407052117 0.1338671407638631 0.09724675993688248 0.21221557559793247 0.10040035557289732 0.16733392595482888
0.09708469954957374 0.13538667080077169 0.09127789442872296 0.12184800372069453 0.12383729120738018 0.2660706352699193 0.09138600279052089 0.07310880223241671
0.07568054901106874 0.1338963559426601 0.07200042497696464 0.1167301564628319 0.11045056368479642 0.2719922647393158 0.07917349742696424 0.14007618775539826
0.08980021199726186 0.07248932775682584 0.1924986941982821 0.1449786555136517 0.09636384817375819 0.11174809080286234 0.16164038159507138 0.13048078996228651
0.08215635818475284 0.11183623681947223 0.11924797600784957 0.13420348418336667 0.10210761080544437 0.18204136563238094 0.10065261313752501 0.16775435522920834
0.07979138281969422 0.11027728478294743 0.10313129723489162 0.1323327417395369 0.10387518436204676 0.20592662558180938 0.09924955630465268 0.1654159271744211
0.066521426916151 0.09232370314130334 0.06279863829187216 0.08309133282717301 0.1411116999489734 0.2882609338275735 0.09970959939260761 0.16618266565434603
0.06338022936943268 0.11213425196130396 0.08803559773688305 0.14016781495162994 0.09506159892007826 0.23794878506456707 0.09507034405414902 0.16820137794195594
0.08889147528580742 0.07175576920661564 0.20506517237766758 0.14351153841323128 0.09671267910828898 0.10489832552202753 0.16000465551445334 0.12916038457190812
0.1044774566722425 0.06725257952362111 0.2588199186017907 0.13450515904724222 0.09339048678543348 0.07539075130793133 0.14890274017439917 0.11726090788733935
0.08419585253061523 0.11080727945234607 0.13488931807590543 0.13296873534281528 0.10381874385093218 0.16738260006175523 0.09972655150711147 0.1662109191785191
0.08008778274827916 0.11012822680157204 0.10748500703626751 0.13215387216188643 0.10519903021313125 0.20063833671509082 0.09911540412141484 0.16519234020235807
0.058520674381420425 0.08113409709601038 0.07500368703432582 0.09736091651521246 0.12497543611578524 0.2514502560085658 0.11683309981825495 0.19472183303042492
0.06381010590158362 0.11289480274895565 0.09309509227766008 0.14111850343619456 0.09789882253126356 0.22612531012853368 0.09571515885237544 0.16934220412343345
0.11333687321464603 0.07691035707772471 0.14591595396562967 0.09229242849326967 0.154187361571359 0.1554955718174985 0.14649591824328517 0.11536553561658708
0.06492591644894886 0.11486892910198646 0.10744829300129656 0.14358616137748306 0.1045810768007749 0.19489735494310706 0.0973888746734233 0.17230339365297967
0.11441612317096808 0.07697826694872872 0.15039751640985083 0.09237392033847447 0.15643518667894774 0.14730631565140628 0.1466252703785309 0.11546740042309307
0.06504250789162937 0.11507520626980582 0.10842935463001283 0.14384400783725726 0.10513759666923253 0.19229475545990946 0.09756376183744406 0.1726128094047087
0.13805269401697867 0.0928567012985637 0.1817841248380629 0.11142804155827644 0.13202683199934398 0.12335378860202624 0.12335542248209684 0.09714239520465126
0.0653781707364872 0.1156690713030158 0.11461005567679038 0.14458633912876978 0.10385333849681397 0.18433216159886828 0.0980672561047308 0.1735036069545237
0.10266053825673183 0.06900170156786865 0.22905723785603463 0.1380034031357373 0.09783868465161451 0.09035233520521035 0.1527754401828268 0.1203106591439761
0.121802398369605 0.07527523904556332 0.186996170179571 0.09033028685467598 0.1516492319499955 0.11765240732640939 0.1433814077058349 0.11291285856834497
0.06516650225342122 0.11529458090989908 0.11536856764847266 0.14411822613737385 0.10744345700676496 0.18191704129908784 0.09774975338013184 0.1729418713648486
0.11462129671799602 0.07683061330334463 0.15364740688938863 0.09219673596401358 0.15743241950717302 0.14368158232336312 0.1463440253397041 0.11524591995501696
0.06485118814835517 0.11473671749324377 0.10882613124614643 0.1434208968665547 0.10807054162158095 0.1907126661617207 0.09727678222253275 0.17210507623986562
0.07745326375253209 0.10978913137661013 0.10236648033453831 0.13174695765193215 0.10646310337386075 0.20868714820666232 0.09881021823894912 0.16468369706491517
0.06459288043122212 0.11427971153216221 0.09901346402305251 0.14284963941520276 0.09771961744344065 0.21323579920984317 0.09688932064683319 0.1714195672982433
0.10325387171239585 0.06918756842728309 0.22291702563047458 0.13837513685456618 0.09698324990719201 0.09546144808392025 0.15318696469044363 0.12063473469372436
0.08499644162153315 0.11029396338643027 0.12836857219655123 0.13235275606371633 0.10490735768706806 0.17437539691726836 0.09926456704778724 0.16544094507964538
0.09990454517570796 0.13514673777020725 0.09866037414337601 0.12163206399318652 0.1305094095694473 0.2499435829572731 0.09122404799488991 0.07297923839591192
0.0632217822090184 0.11185392236980178 0.0966170122163498 0.13981740296225223 0.1006090215583439 0.2252673018160036 0.0948326733135276 0.16778088355470266
0.08781407805899746 0.07088606301147987 0.213222254748928 0.14177212602295974 0.09854616225901275 0.10209906197176291 0.15806534050619542 0.12759491342066379
0.0823166698653477 0.11059895943868824 0.12631693537066718 0.13271875132642588 0.10542525370545239 0.1771859276405669 0.0995390634948194 0.16589843915803232
0.09933259306541434 0.13508302868449928 0.09819466396097945 0.12157472581604935 0.1305813473590711 0.2511077612623199 0.09118104436203701 0.07294483548962961
0.07427985956993786 0.13141821308527468 0.08069930975179823 0.1145697242281882 0.11831795335146064 0.2655231101586567 0.07770816078085807 0.13748366907382584
0.07406213129523197 0.13103300152233352 0.11122619496535498 0.16379125190291688 0.08634193935801338 0.20281345653638821 0.08331989770713598 0.14741212671262519
0.10513363760915818 0.06889065407281175 0.22798411996925827 0.1377813081456235 0.0942067217245051 0.09335694870899676 0.1525295718991029 0.12011703787054355
0.08540937589396837 0.1102582933331203 0.12958198799831183 0.13230995199974438 0.10426024635198096 0.17356024042338533 0.09923246399980828 0.16538743999968045
0.08112202184136179 0.10954655956784493 0.1069517293703221 0.13145587148141388 0.10569264570405651 0.20231942907217285 0.09859190361106043 0.16431983935176736
0.05910317700299724 0.09659654531727672 0.060219857206001065 0.08421237284070278 0.13781056185846222 0.2984361447080122 0.09519659538514227 0.16842474568140556
0.09165430155412312 0.06968894400798419 0.19910303412228944 0.13937788801596837 0.1049269352887691 0.114412853993616 0.15539594380287816 0.12544009921437155
0.10562430991453389 0.06639280305978933 0.26139690935259857 0.13278560611957865 0.09483027114015638 0.0762091655523781 0.14699912439774274 0.11576181046322241
0.07199351446353303 0.11491544638165983 0.13676098774951173 0.14364430797707478 0.09643363022701147 0.1664506303920947 0.09742831323662465 0.17237316957248974
0.10380381970081781 0.06834857576700111 0.23838816199645407 0.13669715153400222 0.09558313643123677 0.08667791291061067 0.15132936596356777 0.11917187569630962
0.10604496717557454 0.1372433434069723 0.1232422420028142 0.12351900906627507 0.13028258934406706 0.21291718676482554 0.09263925679970632 0.07411140543976505
0.06997433535397518 0.11151209799173485 0.10452791232036719 0.1393901224896686 0.10059400617772411 0.21219051299028296 0.09454286568864478 0.16726814698760228
0.0927026898018173 0.06985493149096009 0.2200706314475087 0.13970986298192017 0.09732860070017102 0.09882833577823141 0.1557660711156632 0.12573887668372816
0.08319840020267881 0.11043264241880206 0.12791146323536157 0.13251917090256243 0.10511358222308256 0.17578639921238767 0.09938937817692185 0.16564896362820306
0.06010290247260271 0.08153750798128283 0.07935837554634537 0.0978450095775394 0.12611901635880077 0.2419331574153029 0.11741401149304727 0.1956900191550788
0.0671528618059419 0.11189814387360368 0.09584453126517692 0.1398726798420046 0.09987067978083816 0.22264372216397388 0.09487016545805531 0.16784721581040551
0.06813068590762011 0.11280806439635016 0.09999942573209539 0.14101008049543773 0.0964082669373876 0.21678976012228676 0.0956416198142969 0.16921209659452524
0.09662360201398944 0.06951798790715255 0.21822986825115634 0.1390359758143051 0.0970575701100607 0.09938788045660174 0.15501473721385958 0.1251323782328746
0.10616346069606776 0.06597629706251242 0.2687902466102618 0.13195259412502483 0.09265649157841069 0.07334836917238256 0.14607694587711334 0.11503559487822676
0.07674808599425166 0.11380777479731367 0.13958080411992368 0.1422597184966421 0.09620397476614014 0.16419877925812273 0.09648920037163551 0.1707116621959705
0.10474710241132464 0.06818820786025816 0.2393165427039595 0.13637641572051631 0.09534744000187932 0.08615773320961174 0.15097429823353858 0.11889225985891165
0.0917031435153488 0.13637512332406848 0.11103471546836723 0.11889113315431611 0.11631919286984009 0.20236812852603947 0.08063920335684048 0.14266935978517933
0.09916387897485117 0.06864475325848965 0.22156480806340959 0.1372895065169793 0.10058643108610199 0.09612251195401592 0.15306755428087093 0.12356055586528136
0.09724548559354297 0.06656700872970267 0.26475880983843747 0.13313401745940534 0.0943443570124836 0.07569521156016333 0.1484344940927997 0.11982061571346483
0.07569921091482623 0.11381424929182332 0.1389971095242675 0.14226781161477914 0.09693767061640172 0.16506788448318646 0.09649468961698064 0.17072137393773498
0.10452263865111024 0.06820374893946633 0.23909888845661484 0.13640749787893267 0.09552054354039788 0.08631861794765353 0.15100870746060105 0.11891935712522334
0.07658464606061076 0.11392220976170409 0.13328119088976634 0.1424027622021301 0.09721385021992396 0.16912580490360296 0.09658622131970565 0.17088331464255613
0.07985349134609909 0.11006085078826482 0.10814098623746093 0.13207302094591777 0.10448711478898326 0.20123849400143853 0.09905476570943834 0.1650912761823972
0.06195736159862576 0.09585454452052607 0.06113778094933232 0.08356550035122785 0.13899757237765173 0.2968908912770535 0.09446534822312715 0.1671310007024557
0.09517781635082224 0.06895757898548642 0.19999285882277992 0.13791515797097284 0.1065220250485469 0.11354581168584943 0.15376510896166673 0.12412364217387556
0.09721815582194088 0.06695532459055757 0.2567867661616917 0.13391064918111514 0.09629047383257058 0.07901866564420558 0.14930038050491495 0.12051958426300365
0.09575896151143577 0.0656977459267009 0.27786698783261277 0.1313954918534018 0.09253168050188958 0.07199702192307482 0.1464961677828226 0.11825594266806162
0.09483945776529236 0.06518243330159834 0.28548348802499907 0.13036486660319668 0.09111876679849303 0.07033551002236768 0.145347097541176 0.11732837994287701
0.0752849486525898 0.11354543964183136 0.14359148703432692 0.14193179955228924 0.09628808512687727 0.1627732947460465 0.09626678578329183 0.17031815946274706
0.0796681741545312 0.11011743774160393 0.11045201541207289 0.13214092528992472 0.10435294952255128 0.1989866472994666 0.09910569396744352 0.16517615661240587
0.0749387250574182 0.11222594430943537 0.1032771611012327 0.14028243038679422 0.09771532095857281 0.2080734185035246 0.09514808321886914 0.16833891646415308
0.07427179344686397 0.11229845958541869 0.10171875809214044 0.14037307448177336 0.09634438565992276 0.21133627579420222 0.09520956356155065 0.16844768937812804
0.11308302888633362 0.0781135511693524 0.1545576605773147 0.09764193896169049 0.1464476426601396 0.14783455068391108 0.14515130030722945 0.1171703267540286
0.10654317749991778 0.06654192154266776 0.23643681265473807 0.13308384308533552 0.1044832756939451 0.08475695733652575 0.1483785534100681 0.11977545877680197
0.10331461720699518 0.06552324776802859 0.26907451667530513 0.13104649553605718 0.09412236565694032 0.07286984824073736 0.14610706293348466 0.11794184598245147
0.1016345692908071 0.06484369236558037 0.2811803698644713 0.12968738473116073 0.09112768560093566 0.0702158960767955 0.1445917558122046 0.11671864625804466
0.10088536459942303 0.06456284903092557 0.28557831532544053 0.12912569806185115 0.0901676997093448 0.06950142792450886 0.14396551709284 0.11621312825566603
0.08034580175257083 0.11285103715250105 0.14336925473934847 0.1410637964406263 0.09568923458593824 0.1617262663622734 0.09567805323799003 0.16927655572875155
0.08055971890186266 0.11006500547094378 0.11038563825507644 0.13207800656513252 0.10419157170170619 0.19856404597501323 0.0990585049238494 0.16509750820641567
0.07679744359414888 0.11197171780631773 0.1031187400180959 0.13996464725789717 0.09754028056549999 0.20771705069103352 0.09493254335753026 0.1679575767094766
0.10261074399868975 0.06885716586914727 0.21883502960646806 0.13771433173829453 0.09723362924754957 0.09726499827612307 0.1535412026992627 0.12394289856446505
0.10420877301061217 0.06603159955020102 0.2627744420228714 0.13206319910040204 0.0933840325562036 0.07544046303501915 0.14724061153432885 0.11885687919036184
0.10295612824238876 0.06492248143517412 0.27874819704828396 0.12984496287034825 0.09117510729901332 0.07072521284364207 0.14476744367783603 0.11686046658331344
0.09369948506127239 0.12976378240522785 0.16315805835053968 0.1622047280065348 0.08278761930429097 0.13988923176727674 0.08251283989897638 0.1459842552058813
0.10785058180242228 0.0676059264859053 0.24843365290814723 0.1352118529718106 0.09181277409674346 0.08152313230927181 0.1496850793989926 0.11787700002670667
0.12184596107127403 0.07592483825911159 0.1989209849409906 0.09490604782388948 0.1416337564112374 0.11179693972782369 0.14108421437700586 0.11388725738866737
0.14308777018990676 0.08625883108328809 0.20873885331733497 0.10782353885411011 0.1346487958714643 0.10218582642561409 0.12021519928958246 0.0970411849686991
0.08813645408686899 0.11106345749304256 0.1250595634310412 0.13882932186630323 0.1041388097666212 0.17201471054637077 0.09416249657018828 0.16659518623956385
0.1076070366111943 0.06823553483599798 0.23286275539677243 0.13647106967199596 0.09715795866983015 0.0876117820770318 0.15107908404877046 0.11897477868840675
0.08285264622823728 0.11300427649163047 0.13156445536542524 0.1412553456145381 0.09735048887781596 0.16865839913765532 0.09580797354725192 0.16950641473744568
0.10634498938991024 0.06827058182002849 0.23589099833211896 0.13654116364005697 0.0957361971256669 0.08702350248914263 0.1511566809527696 0.11903588625030607
0.08263553420595106 0.1130138805916631 0.13224408394415835 0.14126735073957886 0.09705410584431465 0.1684481076330379 0.09581611615380134 0.16952082088749462
0.10627472132634701 0.06825871401510311 0.23617196836557505 0.13651742803020622 0.09565789482972249 0.08697367510872273 0.15113040465696415 0.11901519366735926
0.06102647572322429 0.08347267489294932 0.09772389959751544 0.10434084361618666 0.11946421224217871 0.20733968782510032 0.11795051887047187 0.20868168723237332
0.09957527359431978 0.0689213461849584 0.21656043099916372 0.1378426923699168 0.1020297287865317 0.09732778970781454 0.15368431522436993 0.12405842313292513
0.10420246152766598 0.06602106056963053 0.26179801462595775 0.13204212113926106 0.09442687917468877 0.07545444275682206 0.14721711118063882 0.11883790902533498
0.08222762483706789 0.11287638240285335 0.1380525456212019 0.1410954780035667 0.09674149874061606 0.16399235518799485 0.09569954160241916 0.16931457360428
0.10598088309980892 0.06812928938750012 0.2384922090366536 0.13625857877500025 0.09541625842925869 0.08608940316675155 0.15084384789092414 0.11878953021410278
0.08263751635853034 0.11298677046649476 0.13281677808966322 0.14123346308311846 0.09698040712921231 0.16807177769077572 0.09579313148246296 0.16948015569974215
0.1190804639161398 0.07648271593666904 0.158960712712513 0.09177925912400287 0.15365841243723216 0.1396329982795462 0.14568136368889342 0.11472407390500357
0.06111048178104499 0.08094942802466262 0.08290186895561788 0.10118678503082829 0.13126557678430129 0.2258272280226912 0.1143850613391972 0.20237357006165657
0.07337446623910171 0.111136511099055 0.09648374483516313 0.13892063887381875 0.10268113150930405 0.21647430747186316 0.09422443332311185 0.1667047666485825
0.10251276783978426 0.06888199901266813 0.2159152593648921 0.13776399802533626 0.09846697247899713 0.09887482815264448 0.1535965769028749 0.12398759822280264
0.10499883439369555 0.06601546943429916 0.2615129973453465 0.13203093886859832 0.09370140559379217 0.07570786559918222 0.14720464378334766 0.11882784498173848
0.10389211897052326 0.0648684234027426 0.2781156596321433 0.1297368468054852 0.09124966866011361 0.0707272180701784 0.14464690233387678 0.11676316212493668
0.1030502423888439 0.06445586222770998 0.284102955002249 0.12891172445541996 0.09022897873507403 0.06950273269097645 0.1437269524898488 0.11602055200987797
0.10265277364434189 0.0643099801565243 0.2862610673717079 0.1286199603130486 0.08983822570963299 0.06915837127845247 0.1434016572445482 0.11575796428174373
0.10248976460209676 0.06425819714646634 0.28703992623729374 0.12851639429293268 0.08969389522191179 0.06905087877473272 0.14328618886092645 0.11566475486363942
0.1024268362624393 0.06423969260584558 0.2873213440343284 0.12847938521169117 0.08964137603701833 0.06901499266094137 0.14324492649721388 0.11563144669052204
0.0818914180186168 0.1125825086452682 0.14365684741767037 0.14072813580658527 0.09556080718496733 0.1612561321945231 0.09545038776446653 0.1688737629679023
0.10571842649960725 0.06799537620129575 0.24070889384318253 0.1359907524025915 0.09499475423890197 0.08548840317119773 0.15054735308711797 0.11855604055610543
0.09873898128608877 0.1350093339003613 0.11111434593844427 0.11770044493877653 0.11578933310145312 0.20057542077595697 0.07983160613238754 0.1412405339265318
0.12097942727476646 0.07662730473843765 0.1553604655521232 0.09578413092304706 0.1506235784092114 0.14329459211512346 0.14238954387963415 0.11494095710765649
0.1099716255532938 0.06617362291302434 0.23596214220766104 0.13234724582604868 0.10519308538608704 0.08368245443453351 0.14755730243590798 0.1191125212434438
0.10571559048102187 0.06531233651863114 0.2684288251441828 0.13062467303726227 0.09420440839485891 0.07251519836388769 0.14563676232661923 0.11756220573353601
0.10376684103211678 0.0646646900956869 0.2805449520425542 0.1293293801913738 0.09109859154429818 0.07000649545463507 0.14419260746709883 0.11639644217223641
0.08216984634316173 0.1126632646792113 0.14218121021190222 0.14082908084901413 0.0959227357034616 0.1617201103577096 0.09551885483672262 0.16899489701881693
0.10583470589903975 0.06802936683873019 0.24012158458425037 0.13605873367746038 0.09511444932690616 0.08560324223779209 0.1506226111529069 0.11861530628291418
0.08263808531176269 0.11296780423720072 0.13317343119665398 0.1412097552965009 0.09691174903999358 0.16787041714359088 0.09577705141849627 0.1694517063558011
0.07720572525828684 0.1242856733640401 0.10756523347987886 0.13887577061610248 0.09566318994800357 0.19555948165474793 0.09419400093961734 0.16665092473932297
0.13414151189904652 0.10079507753617517 0.1793514621264597 0.11144423806297195 0.12584257206803395 0.12387331534460805 0.12425200870602988 0.10029981425667474
0.12770219586676912 0.08263019654282874 0.1745537068711587 0.09314905265545412 0.1506262842148833 0.1210873776103725 0.13847232305198853 0.11177886318654495
0.12572362888371746 0.08096357619109719 0.17259524114066688 0.09290323522817862 0.15812265241520582 0.1201008849311019 0.13810689893621775 0.11148388227381434
0.10987600959464067 0.07092603727288217 0.24145323607617789 0.1304252174934791 0.10563932437983084 0.07888309515881502 0.14541438428004308 0.11738269574413118
0.0827302954630982 0.12019442220592352 0.13270835981570953 0.13968983989696354 0.09837376323844124 0.16392935922556728 0.09474615227794048 0.1676278078763562
0.10632989202028363 0.06828047215964914 0.2364124102235354 0.13656094431929827 0.0959437430226747 0.08624082833171483 0.15117857897781492 0.11905313094502926
0.060837550793425864 0.08889316065663475 0.09743828865834583 0.10361231090805648 0.11894389628282107 0.20592321072766953 0.11712696015693339 0.20722462181611295
0.11155550115913952 0.08422462560008522 0.1515619283944281 0.09630713895915737 0.1523334651035777 0.14528174357990567 0.1431670304527175 0.11556856675098884
0.10760344152887395 0.07188539401157643 0.23382679972066034 0.1318189927661423 0.10538324009243732 0.0838766986947993 0.14696833969598253 0.11863709348952807
0.08232595046562259 0.12033984640213209 0.13097247083020352 0.13974285375773088 0.09831836721947498 0.16582697731031534 0.09478210950524354 0.16769142450927702
0.10629952777925178 0.06832388364301459 0.23573176359827896 0.13664776728602918 0.09599119922860037 0.08660234013162464 0.1512746955710213 0.11912882276217929
0.08217240734231389 0.12008170952139427 0.13146373757542223 0.13996007579812228 0.09641010648654993 0.16703042960320238 0.09492944271524817 0.16795209095774674
0.10626256499923409 0.06832512187268633 0.23596155311684971 0.13665024374537266 0.09559537963432357 0.08679671779148415 0.15127743711331446 0.11913098172673516
0.08216305173800986 0.12007783263891507 0.13151025200093092 0.13995541066583753 0.09632258360322903 0.1670980980155046 0.09492627853856805 0.16794649279900498
0.1430546092759564 0.09198363700083817 0.19061803969808666 0.11038036440100582 0.12867236614703384 0.11686634704334259 0.12219560080209027 0.09622903563164609
0.10355068435871016 0.14281997637898572 0.09901638544846655 0.1132131153243822 0.12062513258184085 0.20813094147225317 0.0767880260461027 0.13585573838925863
0.1076746763348659 0.07745233190565255 0.2132079762215053 0.13430855833121694 0.10054198713364389 0.09619274806245438 0.14974401951256575 0.12087770249809525
0.10571956447229847 0.07092783188769117 0.25950170414390705 0.13109982930585515 0.09368712390910067 0.07490757379920054 0.1461665261066773 0.11798984637526963
0.1037186197346898 0.06938002825857194 0.2766943335360787 0.12901967867927439 0.090909529102402 0.07031278648447527 0.14384731339316112 0.11611771081134693
0.1026770066842327 0.06884956612145454 0.28296182973452727 0.12820712974132917 0.08982441984404467 0.06915224914188274 0.14294138196533265 0.11538641676719626
0.10222936813675008 0.06865898624211675 0.2852382349770192 0.12791106191084192 0.08941619924971268 0.06881490533484823 0.14261128842895357 0.11511995571975774
0.10205202056005949 0.06859034011021473 0.28606488235815275 0.12780428794900042 0.0892657620751306 0.06870660436363511 0.14249224342970643 0.11502385915410038
0.1019844890170947 0.06856557034144997 0.28636520763366463 0.12776574078268105 0.08921084969494086 0.06866970960984148 0.14244926621591453 0.11498916670441295
0.10195929927105316 0.06855661045148084 0.28647436540978255 0.12775178960538885 0.08919088199613992 0.06865673092693834 0.14243371169436636 0.11497661064484999
0.09332452534423712 0.137538747177031 0.16392095403567664 0.16018657368782596 0.08163824722012403 0.1377368226444287 0.0814862135716332 0.14416791631904335
0.10780531285960207 0.06763482341883414 0.24882493573523365 0.1352696468376683 0.09160007878339303 0.08118875835845436 0.14974905958423188 0.1179273844225826
0.09844249008839827 0.14325436079111978 0.11193803360359579 0.11651695687714084 0.11400068094061067 0.19699823695598329 0.07902889249058248 0.139820348252569
0.10626889289206556 0.07736184951919098 0.21889203656477466 0.13415932847834888 0.09893830276797756 0.09405855478395425 0.14957763936317406 0.120743395630514
0.10523509807294947 0.07080844839534417 0.261686503016951 0.1308889874064967 0.09321202025047962 0.0744374010685692 0.14593145312336275 0.11780008866584703
0.08195723295714687 0.12026461693736472 0.13728639165571638 0.13979223078307462 0.09577898246019383 0.16235426825742444 0.09481560000938974 0.16775067693968954
0.10601897637327859 0.06819998790693582 0.2382964415354839 0.13639997581387164 0.09529193411830655 0.08587950459927696 0.15100038022536866 0.11891279942747783
0.08211856384737753 0.12005464606632092 0.13203243603225442 0.13994296244346868 0.0962553129023198 0.16674668837965662 0.09491783539643962 0.1679315549321624
0.11906877833589051 0.07656815138957672 0.15884007957705157 0.09188178166749206 0.153552582877499 0.13939230118321727 0.14584409788490804 0.11485222708436507
0.09812719718316745 0.1402479073331912 0.09280052651643074 0.11293460962397671 0.12640983775931716 0.2173592635075779 0.07659912652756679 0.13552153154877203
0.10656952574782855 0.07738921750941784 0.21061540554620797 0.13450616158864523 0.10194591933306506 0.09795389244696824 0.14996433239808651 0.12105554542978068
0.08211929896614027 0.12103530599035772 0.12570409294991663 0.13983334162079555 0.09756023155774925 0.17110423508815514 0.0948434838819309 0.16780000994495464
0.10644510376839884 0.06845310843851356 0.23365104202570566 0.13690621687702711 0.09601043454221486 0.08761914666555733 0.15156080989235396 0.11935413779022876
0.0980345790622039 0.14324074950817323 0.1089614393868423 0.116426385307675 0.11498935380533241 0.19966836922144446 0.07896746133911868 0.13971166236920998
0.13862054195233892 0.10100243456854588 0.1774743820965377 0.10947271061211392 0.12944882514892272 0.12340176334340094 0.12205390272723746 0.09852543955090252
0.11272379254812573 0.07225029886297261 0.24340856291520402 0.1302632900389852 0.09954389723771305 0.07933935010949167 0.14523384725242083 0.1172369610350867
0.1056886317031013 0.06972219046377442 0.2704763345244612 0.12948093752607148 0.09243791838450052 0.07129956103958889 0.1443615825850379 0.11653284377346432
0.08200624709202005 0.12005488566337022 0.13923841393610353 0.13968191231119362 0.09557237270344354 0.1610870982137139 0.09474077530672263 0.16761829477343232
0.10595852151340764 0.068151350727964 0.23906339325707196 0.136302701455928 0.09518637818123599 0.08561696521086298 0.150892693512464 0.11882799614106541
0.08210632173342564 0.12004407490812925 0.1322025140417001 0.13993630799516102 0.09623053137868542 0.1666433584041613 0.094913321944544 0.1679235695941932
0.08089328668869726 0.11009606679983627 0.10795319124251329 0.13211528015980353 0.10431988264120354 0.20039173214833916 0.09908646011985264 0.1651441001997544
0.07636285429216584 0.1230078319874382 0.10133773033382766 0.13775975268243495 0.09652577917315389 0.2062572986665801 0.09343704964547762 0.16531170321892194
0.10240284417493037 0.07698808945128803 0.21655180180592737 0.136335053768189 0.09642992386292182 0.09658732785158657 0.1520034106937868 0.1227015483913701
0.10455841753371499 0.07094272403885066 0.2610372938254232 0.13120710014831805 0.09288028387108256 0.07500166535838763 0.14628612509073669 0.11808639013348625
0.10342830793575312 0.06936219009328606 0.2772991690512656 0.12898564896388162 0.0907200110375694 0.07030821605072149 0.14380937280002917 0.11608708406749345
0.10259603246131142 0.06883650786743699 0.2831888982341272 0.12818471380707103 0.08977131974321649 0.06913989558900728 0.14291638987146577 0.11536624242636394
0.11956266502884551 0.08031230648894064 0.20861122301197144 0.09351421317436737 0.13944257445653552 0.10732480334103921 0.13901515868905956 0.11221705580924084
0.10746349318219607 0.07024089506105362 0.25574543465285565 0.12925583441088997 0.10081805406304646 0.07603542824980687 0.14411060941035048 0.11633025096980099
0.10409498891392295 0.06929737730535476 0.2750649921692947 0.12893467921615173 0.09233707068475712 0.07047713508095914 0.14375254533502288 0.11604121129453655
0.12007959476555438 0.08044374599020013 0.20612416335336778 0.09363013107075825 0.14039712668113685 0.10778160242649772 0.13918747842757495 0.1123561572849099
0.1076601447926094 0.07030325943132795 0.254784668639255 0.12935556167474438 0.10108761627633532 0.07616694581124303 0.144221797867215 0.11642000550726994
0.08230719689509522 0.12005003106461833 0.13565737112339366 0.13959568260711622 0.09736323223351287 0.16282937787507168 0.09468228907265273 0.1675148191285394
0.10613340622907605 0.06821685930512071 0.2376002509793167 0.13643371861024142 0.09565055174414495 0.08598526201977057 0.15103773488801653 0.11894221622431304
0.09799307421069993 0.1432297632646711 0.10972800677464052 0.11644035787298387 0.1149249642207983 0.1989784658252105 0.07897693838341513 0.13972842944758065
0.10622938268101396 0.07740746121946877 0.21798700325290923 0.1342399865391395 0.09919581209889272 0.09445679924165314 0.14966756708169726 0.12081598788522552
0.08208832461904961 0.12107494008536145 0.12738765904675398 0.13987368544799714 0.09700911370304562 0.16984700703894548 0.09487084752125025 0.16784842253759658
0.08086161462074254 0.11006323530870737 0.106868620221784 0.13207588237044882 0.10445905004151222 0.20151983269590734 0.09905691177783663 0.16509485296306103
0.07634230192874877 0.1229790843793549 0.10108202706228225 0.13773113394981862 0.0965358417126352 0.20663461154837062 0.09341763867900742 0.16527736073978233
0.10240455189115388 0.07699063294731058 0.21644529128071147 0.1363426588128802 0.09643816093323881 0.096658421452036 0.15201188975107688 0.12270839293159219
0.1045625841382322 0.0709453764048191 0.26099731335547993 0.13121176004730403 0.09288511609207907 0.0750159453891598 0.1462913205303524 0.11809058404257362
0.10343085212455554 0.06936333240266115 0.2772845087225107 0.12898748093268375 0.09072219055925983 0.07031148711038425 0.14381141530852948 0.11608873283941537
0.11990427379968958 0.08044888907133618 0.20684574728326147 0.09363043415215345 0.13988757365209314 0.1077386320804567 0.13918792897842516 0.11235652098258414
0.08353160432152341 0.1195977910155797 0.12375837566138341 0.13753418123144912 0.10450624473168114 0.17274673220366152 0.09328405335698288 0.16504101747773892
0.10327297119382055 0.07613641748544142 0.22533103464376777 0.13524185974699077 0.09735330835720606 0.09016215385868756 0.15078458094179417 0.1217176737722917
0.10442441676539652 0.07064473090988983 0.2642476628293952 0.13075178166969378 0.09277293727507924 0.07370338808175948 0.14577847896606155 0.1176766035027244
0.09404481974904588 0.13821841703777507 0.15847278959285033 0.16068521773982017 0.08249264104657962 0.13972954723522585 0.08173987163286504 0.14461669596583815
0.10818193355508919 0.06776838067376491 0.2467033233607348 0.13553676134752982 0.09194751687663004 0.08165706437685372 0.1500447663269357 0.11816025348246188
0.08252039933794789 0.12000816239170321 0.13395101231608877 0.13993915953690986 0.09555912594627193 0.16517989299305624 0.09491525603373017 0.16792699144429182
0.1191732819990516 0.07656097756159287 0.15943927214942522 0.09187317307391145 0.15331111657072077 0.13897027885225574 0.14583043345065308 0.11484146634238929
0.08309293589162497 0.11873184610597182 0.11278015127125797 0.13708698078914516 0.10696657688639458 0.18385639731251555 0.09298073479611585 0.16450437694697417
0.10288075559767386 0.08213854337497614 0.2197252482124148 0.1345471611080164 0.09764584524062181 0.09195995766656255 0.15001004380251975 0.12109244499721475
0.10413220949172952 0.07509994402718463 0.2615048687468458 0.13027594580031723 0.0926456147743208 0.0738451084574703 0.1452479574818462 0.11724835122028551
0.11994688121541473 0.0852403710955573 0.20163140558994178 0.0934170605624285 0.14031379973471897 0.10847927432078754 0.138870734806237 0.1121004726749142
0.10739681986718569 0.07485254323807067 0.25239537847923366 0.12881654293437392 0.10087611225654515 0.0761068823866733 0.14362083219698107 0.11593488864093655
0.13803152551166384 0.09733887034875645 0.22703111089477135 0.1066985440810871 0.12246400013283251 0.09344634528541482 0.11896091407249562 0.09602868967297838
0.0861247028388157 0.12904977917939697 0.12751884510048636 0.13596531233060113 0.10001425826317263 0.16594877651874607 0.09221995097205991 0.16315837479672135
0.11699359654711669 0.09422203038866372 0.15998380825385725 0.09497111386249998 0.14481886293551577 0.13386431196383938 0.14118093941350743 0.11396533663499998
0.10815621449118158 0.07700171610435191 0.23632152751236468 0.13065782710701732 0.10316846390084924 0.08142847984770803 0.1456737266402118 0.11759204439631557
0.12120550940344971 0.08565448790182757 0.19365929147463976 0.0935863318702257 0.14387181020361856 0.11059660292772172 0.139122367974246 0.11230359824427084
0.10792562788716206 0.0750720609573533 0.24927102490817016 0.12911178977727017 0.10183780584989448 0.07663106942714264 0.14395001039346392 0.11620061079954316
0.12088284147457867 0.08518164365508785 0.19755729463120517 0.09334259095862772 0.14313865706639528 0.10912583232525472 0.13876003073849733 0.11201110915035327
0.10771809352053746 0.074918010212689 0.2507691189731319 0.1289396927509639 0.10156142635446762 0.0762897996601486 0.14375813505219406 0.1160457234758675
0.08184120880368194 0.12642049446281525 0.13415088821585938 0.13856399950040577 0.09689353948091241 0.16187053134425863 0.09398253879157958 0.16627679940048692
0.10208274369599493 0.0826925996713662 0.22860104416641286 0.13394736436566357 0.0950386153386117 0.08774368963710628 0.14934131519574728 0.12055262792909721
0.12009461634094605 0.08683662354009312 0.1917626834473374 0.09405589170880109 0.14188766034099942 0.11267505435937221 0.1398204002118894 0.1128670700505613
0.1077757556660143 0.07529816220094951 0.24862261326498689 0.1292648495852929 0.1015235430197411 0.07705605097921613 0.14412066065703552 0.11633836462676363
0.09407171364556129 0.14539192701157694 0.15361916930185993 0.15926600383522566 0.08351300635623728 0.13978085270774282 0.08101792369009306 0.14333940345170307
0.12238896710511954 0.07668371137564371 0.16588115093399283 0.09202045365077247 0.14948482679745273 0.13245111092946987 0.14606421214408327 0.11502556706346558
0.08326888352821193 0.12479981428335682 0.1137224335605963 0.13617599656312607 0.1056860048831903 0.18057282146295134 0.09236284984281595 0.16341119587575126
0.11627925448519164 0.09365663895559828 0.1554651407395559 0.09500178508341495 0.1466837728403483 0.13768473155238795 0.14122653424340492 0.11400214210009793
0.10813112811464455 0.07703200544685816 0.23452491272449452 0.1308276659844348 0.10369455290959065 0.0821817511199967 0.14586308431398923 0.1177448993859913
0.12122596989505595 0.08567957828155078 0.19310560745511313 0.09361129281298551 0.14407026742996315 0.11081425865760922 0.13915947409213963 0.1123335513755826
0.10794836752171723 0.07508799868319214 0.24905631656981286 0.12913455714049793 0.10189587980321073 0.07668038455071513 0.14397539430440592 0.11622110142644815
0.10407559767302815 0.0733367109215015 0.27203113533136464 0.12857759062464508 0.09243504864566372 0.07046966703772102 0.14335441820389533 0.11571983156218056
0.10254994471412775 0.07265946297820022 0.28070277319067255 0.12774533752083497 0.08993702554574554 0.06900813418007998 0.14242651810158763 0.11497080376875146
0.10193175154059485 0.0723756961552827 0.28390129246628626 0.12737380271761334 0.08918863371858446 0.06858011643331298 0.14201228452247336 0.114636422445852
0.11891709584201048 0.08450767332989266 0.20835728692035196 0.09299180569143203 0.13868628825106544 0.10671111825692271 0.13823856487860642 0.11159016682971842
0.09547726939645709 0.1459848860173671 0.14228485170351163 0.15719355754873857 0.08958001670125512 0.14804153756401273 0.0799636792747931 0.1414742017938647
0.1090130341270696 0.06807141942601519 0.2401679547421348 0.13614283885203038 0.09382374814420415 0.08337665692727955 0.15071571903847075 0.11868862874279572
0.08223860718837546 0.12533079585440585 0.13194394802972007 0.13901379550212017 0.09544593091257506 0.16492275009142993 0.09428761781882934 0.1668165546025442
0.10226206656262476 0.08262698171058194 0.22775664349384706 0.13406895451876824 0.09481378433856975 0.08833263116615005 0.14947687914256697 0.1206620590668914
0.10374511278136653 0.07497821352100252 0.26455666054434684 0.1299544619420874 0.09184646312921045 0.07307054536285486 0.14488952697125268 0.11695901574787868
0.10276954188849749 0.07307792263902836 0.2780401072367313 0.12816063246487416 0.09007858872687872 0.06963909685357199 0.14288954097203133 0.11534456921838676
