Action: 0
[0.13726191125324932, 0.10683565313177604, 0.2217215491536334, 0.10683563698462817, 0.1068356372447679, 0.10683833826268889, 0.10683563698462817, 0.10683563698462817]
[0.21348177238578905, 0.10674088619289453, 0.13745231339101854, 0.10674088619289453, 0.11536148325871966, 0.10674088619289453, 0.10674088619289453, 0.10674088619289453]
[0.10636775627417637, 0.1063677560148736, 0.11529716166497525, 0.1063677560148736, 0.2441056268013183, 0.1087584312000357, 0.1063677560148736, 0.1063677560148736]
[0.125, 0.125, 0.125, 0.125, 0.125, 0.125, 0.125, 0.125]
[0.10941381407084685, 0.10768205013225116, 0.24449378093088336, 0.10768205013225116, 0.10768215433700494, 0.10768205013226023, 0.10768205013225116, 0.10768205013225116]
[0.1079095718962125, 0.10790833218781462, 0.24456340502160365, 0.10790833218781462, 0.1079853621431109, 0.10790833218781462, 0.10790833218781462, 0.10790833218781462]
[0.125, 0.125, 0.125, 0.125, 0.125, 0.125, 0.125, 0.125]
[0.125, 0.125, 0.125, 0.125, 0.125, 0.125, 0.125, 0.125]

Action: 1
[0.10683522146308043, 0.10683481409962362, 0.10683481409962362, 0.10683481409962362, 0.11489321151905531, 0.2440974965197462, 0.10683481409962362, 0.10683481409962362]
[0.10683478866888853, 0.10683478866888853, 0.10683478866888853, 0.10683478866888853, 0.2217613425017868, 0.13722992548488203, 0.10683478866888853, 0.10683478866888853]
[0.10791901153839986, 0.10791901153839986, 0.10791901153839986, 0.10791901153839986, 0.10792239642230235, 0.24456353434729847, 0.10791901153839986, 0.10791901153839986]
[0.125, 0.125, 0.125, 0.125, 0.125, 0.125, 0.125, 0.125]
[0.1076807831493849, 0.10768078371060391, 0.1076807831493849, 0.1076807831493849, 0.10940962373725084, 0.24450567680522067, 0.1076807831493849, 0.1076807831493849]
[0.10683612514163107, 0.1068361250339088, 0.1068361250339088, 0.1068361250339088, 0.22172164283956428, 0.13726160684926075, 0.1068361250339088, 0.1068361250339088]
[0.125, 0.125, 0.125, 0.125, 0.125, 0.125, 0.125, 0.125]
[0.125, 0.125, 0.125, 0.125, 0.125, 0.125, 0.125, 0.125]

