0.125 0.125 0.125 0.125 0.125 0.125 0.125 0.125
0.13585418317672365 0.10698516925166987 0.16302501981206838 0.12838220310200385 0.11843698020534883 0.0932691219117122 0.14212437624641858 0.11192294629405464
0.1064326473127609 0.15801367863611654 0.08532738646350294 0.1422123107725049 0.1185102589770874 0.1975170982951457 0.10665923307937868 0.08532738646350294
0.07295173961840629 0.12906846240179573 0.09118967452300787 0.16133557800224468 0.08754208754208756 0.1548821548821549 0.10942760942760946 0.1936026936026936
0.10455150416761737 0.07719829214276652 0.19605915464829593 0.15439658428553305 0.08546168279541104 0.07680726596678157 0.17092336559082208 0.1346021504027724
0.10125388754629076 0.15383417901571322 0.09818121896089108 0.1384507611141419 0.11537563426178493 0.20599579159708653 0.10383807083560644 0.08307045666848516
0.10956131205379604 0.08844105912776308 0.13695164006724506 0.11055132390970385 0.13147357446455527 0.12601753360459805 0.1643419680806941 0.1326615886916446
0.13907437665630978 0.10205844989625981 0.15803827129458145 0.12757306237032479 0.11378755533209864 0.1024180841520101 0.1422344441651233 0.1148157561332923
0.08153584286848321 0.12019725246727254 0.09938399104231842 0.14423670296072705 0.09014793935045441 0.17602486538929046 0.1081775272205453 0.18029587870090882
0.09451412496908618 0.16291471518041542 0.08640669168649204 0.13153833519265956 0.1096152793272163 0.23743410113404015 0.0986537513944947 0.07892300111559575
0.08071576099489981 0.12342967131199206 0.08720574603564657 0.1542870891399901 0.0837175161942207 0.18085281411248685 0.10464689524277589 0.1851445069679881
0.09012136583168423 0.15595291019643934 0.1087747431828439 0.1672024799770543 0.07288313229769033 0.17183934516167865 0.08745975875722842 0.14576626459538067
0.09838444873838277 0.1633028691718765 0.08464823772990018 0.12749527700436977 0.10624606417030817 0.24780447922926335 0.09562145775327735 0.07649716620262187
0.07904144768492208 0.1197768563103124 0.08462495282793811 0.1497210703878905 0.0812399547148206 0.2043804902151219 0.10154994339352574 0.17966528446546862
0.10525952319951815 0.08136241284130163 0.2002075943004702 0.14547876065555013 0.08052548412354422 0.09928761913794486 0.16105096824708845 0.12682763749458217
0.10190702163048172 0.15477775244650968 0.10466592879380834 0.12893395013062076 0.10744495844218396 0.22820955588005748 0.09670046259796557 0.07736037007837245
0.09264717120090618 0.13941376999287283 0.06869664028634313 0.12154020973737631 0.09455890486473112 0.2548590838893071 0.08243596834361175 0.14584825168485155
0.10596025465330663 0.07355790797025105 0.18224795109047276 0.1471158159405021 0.08201157799071274 0.11267910202687738 0.16402315598142547 0.13240423434645188
0.14349091686338122 0.10204103309566663 0.19186806853441077 0.11407400463093344 0.11385158238731885 0.108940649874696 0.12628461237124092 0.09944913224235222
0.090302357550395 0.12321567202037347 0.1085147265606931 0.13384490285132933 0.09342551224259298 0.1830070230719575 0.100383677138497 0.16730612856416163
0.08025311241222598 0.12352444766096606 0.09463202128394373 0.13161628509520285 0.09013297389260287 0.21660858946465286 0.09871221382140213 0.16452035636900353
0.07700091232842689 0.1316842315446196 0.09066339133197944 0.1284554013478301 0.08784194681216703 0.22744331393931663 0.09634155101087258 0.1605692516847876
0.07561059242074447 0.13184009023492105 0.08905118616471422 0.12678217633724445 0.08658240268670989 0.236569199481177 0.09508663225293333 0.15847772042155556
0.0907551786042716 0.1588239184592547 0.08017696675485798 0.11424578003692351 0.11090911094920125 0.2908572421456442 0.08568433502769263 0.0685474680221541
0.07402933156424339 0.1126131479167466 0.08598738945947951 0.14076643489593327 0.076381091630489 0.24582651811987716 0.09547636453811127 0.1689197218751199
0.11341275460692755 0.09134182696784302 0.13337234915126095 0.09024142053605208 0.13674404835546392 0.17884547465516196 0.14324035005722552 0.11280177567006511
0.0787630001819292 0.11616609612433455 0.0928703927499755 0.14520762015541822 0.0787909173712878 0.21546418251644325 0.09848864671410974 0.17424914418650184
0.10380089724727348 0.08322319545625378 0.21377931871557454 0.13632574070420192 0.08676733528068603 0.10633723204907097 0.15091819890737856 0.11884808163956065
0.10066826001164501 0.1538976966965638 0.11754491457308194 0.11954200144455172 0.11609634100806897 0.23086908431594355 0.0896565010834138 0.07172520086673105
0.06366800739969583 0.09538535093177843 0.052566949245309726 0.08315645978667863 0.10782691844461909 0.3370804400770982 0.0940029545414628 0.16631291957335725
0.06795335380233111 0.10749758185695632 0.08011070905667766 0.1343719773211954 0.07291140334645735 0.28476934764787626 0.09113925418307167 0.1612463727854345
0.13252757943026494 0.107339378828844 0.16834838665959745 0.1064037013355372 0.11217938583403089 0.16264609542764677 0.11779327131976441 0.09276220116431448
0.08040713888960667 0.11511146196421221 0.0949847805359934 0.14388932745526525 0.07807560028877002 0.2172699975588715 0.09759450036096252 0.1726671929463183
0.10597296252995313 0.08203851974097436 0.21946244818442615 0.13425803893645946 0.08550957111899543 0.10708382159376381 0.14862916805338613 0.11704546984204159
0.08402933989023503 0.1227564923348694 0.13258513036527964 0.1270591534441422 0.09260281940329865 0.1868487576738908 0.09529436508310667 0.15882394180517775
0.07761332485667645 0.12754505630016258 0.10741879527317767 0.12328514875047165 0.0957194275553393 0.22184794976322894 0.09246386156285376 0.15410643593808956
0.09121369011472266 0.1534566521699651 0.09058722403924874 0.11015106153286125 0.11920179183694335 0.2866856472368963 0.08261329614964595 0.06609063691971674
0.07137411543041042 0.10784030295645558 0.08344241055809334 0.1348003786955695 0.0823034999109403 0.2670490159420701 0.09142982207177756 0.16176045443468334
0.10219708668119966 0.07995045956298888 0.2153203706617022 0.13160689402144887 0.09158288744382723 0.11891384467633649 0.1456942416517464 0.1147342153007503
0.08198509648931547 0.12010612928361879 0.13366306094780261 0.12435681363187852 0.09990996474708878 0.1912653076365387 0.09326761022390889 0.15544601703984814
0.0643679019135878 0.10584579548281571 0.06885279294084874 0.07681818398097878 0.13448844961658302 0.3038086873260538 0.09218182077717453 0.15363636796195757
0.07835227933251147 0.12350154237834104 0.06532320847572269 0.10766801130419475 0.10519584151161213 0.3177305044610435 0.07302699897154079 0.12920161356503368
0.09859919705743497 0.06922173958888295 0.1835110198667633 0.1384434791777659 0.09270049879328508 0.1385707865755932 0.15435414768028524 0.12459913125998931
0.081233005780429 0.11790948503080118 0.1247095643384608 0.12447663332442484 0.10012081031682023 0.20259723456021433 0.09335747499331863 0.15559579165553103
0.0757181355708614 0.12429326617840346 0.10586889108916661 0.1205671374516522 0.10165666784468085 0.23076162696193112 0.09042535308873915 0.15070892181456527
0.089239040168448 0.15009233152376508 0.09040654129094194 0.107931219198214 0.12202816642720754 0.2945955554738344 0.08094841439866052 0.06475873151892841
0.06972337126954364 0.10524735272344658 0.08732160487458758 0.13155919090430823 0.08818114933355743 0.2708648505873343 0.08923145122205253 0.15787102908516984
0.09696930050064803 0.06918896764212085 0.19962145227530273 0.1383779352842417 0.08995455801970137 0.1270665733918266 0.15428107113034112 0.12454014175581754
0.08091606400321932 0.11784507678494029 0.12919716076868074 0.12435448103534426 0.1017561641850227 0.1972220911521041 0.0932658607765082 0.1554431012941803
0.09164093616241477 0.15052839123672154 0.09731556724030152 0.10944505677223516 0.12582435620119423 0.2774948657446154 0.08208379257917638 0.0656670340633411
0.0579713011787474 0.08710793176609238 0.05367927686842617 0.07594024820633695 0.12246020180314962 0.3651150457921928 0.0858454979723809 0.1518804964126739
0.11879217307152365 0.08594651329211792 0.15205531321138552 0.1074331416151474 0.12697752505739968 0.19232557079653184 0.11977993550226136 0.09668982745363267
0.10674102708177827 0.06594864509366188 0.2275069486632374 0.13189729018732377 0.09761997720934854 0.10452291511855002 0.14705563547750872 0.11870756116859138
0.141665809020123 0.09459275844596217 0.23458509215229653 0.10026339678820607 0.12593448658667397 0.10455364008192831 0.11099570177611741 0.08740911514869247
0.12424932606211435 0.07337361613112643 0.1949890141844498 0.09171702016390804 0.1446546716289863 0.12461241706070696 0.13634351057201852 0.11006042419668965
0.10517665598901584 0.06417325609056176 0.25398847233621363 0.12834651218112353 0.10326027806935525 0.0864461813866901 0.14309678298402875 0.11551186096301118
0.09922926380110017 0.0630112487988021 0.2894159012312127 0.1260224975976042 0.09230042848375498 0.0760947320923534 0.14050568015732887 0.11342024783784377
0.07739779203396299 0.10877213506566101 0.15750337063274794 0.13596516883207627 0.09471715886671767 0.17026631832771671 0.09221985364262565 0.1631582025984915
0.10202712300079168 0.07711384158456606 0.25473210604310886 0.1265648782665309 0.09470072408273217 0.0944101922514631 0.1401125229487033 0.11033861182210386
0.08047059031433308 0.1083374182921034 0.14733314651808277 0.13542177286512927 0.09490710773091166 0.17917254741971872 0.09185128942156594 0.1625061274381551
0.10284134342673446 0.07701122978144247 0.2524151643362268 0.12639328500012476 0.09472411222427266 0.0965032853896823 0.13992256214910023 0.11018901769241646
0.08054754076715204 0.10821617841384056 0.14657452983228514 0.1352702230173007 0.0948212834251944 0.18049747783347092 0.09174849908999527 0.16232426762076083
0.10262917638912412 0.07681376174210557 0.2539630884316248 0.1260436295095017 0.0944953039139307 0.0966353710372388 0.1395354791476779 0.10988418982879636
0.09582733803434708 0.1286700993287576 0.12216687246684968 0.11217393274814766 0.11550396840703948 0.21496588054877264 0.07608318916830883 0.13460871929777718
0.10390987252646823 0.06459026347301489 0.2318710280471172 0.12918052694602977 0.10068507154266251 0.10947411600628934 0.1440266472069914 0.11626247425142679
0.10150908536304462 0.06193552957918114 0.28938307117922096 0.12387105915836227 0.09295912559599918 0.08075118902898414 0.1381069868526815 0.11148395324252605
0.11558355348675349 0.07071195921130287 0.23542822415482392 0.08838994901412858 0.13913476229489763 0.11328601717327029 0.13139759584786875 0.1060679388169543
0.10515607132387537 0.06016819866313839 0.29147559761636205 0.12033639732627678 0.10025553973272143 0.08013933505333687 0.13416610269063992 0.1083027575936491
0.08202617356659944 0.10588006998794056 0.1641313145546874 0.1323500874849257 0.0971909859488067 0.16983337805057114 0.0897678854245583 0.15882010498191082
0.10224326925963648 0.063486058981962 0.260249835310459 0.126972117963924 0.0943861504505508 0.09682322586735224 0.1415644359985839 0.1142749061675316
0.08281511835956655 0.1060439309541964 0.1552349191089587 0.13255491369274552 0.09569832897730493 0.17868008144954942 0.08990681102638393 0.15906589643129462
0.09047775661160927 0.12276121419730521 0.14125910190917307 0.1534515177466315 0.08438291548271633 0.1915010081833968 0.0780601198971995 0.13810636597196832
0.0800805124035967 0.10526281108412722 0.11689692367921084 0.13157851385515903 0.09349880970284995 0.22554365542536628 0.08924455722349918 0.15789421662619083
0.10413512821754448 0.06426128870326965 0.23502126290826308 0.1285225774065393 0.0974205166443348 0.11167582388299171 0.14329308257117146 0.11567031966588538
0.09664403132757388 0.12151678110569585 0.1700254026653652 0.15189597638211982 0.08535702191664711 0.16058558509039456 0.07726882276829573 0.1367063787439078
0.10749547005577638 0.06279320607175369 0.2641304588440005 0.12558641214350738 0.09299156102033136 0.0939556435157726 0.1400194774197015 0.11302777092915663
0.10562349430268148 0.059413450466597365 0.31150138937509925 0.11882690093319473 0.09050553357007034 0.0747018936511437 0.13248312686133798 0.10694421083987525
0.12150292500019073 0.06843283506148713 0.2478364791912701 0.08554104382685891 0.13848471594279743 0.10839024144255081 0.12716250694261416 0.10264925259223069
0.12688997144021838 0.06755720196295706 0.21797308381430902 0.08444650245369632 0.15691052779498854 0.1193515119119599 0.12553539767743513 0.10133580294443557
0.11227728339638357 0.058804596222519545 0.28511386001450756 0.11760919244503909 0.10866554388107012 0.08055577806913278 0.13112547277081224 0.10584827320053518
0.10586603350908974 0.05809911401653146 0.3215258821226186 0.11619822803306291 0.09377362834404528 0.07040635599758512 0.12955235274731042 0.10457840522975663
0.10242769058945445 0.05719736161936649 0.33987032086673796 0.11439472323873298 0.08849213937955978 0.06712093389974602 0.1275415794915426 0.10295525091485969
0.11981927853155691 0.06750687602513175 0.2598126042543522 0.0843835950314147 0.13720771819612798 0.10456773235463063 0.12544188156908812 0.10126031403769764
0.12615575410428723 0.0670677193583858 0.2231874797367747 0.08383464919798227 0.15714723582471787 0.11737974602207883 0.12462583671819452 0.10060157903757871
0.11240070757231904 0.058505133130025345 0.2882036096305908 0.11701026626005069 0.10832726436367478 0.07978606463875951 0.1304577147705341 0.10530923963404562
0.08705749601012866 0.10391189297784573 0.16554329687761304 0.12988986622230717 0.10202200118022825 0.1676083936534567 0.08809921361165182 0.1558678394667686
0.08044413580722533 0.10460630352843417 0.12533013060921785 0.13075787941054273 0.09981826072367479 0.21344588163675532 0.08868795299149855 0.15690945529265127
0.07805479455024927 0.10360553111699888 0.11172790834466965 0.1295069138962486 0.09872879689392669 0.23512828648843115 0.08783947203397731 0.15540829667549833
0.11736309038211278 0.07146899786286867 0.16273468776209868 0.08933624732858583 0.14890934478273318 0.1701798032376389 0.13280433184965892 0.107203496794303
0.08665302624649698 0.10144204417118341 0.122778991682397 0.12680255521397926 0.11217403859075675 0.21198106647588663 0.08600521136252508 0.15216306625677511
0.07947645252169593 0.1030322040277861 0.11063392209178352 0.12879025503473263 0.10194322353169445 0.23422224637924444 0.08735339037138387 0.15454830604167916
0.10530756818961835 0.06374723979633785 0.2316922885933153 0.1274944795926757 0.1009695704788294 0.11389699148338416 0.14214683023243097 0.11474503163340813
0.10753094802823629 0.05994440813300062 0.29584789435196174 0.11988881626600124 0.09506479337709586 0.0801561219942987 0.13366708321000434 0.10789993463940112
0.08613231634351995 0.10407366471543619 0.16806969094315302 0.13009208089429522 0.09907587560404386 0.16820950651548405 0.08823636791091329 0.15611049707315428
0.11978595134741576 0.07102060825425777 0.18788151488874205 0.0887757603178222 0.1486421003109516 0.1453920222359153 0.13197113026350882 0.10653091238138664
0.14766518985045385 0.07816769010407534 0.2211239795878 0.0977096126300942 0.14328222211149988 0.11517372802857354 0.10893892632041843 0.08793865136708476
0.11948635917795755 0.05819204764642358 0.28650322806838274 0.11638409529284716 0.10574141616037294 0.07918758701917478 0.1297595808712788 0.10474568576356243
0.10874828824464276 0.05768861566147382 0.32223410682510745 0.11537723132294764 0.09363318084042548 0.06984206623080674 0.1286370026839431 0.10383950819065288
0.12329176095600748 0.06743697488691737 0.2520993849975112 0.08429621860864672 0.14079410868005512 0.10561409889240822 0.12531199064807783 0.10115546233037605
0.1106501874849085 0.05769999144528465 0.30345397718959605 0.1153999828905693 0.10403124599819975 0.07624226140596624 0.12866236898396308 0.10385998460151236
0.14110349612606193 0.07672145491466019 0.27702066557968924 0.09590181864332524 0.12397267564567442 0.09204488137642625 0.10692337093517008 0.0863116367789927
0.09368032072948088 0.10154989281733803 0.1609011467889093 0.12693736602167252 0.10657238721016267 0.17193739894825164 0.0860966482581779 0.152324839226007
0.12217533972341015 0.07058539847947047 0.1839693140862295 0.08823174809933808 0.15165459896307712 0.14634308336667087 0.1311624195625981 0.1058780977192057
0.14880563875707026 0.07807991931890583 0.2190114388504011 0.09759989914863229 0.1443577945386121 0.11548879617644774 0.10881660397616166 0.08783990923376905
0.12003354320952556 0.05820511167765026 0.2853583531363628 0.11641022335530052 0.10609667988609918 0.07933817600423242 0.12978871171105894 0.10476920101977047
0.10904450068962135 0.05769826754356301 0.32166999640825605 0.11539653508712602 0.09375430748836336 0.0699209862642341 0.1286585249404226 0.10385688157841343
0.10418332931242147 0.056882984305173426 0.3399691311597918 0.11376596861034685 0.08910845345235684 0.06686019640771837 0.12684056500287924 0.10238937174931215
0.08517533786961007 0.10331420611205855 0.18229702577193238 0.12914275764007319 0.09713729078132721 0.16036959356190475 0.08759247909500616 0.1549713091680878
0.10413537602215175 0.061807016459539066 0.2712132079717055 0.12361403291907813 0.09691945787159724 0.09323785735181558 0.13782042177694234 0.11125262962717032
0.1406807373320808 0.07832387724775616 0.2634877807784296 0.09790484655969522 0.12351955240944516 0.09881224618663999 0.10915659758222734 0.08811436190372568
0.13427619074881114 0.06655777346601595 0.22444480703951522 0.08319721683251993 0.15297965117439594 0.11502944984540467 0.12367825069431321 0.09983666019902392
0.11518180367732432 0.05810929102385289 0.2884362080780109 0.11621858204770578 0.10877659030785536 0.07910575506763447 0.12957504595468092 0.10459672384293521
0.10739082673583064 0.057604016644267314 0.32325165354508173 0.11520803328853463 0.0946395635792485 0.06977031674506445 0.12844835950229158 0.10368722995968117
0.09848203775914473 0.11839083921826024 0.2024643558615983 0.1479885490228253 0.08508986760587385 0.13911352495231769 0.07528113145943721 0.13318969412054274
0.08293689769566584 0.1171574348535249 0.13627327186034627 0.1288346976571748 0.09532216532944324 0.19749036135210787 0.08738353406312725 0.15460163718860975
0.07828134924678039 0.11600633284955959 0.11433003873808471 0.12783865007979262 0.09748151682811709 0.22594777819475068 0.08670795396716369 0.1534063800957511
0.07656957803115996 0.11499260740932644 0.10678309062127682 0.12684028412092394 0.09740740241766738 0.23916789505077976 0.08603080140375712 0.1522083409451087
0.11608670436117807 0.07987898920878703 0.15927189306724024 0.08817978302138615 0.14847013598550346 0.17121158474621084 0.13108516998403075 0.10581573962566339
0.11269423502826505 0.06572186544282145 0.2539414549746039 0.12000948772020592 0.11084563361481135 0.09497716139499686 0.1338016228761102 0.10800853894818532
0.1257951910198168 0.07322887723167408 0.2224122073438831 0.08496985578555545 0.1499022257375911 0.11541441838297238 0.12631339755584065 0.10196382694266654
0.11245965436249093 0.06313926301840006 0.28727368455205693 0.11604514235938425 0.10807556298246541 0.07918439095629379 0.12938167364546274 0.10444062812344583
0.10631590405282774 0.06163248344386356 0.3223377279702339 0.11468452442910239 0.09435026768143007 0.06959833424450014 0.12786468619184996 0.10321607198619213
0.10296649459705208 0.06064730280043638 0.33991630236943277 0.11301659803505061 0.08924781485139592 0.06648547638048528 0.12600507273460118 0.10171493823154555
0.0843425020021552 0.10978311915720071 0.1816001677925335 0.12797544885476167 0.09689124127467891 0.15903624306972636 0.08680073922322964 0.15357053862571396
0.13576020311743686 0.09063682545324826 0.22171897653331843 0.10058117701541974 0.12689778634583398 0.12174146590665835 0.1121405063142068 0.09052305931387777
0.1157910913733527 0.06444519434072796 0.28706308682645615 0.11622298790437695 0.10152064217996883 0.08077635010510416 0.129579958156074 0.10460068911393926
0.10048862116914806 0.12664103730442688 0.1884538670878228 0.1470781935085035 0.08658454822221832 0.14356532098285818 0.07481803756736918 0.13237037415765313
0.10804599751805954 0.06981138224042159 0.27313700872129476 0.12183827930395065 0.09310281124901963 0.08856948057869654 0.1358405890150017 0.10965445137355559
0.10611104103885353 0.06297077505751814 0.3161216780775624 0.1164269837552304 0.09118322073779632 0.07259461764712717 0.12980739830620464 0.10478428537970737
0.10330504688822666 0.06102478612590933 0.33706508073160235 0.11357857933863896 0.0887198200430865 0.06745432551856215 0.12663163994919896 0.10222072140477506
0.12060373982858387 0.07159759946969514 0.2580154273071249 0.08343306943049014 0.13817413968672757 0.10402747953874808 0.12402886142204207 0.10011968331658817
0.1264065163808101 0.07183229291885923 0.22140376257285227 0.08263704907485046 0.1592703185079761 0.1164400779555015 0.12284552369932994 0.09916445888982055
0.11244459649638602 0.0628216724793291 0.28629227385472616 0.1155887582441112 0.11065752744002287 0.07929244965027533 0.12887283941544936 0.10402988241970008
0.10630358194874277 0.061588299150638674 0.3217632687347851 0.11463447118499867 0.0951004110079834 0.06963006334636156 0.12780888055999107 0.1031710240664988
0.1219656520004155 0.07183104738989779 0.2514005113003241 0.08366390550234602 0.1413290866122815 0.10504109584514874 0.1243720147467711 0.10039668660281521
0.1269941527466458 0.07190852892745664 0.21847818328096594 0.08270654556038687 0.16083460888995296 0.11688129102937338 0.12294883489275422 0.09924785467246425
0.11276163801132692 0.06290056347217217 0.2847134433413051 0.11572572427457571 0.11123489112391699 0.07948504161151332 0.12902554631807173 0.10415315184711813
0.10647442748722857 0.061638687360974116 0.32096586523481807 0.11472033547086433 0.09532638852058797 0.0697213811708003 0.12790461283094873 0.1032483019237779
0.12204841266248077 0.07184925037567932 0.25106276113625703 0.08368136677954788 0.141451177229861 0.10509141957261245 0.12439797210810401 0.10041764013545744
0.14517925685345304 0.0821879778066956 0.24952201888496764 0.09452800011038634 0.13791129428214083 0.10020458616829458 0.1053916657947143 0.0850752000993477
0.13500267448236675 0.07223607714294653 0.21696865223027548 0.08207049787917788 0.15864425500677984 0.1145899385084235 0.12200330729501666 0.09848459745501344
0.11531543939029884 0.06288068688095441 0.28368415972316624 0.11563584667473988 0.1105677564239266 0.0789185093981098 0.12892533950153837 0.1040722620072659
0.10729563763341304 0.06164539199921633 0.32038616723346675 0.11473405576432978 0.09515459406331281 0.06960359318410403 0.12791990993426022 0.10326065018789682
0.10333982220977361 0.06068616153331622 0.3389223805166099 0.11308725858285178 0.0895565857200164 0.06654540474064127 0.12608385397222427 0.10177853272456659
0.10131513731710316 0.06010158120082961 0.3480039354000921 0.11209317826639208 0.08730131250556405 0.06532546626579633 0.12497552860446998 0.10088386043975288
0.100289399457483 0.059795472199557935 0.3523991901704902 0.11158054118176633 0.0863260404383397 0.06478289297716215 0.12440397651161111 0.10042248706358968
0.09532455323514138 0.12488860697112901 0.21168204614272515 0.14569431092799964 0.08205199005278811 0.13511955031946934 0.07411406251554764 0.1311248798351997
0.10533765348050088 0.06898065324102186 0.2855283176828198 0.12056227049216538 0.09090919336420991 0.08575793388193406 0.13441793441439928 0.10850604344294883
0.10468253293238255 0.06253097656981826 0.32233358768421166 0.11569625192132724 0.09008702228965523 0.07155031502978154 0.12899268684362902 0.10412662672919451
0.1025742897839964 0.060801950334056956 0.3401002018553324 0.113207356974627 0.08818893784944792 0.06702288720888794 0.1262177547164871 0.1018866212771643
0.10105543166488391 0.06009894526724629 0.3486245813347844 0.11207570523227979 0.08690279479593543 0.06541835952042588 0.12495604747539252 0.10086813470905179
0.11944717481319271 0.07127390597591063 0.2628186603643681 0.08312489663764856 0.13702271387187437 0.10299203050451718 0.1235707418673104 0.09974987596517827
0.14369934891500782 0.0818848876882197 0.2551146901922641 0.09422878681280333 0.1359152071248095 0.09929310583811254 0.10505806529725983 0.08480590813152299
0.11612990608021644 0.06235625052882316 0.3034355109536841 0.11338385900712872 0.10222109049678699 0.07401336851601155 0.12641454131093308 0.10204547310641586
0.10660107287046605 0.0609986196189221 0.33016641718047085 0.1135644634952887 0.09198981631810257 0.06785569153370535 0.12661590183728458 0.10220801714575982
0.13800517238854168 0.08110800688801999 0.2887294271963616 0.09451755498013117 0.11868448456302888 0.08850953424783162 0.10538002025396713 0.08506579948211804
0.11293629894093876 0.06155581766873634 0.320993569831614 0.11202640715166186 0.09610566487855668 0.07065739129753182 0.1249010837944648 0.10082376643649568
0.10483885529583142 0.060461027499614246 0.3388833875122041 0.112643472137712 0.0896116571458636 0.06659341028054883 0.12558906520428484 0.1013791249239408
0.08480235467778004 0.10970468765872159 0.1812576565175649 0.12790330107701428 0.09702140454900753 0.15907483001873698 0.08675180420875753 0.15348396129241715
0.11816075766588717 0.07875999840103362 0.19254111456355286 0.08740529297026431 0.14718168013874824 0.1411309661911471 0.12993383850504964 0.10488635156431717
0.1117096484145238 0.06462889090362686 0.27193854865112255 0.11813153870621193 0.10901427179348996 0.08655086682447863 0.13170784987095568 0.10631838483559072
0.08665468956774709 0.11063168669191109 0.15951714893922417 0.12848745896074806 0.10312539446967157 0.17025065497485833 0.08714801564294215 0.15418495075289765
0.10493408906130997 0.06961785518139044 0.25767536989458273 0.1235155705797066 0.09928331928816185 0.09609913885663363 0.13771064361647883 0.11116401352173592
0.10587643554874075 0.06344029102678697 0.3083887612654749 0.11734184898702728 0.09366102068148155 0.07485657363603081 0.13082740476613341 0.10560766408832455
0.08526850052232596 0.11057351648655916 0.17145582801066542 0.12857116894488244 0.09854646564489801 0.16409432480723757 0.08720479284957244 0.1542854027338589
0.13651200208877268 0.09095821169089693 0.21681648872601608 0.10086806034193842 0.1279572509053733 0.12364637212518632 0.11246035981407165 0.09078125430774457
0.0916280022444534 0.11158467883476411 0.14010570905605296 0.12573344949409967 0.10731223424047966 0.18747570794992818 0.08528007878730239 0.15088013939291958
0.10720786369232331 0.07005981379937062 0.2465039089144608 0.12412420326056652 0.10113728912188048 0.10086591464159998 0.13838922363528836 0.11171178293450987
0.10708993451259524 0.0637830202524971 0.30264661528342995 0.11792999606409335 0.0946265479143931 0.07630374464981805 0.13148314486548915 0.10613699645768401
0.10423656139986841 0.061489173910178004 0.3304582620415725 0.11436190573431158 0.0902965196850358 0.06872687164497293 0.12750499042318023 0.10292571516088042
0.10200696632823146 0.06043628921093933 0.3439554643892042 0.11263499789697368 0.08790884087268333 0.06610632613642402 0.12557961705826767 0.10137149810727632
0.09594718961814402 0.1251912988505031 0.20872240438469603 0.14596205100530443 0.08261182940918359 0.13594912009860963 0.0742502607287853 0.131365845904774
0.13958569085444805 0.09126766324053073 0.2344381511936919 0.09967066189734938 0.12050129096302681 0.113707596236891 0.11112534990644773 0.08970359570761444
0.11636816634367773 0.06409672112236132 0.2936606877790472 0.11549799939077757 0.09919177586641395 0.07846479997899142 0.1287716500670311 0.10394819945169981
0.10725815332464798 0.06151899984904807 0.32552712325095706 0.11434640621944406 0.09167380340838002 0.06927603872923978 0.12748770962078315 0.10291176559749965
0.10310736069830961 0.06053543098806957 0.3414552850452207 0.11281593993416635 0.08843414369809754 0.0663361397687861 0.1257813539266004 0.10153434594074971
0.10112684279646701 0.060013026233092306 0.3492263535316073 0.11194210303239449 0.08692604890132818 0.06521064178312175 0.12480709099283384 0.10074789272915505
0.10017168737869726 0.05974811927904271 0.352981504653404 0.11150026396232003 0.08620677246020478 0.06472694129747761 0.12431447340276575 0.10035023756608802
0.13453768344502634 0.08044170137586899 0.29919318447521365 0.09384617794347688 0.11585128414620578 0.08703692350421757 0.10463148496086155 0.0844615601491292
0.13050875642037774 0.07174464171789167 0.2389923771026332 0.08165504269019391 0.14831155652477657 0.10941586906300883 0.12138570525288529 0.09798605122823269
0.1486285087973736 0.0820059978667737 0.24311666117232994 0.09429635284453751 0.14050164915970953 0.10145071621878979 0.10513339638040227 0.08486671756008375
0.09475489933960428 0.11003826910031243 0.1488129037965836 0.1250372050349405 0.11116910845585469 0.17533512481577274 0.08480784341500314 0.15004464604192858
0.14059092317456312 0.09082560764230195 0.20482093088302775 0.10071163139941819 0.1328703162121044 0.127254169212145 0.11228595321696326 0.09064046825947636
0.13497207080874107 0.07413639395812888 0.19851029953350183 0.08354606729757749 0.15850146468637763 0.1258815826177037 0.12419684034087639 0.100255280757093
0.09109317451418587 0.10922624698381087 0.1341265606279003 0.1253122556771891 0.1164995981152018 0.1883730577662961 0.08499439950278914 0.1503747068126269
0.12056821368425481 0.07870912510439729 0.17078792953411778 0.08735011007150534 0.15605063284933382 0.1518620512508539 0.12985180541973035 0.10482013208580643
0.08719342205658392 0.10977901025169791 0.12486308333140855 0.12541675087544812 0.11538761311098114 0.2017947448165169 0.08506527450682569 0.15050010105053774
0.10636896296017481 0.07033242191146827 0.23784258794365948 0.12482062928532012 0.10418270456621494 0.10494844029557716 0.1391656866807972 0.11233856635678811
0.08541762399356953 0.11184806933495163 0.14846635349274517 0.12922314724746528 0.10183117769711206 0.18049884731717802 0.08764700422001993 0.15506777669695831
0.10509597622826157 0.07009996508545588 0.25173623583872135 0.12423922009144259 0.09944908631940659 0.09904675953604421 0.13851745881836955 0.11181529808229831
0.10623019293636177 0.0636750412129112 0.3054148011959476 0.11772679621524237 0.09399247148802391 0.07574998815960694 0.1312565921981881 0.10595411659371812
0.08537191814340471 0.11063797537301513 0.1704978285122121 0.12861927115280097 0.09868030136860069 0.16461216137166193 0.08723741869494327 0.15434312538336115
0.0793443355415053 0.11584224488098278 0.1256788196123698 0.12845578296024707 0.09918612316662279 0.21021922323467773 0.087126531051298 0.15414693955229644
0.11704820984097875 0.07991541263918714 0.16796812105706643 0.08816780545165806 0.14935727127832849 0.16067444866862507 0.1310673645221663 0.10580136654198968
0.11256281413791372 0.06545016015135001 0.25866036394905434 0.11950237479567329 0.11087888664630396 0.09215703319409434 0.13323622980950442 0.10755213731610595
0.10779947809648342 0.0627339048896698 0.30812691816774956 0.11649084378525394 0.09653764140110692 0.07359085677900074 0.129878597474007 0.10484175940672855
0.10410729010339775 0.06116805267963682 0.3329968837822428 0.11387350787744116 0.09053816535815969 0.06786947984905374 0.12696046326037094 0.10248615708969705
0.12095454422924877 0.07164738564596865 0.25623720899675534 0.0834798591568195 0.13916479224215458 0.1042419612480454 0.12409841749282421 0.10017583098818338
0.10104417399772286 0.12571906726943177 0.17614813322266593 0.14461920494173464 0.0957681474346858 0.15297682791148942 0.0735671607747085 0.13015728444756117
0.10857242646350555 0.06992223278225748 0.26612901879198575 0.12208692399905788 0.09616492507397198 0.09112843199559724 0.13611780929447198 0.10987823159915208
0.08605915283501918 0.11177797123218294 0.15774653628692561 0.12915375705822343 0.09947612463550501 0.1732020099123503 0.08759993956992546 0.1549845084698681
0.11909277005378567 0.07926852636965931 0.18225812799254423 0.0878098704617018 0.14890822017164512 0.14675537027743513 0.13053527011918656 0.10537184455404215
0.14688999095908772 0.08481907121294884 0.21736229961054562 0.09685146041730389 0.1436674899273385 0.11526122285283491 0.10798215064436716 0.08716631437557348
0.1190709697455377 0.06369330127580461 0.28374865930523574 0.11549904429278798 0.10622280028056252 0.07904327018176732 0.12877281505479496 0.10394913986350919
0.10845854563413372 0.06168947555146174 0.3203816262334024 0.1147125394180518 0.0939782751608934 0.06964233171195268 0.12789592081385773 0.10324128547624663
0.08584634650855458 0.11010783638056414 0.17536238986991676 0.12823180542340787 0.09854978611063711 0.16104905334643166 0.0869746158523984 0.15387816650808944
0.09213636079728466 0.13422786044515198 0.14749997926140201 0.14890954990675084 0.08622498117439975 0.18123303289419643 0.07574964060473847 0.13401859491607573
0.10743102335061173 0.07179521356754447 0.2513414764187728 0.12443662259076822 0.09493407730020735 0.09933107856681614 0.13873754787358783 0.11199296033169139
0.12474353769032223 0.07440774058649456 0.2223737932611605 0.08583090375558068 0.14415135543584917 0.11790218156903272 0.1275934031948632 0.1029970845066968
0.11223536245618608 0.06331539259408664 0.28745700228755694 0.11623473315914398 0.1066445082252587 0.07990868819591053 0.1295930532386277 0.1046112598432296
0.09945331362586023 0.12646778112050464 0.18863776925453 0.147052788801828 0.08802913149861381 0.14320659147347956 0.0748051143035386 0.1323475099216452
0.10769004486694925 0.06978056048235243 0.27321412739045825 0.12180029907032318 0.09358621955582382 0.08851023558194919 0.13579824388885284 0.10962026916329087
0.1059850960736343 0.06295448500515219 0.3161440251575905 0.1163980895941562 0.0913911161963717 0.07259372386546696 0.12977518347288758 0.10475828063474057
0.10325510106922325 0.06101195728905263 0.33706119342851215 0.11355460874559792 0.08884890858814996 0.06746416848161756 0.12660491452680842 0.10219914787103812
0.10139545533441897 0.060197747576435506 0.34714392976811964 0.11223768078412841 0.08725236904812235 0.06562226665508365 0.12513663812797599 0.10101391270571557
0.1195960562263179 0.0712989023476573 0.2621798085031961 0.08314580118051758 0.13728793280151216 0.10311471964985641 0.12360181787432166 0.09977496141662111
0.10863999644120044 0.061879307072865326 0.3080619647824585 0.1139275341686912 0.10284381196455844 0.07509190627510205 0.12702069854330197 0.10253478075182208
0.0857496971412817 0.10991251632331904 0.17117354015262135 0.12796661163852596 0.10111337161409736 0.16372958387866243 0.08679474528526109 0.15355993396623113
0.10410312366910833 0.06919894977906337 0.2640167832211731 0.12284637213409791 0.09820919029633861 0.09409930868972279 0.13696453728980768 0.11056173492068812
0.10530749773995389 0.06320787089324291 0.31158739358890825 0.11695325196744445 0.09310152609594538 0.07419038485472917 0.13039414808907612 0.10525792677070002
0.12206196201076326 0.0723105248932786 0.24738003189660554 0.08409710483771504 0.14108831184092938 0.10712954406117516 0.1250159946542749 0.10091652580525806
0.08809215295103653 0.10937760021468496 0.15019938981483485 0.12574363671436115 0.11155209205532172 0.178855775812352 0.0852869883801754 0.15089236405723339
0.07960027280637214 0.11499065057488911 0.11880120396278225 0.12760440820591598 0.10251884778629315 0.2168102499465487 0.08654907687009954 0.15312528984709914
0.07623252306008234 0.1241825602424259 0.10734647691729081 0.12528002610479042 0.09824506661160902 0.23340477629306505 0.08497253944498828 0.15033603132574846
0.11513837370638312 0.08784682910323971 0.15854524849907842 0.08725887082320202 0.14809685968599962 0.16868700104513665 0.1297161721491182 0.10471064498784242
0.11201287066313734 0.0708623150024773 0.25280315540499565 0.11922170876567177 0.11064390877954744 0.09423319536378724 0.1329233081312788 0.1072995378891046
0.10759863152308871 0.06681183328203436 0.3047318157884003 0.11621149726658928 0.0964467345382013 0.0740419931093047 0.12956714695245103 0.10459034753993035
0.10389900938283733 0.06480043572100952 0.33096960242205936 0.11347126611641124 0.09037333741489197 0.06785021572315594 0.1265119937148645 0.10212413950477012
0.0841841304823327 0.11581715037021541 0.17814389555903237 0.12715031022451131 0.09685126945783026 0.15903179165830025 0.08624107997836421 0.1525803722694136
0.0783236725595408 0.12589865909889636 0.12717162362210777 0.12682291787802508 0.09777595370969731 0.20580064911735518 0.08601902256074745 0.15218750145363008
0.11590132453499592 0.08809007054871013 0.1677799263221781 0.08730434569527994 0.14783695237155667 0.15853839209219872 0.1297837736007445 0.10476521483433592
0.08535666072752096 0.11813930073740771 0.12303816899013982 0.12417453210270132 0.1120852871306958 0.20397388566646066 0.08422272612183221 0.14900943852324158
0.10530444793447173 0.07721973499972641 0.23583792148242252 0.12387716120390971 0.1028267805321329 0.10533071858572762 0.13811379017809036 0.11148944508351874
0.10665659960812703 0.06847118296619525 0.29671858917898375 0.11787809975260448 0.09527827913551733 0.07748167523018999 0.1314252843510381 0.10609028977734403
0.10407111232172117 0.06533453265988952 0.3271677400010466 0.11410098487738045 0.09045723897990961 0.06896342163100232 0.12721408313940774 0.10269088638964242
0.10180167454068524 0.06394672156718821 0.34202495444187264 0.11223050512725033 0.08782022667678256 0.06603982522564203 0.1251286378060537 0.1010074546145253
0.13510863455269223 0.08517888827441517 0.29368435688953753 0.09363753248706114 0.1163677601979267 0.08735018751249768 0.10439886084751443 0.08427377923835502
0.11143413266254391 0.06589784801424596 0.32305078873565274 0.11100319174438272 0.09496251571657821 0.06998837558194464 0.1237602749747073 0.09990287256994446
0.10397709595949882 0.06387975513745135 0.3395592525948327 0.1119246754127048 0.08896947028873803 0.06616988223789144 0.12478766049744847 0.10073220787143433
0.12025848425439889 0.07529520110902305 0.2585740578538386 0.08277745848155668 0.13768962160644949 0.103017974803984 0.12305425171288129 0.09933295017786802
0.10866165171425692 0.0659964457444971 0.3056977491513544 0.113404471245677 0.10280705903732638 0.07493107656709123 0.1264375224186876 0.10206402412110928
0.10396094837364743 0.06446924390552626 0.3311258619908367 0.11299369062450677 0.09191732784844268 0.06785907301363113 0.12597953268135306 0.10169432156205607
0.13635331181638244 0.08550464988620657 0.2886413563858831 0.09391954938536182 0.11820582665766419 0.0881344227785939 0.1047132886430825 0.08452759444682562
0.09118379543408868 0.11785512525295073 0.1629931071336767 0.12401408613584426 0.10381326816938666 0.1672098126102064 0.08411390190083351 0.1488169033630131
0.11966826442076481 0.08611311689748864 0.18312046004021662 0.0863753250173027 0.14926381199374605 0.14340590964369776 0.12840272196602015 0.10365039002076325
0.14628201753450407 0.0909893829991106 0.21678663343291793 0.09594251918167904 0.14304956732256394 0.11363286326763233 0.10696874899808097 0.08634826726351114
0.09345027537521196 0.11882605613714246 0.1393648655064584 0.1238854615394756 0.11114762296940255 0.18063650375468512 0.08402666087025303 0.14866255384737073
0.12074419621168375 0.08641790053422672 0.17241206807196985 0.08654151564431116 0.15284171576640218 0.14854300950310773 0.12864977549512524 0.1038498187731734
0.08672850577494569 0.11794029084926493 0.12473718001930968 0.12430019862893342 0.1138109308241193 0.1990146947395173 0.08430796080918963 0.1491602383547201
0.10566916680862481 0.0771258233655109 0.23676109919663096 0.12377116477596009 0.1032537584036888 0.10402932708011253 0.13799561207110772 0.11139404829836408
0.10671953388983077 0.0684227808374791 0.297170835692503 0.11781140353945087 0.09535329297009777 0.07714096683443142 0.1313509230507012 0.1060302631855058
0.12253821226018406 0.07690460734700301 0.24093445569700744 0.08394812176706577 0.1420176443547792 0.10812469114005235 0.12479452131342914 0.10073774612047894
0.11023446445414384 0.06674800467591466 0.2965570367003729 0.11439964096462645 0.10484434737406127 0.07670976657379772 0.12754706238891933 0.10295967686816382
