0.125 0.125 0.125 0.125 0.125 0.125 0.125 0.125
0.056818181818181816 0.09469696969696968 0.06818181818181816 0.11363636363636363 0.11363636363636363 0.18939393939393936 0.13636363636363633 0.22727272727272727
0.0750307031010132 0.125051171835022 0.09003684372121584 0.1500614062020264 0.10338309794289222 0.1563139647937775 0.1125460546515198 0.187576757752533
0.07344109659906548 0.12240182766510913 0.08812931591887857 0.14688219319813095 0.10048821848996048 0.1748929617325935 0.11016164489859821 0.18360274149766367
0.08981056890973767 0.14968428151622948 0.0808295120187639 0.1347158533646065 0.12276468966925093 0.24032869247919272 0.10103689002345488 0.0808295120187639
0.07295173961840629 0.12906846240179573 0.09118967452300786 0.16133557800224466 0.08754208754208755 0.15488215488215487 0.10942760942760943 0.19360269360269358
0.1079414144517263 0.08500386388073447 0.12952969734207156 0.10200463665688136 0.14595202723161535 0.14015044293827986 0.16191212167758945 0.12750579582110172
0.06250748525203552 0.11059016621513977 0.05449370509151815 0.09641193977730134 0.12501497050407104 0.2491704434222951 0.1089874101830363 0.19282387955460267
0.06862925465027407 0.12142098899663877 0.0857865683128426 0.15177623624579845 0.0823551055803289 0.20495648074374784 0.10294388197541114 0.1821314834949581
0.09421842066357139 0.0760558335477022 0.18843684132714278 0.1521116670954044 0.09132349874670685 0.09136008103917986 0.1695931571944285 0.136900500385864
0.09226300061232717 0.07447736194007133 0.2170203957539217 0.14895472388014266 0.09012329677997367 0.07702856843924609 0.16607340110218888 0.13405925149212838
0.13166374179141083 0.10368519666073603 0.157996490149693 0.12442223599288325 0.1314564660222933 0.10456467223304541 0.13774052987409133 0.10847066727584692
0.05955686938033041 0.0882107682915283 0.06351175316990038 0.10585292194983396 0.12898591252521502 0.21515242444372323 0.12702350633980075 0.21170584389966793
0.06779994658119691 0.11995375164365606 0.09372362753036763 0.1499421895545701 0.09137341365657674 0.19557652369635303 0.10169991987179537 0.17993062746548408
0.09093207637779094 0.0734030014133975 0.21052292772931688 0.146806002826795 0.08903493496155925 0.09349791666700119 0.1636777374800237 0.1321254025441155
0.1402363723801254 0.1017357244804944 0.15502586587503908 0.12208286937659327 0.13343537998773758 0.10590181357807447 0.13515075486541867 0.1064312194565172
0.06778045013905436 0.11991925793832693 0.11269163369311952 0.14989907242290867 0.09180902837105846 0.17635099531946022 0.10167067520858153 0.17987888690749038
0.10243928930374158 0.08269195642591187 0.1590090873714861 0.10336494553238984 0.13390066618337407 0.14089718658861633 0.15365893395561236 0.1240379346388678
0.1213106944964194 0.08135200600268093 0.12396496152789477 0.09762240720321712 0.166286329462852 0.13247939039304593 0.15495620190986845 0.1220280090040214
0.08711946497464905 0.11475840862526136 0.08262605421018818 0.13771009035031362 0.11736369086510129 0.18500211027385924 0.10328256776273521 0.172137612937892
0.06841208259207593 0.09581827789141627 0.05174187006136478 0.08623645010227464 0.1444068723336474 0.27742780669194206 0.10348374012272955 0.17247290020454928
0.09232081775874149 0.13328093150022802 0.07197170301012314 0.11995283835020522 0.13255273135612058 0.2879846462518045 0.08996462876265393 0.07197170301012314
0.0785322122545391 0.10814268785308492 0.07786273525422115 0.1297712254237019 0.10559897348698334 0.24054971488006605 0.09732841906777642 0.16221403177962737
0.09604456877476078 0.13632329334083468 0.07361457840405072 0.1226909640067512 0.12619518833799256 0.279498605726496 0.09201822300506342 0.07361457840405072
0.07018728586640464 0.11320958325044175 0.09309074187685316 0.1415119790630522 0.08656005318366264 0.2296439439107224 0.09598203797320062 0.16981437487566262
0.10711247661052514 0.07309230278168602 0.18563124515983748 0.14618460556337204 0.0962875991844259 0.10241641365940685 0.1618323675752429 0.12744298946550384
0.06909209092072999 0.10308259699269093 0.0714551664872399 0.08986687942952543 0.12767015866602885 0.2575107023330967 0.10158864631163744 0.17973375885905085
0.09890959482538104 0.07117766542003162 0.20439089312807002 0.14235533084006324 0.08957495620113876 0.10675619147474029 0.15871557035451825 0.1281197977560569
0.083917302687815 0.11504969688060482 0.09956617111650941 0.1380596362567258 0.10314036183385922 0.18414755871103414 0.10354472719254433 0.17257454532090719
0.05874413857530846 0.09204188635342903 0.06533770716278034 0.09890269925524346 0.12174570263622007 0.24673922840023968 0.11868323910629214 0.19780539851048692
0.09018093394095136 0.14516404448668482 0.07641730127430843 0.11932353346199549 0.13000281428060168 0.2778246023817643 0.08949265009649662 0.07159412007719729
0.062009061222452345 0.09446603284483711 0.05546852668065681 0.08235500299293493 0.12100405133136825 0.32689035903682395 0.09309695990505687 0.16471000598586985
0.13372143321531238 0.10117546193417148 0.14837838487453384 0.11035834820290294 0.13379176096211243 0.15419354082215375 0.12217122796576961 0.09620984202304358
0.10815698086013674 0.14859303206639285 0.08380753483263305 0.12099006273223664 0.1352143028123849 0.23990150200769633 0.0907425470491775 0.072594037639342
0.06818190487787047 0.102684696483115 0.05215427794069827 0.07981870267228984 0.14385353178201046 0.2978870376926885 0.0957824432067478 0.15963740534457968
0.07025932578147029 0.11067296898807882 0.0885184588655204 0.13834121123509854 0.09457290776133317 0.23779424365735743 0.09383143022902336 0.16600945348211824
0.07173162043098921 0.1127846710444842 0.09730690166186873 0.14098083880560525 0.09278384547999272 0.21961332969000993 0.09562178632032357 0.1691770065667263
0.08663098877713916 0.13194590069859874 0.11590401715159322 0.16493237587324844 0.08115150370819801 0.18709569299586376 0.08390038250943507 0.1484391382859236
0.08057470898785847 0.12525932259242137 0.0888859245009137 0.1324793644687566 0.09958500766314603 0.2082569428493906 0.09935952335156746 0.16559920558594576
0.07817726207663163 0.13271670439319871 0.08503832879936304 0.12974208378498056 0.10164581174936532 0.21319564162649962 0.09730656283873544 0.1621776047312257
0.09470109338520839 0.16338257130710968 0.07734971126339768 0.11841820705080619 0.12428859728506805 0.2619952401898216 0.08881365528810464 0.07105092423048372
0.07749724496395931 0.11029836662487136 0.09340070378055869 0.1378729582810892 0.09631752137443311 0.22565182246452084 0.09351383257326051 0.165447549937307
0.10288183791703603 0.06946920163909363 0.21266826990204424 0.13893840327818727 0.09627058168316496 0.09982119151248463 0.15490595111762073 0.12504456295036853
0.08119800723209315 0.1138872996778342 0.1260339822558639 0.14235912459729277 0.09614003724585259 0.17299397583440904 0.09655662363990293 0.17083094951675132
0.07719720801151927 0.11341194498660087 0.10675687986010178 0.1417649312332511 0.09642315706666407 0.19817435582984355 0.09615360553211813 0.1701179174799013
0.102297905910474 0.06912364727418933 0.21957705618643897 0.13824729454837867 0.09670512276402451 0.09549099176379121 0.15413541645916248 0.1244225650935408
0.1251103363503695 0.08821797531012145 0.14638802279168342 0.09434812238921514 0.15466091146006514 0.12358055428470086 0.1497589244273256 0.1179351529865189
0.07372371499548015 0.10808193947056548 0.05795777154039803 0.0837958268168205 0.15800807383923718 0.25028602752367307 0.10055499218018459 0.167591653633641
0.06205478440465843 0.09226817568476703 0.0527320323336391 0.08043892239184819 0.14879489836015614 0.311902386293928 0.09093095574730664 0.16087784478369638
0.09877758581375409 0.06861721481483506 0.19506957326835275 0.1372344296296701 0.10765767825626849 0.11612638388867975 0.15300614766173667 0.12351098666670311
0.10330738015461002 0.0665709363470051 0.2539091614983877 0.1331418726940102 0.09564587233829422 0.07915383944991101 0.14844325209317258 0.11982768542460918
0.13654032409655809 0.08708148228331208 0.23045536541095243 0.1088518528541401 0.12212187263869147 0.09562074248785457 0.12136169265976515 0.09796666756872609
0.11013048292719049 0.06464113432812839 0.2652437548112552 0.12928226865625678 0.09626127080527697 0.07394696506003151 0.14414008162122957 0.1163540417906311
0.10407632254825938 0.06468551272661854 0.27997591673510075 0.1293710254532371 0.09095490920352257 0.07026335159912726 0.14423903882622105 0.11643392290791339
0.08173257465123976 0.11275940462394814 0.1425442547264191 0.1409492557799352 0.09535602302722547 0.16191901546544107 0.09560036478986908 0.1691391069359222
0.10746251511931014 0.0844007123725694 0.20437130979564352 0.14037604351453803 0.09724651552196141 0.08836173820276497 0.15540205061438478 0.12237911485882803
0.10500059538197226 0.15856135298039967 0.10170782200441635 0.12384560483845074 0.1298052212595572 0.21388783700329528 0.09288420362883806 0.07430736290307044
0.08044611548864633 0.11020085072242732 0.10022029211631524 0.13775106340303414 0.1011163426935873 0.2115329034450733 0.09343115604727534 0.16530127608364095
0.10379182630943197 0.06871934014445535 0.21755000611085085 0.1374386802889107 0.09772821681292061 0.0978432461692074 0.15323387190420343 0.12369481226001965
0.1049856479498923 0.06593990131168292 0.2627475595251162 0.13187980262336585 0.09326205496692085 0.07545707311325496 0.14703613814873776 0.11869182236102928
0.10359807784942031 0.06480153824461994 0.27934534376565173 0.12960307648923988 0.0908944156407736 0.07061702075585595 0.14449775841412266 0.11664276884031588
0.08198447331428545 0.1126599374356848 0.14239506661835827 0.140824921794606 0.09568748670126682 0.16194217406940822 0.0955160339128632 0.16898990615352716
0.10552551065601522 0.08282031148400072 0.21978771838316527 0.1374437258338915 0.0955508828864056 0.08689326101114903 0.15215585440300566 0.11982273534236697
0.08382041677025194 0.1266024941653092 0.11937559311007548 0.13192038246354731 0.10363754327425578 0.17080280528946565 0.0989402868476605 0.16490047807943414
0.09629822682156532 0.1627144804855752 0.09103645558200907 0.1187503723111115 0.12670905583071418 0.24417840634902413 0.08906277923333364 0.07125022338666691
0.09202178451758336 0.12834848696406292 0.07958078709616512 0.11189355273790103 0.11810484557607417 0.25988526144398194 0.07589301837875025 0.13427226328548122
0.10608581721183673 0.06818765769462636 0.20698971381059197 0.1363753153892527 0.10123282411739074 0.10634258852929993 0.1520482993966743 0.12273778385032745
0.1057140505077235 0.06604688960522781 0.2585392852092412 0.13209377921045562 0.0943575471956229 0.077089340907378 0.1472747060749408 0.11888440128941004
0.10386487572117398 0.06486466713453772 0.2777487934472597 0.12972933426907543 0.09138818223069615 0.07100921993867221 0.14463852641641692 0.11675640084216787
0.10278003597999583 0.06439971953510314 0.2847625046551354 0.12879943907020627 0.09019166642655009 0.0695453765049816 0.14360176266484193 0.11591949516318566
0.11979685112724606 0.07521844691708666 0.2102932413152654 0.09402305864635833 0.14011572639352357 0.10795341356552753 0.13977159165936254 0.11282767037562999
0.14255883412184664 0.08588538869216429 0.21298379677888374 0.10735673586520537 0.13382330879035859 0.10107612467985891 0.11969474879299762 0.09662106227868483
0.1127691228315555 0.06464691836685822 0.25818548000236374 0.12929383673371644 0.0995693035961491 0.07501790624470452 0.14415297916430772 0.11636445306034478
0.10555383277569662 0.0646595132670217 0.2771755679136171 0.1293190265340434 0.09222883846908343 0.07049503324806218 0.14418106391183644 0.11638712388063906
0.10343408382649642 0.06435384943352578 0.2844289732805062 0.12870769886705155 0.0903153084225618 0.06942367800490361 0.14349947918460823 0.11583692898034641
0.10273190623383864 0.06420144391682699 0.28711689519623496 0.12840288783365397 0.08973110119377749 0.06909352894591755 0.14315963762946196 0.1155625990502886
0.1024857768536897 0.06414045707445665 0.28810248662479454 0.1282809141489133 0.08953544791986512 0.06897844857076889 0.1430236460734899 0.11545282273402198
0.10239745250131774 0.06411750050481069 0.28846248354046705 0.12823500100962137 0.08946686352369855 0.06893674166189223 0.14297245634953307 0.11541150090865923
0.10236545993894497 0.06410903491416622 0.2885937855087977 0.12821806982833245 0.08944231240514887 0.06892149521319368 0.1429535793459169 0.1153962628454992
0.11993556446151757 0.07511767458431348 0.2113892525046713 0.09389709323039185 0.1397277163774493 0.10767185135702166 0.1395843356081646 0.11267651187647021
0.1079836358314048 0.06492333104099812 0.258151977725151 0.12984666208199624 0.1010949703519248 0.07636808892271173 0.14476933817201668 0.11686199587379661
0.10457233452947048 0.0646998410665538 0.27726192265326643 0.1293996821331076 0.09258262864177012 0.07075288817031629 0.14427098888571846 0.11645971391979683
0.10326230870290272 0.06435554800145556 0.28447210614704094 0.1287110960029111 0.09038840622221889 0.0694672817832766 0.14350326673757402 0.11583998640262001
0.10273466128095816 0.06419752874658839 0.2871275488111414 0.12839505749317678 0.08974155469221039 0.06909718984788193 0.14315090738418368 0.11555555174385912
0.09431225971446912 0.12930643375138406 0.16563437799490094 0.16163304218923008 0.08235929918294077 0.139062823387464 0.082222025809304 0.14546973797030704
0.10625693778233972 0.08332095467366538 0.2367355129159833 0.1346092711897288 0.09109837732603518 0.08160927719712287 0.14901799659587392 0.11735167231925074
0.10369627252290341 0.15639494913962704 0.11806144862319701 0.1219725566213733 0.12678285000505382 0.20842897164899138 0.09147941746602999 0.07318353397282398
0.08037862743834223 0.10988180230240385 0.10365670586354192 0.13735225287800484 0.10114211767668133 0.20960513191364294 0.09316065847377719 0.16482270345360578
0.10388953155227845 0.06856201273244664 0.21879427920637684 0.13712402546489327 0.09775216622615125 0.09758330664232225 0.15288305525712725 0.12341162291840393
0.08237432260123642 0.11290545417790838 0.1286618060302046 0.14113181772238548 0.09738214985772624 0.17246207893197124 0.09572418941170494 0.16935818126686256
0.10417760920384728 0.08172209235891063 0.22891500273863993 0.1352661423966018 0.09463410183707623 0.08761554217217783 0.14974518002391407 0.11792432926883235
0.07209056099226607 0.10887934726451737 0.08289458185870706 0.08509602123957559 0.14270912165455898 0.23602309902373309 0.1021152254874907 0.17019204247915118
0.07475099465191765 0.10994271127383298 0.09581448311899181 0.13742838909229121 0.10443736254164825 0.21949969372188416 0.0932122986886845 0.16491406691074945
0.10282114805704438 0.06873358475071448 0.21563637667563507 0.13746716950142895 0.09879200667923217 0.09956362653455834 0.15326563525010065 0.12372045255128605
0.10514523698800256 0.06591070936024339 0.26192079824165754 0.13182141872048678 0.09374363803074678 0.07584787735638973 0.14697104445403528 0.11863927684843813
0.10397748823961311 0.06474799993390046 0.27891938736281285 0.12949599986780091 0.09120532322937362 0.07072902551346731 0.14437837597201086 0.1165463998810208
0.1031019602039102 0.06432400445197599 0.2850959937279923 0.12864800890395198 0.09014974795998912 0.06946414740839657 0.14343292933022705 0.1157832080135568
0.10268715097307725 0.06417266481943348 0.28733834721460855 0.12834532963886697 0.08974401861824499 0.0691062275231264 0.1430954645376621 0.11551079667498027
0.10251600354323545 0.06411852264886116 0.2881533005051238 0.1282370452977223 0.08959330730793605 0.06899374435096439 0.1429747355782068 0.11541334076795008
0.08198812969842167 0.11242953991860921 0.14427512263710768 0.14053692489826153 0.09554058118188148 0.16126469490028805 0.09532069688751652 0.16864430987791382
0.10331064562836684 0.0810492057023706 0.2372019001020503 0.13419245246817266 0.09356015764059622 0.08514078542618651 0.14855656113692697 0.11698829189532998
0.08169302866020811 0.12145029909856227 0.1321040286991104 0.1397839688650009 0.09588010737839618 0.16653780838706828 0.0948099962736528 0.16774076263800108
0.10348890272930648 0.0823630311772773 0.23344741287115656 0.1344900963281661 0.09385183258523272 0.08622488289756915 0.14888606512519814 0.11724777628609354
0.08173388560222522 0.12163016422539186 0.1312646599150131 0.13981807468528024 0.09595405171123263 0.16698434532154793 0.09483312891697268 0.16778168962233628
0.10346559316976946 0.08235994251705958 0.2335875639806135 0.13443892432736446 0.09383861471278541 0.08627678087741121 0.14882941561678112 0.11720316479821515
0.07194716605536067 0.10707050716555727 0.08061095355983898 0.08584112190775794 0.1407772625398803 0.24503295497340616 0.09703778998268289 0.1716822438155159
0.08604180365575935 0.1407480391594567 0.10977795488729736 0.1578100657368709 0.09000640938198524 0.19330937370582085 0.08027729430962564 0.1420290591631838
0.11661111798893618 0.09464638637255522 0.14982040632660665 0.0899860428699063 0.14834088436880763 0.1452776198034142 0.14283498868239095 0.11248255358738286
0.07114494462570015 0.10386175689306054 0.06647007288252674 0.08215425586045329 0.15187135635176632 0.2673190733015957 0.09287002836399066 0.16430851172090657
0.10097773664124599 0.0752378547253238 0.19971006905669209 0.13530600293889902 0.10836974778496575 0.10776709039389773 0.1508560958139665 0.1217754026450091
0.09361620196124772 0.13911498202473807 0.14245268818527285 0.16104824438076926 0.08559834026380056 0.15130158153474013 0.08192454170673914 0.1449434199426923
0.10640116113503088 0.08398901520016545 0.23778223411863467 0.13344642209045884 0.09114173379597379 0.08317085238020415 0.14773067484169636 0.11633790643783588
0.08403314200413514 0.125424715395118 0.1308855644185558 0.13011753787366173 0.10163993658115017 0.1676640279800557 0.0975881534052463 0.16264692234207717
0.07880667438532005 0.13173873965141267 0.10546505787524664 0.1281612569204729 0.1023651317936446 0.19714062553295744 0.09612094269035468 0.1602015711505911
0.07741753264334125 0.13218968913545778 0.09931678666503194 0.1273512102811193 0.1019069284206154 0.20711543229219578 0.09551340771083948 0.1591890128513991
0.07563414517299208 0.12518492472228876 0.09933656919758778 0.13730524953236953 0.09587189434770724 0.20877213964451702 0.09312877794369412 0.1647662994388434
0.10374168166372734 0.08346998416092073 0.22039126880640353 0.1354077158972447 0.0950082127746586 0.09403147666757677 0.14990190770879344 0.11804775232067488
0.07241634228518985 0.10862015976815932 0.0825749152882401 0.08459826769499718 0.1427661838154748 0.23830967452394786 0.1015179212339966 0.16919653538999435
0.07381825754764484 0.12078999234951626 0.0944967897841963 0.13523802282462852 0.10330399818705453 0.218340652958092 0.09172665895931326 0.1622856273895542
0.11467208710398427 0.08640175443144814 0.15026072560872838 0.09577953291100243 0.14702379708646157 0.14854395473926404 0.14238270862590807 0.1149354394932029
0.08231259373152906 0.11970323237389197 0.11081513205515314 0.13687595181567083 0.1056390343438721 0.1875653114000143 0.09283760210106369 0.16425114217880496
0.09431181086859351 0.1568969578570106 0.12146714774795601 0.1539498634068125 0.08711234804506607 0.1715215497840329 0.08052762085894807 0.13421270143158012
0.060523890635924976 0.10316917558522005 0.07734221371048025 0.09569522653057268 0.11933916428144234 0.23770560435852714 0.11483427183668721 0.19139045306114535
0.08493163773995967 0.14235833092084835 0.07704122447174504 0.11191559188601394 0.11632605218105826 0.2572204858666443 0.07590796667051379 0.13429871026321671
0.1041091224081629 0.07791049002833544 0.20442621595176694 0.13510859884597345 0.1004752739649352 0.10573655485744678 0.15063600498200322 0.1215977389613761
0.08168392901824445 0.12086805599842111 0.12448442792908031 0.13956178369140315 0.09722800699101718 0.17404035917754626 0.09465929676460387 0.16747414042968375
0.07871164975726047 0.13084830273632142 0.10409225962041695 0.128212790586394 0.1021701873108071 0.19953922881601222 0.0961595929397955 0.16026598823299248
0.09484461226479933 0.1611561112771958 0.09068259314299622 0.11655266021508667 0.12539042401122766 0.2540275077983274 0.08741449516131501 0.06993159612905202
0.06473062001454281 0.10552343142319281 0.055896793229144724 0.07823699293515557 0.138458146201003 0.31223821222603937 0.08844181810061064 0.15647398587031114
0.09959827424059726 0.0754607143545472 0.1949067112008798 0.13541143133354058 0.10573649686090829 0.11604244320313917 0.15097364060620122 0.12187028820018651
0.10456424270054984 0.07112375629392431 0.2531179345098783 0.13171202230515328 0.09536764679128741 0.07872450170971897 0.14684907561485 0.11854082007463795
0.1037354108652749 0.06944394398396761 0.27500877671045076 0.12910637219244808 0.09146737586242801 0.0710984152215427 0.14394397019068464 0.11619573497320326
0.12008151286255554 0.08035834382107256 0.20667797172549518 0.09350876177262375 0.14018824543559116 0.10796759544128458 0.13900705481422876 0.11221051412714851
0.10772514460921276 0.07017401109089559 0.25548643770008084 0.1291100118400619 0.10112725240083544 0.07623010357669907 0.14394802812615856 0.11619901065605572
0.12124950351483521 0.08049429299701726 0.2004117957373137 0.09359999015474642 0.14339699743793496 0.10938476004092322 0.13914267193153346 0.11231998818569569
0.12395690030429757 0.08055878920737117 0.18119892363816636 0.0926238269369008 0.15579423170741827 0.11702719613656035 0.13769153974500475 0.11114859232428094
0.12465708520851176 0.08053250618282735 0.17481901501252634 0.09257809014752402 0.1597250350069126 0.1189710113289468 0.1376235489357223 0.11109370817702884
0.10964545956207694 0.0707259810244139 0.24268527696559053 0.13009032394265077 0.10603555917477464 0.07869510481918224 0.14504100296292552 0.11708129154838566
0.0827624992114275 0.12000763411024624 0.1333216885847916 0.1394816197384199 0.09853379401631966 0.16390989596054562 0.0946049246921457 0.16737794368610387
0.07902767925368798 0.13088125992490604 0.10618847504087175 0.1284070266652395 0.10267128381064707 0.19601022197416842 0.09630526999892966 0.1605087833315494
0.07769042354030832 0.13191877945524494 0.09942472634207962 0.12720892985775242 0.1027495186219527 0.20658976246715732 0.09540669739331434 0.15901116232219054
0.06449707866916217 0.10665303033190389 0.05905524841487169 0.08160317371224762 0.13646961367979418 0.29626844183194095 0.09224706593558427 0.16320634742449525
0.09969710657103659 0.07568236043548711 0.19675823828911604 0.13573353328021656 0.10541648560423648 0.11321933562842602 0.1513327602392862 0.12216017995219491
0.12030212530988615 0.08183184421200583 0.1825723060674208 0.094695728559315 0.1461818377068868 0.12000972320901221 0.14077156066429514 0.11363487427117801
0.12399176718114298 0.0808765615460046 0.1756594870699886 0.09287868219402548 0.15703578260134587 0.12003290157279722 0.13807039920186476 0.11145441863283058
0.10949872487397207 0.07076164617686902 0.2430870344738209 0.13011621807691917 0.10548077500591954 0.0788811321330351 0.14506987299023674 0.11710459626922726
0.13959185790377024 0.09238526337373998 0.22509001169305867 0.1073733190960783 0.12453618727398341 0.09467413561503246 0.1197132378578664 0.09663598718647047
0.128350773354535 0.08113247629133001 0.18878687001789993 0.09214898615066945 0.14922753420424817 0.11278891957653371 0.13698565702398027 0.11057878338080333
0.11005278747861547 0.07047139227473083 0.24818385320867475 0.12953986814388121 0.10341119536581066 0.07732773637270556 0.14442728582608844 0.11658588132949309
0.10495991321706752 0.06935349231722977 0.2728211818945036 0.12899899258982836 0.09310229639463477 0.07084078030872352 0.14382424994716683 0.11609909333084553
0.08193424039230783 0.1198345851174671 0.14015270742504937 0.13945617444253486 0.09576153590737724 0.16092568124058926 0.09458766614363236 0.16734740933104184
0.10423016421910244 0.08169494401014535 0.23715009190667496 0.13361812709874513 0.09403901872332812 0.08485929671432842 0.14792075934415413 0.11648759798352139
0.08184888938489508 0.12148201989006946 0.13207045593910674 0.13972521737353946 0.09602762028256225 0.16640538884561387 0.0947701474359659 0.16767026084824735
0.07884362007980551 0.13114071636586672 0.10589562322442639 0.12838339693080209 0.10207353171344649 0.19689631782404846 0.09628754769810158 0.16047924616350262
0.07764334922732599 0.13194598923074743 0.09935239181040637 0.12718456824000562 0.10261633486445321 0.2068882301470501 0.09538842618000422 0.15898071030000702
0.08897888521025725 0.14715558709845428 0.08146720339245944 0.11258965737163723 0.11294265958217865 0.2453932595861119 0.07636515891293655 0.13510758884596466
0.10500132428284495 0.07820714683820995 0.20639777624652378 0.1350503715502291 0.09967558743708028 0.103551373357337 0.15057108589256882 0.12154533439520618
0.1219796468783979 0.08507265819543373 0.1796153001160625 0.08909350576900127 0.1512781174612395 0.12017562624321454 0.14141826312539885 0.11136688221125159
0.07263225072562735 0.10376246203496876 0.0711190843053495 0.08282730044914018 0.1543577452382607 0.2560156949710843 0.0936308613772889 0.16565460089828035
0.11249126194163482 0.08351197721505074 0.14010762371432411 0.09388355891284995 0.1612479471775031 0.15653314440710006 0.13956421593611726 0.11266027069541995
0.08169457139138175 0.11896252084998754 0.10826383252453087 0.13638108446142982 0.10844847293516417 0.19009026354473332 0.09250195293905676 0.16365730135371578
0.13514089467326643 0.09981803484095025 0.17920462312916696 0.11085031889064821 0.12907832287131385 0.12255268544185574 0.12358983315121526 0.0997652870015834
0.12801765432803183 0.08235627543860885 0.17467168168185182 0.09290607826113148 0.1516856408573938 0.12076425022397232 0.13811112529565217 0.11148729391335775
0.11047917842941474 0.07089772954106681 0.24271239528648747 0.13017841859648877 0.1043972605342071 0.07903521894776813 0.14513922192772702 0.1171605767368399
0.08291502786607272 0.12003428921865616 0.1333289553661639 0.1394900697369025 0.09818717076890332 0.16404574736355407 0.0946106559954643 0.16738808368428298
0.07918523811708572 0.13086388698163212 0.1061866786225181 0.12837733094068662 0.10259591312943026 0.19603629032727407 0.09628299820551497 0.1604716636758583
0.07789921886555565 0.13188506762625982 0.09941264352229982 0.1271679310625092 0.10273123378838726 0.2065680430099699 0.09537594829688191 0.15895991382813648
0.11571542550588719 0.08725913373166656 0.1518392132310618 0.09573068885279595 0.14683090050807066 0.14543771289434962 0.1423100986528131 0.11487682662335513
0.10865158279882882 0.07198979442380708 0.234248138691794 0.1315971352737708 0.10435438454392575 0.0840005573729622 0.1467209851485176 0.11843742174639373
0.10517744527252379 0.06984349834744878 0.2677299924807991 0.12973832704682767 0.09377626799726356 0.07232142182048443 0.14464855269250787 0.1167644943421449
0.10333844349915638 0.06896970093042525 0.28033044767655424 0.12836582340027877 0.09067987067552317 0.06966815920556019 0.14311831355225108 0.11552924106025088
0.11986215966932061 0.0802306799191105 0.20827553456584882 0.09339831412674582 0.13982149598041793 0.10749097181595554 0.1388428669705057 0.11207797695209498
0.10762057233888621 0.0701262790490721 0.25609812183683434 0.1290365827548567 0.10100904008173762 0.0761103192833048 0.14386616017593723 0.11613292447937104
0.10416670188732079 0.06916364795475205 0.2758230920210082 0.1286844379217376 0.0923976500534052 0.07047493106573784 0.14347354496647458 0.11581599412956382
0.093947810719036 0.13761046716595882 0.16177092139688878 0.1601687103791359 0.08236438060901875 0.13850874380457034 0.08147712658416914 0.1441518393412223
0.14300276175795132 0.11172719968442683 0.19790163208704342 0.10667425091457566 0.12150739122541089 0.10809591860545277 0.11809278082525265 0.09299806489988646
0.07648813723922544 0.10728407193363002 0.07418262747683359 0.08340852310744497 0.1462387576136756 0.2512929407276234 0.09428789568667692 0.16681704621488994
0.10213039154036749 0.07539681638110245 0.2031515268693582 0.13517836773752134 0.10701902728077688 0.10474954713765904 0.1507137920894454 0.12166053096376922
0.10486096421846647 0.07092058053707144 0.25622700820727246 0.13134115583003447 0.0953875566647789 0.0766201071236502 0.1464355871716951 0.118207040247031
0.10368890651887996 0.06934744522664113 0.27613925797253486 0.1289486486359274 0.09138341169365599 0.07067042598444721 0.14376812019557875 0.11605378377233466
0.10273038983201258 0.06874395599463201 0.2834513480745991 0.1280003017032612 0.08995300839861275 0.06920994032613208 0.1427107841378151 0.11520027153293509
0.08149218107274485 0.11967855655286969 0.14250848638501115 0.13934756281827443 0.09503196470472447 0.16021017395552967 0.09451399912891657 0.16721707538192931
0.07905399391976715 0.1308460581541864 0.10824260146797031 0.12842018843417358 0.10192867684740532 0.19466810430815013 0.09631514132563018 0.16052523554271697
0.07793223452513223 0.13190783398161215 0.09988024014831565 0.12719197888219788 0.10261006407825582 0.2060936906200908 0.0953939841616484 0.15898997360274733
0.06454667538217584 0.10667387345398988 0.059126782353106325 0.08161971692063247 0.13645849956959455 0.2960692515254776 0.09226576695375843 0.16323943384126494
0.07147317608645148 0.11890469919852198 0.08816511427754725 0.13327966754515327 0.10075152089715822 0.23709183773644513 0.09039838320453873 0.15993560105418392
0.10146601752684209 0.07672360574912239 0.21089620028295103 0.1362847020135665 0.09760567185279503 0.10242029851753674 0.15194727224497634 0.12265623181220983
0.08366716650498236 0.1236882339697527 0.12467180871301983 0.12985585709085232 0.1037019772844841 0.17470324225520406 0.09739189281813926 0.16231982136356538
0.07909494956218038 0.1310308900253209 0.10388060333406954 0.127734613299416 0.10344068276782524 0.19934903441235585 0.095800959974562 0.15966826662426997
0.05815008452439569 0.09844346536661211 0.07381361488381542 0.09488419562379814 0.12291107942255715 0.24816813418266742 0.11386103474855776 0.18976839124759629
0.060464286806201015 0.10145928628044919 0.05471522047066938 0.0801059740260697 0.13992488612691592 0.3125638189037376 0.09055457933381791 0.1602119480521394
0.09870913313159299 0.07528039165660869 0.19462522546430358 0.13564931507296374 0.10621000209636271 0.1162026857893609 0.15123886322314015 0.12208438356566735
0.1043808858504114 0.07112682345371739 0.25303068412173324 0.13174280257796994 0.09550066313855347 0.07876622521543643 0.14688339332200528 0.11856852232017295
0.10369855285224773 0.06944633408287715 0.27497719434620194 0.1291104754810306 0.09151196169914624 0.07110750855433022 0.1439485450512386 0.11619942793292755
0.0817040645768823 0.1198433869289726 0.14062745092262166 0.1394548777726739 0.09541532402284068 0.1610222557855954 0.0945867866632049 0.16734585332720864
0.10445430240715646 0.08165609384818381 0.2373039900742528 0.13353911175798025 0.09395445584689403 0.08484004713704271 0.14783328611384053 0.11641871281464945
0.09767449252059365 0.14489214816489807 0.1098969500295876 0.11623186438954586 0.11451739289997541 0.19847338931590455 0.0788355254120398 0.13947823726745504
0.10624124705479568 0.07744695445229233 0.21828701182084784 0.13407774254301985 0.09921657613564104 0.09457382257090048 0.1494866771337848 0.12066996828871786
0.10531310984171152 0.0707235887213965 0.26199407765591515 0.13070607821890368 0.0933325762524544 0.07456757588346943 0.1457275230291359 0.11763547039701333
0.08204117303258449 0.12010265339631639 0.13773379643919997 0.13959879140480363 0.09586681405634212 0.16245382433651345 0.09468439764847553 0.16751854968576435
0.07915019955750999 0.13090219339261208 0.10717720853424005 0.12839858935223852 0.10210281311087893 0.19547181734804334 0.0962989420141789 0.16049823669029814
0.06607772333260654 0.1118189741993453 0.06335181507061999 0.0808584413572559 0.13922463374309152 0.2799213999538619 0.09703012962870707 0.1617168827145118
0.060219775240294864 0.10031993826114637 0.052153511708719485 0.07805381540683717 0.14172583638057437 0.3231847443375462 0.08823474785120723 0.15610763081367435
0.07013830212743427 0.11715828272193628 0.0859265653896483 0.13204750509962193 0.10110585446947853 0.24560382843954723 0.08956265563278705 0.1584570061195463
0.13183117359697846 0.09982479762806554 0.17093372485783337 0.11098694775499632 0.1273258555386994 0.13546708350515088 0.12374216413877946 0.09988825297949668
0.11160533202482628 0.07229742909200071 0.24146786983183613 0.1304949582204481 0.09949819412500506 0.08169861432139867 0.1454921399860817 0.1174454623984033
0.08310746098937526 0.1202000123430489 0.1330194582897951 0.1394954686066385 0.09712132148103696 0.1650473981245929 0.09461431783754613 0.1673945623279662
0.1050350808465209 0.08188347037400595 0.2341738286980638 0.13383991455236724 0.09452386357167716 0.08569660363680773 0.1481662871723398 0.11668095114821758
0.09778484636639981 0.14491197370506775 0.10929175525417847 0.11622535324129096 0.11464804907896468 0.19883648930958656 0.07883110915496255 0.13947042388954914
0.1062854547509199 0.07746148475335499 0.2180365435501481 0.1341003908228802 0.09926132078253305 0.09465252532391259 0.14951192827565896 0.12069035174059217
0.09470840461477753 0.13938768075780483 0.14717824191899276 0.16100175834566052 0.08393452766077483 0.14698690972810263 0.08190089446279253 0.14490158251109445
0.1205017828746656 0.09416976013935001 0.16162955490844436 0.08968897061692789 0.14699670374216264 0.1325385690235944 0.14236344542369508 0.11211121327115987
0.0834928480380092 0.12079282281878721 0.11354782681562453 0.1370518014834371 0.10586980313469657 0.18182586187968547 0.09295687404963558 0.16446216178012446
0.10562708560353716 0.08234463822483153 0.2258736704225446 0.13441243088693397 0.09683223340156133 0.08892978721872236 0.14880008628915767 0.11718006795271166
0.08447682965060649 0.12483312107479691 0.12812185452953817 0.12981385728042188 0.10356650897467283 0.16956011392912007 0.09736039296031641 0.16226732160052734
0.07931466278901336 0.1313679363985757 0.10472976837893107 0.12784272597673463 0.10349912766930171 0.1975603268339743 0.09588204448255097 0.15980340747091829
0.07791974692405224 0.13190106759790937 0.09904172662153084 0.12707111586479733 0.10288980597019824 0.20703430529191755 0.095303336898598 0.15883889483099667
0.08902460859790971 0.14712985991026742 0.08140163447127384 0.11257285843790082 0.11299748461159453 0.24543235899203997 0.07635376485353272 0.13508743012548097
0.07646098942564447 0.1248023728859639 0.09391141230720515 0.13469799264952736 0.09677933610814839 0.22034992782092022 0.0913603776231577 0.16163759117943285
0.07534191588882944 0.12412078359284831 0.09798799068529997 0.1370814881578328 0.09466967993999045 0.21332334658657393 0.09297700935922573 0.16449778578939933
0.1042959401601771 0.08327972786826879 0.21967598931842092 0.1352648171240943 0.0950494716292661 0.09476716710394593 0.14974371289277025 0.11792317390305657
0.08418865038490425 0.1249726280764472 0.1266616887643961 0.12978014276548439 0.10310446063675086 0.1717321438410484 0.09733510707411329 0.16222517845685547
0.09712691613010915 0.16101073048312248 0.09595803159885907 0.1174922848601225 0.1266979316638662 0.2430995207027552 0.08811921364509188 0.07049537091607351
0.09042426675683617 0.1466310605336344 0.07862238519856632 0.10874152119923726 0.11578798570711991 0.25554783643908213 0.07375511872643917 0.1304898254390847
0.11746665877449984 0.0871361175133101 0.14287339260425144 0.09403645333025518 0.14912996135335407 0.15672216867140512 0.1397915037566181 0.11284374399630619
0.10923798508637564 0.07206962004517903 0.23043329570912652 0.13173323943119633 0.10502003802252019 0.0860731750905051 0.1468727311270204 0.1185599154880767
0.08267772590544627 0.12019128821377205 0.13050970872639955 0.13952951315649884 0.09830574914977641 0.16671319013677 0.09463740892353835 0.1674354157877986
0.11738524431303986 0.09160068895745249 0.15637248734429338 0.0898353450717549 0.15201667861323268 0.1378995885323507 0.14259578582818236 0.11229418133969361
0.07142019970868535 0.10375190780931981 0.06749274140352275 0.08230466737009555 0.15349606070132824 0.2638850295006621 0.09304005876619496 0.1646093347401911
0.10101269047517718 0.07520253962322543 0.20013002588468554 0.13525818853660967 0.10873549531975286 0.10712590415394775 0.15080278632365288 0.1217323696829487
0.10469857449233402 0.07097180903950637 0.25506570203801127 0.1314615126442932 0.09582995246065192 0.0770873119075974 0.14656977603774182 0.11831536137986388
0.08193529712025889 0.12015538197439182 0.13616305663059722 0.13963420462930087 0.0964117545950461 0.1634308424423269 0.09470841705291712 0.16756104555516102
0.1046689418753994 0.08181004564787053 0.23550248716673927 0.13373198772906286 0.09429643148526791 0.08535643725613896 0.14804680774238949 0.11658686109713173
0.09693829056302893 0.15222730550241473 0.10883239289200744 0.11509242921251295 0.11367175521372204 0.19706422044324615 0.07806269111805224 0.1381109150550155
0.07762939633957841 0.13819589784459102 0.09965082340140706 0.1339868754948781 0.09668583857657391 0.20218886306563516 0.09087805468348253 0.16078425059385368
0.13938017722697899 0.11305964592284448 0.17585840318868431 0.10784986256385377 0.12691938336102432 0.12351533938274467 0.1193942312469199 0.09402295710694943
0.10160722927679629 0.15534385837797401 0.09529817829353057 0.11130868589445174 0.11877012554511672 0.208605173453856 0.07549632608493248 0.1335704230733421
0.10671255085043783 0.08616261534047376 0.21039897221938714 0.13294196689483093 0.09974576998678394 0.09616998245730787 0.14822037204543087 0.11964777020534782
0.1052708396355423 0.07562829381490989 0.2582962683661312 0.13028138192308322 0.09329985310361227 0.07471610107289664 0.1452540183530495 0.11725324373077492
0.10335640783345776 0.07319221868003127 0.2763512576494803 0.12819313161854776 0.0905692896416681 0.07003810101705434 0.14292577510306745 0.115373818456693
0.1194954724668308 0.08461578668758518 0.20660996074401325 0.0929691371608838 0.1393327993967361 0.10720901236545696 0.13820486658543324 0.11156296459306057
0.08299613977266132 0.12649527266022845 0.12328226004784644 0.13613529500060095 0.10386631066340941 0.1715271242889073 0.09233524356562502 0.16336235400072116
0.0790600435423871 0.13171713920300268 0.10367900064616503 0.12788630757192676 0.10357816055016277 0.198306733342502 0.09591473067894507 0.15985788446490842
0.06429314483136168 0.11565345415942271 0.05926470812874665 0.08090388085902298 0.1359300088891222 0.2906904804432084 0.09145656097106944 0.16180776171804595
0.09907718946739281 0.08222134619424816 0.19571015887038948 0.13472876424906416 0.10483901641026448 0.11195511923216837 0.1502125177523148 0.12125588782415775
0.08017378230707188 0.12758577063081478 0.12173770843106135 0.13826965126846893 0.09744038951541882 0.17508622242117028 0.09378289390383111 0.16592358152216272
0.10469987985927315 0.08309426339371938 0.22954624428653334 0.13430145267549679 0.09492522909066038 0.08767238413010653 0.14867722884711082 0.11708331771709979
0.060379518765348715 0.09501521974894431 0.09618833625401771 0.10279774509710027 0.11816421301420173 0.20565333029468214 0.11620614663150465 0.20559549019420054
0.09853682962514777 0.07989417036558288 0.21411298739580936 0.1358909880859008 0.10105651152428481 0.09669831312869813 0.15150831059726555 0.12230188927731075
0.10343490711878028 0.07491526845293643 0.2600249677448193 0.13040887702203569 0.09361289367959894 0.07483893078817533 0.14539616587382187 0.11736798931983211
0.0812207114979327 0.12642532912745133 0.13666585508902634 0.13855612698440598 0.09534888680596691 0.1615385389418978 0.09397719917203189 0.16626735238128715
0.13995423084096398 0.11061168543619708 0.189444750191553 0.10745656360436588 0.12599181563300274 0.11390204007152142 0.11895883313141033 0.09368008109098565
0.08629985585757799 0.13126427265374302 0.11896625212704959 0.13536271504295957 0.10055584458164468 0.17330456887372714 0.0918112328117465 0.16243525805155148
