Action: 0
[0.1445683853723189, 0.10516634745774735, 0.22442216020828548, 0.10516634745774735, 0.10516646235926684, 0.1051776022291394, 0.10516634745774735, 0.10516634745774735]
[0.10527350333212177, 0.21054700666424353, 0.14477107950991688, 0.10527350333212177, 0.1183143971652308, 0.10527350333212177, 0.10527350333212177, 0.10527350333212177]
[0.21063153243869379, 0.10525246830098005, 0.1447858460587324, 0.10525246830098005, 0.10525246897142854, 0.118320279327225, 0.10525246830098005, 0.10525246830098005]
[0.125, 0.125, 0.125, 0.125, 0.125, 0.125, 0.125, 0.125]
[0.21166188313647008, 0.1049937031765129, 0.14491768761311166, 0.1049937031765129, 0.11845191336785377, 0.1049937031765129, 0.1049937031765129, 0.1049937031765129]
[0.14456551535100415, 0.10509451257273647, 0.22451921679283765, 0.1050944842319405, 0.10509448468176658, 0.10544281790583361, 0.1050944842319405, 0.1050944842319405]
[0.125, 0.125, 0.125, 0.125, 0.125, 0.125, 0.125, 0.125]
[0.125, 0.125, 0.125, 0.125, 0.125, 0.125, 0.125, 0.125]

Action: 1
[0.2126319549410779, 0.10631580349929448, 0.10631580349766796, 0.10631580349766796, 0.11014332743215083, 0.14564570013680497, 0.10631580349766796, 0.10631580349766796]
[0.10669128939192954, 0.10669128939192954, 0.10669128939192954, 0.10669128939192954, 0.10771084237012042, 0.2521414212783023, 0.10669128939192954, 0.10669128939192954]
[0.10436052596847586, 0.10983242218317378, 0.10436052596847586, 0.10436052596847586, 0.11922497824244797, 0.2491399697319988, 0.10436052596847586, 0.10436052596847586]
[0.125, 0.125, 0.125, 0.125, 0.125, 0.125, 0.125, 0.125]
[0.10526058069748057, 0.10526058069748057, 0.10526058069748057, 0.10526058069748057, 0.11842731784244986, 0.2500091979726668, 0.10526058069748057, 0.10526058069748057]
[0.10527366540536914, 0.10527366540536914, 0.10527366540536914, 0.10527366540536914, 0.22358635041675692, 0.14477165715102833, 0.10527366540536914, 0.10527366540536914]
[0.125, 0.125, 0.125, 0.125, 0.125, 0.125, 0.125, 0.125]
[0.125, 0.125, 0.125, 0.125, 0.125, 0.125, 0.125, 0.125]

