0.125 0.125 0.125 0.125 0.125 0.125 0.125 0.125
0.13585418317672365 0.10698516925166987 0.16302501981206838 0.12838220310200385 0.11843698020534883 0.0932691219117122 0.14212437624641858 0.11192294629405464
0.1064326473127609 0.15801367863611654 0.08532738646350294 0.1422123107725049 0.1185102589770874 0.1975170982951457 0.10665923307937868 0.08532738646350294
0.08769198837691987 0.1551473640514736 0.07644942576449425 0.13525667635256675 0.10523038605230385 0.18617683686176836 0.0917393109173931 0.1623080116230801
0.1058435532648296 0.07720218667293931 0.19606904551857599 0.15440437334587861 0.09363544149850998 0.06730447043281888 0.17093198840080984 0.13460894086563777
0.10173935210143509 0.1543739299122092 0.09855842051002071 0.13893653692098826 0.12586002332175125 0.1929674123902615 0.1042024026907412 0.08336192215259296
0.06184087474499664 0.10941077839499408 0.05391255746999708 0.09538375552384099 0.12368174948999328 0.25717765838850193 0.10782511493999417 0.19076751104768197
0.12495874960946997 0.1008703159498131 0.15619843701183744 0.12608789493726638 0.125373308064047 0.1124535956733726 0.1405785933106537 0.11347910544353973
0.10520177212011889 0.07411084024913742 0.21594992855481315 0.14822168049827483 0.09174644831979607 0.07146293604434222 0.16408749326630345 0.12921890094721397
0.09913863086882732 0.15010952374386557 0.11032058937570463 0.13509857136947903 0.12247275419259038 0.20047685910073643 0.10132392852710927 0.08105914282168741
0.10646049532299348 0.08593799020048871 0.14678538340114608 0.10742248775061089 0.14236373535741428 0.12243217968212332 0.1596907429844902 0.12890698530073305
0.09197149657933838 0.07424205145561051 0.20940805668377224 0.14848410291122102 0.10217651194526718 0.07453339396188258 0.1655486938428091 0.13363569262009892
0.13487413379335225 0.09755454265490908 0.20109986483384024 0.11706545118589089 0.12658766498405535 0.09116501586264433 0.1295962666770953 0.10205706000821257
0.06863888894222399 0.12143803428239627 0.11470274323479354 0.15179754285299535 0.09983336331433314 0.15847404253632724 0.10295833341333598 0.1821570514235944
0.10335947069628511 0.0730109369270428 0.2210096645536584 0.1460218738540856 0.09432673577065533 0.07331798051875954 0.16165221688364376 0.1273011207958695
0.11928782742476933 0.07972333432559303 0.17986940446182934 0.09566800119071163 0.14713781269069096 0.10687464827402955 0.1518539701439867 0.11958500148838953
0.06809921968358452 0.12048323482480339 0.11102645889498533 0.15060404353100423 0.10735949616978495 0.1595538651332557 0.1021488295253768 0.18072485223720508
0.10201713386682465 0.07202623362604384 0.2263077491318549 0.14405246725208767 0.09802237944328711 0.0725178316413792 0.15947200281875393 0.1255842022197687
0.10227571822075254 0.1446418072455143 0.12128870218646097 0.13017762652096282 0.1319332460393814 0.19394310398362807 0.09763321989072214 0.0781065759125777
0.11191474828758158 0.08214592580805859 0.15347483692115357 0.10268240726007322 0.15669603661715112 0.11722286142220313 0.15264429497169094 0.12321888871208785
0.09771719721794032 0.07104736301909845 0.22248741511117234 0.1420947260381969 0.10901653945043144 0.0713264902802266 0.15842501544855683 0.1278852534343772
0.10103485302229467 0.06787358138517473 0.2667715108077853 0.13574716277034946 0.09333991406860352 0.06661160823092095 0.150277689350977 0.11834368036389438
0.08857135711632531 0.1423525428102048 0.11123053992787144 0.12410221680889649 0.11847042613461342 0.18217657954363944 0.08417367748777327 0.1489226601706758
0.12643104676212996 0.0938114997022893 0.18055999472140669 0.11726437462786163 0.1345717742262453 0.1110823461576593 0.13074102663733228 0.10553793716507547
0.0858764169777215 0.13471283475595805 0.13753486654269848 0.16839104344494757 0.09125751837208354 0.14501558914066476 0.08565979166547333 0.15155193910045278
0.07901860684842378 0.11461201574896109 0.11131273925737752 0.13753441889875329 0.10312363823193671 0.1793297432170409 0.10315081417406496 0.1719180236234416
0.0776982306464812 0.11382255154428739 0.10518557622863706 0.13658706185314484 0.10678841088207834 0.18674404513908166 0.10244029638985865 0.17073382731643105
0.09606258186715651 0.14097645014387938 0.0965622997309029 0.12687880512949146 0.13454679414837104 0.2336866820553853 0.09515910384711859 0.07612728307769487
0.10807686277499802 0.07952760748347916 0.15378692068882444 0.09940950935434895 0.15737847121900025 0.13475030484079958 0.14777891241333066 0.11929141122521873
0.09445616792117609 0.06869400599608708 0.23813755577922474 0.13738801199217415 0.10787590898706617 0.07662175799675665 0.15317738053455834 0.12364921079295674
0.09127511768632177 0.06723006467304163 0.27147115076764916 0.13446012934608326 0.09590900431991536 0.06872740691264193 0.14991300988287193 0.12101411641147491
0.08242974453974826 0.13339812749009458 0.16293161349499038 0.1667476593626182 0.08482197152159143 0.13477418083666018 0.08482380932794058 0.15007289342635638
0.10030342771513401 0.0689729315705061 0.24864879603310355 0.1379458631410122 0.09303038480033925 0.07812635962488615 0.15271174104336716 0.12026049607165164
0.09247156346719282 0.13868907864109317 0.11414720689335665 0.12090842753326074 0.11697221055358589 0.18971394467512542 0.0820074551964725 0.14509011303991287
0.08732858716865183 0.1326118155744454 0.12243178286759526 0.16576476946805677 0.08804638139954445 0.17030455348844373 0.08432381751201148 0.14918829252125107
0.07790361406252531 0.11253101288453515 0.10708081423619746 0.13503721546144218 0.10352503718706847 0.1938478752453471 0.10127791159608163 0.1687965193268027
0.08984765574627245 0.13533706324624611 0.0857942897124426 0.11798615770185561 0.11648062273449004 0.23294542769694684 0.08002539391951945 0.14158338924222674
0.13496911538839296 0.09040847846527776 0.17273776328315102 0.1130105980815972 0.13187178634289556 0.12929433693098963 0.12599838323425835 0.10170953827343747
0.11074251147601764 0.0663224433682068 0.24318800697314802 0.1326448867364136 0.10025056247459169 0.07958204106989339 0.14788914983895662 0.11938039806277222
0.12116191752258887 0.07624958320119248 0.19741461143417122 0.09531197900149059 0.14371178359237066 0.11008809210985335 0.14168765833654423 0.11437437480178872
0.14277478137774682 0.08677414864747318 0.2086764057329731 0.10846768580934149 0.134406518478562 0.1003461676514991 0.12093337507399715 0.09762091722840734
0.11211806174168447 0.06517224847999253 0.2565151204080652 0.13034449695998507 0.09925082500182808 0.07396481323534028 0.14532438690911767 0.11731004726398656
0.10485201727901099 0.065056488674541 0.27628980830343186 0.130112977349082 0.09186107118057715 0.06965969777863949 0.1450662598205437 0.11710167961417382
0.13749011670319305 0.08659397042702237 0.23733222971140602 0.10824246303377796 0.12037166533251568 0.09186906957477127 0.12068226848691363 0.09741821673040016
0.11008903981253043 0.06464713030820234 0.26763500387187866 0.12929426061640467 0.09571802827648287 0.07209825079786489 0.14415345176187205 0.1163648345547642
0.10404113815528335 0.06480317055948943 0.28043200099562876 0.12960634111897887 0.09084525572207128 0.0691249882088148 0.14450139823265254 0.11664570700708098
0.10242378842910371 0.06460867178375561 0.28528912504243065 0.12921734356751122 0.08962602750013467 0.06847173947387002 0.1440676949924341 0.11629560921076008
0.10192615403216 0.06450654688315725 0.28707306226982515 0.1290130937663145 0.08925785289748349 0.06827153405475421 0.1438399717066223 0.11611178438968306
0.10176033724217737 0.06446554727531516 0.2877209082718316 0.12893109455063032 0.08913456343661452 0.06820101542738509 0.14374854870047885 0.11603798509556726
0.10170281572704834 0.0644501974142191 0.28795523227638714 0.1289003948284382 0.08909133923216964 0.06817534437488441 0.14371432080125873 0.11601035534559438
0.10168246460184024 0.06444458039241548 0.28803987138697357 0.12888916078483095 0.08907590313516851 0.06816597931142539 0.14370179568099808 0.11600024470634786
0.09356476203743805 0.12997437633614325 0.16568226176858958 0.1624679704201791 0.08196538325039363 0.1374773226388301 0.08264675017026502 0.14622117337816115
0.13763156750550634 0.09293644700470993 0.20379041766085385 0.11152373640565193 0.12477900130793261 0.1086516480216213 0.12346136061187353 0.09722582148185041
0.07628686891354323 0.09771283020644199 0.07578419378885981 0.08518554428253916 0.14787029745078425 0.25049247456031765 0.09629670223243558 0.17037108856507832
0.10265988269684437 0.06851507633489491 0.20567423143371624 0.13703015266978982 0.10678580781254825 0.10322931755337603 0.1527783940960194 0.12332713740281084
0.10508454633153781 0.06630028638116602 0.25776294940307565 0.13260057276233203 0.09497268617739497 0.07609870039352584 0.1478397430648687 0.11934051548609884
0.10383531133695208 0.06509056459464087 0.2769846695796047 0.13018112918928174 0.09106170445617535 0.07054136053658343 0.14514224403640813 0.11716301627035355
0.10288317614539101 0.06462119341475452 0.28393625407777306 0.12924238682950903 0.08970358091702153 0.06919964410833127 0.14409561636066157 0.11631814814655814
0.10243068302536501 0.06445122335977875 0.2864400672323365 0.1289024467195575 0.08922569617212693 0.06882107293650301 0.14371660850673051 0.11601220204760175
0.0817812924511183 0.11288158706671308 0.14364570116907516 0.14110198383339134 0.09497702571308204 0.16058607491433727 0.09570395425221327 0.1693223806000696
0.11614338557065883 0.07723053410014258 0.16275838633671372 0.0926766409201711 0.15300575704221334 0.13523371564152004 0.14710577923836682 0.11584580115021384
0.07175931316615292 0.0960667652053286 0.06902443859162846 0.08375051325592751 0.15460222020302397 0.2626212298202524 0.09467449324583109 0.16750102651185503
0.07395999772973905 0.1092133280848141 0.09211241478659705 0.13651666010601765 0.10569578556680231 0.22608791300516198 0.09259390859364675 0.16381999212722115
0.10246739824305338 0.06892028184273095 0.21403246411079874 0.1378405636854619 0.0990214623232231 0.09997938057775659 0.15368194190005977 0.12405650731691571
0.1047723077286311 0.06611840475612712 0.26092546442808634 0.13223680951225425 0.09378533449559968 0.07571437633072946 0.14743417418754318 0.11901312856102883
0.08222507458565963 0.11299679764718801 0.13793354410411676 0.14124599705898502 0.0965407896763182 0.16376096766911713 0.09580163278783332 0.169495196470782
0.10500738652832646 0.06858564540559037 0.23838913011621202 0.13717129081118073 0.09511954219974218 0.08428751941841055 0.15185425763386715 0.11958522788667039
0.09841777855629429 0.13530556051983267 0.11082021437145391 0.11795869378652078 0.11584074105772932 0.20009981294392135 0.08000676622042278 0.14155043254382493
0.07972047839269455 0.11113949301703416 0.10270962328316922 0.1389243662712927 0.09957278986250483 0.20699704817678966 0.09422696147096375 0.16670923952555122
0.11716947724134685 0.07769883440328132 0.1542515358393065 0.09712354300410166 0.14698196262261015 0.14584572538579677 0.14438066989863468 0.11654825160492198
0.10913161507057051 0.06634225342046342 0.23584660894981033 0.13268450684092684 0.10456961547207665 0.08407602079055354 0.14793332329876466 0.11941605615683415
0.10543583064091806 0.06536014165834436 0.26847652368672115 0.13072028331668872 0.09409695869125205 0.07251864636797145 0.14574336065308427 0.11764825498501982
0.08243270772984948 0.11282294319251412 0.1395571650654667 0.14102867899064267 0.09662936098261501 0.16264049480431364 0.0956542344458272 0.16923441478877116
0.08030083265000738 0.1109408718203623 0.10996063616968982 0.13312904618443475 0.10427221059330775 0.19513831021332845 0.09984678463832607 0.1664113077305434
0.09130935124211888 0.13242989101488817 0.08496775564298675 0.11545169985913328 0.11551374261217852 0.24347914945849622 0.07830637033923821 0.13854203983095995
0.11901686129015675 0.07661624792621469 0.14677163524639225 0.09577030990776836 0.15058485597556115 0.15394671975243962 0.1423689980121452 0.11492437188932202
0.1098271495428595 0.066367586285008 0.2326331835606102 0.132735172570016 0.10546131684960831 0.0855241240732091 0.14798981180567455 0.11946165531301439
0.10581494643374426 0.06540488397642469 0.2672274482723921 0.13080976795284938 0.09436409490185824 0.0728069379607214 0.14584312934444552 0.11772879115756445
0.1038422625566889 0.06470425231768752 0.28012553926828926 0.12940850463537504 0.09116673288691698 0.07000422884585404 0.14428082531735095 0.11646765417183752
0.10297213872353149 0.06441097792703582 0.28482939086773934 0.12882195585407163 0.09014349199310295 0.06925541716735947 0.14362686719849477 0.11593976026866448
0.10261882786243387 0.06430085209893749 0.28653409023435394 0.12860170419787498 0.08979710895146513 0.06902457983832092 0.14338130303852625 0.11574153377808748
0.08194813724690339 0.11262212505629915 0.14350952894294586 0.14077765632037392 0.09561090956944064 0.16111447968837825 0.09548397559121015 0.1689331875844487
0.10543318009889173 0.06833316569472216 0.24086092109386867 0.1366663313894443 0.09462846231716003 0.08363768575695961 0.1512952467966172 0.11914500685233606
0.0727645726205779 0.09955911112410175 0.08192561677100531 0.08679512251844768 0.14214896176603514 0.24510014470730038 0.0981162254556365 0.17359024503689535
0.07465565570920743 0.1097570956440793 0.09531731826026703 0.13719636955509912 0.1040370644547219 0.22134592399487396 0.09305492891563245 0.16463564346611895
0.10277928387554061 0.06882638804936804 0.21526776784082974 0.13765277609873608 0.09870584106966536 0.09940787182213809 0.1534725727548595 0.12388749848886249
0.10510662405263138 0.0660290844472711 0.26126510458961244 0.1320581688945422 0.09376452408646542 0.07568913869420575 0.14723500323018363 0.11885235200508798
0.12123762135743422 0.07566393374659523 0.2026526904955676 0.09457991718324404 0.1419234946361492 0.10984704268572723 0.14059939927538967 0.11349590061989284
0.08445077569065908 0.11123070528310201 0.12368514975123138 0.13903838160387755 0.10575463541210596 0.1746900007247845 0.09430429360958652 0.16684605792465304
0.10348938229810385 0.07554492443322873 0.22530411517405832 0.13525171802546607 0.09761261254390373 0.0902751291157182 0.15079557218660172 0.12172654622291948
0.10447495997708754 0.0706082610256244 0.26424141700504544 0.13076130303020847 0.09282412320521424 0.07361566845714625 0.14578909457248615 0.11768517272718763
0.103298357721352 0.06926288739190799 0.27846856844467155 0.12884055624782148 0.0906074117180274 0.0699181126037434 0.1436476052494368 0.11595650062303933
0.10253219002883081 0.06880853770283563 0.2836240943474941 0.1281454473514773 0.0897152890070302 0.06897092824219114 0.14287261070381121 0.11533090261632956
0.0814032704414432 0.1198633990898526 0.14214753467677377 0.13957207438553357 0.09493681785229963 0.1599241377517038 0.0946662765397532 0.16748648926264023
0.10238287640898279 0.07587876607763641 0.2329681273018797 0.13478874661101825 0.09496697587447409 0.08742524216649432 0.15027939360959797 0.12130987194991644
0.0815107176053707 0.1210592784890709 0.13086769990191252 0.1400702751090448 0.09622830836983129 0.16717520379821604 0.09500418659569995 0.16808433013085375
0.10582476648734701 0.06867755975164004 0.23623590550152523 0.13735511950328008 0.09518772910923318 0.0849156672965684 0.15205776355267472 0.11974548879773136
0.09802647937255404 0.14347126439864602 0.1095637260464553 0.11659376002573117 0.1149239849957748 0.1984272880690307 0.0790809850609307 0.13991251203087737
0.1062604715482051 0.07744557911568843 0.2179579146090619 0.13428403247917003 0.09921394546231171 0.09426575253648906 0.1497166750178209 0.12085562923125302
0.13962642255195262 0.09396293951875197 0.21664902213756637 0.10854948595306588 0.1237490323469925 0.09874398400414998 0.1210245761297615 0.09769453735775928
0.1284461956628791 0.08155570059391239 0.18590713146484983 0.09251480608883002 0.14911514946755045 0.11391377648333044 0.1375294729320518 0.11101776730659604
0.12575310985440216 0.08075330555608976 0.17610956827672583 0.09275381799666568 0.15743049878219142 0.11801033775183827 0.1378847801860881 0.1113045815959988
0.1097716335323538 0.07083568524119704 0.24282728555107547 0.13028524776627726 0.10538134522213752 0.07838375121759437 0.1452583284797151 0.11725672298964954
0.10502698430996898 0.06962621950321733 0.27023688646219257 0.12948212051183317 0.09362793769273177 0.0711030415335267 0.14436290152587963 0.11653390846064984
0.10316966784973275 0.06900571432362822 0.28056679446269317 0.12847208518257255 0.09054561813752102 0.06937845587001203 0.14323678750952493 0.11562487666431528
0.10242203453266087 0.06872835320309176 0.28436554311676443 0.1280239161898567 0.08963097768405998 0.06887053817460133 0.14273711252809393 0.11522152457087104
0.11949916597449886 0.08029012911930014 0.20897015356290888 0.09349774526509637 0.13937325389440075 0.10718157982980457 0.1389906780358746 0.11219729431811565
0.08346635933380564 0.11958718893651897 0.12424258048869394 0.13754282856053301 0.10440355785356437 0.17241617205231768 0.09328991850192676 0.16505139427263962
0.10325293425216424 0.07613340004849922 0.22554367745117135 0.13524096219913934 0.09732596737759311 0.09000261244928637 0.150783580242921 0.12171686597922537
0.1044180657716712 0.07064447883243895 0.2643354282820209 0.13075271449678277 0.09276541689766865 0.07362693367366124 0.14577951899865185 0.11767744304710451
0.1204430662382177 0.08076765229396053 0.20298412441584895 0.09389668268319035 0.14086348075894314 0.10878524908783532 0.1395837253021755 0.11267601921982841
0.10786068490059117 0.07040920755154526 0.25360425728197766 0.12951453321091813 0.1012913321955611 0.076357865703079 0.14439903926650124 0.11656307988982632
0.1212670177033771 0.08067821330547897 0.199385830058604 0.09380562907203065 0.14345117230110743 0.10939701467931949 0.13944836799364557 0.11256675488643678
0.10814110400372477 0.07046070004184786 0.2521694100623634 0.12961932597294226 0.10191227299120453 0.07652391817646612 0.1445158753758028 0.11665739337564805
0.12135850260006877 0.08069584067278973 0.1989400616670127 0.09382213909500903 0.14366801877287788 0.10945595902654606 0.13947291125168507 0.11258656691401081
0.08379914682842778 0.11964888878791786 0.12200644379557528 0.137563994586714 0.10532226316697425 0.17327819474108463 0.09330427458924952 0.16507679350405682
0.13554449464546034 0.09987348601392002 0.18405611979475334 0.1108752380422074 0.1279212838594202 0.11832404726068653 0.12361761614556557 0.09978771423798666
0.11187923875551371 0.07210180080321776 0.24613481801329093 0.13015568810999553 0.09910829142631006 0.07836616446108392 0.14511387913159202 0.11714011929899598
0.12248430407267265 0.08093490465348781 0.1971643924689392 0.09395311988464992 0.14295690211633957 0.11009500994962756 0.13966762299270347 0.11274374386157991
0.1084923118826723 0.0705274850556077 0.25131011128158914 0.1297109673984658 0.10187674211440882 0.07672446288228792 0.14461804872634915 0.11673987065861922
0.10447411693599618 0.06942136187469844 0.27342000885879075 0.12913395188184212 0.09268225155131146 0.07067303271752982 0.14397471948617324 0.11622055669365791
0.13738708664225074 0.09197739661249138 0.23500814233362677 0.10704323997717459 0.12046794795087715 0.09243204623106337 0.11934522427305883 0.09633891597945712
0.11043782859570098 0.07027750373402358 0.265344141282928 0.12777860594260748 0.09592522050328145 0.07277234468396576 0.14246360990914594 0.11500074534834674
0.12172160044030358 0.08049492796872595 0.2029414609797529 0.09359215371007669 0.14149716324989842 0.1083110866689467 0.13913102253020354 0.11231058445209201
0.108122270596605 0.07036268254995479 0.2535246899638239 0.1294585143442579 0.1013939272638272 0.07628866996101158 0.14433658241068753 0.1165126629098321
0.1043156982323392 0.06935674972471055 0.27423816670962314 0.12903210202347667 0.0925174283538392 0.07054979864005075 0.14386116449483144 0.11612889182112901
0.12015595827294757 0.08046263322208484 0.20587773975675921 0.09364758415977219 0.14047478130372415 0.10779077867636891 0.13921342361661657 0.11237710099172661
0.10768824690494073 0.07031245640450023 0.2546938393218748 0.129370939581139 0.1011124087055172 0.07614932037376287 0.14423894308524005 0.11643384562302511
0.10418232386996516 0.06932851784466977 0.274677517794125 0.1289850671144809 0.09242870559973576 0.07050258329262155 0.14380872408136897 0.11608656040303279
0.12011335107610804 0.0804545391738814 0.20601103531696743 0.09364042720256134 0.14043777433473836 0.10777157593363829 0.1392027843190315 0.11236851264307361
0.10767427078822875 0.07030900545715878 0.2547453580605067 0.12936551499984833 0.10110085748689081 0.07614313462558278 0.14423289508192044 0.1164289634998635
0.12119108181659527 0.08064913750935895 0.199723956883344 0.09377963797986104 0.14335878806882182 0.10935210167672062 0.1394097304894651 0.11253556557583325
0.08376144540802108 0.11962908148155557 0.12217106645975816 0.13754607688023524 0.10524722175071585 0.1732976940533593 0.0932921217100726 0.16505529225628227
0.11718447028375636 0.08635083147017648 0.15919327226646923 0.09586449826732801 0.14744802101656268 0.13641249344019915 0.14250901533471447 0.11503739792079361
0.10864814807170656 0.07185946996562256 0.2367976490483366 0.13149504502050213 0.10410520142412506 0.08214178381645663 0.14660716213479863 0.1183455405184519
0.1395430209719607 0.09284848974072862 0.22262461078301024 0.10781932144116667 0.12435840380126521 0.09555826677593564 0.12021049718888283 0.09703738929705
0.11133709042398862 0.07061110986233445 0.2606308030342994 0.12828692754776605 0.09708148640768224 0.07356399736649012 0.1430303505644496 0.11545823479298943
0.09537059516970728 0.1380230061660017 0.1574736021622357 0.16043428426376774 0.08320301586441563 0.1394924176718687 0.0816122228646123 0.14439085583739097
0.10800931303006317 0.06804977885876672 0.24671742462976862 0.13609955771753343 0.09175984172660147 0.08004538252214752 0.15066780504342325 0.11865089647169581
0.09855749651453923 0.1434404096998837 0.1116085049824395 0.11662817910115855 0.11412686415685623 0.19658040045077285 0.0791043301729597 0.13995381492139025
0.10631427360203999 0.07738939668800437 0.21877235216572086 0.13418750572384722 0.09898091476822764 0.09397774701157224 0.14960905488912518 0.1207687551514625
0.12171758676227022 0.08189324045198124 0.18911011371903624 0.09460982929877645 0.14374699491657186 0.11474657404868085 0.14064386564415127 0.11353179515853173
0.10861630243336282 0.07080339575913902 0.2482702313309742 0.13010558351298368 0.10232005109744025 0.07773139445934182 0.14505801624507283 0.11709502516168531
0.10461009857558372 0.06951733981193572 0.2723067695033438 0.12928126916197105 0.09286906980755856 0.070923343634143 0.1441389672596901 0.11635314224577396
0.1374610907393222 0.09201072086079493 0.23464037725017675 0.10707297347683806 0.12054841037526605 0.09252237626218208 0.11937837490626571 0.09636567612915424
0.11046603219152362 0.07028719437387243 0.26520349159248646 0.12779215101130464 0.09595212866751242 0.07280735460320908 0.14247871164991724 0.11501293591017417
0.1044242928544313 0.06905256359109979 0.27848383522797887 0.12845954328143144 0.091042550155561 0.06970082171049413 0.14322280422571534 0.11561358895328831
0.10275140021423966 0.06876291337603266 0.2835687404342791 0.12808169138396885 0.08977538278424822 0.06898482200371212 0.14280152755794734 0.11527352224557197
0.09351787797398307 0.13761969588400022 0.16321390215777004 0.1602524409700041 0.08177285001016533 0.13787631615937576 0.08151971997169775 0.1442271968730037
0.08320536519896041 0.11137046224918967 0.1157647757956376 0.13364455469902758 0.1014347407273674 0.18729099193176219 0.1002334160242707 0.16705569337378448
0.07700788523553596 0.1235650848900572 0.10335095224748504 0.13824522759936714 0.09622070677578634 0.20194954184773958 0.09376632828478815 0.16589427311924054
0.1025193329645609 0.07700455096839219 0.21741686820754433 0.13630370565910144 0.0963298648107779 0.09578388240486654 0.15196845989156532 0.12267333509319127
0.10455830466311926 0.07092554958723933 0.2613638650787373 0.1311731510766422 0.09283588743453537 0.0748391317814176 0.14624827440933094 0.11805583596897798
0.09409675028563907 0.1383043262881276 0.15775924705582534 0.16074633106670724 0.08252656867279962 0.1401241189543221 0.08177095971654239 0.1446716979600365
0.10812913487060366 0.06802597363274777 0.24685061818101187 0.13605194726549555 0.09159969507865019 0.08011814273183318 0.15061509831589248 0.11860938992376534
0.09857694347883553 0.14342643634729352 0.11162790924410268 0.11661895197884309 0.11407891017807996 0.19663003462127907 0.07909807177695442 0.13994274237461168
0.07884878412444854 0.12579023259065222 0.10140880777392161 0.13632044046060846 0.097865833077683 0.20372055293363028 0.09246082048632574 0.16358452855273015
0.10292411396291139 0.0771360150917531 0.21645878211341968 0.1362308859728086 0.09665654382863084 0.09609859027929489 0.15188727137565378 0.12260779737552777
0.10467269203083199 0.07094918106125081 0.2609863566459493 0.13119939733818672 0.09292251985378866 0.07491285843334768 0.1462775370322768 0.11807945760436805
0.09412195789998702 0.13831069043750185 0.1576648795063559 0.16075023242165992 0.08254413824606573 0.1401599479900912 0.0817729443188444 0.14467520917949392
0.10813532512870012 0.06802602453959605 0.24683467102227222 0.1360520490791921 0.0916034445679094 0.08012379595006637 0.15061521102783984 0.1186094786844239
0.08255744524272278 0.1201167570691657 0.13403952842790656 0.14003574532569163 0.09553972357437114 0.16468713957449543 0.09498076639481694 0.16804289439082995
0.10626543823367643 0.06854330407793818 0.23754159624235677 0.13708660815587637 0.09488599570832908 0.08440514514638515 0.1517605104533918 0.11951140198204607
0.07240889271027572 0.10585192335705473 0.08103833434409956 0.08603022842043175 0.14125557975772654 0.24410302200732106 0.0972515625622272 0.1720604568408635
0.10110962484442076 0.07539291782305875 0.2063247657304243 0.13542897468633508 0.1057380169052069 0.10312642265749102 0.15099320013536166 0.12188607721770157
0.08109978312335521 0.12073070439254925 0.12466334068038637 0.13976010766333827 0.09830316819499256 0.17293695459510822 0.09479381215426423 0.16771212919600592
0.10283039824401304 0.07632353792607563 0.22598774245415665 0.1354685786118737 0.09615953709097808 0.09027112936539634 0.15103735555682035 0.12192172075068632
0.12084748138996451 0.08185232609890408 0.19151997355434075 0.09466914215266373 0.14291300306245214 0.11386306497332455 0.14073203818515384 0.11360297058319647
0.08369387998596509 0.1197920943778665 0.1203207446364185 0.13758440101518066 0.10513941298297606 0.17505007031221037 0.09331811547116602 0.1651012812182168
0.10341702897063224 0.07622906689393326 0.22395428955237184 0.13538329189575118 0.09758616111835887 0.09064293162975262 0.1509422672330241 0.12184496270617608
0.10450411305281239 0.0706847447649757 0.26373411873521924 0.13081564283293484 0.0928623908442935 0.07381523182280614 0.14584967939731688 0.11773407854964137
0.12046961990897871 0.08077332192673915 0.20279383144111718 0.09389946589732917 0.14089921511863537 0.1088973238934802 0.13958786273692514 0.11267935907679498
0.10786740145073426 0.07040844352772735 0.2535216838278556 0.12951111955000813 0.10130037027135724 0.07643574048797283 0.14439523328933743 0.11656000759500731
0.08234979882443401 0.12007440422672132 0.13538045127636766 0.1396113078109809 0.09741549697327974 0.16294208447802627 0.09469288703701315 0.1675335693731771
0.11927687558932011 0.07696459483240703 0.16048641412551853 0.09235751379888843 0.1533800320683073 0.1354884490847443 0.14659922825220384 0.11544689224861052
0.08318787404810789 0.11890501826399717 0.11311094889135584 0.1372396610790512 0.10707567361451942 0.18270893894579393 0.09308429186231298 0.1646875932948614
0.13549912164649172 0.09990417095617145 0.18084558453843153 0.11097941597070068 0.12854290058404452 0.12061356516916613 0.1237337667613633 0.09988147437363061
0.11197417516194894 0.07217264656716071 0.24488355963308833 0.13028040923997392 0.09933157189315288 0.07885233530472772 0.1452529338839709 0.11725236831597652
0.10548055534494084 0.06969117128084937 0.27104333058101165 0.12943329296883627 0.09236067724721196 0.07119254644591269 0.1443084624592846 0.11648996367195266
0.10324470179650069 0.0689907610038656 0.2808628117277022 0.12843486344616234 0.09026807734863952 0.06941211952441433 0.14319528805116905 0.11559137710154613
0.10242547136475981 0.06871689638441458 0.28446856322065744 0.12800336211669686 0.08956535808609088 0.0689031266519465 0.1427141962704068 0.11520302590502716
0.11949108968632266 0.08028173047902133 0.20899293833265173 0.09348834041997357 0.1393453986398169 0.10723779683631465 0.1389766971019309 0.1121860085039683
0.10743473667920413 0.07022998668719033 0.25589139483080847 0.12923928866593543 0.10078623202889177 0.07601083916914483 0.1440921621394832 0.11631535979934186
0.1040839448278821 0.06929318461850659 0.27511896529553515 0.12892810449508119 0.09232628986476613 0.0704690018409757 0.14374521501168006 0.11603529404557306
0.10279363894733103 0.06886464526063107 0.28235344362809756 0.12824523762498888 0.09013952026661734 0.06919893099810281 0.1429838694117413 0.11542071386248999
0.102274437123936 0.06867227169431989 0.28501190503512813 0.12793427048902967 0.0894952773213632 0.06883383063444681 0.14263716426164946 0.11514084344012668
0.10207057588476566 0.06859630018969587 0.2859816934892303 0.12781393701684524 0.08928804905011942 0.06871389963390903 0.14250300142027372 0.1150325433151607
0.10199264308810345 0.0685678606228778 0.28633465988252077 0.1277693439053824 0.08921775632157448 0.0686720432358602 0.14245328342883676 0.11499240951484413
0.13628936437916428 0.09163725790013545 0.23931296809547958 0.1067256652448993 0.11922003455869573 0.09177045895503742 0.11899115214617878 0.09605309872040936
0.11004481822876888 0.07015641681260142 0.26697399022186014 0.1275959141004032 0.09554474357407805 0.07258787223311769 0.14225992213880773 0.11483632269036287
0.12158631696932373 0.08046044137536054 0.2034321309156881 0.09356162415660918 0.1413398778288005 0.10826002146780529 0.1390856382984817 0.112273948987931
0.10807301432515191 0.07034710630255626 0.2537100747226433 0.12943321298210284 0.10134545889634537 0.0762928678072618 0.14430837328004598 0.11648989168389255
0.10429658575029746 0.06934956617693053 0.2743042794764818 0.1290201039543409 0.09250096678529167 0.07056261675462745 0.14384778754312338 0.11611809355890682
0.10286794562411565 0.06888751361181451 0.28205418060748033 0.128281612778365 0.09019831567866621 0.06923255520583795 0.14302442499319198 0.11545345150052848
0.10230098233982945 0.06868094964769378 0.2849026384021758 0.1279479101018298 0.08951587965711788 0.06884614934766639 0.14265237141204007 0.11515311909164681
0.10208015270779772 0.0685995099944196 0.2859418895897139 0.1278189573334051 0.0892954116606002 0.06871841841541135 0.14250859869858748 0.11503706160006459
0.10199611342810294 0.06856903606917374 0.2863201729698509 0.1277711787571953 0.08922041208751394 0.0686736966550084 0.1424553291516789 0.11499406088147578
0.1362908263111809 0.09163768149798514 0.23930817450068853 0.1067260498115617 0.11922112614872832 0.09177111599014155 0.11899158090930832 0.09605344483040551
0.1100453091413196 0.07015655396960126 0.26697217543859236 0.12759611601825038 0.095545105812298 0.07258808794137409 0.14226014726213884 0.11483650441642536
0.10427050148612624 0.06900154051664158 0.2791351570776754 0.12837902094490494 0.09090810963813309 0.0696315236564865 0.1431330278296179 0.11554111885041447
0.137145650585949 0.0918046275010945 0.2368841490134677 0.10687990816139349 0.11982995555919197 0.09210067034624482 0.11916312148740438 0.09619191734525413
0.11031680991556764 0.07021990240385108 0.266048072153919 0.1276926145117319 0.0957371228823 0.07269438919108091 0.1423677358809906 0.1149233530605587
0.10436156057965311 0.0690270767723257 0.27879332848372 0.12841949203947203 0.0909733869796884 0.06966946222978673 0.14317815007982926 0.11557754283552482
0.10272623222127401 0.0687530479295578 0.2836807226479838 0.12806600442551935 0.0897516884876226 0.06897886253513037 0.1427840377699447 0.11525940398296743
0.10221342269404156 0.06863150046280526 0.2854919859765159 0.12787062704255212 0.08937648820721256 0.06876620471023771 0.14256620656833793 0.1150835643382969
0.09338791094931233 0.1375668740634713 0.1636817641601297 0.16020894259066887 0.08168162251343299 0.13778724485612948 0.08149759253525331 0.14418804833160198
0.1458725244588587 0.0918955130313494 0.20242484877728886 0.11027461563761927 0.12353313969534309 0.10778398142351112 0.1220785325740026 0.09613684440202705
0.07687692756475883 0.10541221435185805 0.07469230134186035 0.0835663061706163 0.14680183491722076 0.25105154416306086 0.09446625914939236 0.1671326123412326
0.10214784720247695 0.07532115531594472 0.2032534240649062 0.13530628540836703 0.10694537378061739 0.10439384661381397 0.15085641074634354 0.12177565686753034
0.10480150102106298 0.07101571509720771 0.2557744972969963 0.13154242159221616 0.09530723939064767 0.07651046269218001 0.1466599834766947 0.11838817943299453
0.13806732952694248 0.09255509795952181 0.22924078637619216 0.10756697972087645 0.12169525299938073 0.09413511666606666 0.1199291550022309 0.0968102817487888
0.1107933848057946 0.07045400145977634 0.2631742626704288 0.12803400882393928 0.09635349204881165 0.07321187718778961 0.14274836506191438 0.11523060794154537
0.10456665248806857 0.06911266088621985 0.27773856728831675 0.12855254282606152 0.09118446285862004 0.06982133333154443 0.14332649177771334 0.11569728854345536
0.120151985425021 0.08038874404909084 0.20693097632465804 0.09358042036441595 0.13997300200323787 0.10756478727245881 0.13911358012381836 0.11229650443729913
0.1076497581161996 0.07028076019216686 0.25509265135323567 0.12932045574118378 0.10097486134505447 0.07611044571395356 0.1441826573711407 0.1163884101670654
0.1041582807826841 0.06931498289114539 0.27482198206389585 0.12896304208521073 0.09238760366868723 0.07050320281429542 0.14378416781739164 0.11606673787668964
0.13724914057817245 0.0919351374436591 0.2354708363979096 0.10700358473296903 0.12035058457424937 0.09238647837825222 0.11930101163511621 0.09630322625967212
0.11038904222385638 0.07026214833015453 0.2655163711535102 0.12775484963264486 0.09588648536701422 0.07277461522704304 0.14243712339639655 0.11497936466938034
0.09512861265244739 0.13789038667866726 0.15866687559964954 0.1603280578698165 0.08293970942358472 0.13919291973313666 0.08155818595986318 0.14429525208283484
0.10830049602616758 0.06797649428357153 0.24718540481083423 0.13595298856714305 0.0916232896327404 0.07993266147260403 0.15050554696891696 0.11852311823802213
0.07287704231355663 0.10598722310238586 0.08254277445263411 0.08618086897486812 0.14051757236327342 0.242110928958912 0.09742185188463352 0.17236173794973625
0.07383072014788875 0.12054489875613988 0.09438433287327577 0.13532072422362695 0.10267744996048521 0.21907425288811888 0.0917827520821122 0.16238486906835234
0.1018762350326032 0.07684994497192879 0.21344927649703307 0.13635753644484636 0.09781281353137775 0.098903933521401 0.1520284772004481 0.12272178280036172
0.13861930145214102 0.0941477842048442 0.2153724141632658 0.10884238724913636 0.12365346924419489 0.10005535594562048 0.12135113921657442 0.09795814852422272
0.14703980432526154 0.09357518242808546 0.2127704606197111 0.10613240870486557 0.1282686121064349 0.09836464860434511 0.11832971537691729 0.09551916783437901
0.11323600707693557 0.07075335377536067 0.25658752797998996 0.12843291371496857 0.09804226375879616 0.07416519710408688 0.1431931142463903 0.1155896223434717
0.10531294382653533 0.06926824201476717 0.27526254672024136 0.12880806503378137 0.09169878685557935 0.07011077704819262 0.14361137997049953 0.11592725853040323
0.08191820169187276 0.1199539189829054 0.14029261456623826 0.1396195215353035 0.09538762123773795 0.16058623805876343 0.09469845808481454 0.16754342584236417
0.1058893268211912 0.06838933325177597 0.2400092484146254 0.13677866650355194 0.09465373228039144 0.0836171463140279 0.1514196063856985 0.11924294002873757
0.12135180348665578 0.08098923262446599 0.19571382497036047 0.09439106062138164 0.14208166455457996 0.11188448968511296 0.14031865131178525 0.11326927274565796
0.12402694838426856 0.08083191053995399 0.17950358510488212 0.09291295056935867 0.15538093612283702 0.11772678715206436 0.13812134144340482 0.11149554068323038
0.0841240130692715 0.11942388781273283 0.11748527143014216 0.13727239846433387 0.10763881172501677 0.1762222429915802 0.09310649634972211 0.16472687815720066
0.11727022868294969 0.08632397295909154 0.15763225844493237 0.0958487117710307 0.14819761834365916 0.13722320802541818 0.14248554764768148 0.11501845412523684
0.1087102795059197 0.0718843276049567 0.23616610130624435 0.1315429175821188 0.1043029442365758 0.0823442674718557 0.14666053646842203 0.11838862582390693
0.10506148414370897 0.06989783619588101 0.2678587249530463 0.12986592866728472 0.09365692643640243 0.07198894482631162 0.14479081897680848 0.11687933580055626
0.13773512562157114 0.09214844728465013 0.23317679982077025 0.10719786624297178 0.12088445301982773 0.09286160737138535 0.11951762102014912 0.09647807961867458
0.11057770511422106 0.07033004881679235 0.26465010839113334 0.12785435011448282 0.09606429722631421 0.0729065162257849 0.1425480590082368 0.11506891510303455
0.1392187094542215 0.09204372542190341 0.23178117690403496 0.10701485630443441 0.12137953037854758 0.09293505226672918 0.11931357859613806 0.09631337067399096
0.12803933011493826 0.08117594229962055 0.19048828839454263 0.09223974978075798 0.148015444698013 0.11223296171904643 0.13712058325617155 0.11068769973690958
0.10983065132219158 0.07055403281050052 0.24842874124522174 0.12970499074317257 0.10298853050515185 0.07714717650319007 0.1446113852017163 0.11673449166885531
0.10484804748746188 0.06947031976542549 0.2723078366764451 0.12922124920856343 0.092972322977077 0.07080905010657826 0.1440720494907416 0.11629912428770708
0.09404536668684348 0.13788977745823602 0.16045157595297246 0.1604689730389723 0.08245061097510405 0.1386417512590585 0.08162986889373808 0.14442207573507507
0.10800521495519554 0.06794939775577531 0.2479191541073049 0.13589879551155062 0.09148883956629456 0.0798171720651493 0.15044555302866003 0.11847587301006976
0.08252948928776757 0.12009697276319645 0.13427727190399164 0.1400215601282641 0.09550923837723983 0.16456845025514874 0.0949711451304748 0.16802587215391693
0.10624947130013304 0.06853682746339876 0.23764206783022965 0.13707365492679752 0.09487154335295293 0.08438015500679374 0.15174617069633262 0.11950010942336194
0.08221298036435598 0.1201871868424764 0.13195458785921843 0.14005816753365463 0.09622911542380552 0.16629218643501603 0.09499597450108749 0.16806980104038552
0.10625713122954845 0.06859083298105643 0.23672120138018724 0.13718166596211287 0.09508731035201645 0.08470184185259064 0.1518657433524408 0.11959427289004712
0.09809060916417894 0.14340686095913305 0.10962906189402408 0.1165480398861812 0.11486692356711914 0.19855088178662314 0.07904997487932289 0.13985764786341745
0.10626155664163121 0.07742776812734775 0.2179583770911634 0.1342558017422243 0.09919156730186492 0.0943895076748687 0.1496851998528978 0.12083022156800184
0.10526640235015194 0.07083602719678597 0.26133765507835016 0.1309326610898082 0.09329267139713741 0.07451504188591393 0.14598014602102496 0.11783939498082739
0.1035594477213343 0.0693323189594404 0.27737512577051604 0.12894086598598334 0.09077798773786509 0.07020803131578984 0.1437594431216859 0.116046779387385
0.11993214007638842 0.08044175788474424 0.20686779384453996 0.09362465613791855 0.1398981010216961 0.10770662409702117 0.13917933957218936 0.11234958736550227
0.1076059192727244 0.07028959591576182 0.2550772260751555 0.1293305973822684 0.10096536075087974 0.07613979841505741 0.14419396454411118 0.11639753764404158
