0.125 0.125 0.125 0.125 0.125 0.125 0.125 0.125
0.099626400996264 0.07845579078455792 0.199252801992528 0.15691158156911583 0.08685378548392246 0.06839735606858895 0.17370757096784492 0.1367947121371779
0.09444644354078607 0.15741073923464347 0.10039762527401264 0.1416696653111791 0.1180580544259826 0.19676342404330432 0.10625224898338434 0.08500179918670747
0.08769198837691987 0.1551473640514736 0.07644942576449425 0.13525667635256675 0.10523038605230385 0.18617683686176836 0.0917393109173931 0.1623080116230801
0.09713900478901291 0.07649696627134768 0.20787700874399104 0.15299393254269536 0.08468528622631895 0.07805790316754366 0.1693705724526379 0.13337932580645234
0.07267953686210138 0.12113256143683566 0.1167983518953256 0.14535907372420276 0.09084942107762672 0.16246290755550244 0.10901930529315208 0.18169884215525345
0.07218946472282745 0.12031577453804573 0.10316823006009111 0.1443789294456549 0.09791391458123119 0.17327582776083986 0.10828419708424118 0.18047366180706859
0.0899248310738721 0.1498747184564535 0.09469047818996144 0.13488724661080814 0.13054136428111218 0.2179835784632017 0.1011654349581061 0.0809323479664849
0.07077502772397463 0.12521735674241669 0.08846878465496831 0.15652169592802084 0.08493003326876958 0.18009852498226298 0.10616254158596197 0.18782603511362503
0.1052940710138398 0.08291908092339885 0.14497580582611574 0.09950289710807862 0.1502405093768077 0.13474790784590118 0.1579411065207597 0.12437862138509827
0.08432135718831253 0.14918393964086063 0.07351092677955451 0.130057793533058 0.10118562862597505 0.2174578898571043 0.08821311213546541 0.15606935223966958
0.13532137594264645 0.09849362947370291 0.1688052799895452 0.11819235536844351 0.127756245972015 0.11754782802720314 0.1308437959308776 0.10303948929556613
0.1062247341509273 0.14334924442871955 0.10010409981522932 0.1290143199858476 0.1313682572746523 0.21577001236372975 0.0967607399893857 0.07740859199150855
0.0682424483804261 0.12073663944229232 0.08530306047553263 0.15092079930286542 0.08189093805651132 0.20943748260829465 0.10236367257063915 0.1811049591634385
0.10267022292081684 0.07236737774860665 0.21072801587435533 0.1447347554972133 0.0913861161987894 0.0917071701943045 0.1602273239529589 0.12617901761295516
0.07024351672567478 0.09927036026733921 0.07847686316043735 0.08934332424060529 0.13813914850321754 0.23862814953278896 0.10721198908872634 0.17868664848121057
0.06719879637458939 0.11889017820119661 0.08399849546823673 0.14861272275149576 0.08063855564950727 0.2215277896912954 0.10079819456188409 0.17833526730179491
0.0752912472719878 0.1123353809640364 0.09579965371100153 0.13480245715684366 0.09608656376337624 0.21607978281906717 0.10110184286763275 0.16850307144605456
0.09644183805563306 0.13771572136860516 0.09018375007981484 0.12394414923174465 0.12076717468996953 0.2636227651113775 0.09295811192380848 0.0743664895390468
0.06590440572655615 0.11660010243929166 0.08238050715819518 0.14575012804911458 0.0883617767849238 0.22724631759314712 0.09885660858983424 0.17490015365893746
0.10338969375296489 0.07103884879722192 0.2133702034000491 0.14207769759444383 0.09086618281569474 0.09810891384956202 0.15728585163080472 0.12386260815925873
0.07211706904990198 0.09755701854558141 0.08062614765884922 0.08780131669102327 0.13600928051639877 0.24492495412697085 0.10536158002922791 0.17560263338204654
0.06566583935552833 0.11617802347516551 0.08208229919441042 0.1452225293439569 0.09712930299286213 0.2209562113920359 0.0984987590332925 0.17426703521274825
0.10290986417495308 0.07070870555754487 0.21591285833606816 0.14141741111508974 0.09170034918826801 0.09750895047969757 0.15655488735573625 0.12328697379264232
0.10342694145651228 0.13991732198047727 0.11819360842044345 0.12592558978242954 0.12214833164569514 0.22038866050816247 0.09444419233682216 0.07555535386945773
0.06614752150676427 0.1170302303581214 0.08268440188345534 0.14628778794765177 0.09584116242899646 0.21724226807768243 0.09922128226014641 0.1755453455371821
0.0763921066843301 0.11097366664986939 0.09695758245668279 0.13316839997984328 0.09732243382905562 0.21884901044053245 0.09987629998488246 0.16646049997480408
0.09509301657078849 0.13516957708455668 0.09152075859552873 0.121652619376101 0.12365802665659502 0.26867496555869375 0.09123946453207575 0.07299157162566061
0.06479318586407674 0.11463409806721271 0.08099148233009594 0.14329262258401587 0.09436079110316162 0.23278689415450282 0.09718977879611514 0.17195114710081905
0.07551472231481977 0.10985309215300058 0.09579419243910436 0.13182371058360068 0.09987109660300872 0.2234957647392644 0.09886778293770052 0.16477963822950084
0.09601653427511209 0.13451001238702157 0.09093090018310813 0.12105901114831942 0.12373264873259321 0.2703212282236145 0.09079425836123957 0.07263540668899165
0.05383186232790006 0.0952409871955155 0.04693034151663083 0.08303060422173146 0.13689060047154378 0.3241537127899539 0.09386068303326166 0.16606120844346292
0.08900408138156475 0.07184666810319082 0.1780081627631295 0.14369333620638164 0.10743892839715748 0.12047747407601554 0.16020734648681656 0.12932400258574347
0.08170871773886303 0.11132719762661375 0.1176151442537081 0.1335926371519365 0.103809133868006 0.18476189505699975 0.10019447786395237 0.16699079643992062
0.099077057391629 0.13596442216446128 0.09608996747254077 0.12236797994801515 0.12594244335583318 0.2553613567377 0.09177598496101137 0.07342078796880909
0.07528249104976302 0.13319209954958075 0.07199140093216544 0.11611618935091657 0.1183091784083674 0.2670121459283549 0.07875706755975209 0.13933942722109985
0.06390457147759239 0.11306193415266344 0.08567633692002999 0.1413274176908293 0.09897248060825556 0.23160750070524572 0.09585685721638858 0.16959290122899515
0.09502796537262213 0.07210201749170124 0.19394496590688393 0.14420403498340248 0.09978014371978655 0.10438050352919569 0.16077673751134572 0.12978363148506222
0.14506990991388583 0.09141549334131585 0.2102915291415045 0.10969859200957903 0.12408740071519701 0.1023615541823139 0.12144085073913509 0.09563466995706889
0.07512846084207424 0.11592477079448212 0.11228861482342868 0.14490596349310267 0.10266011977104536 0.17692086928012632 0.09828404480401746 0.17388715619172315
0.14161330846606668 0.0932422564249027 0.18456978346293137 0.11189070770988326 0.12707208924350008 0.12019849657897863 0.12386761293076208 0.09754574518297514
0.07464690556268566 0.11552075162965679 0.10821743990922064 0.14440093953707098 0.10290032726418177 0.18309100183625082 0.09794150681644814 0.17328112744448515
0.14191735067391145 0.09321001790388435 0.18301295889688954 0.11185202148466122 0.12711129375535854 0.12155955286591244 0.12382478568916504 0.09751201873021748
0.08857187443519873 0.13699938375968151 0.08936554528269866 0.119435360200748 0.1234607968109723 0.2178362760032088 0.08100833126659428 0.1433224322408976
0.0954336585051276 0.07066974045007761 0.20287802543051797 0.14133948090015522 0.1040358746950221 0.10085471372774193 0.1575829734812178 0.12720553281013966
0.1068649302982292 0.06680746825063996 0.26248430635256026 0.13361493650127992 0.09149223382322948 0.07433408111544382 0.14791722722160414 0.11648481643701328
0.07265467486321428 0.11597002740556492 0.12994743357423466 0.14496253425695615 0.09728421181744445 0.16690366243473756 0.0983224145395007 0.1739550411083474
0.10455792928860262 0.0688742906579185 0.23608235336684727 0.137748581315837 0.09296187555414341 0.08719312107525969 0.15249334195322614 0.1200885067881656
0.10664626159845879 0.13814299114626669 0.12307903132604085 0.12432869203164003 0.1257215404703633 0.21423774918451638 0.09324651902373002 0.074597215218984
0.08285458708701318 0.13202643950326645 0.08327974060323326 0.11509997290028358 0.11925417990615075 0.2512973048134334 0.07806780770627929 0.13811996748034028
0.0940190923471027 0.06992564051704413 0.20596018917082334 0.13985128103408825 0.10240021596850059 0.10605368634151707 0.15592374169024464 0.12586615293067943
0.10624645829258127 0.06658620032675432 0.2645373306804524 0.13317240065350863 0.09096290434053174 0.07496836790504866 0.14742732184678203 0.11609901595434087
0.07219569791235833 0.1152064108649426 0.13509885226002558 0.14400801358117823 0.09669458409106807 0.1663118244770836 0.0976750005159296 0.1728096162974139
0.14061879663528357 0.0927013711851454 0.19299364900584295 0.11124164542217448 0.12501934891456307 0.11729621853067705 0.12314907429723833 0.09697989600907518
0.0737121740605491 0.11390092345195772 0.11950284439933492 0.14237615431494716 0.10265846756943033 0.1804298767948367 0.09656817423100764 0.17085138517793658
0.10501188335281196 0.06892442494241087 0.2318560874928533 0.13784884988482174 0.09401204212254799 0.08956644841130891 0.1526043433808364 0.12017592041240868
0.08570031552850337 0.11079741921319801 0.13083735823474482 0.13295690305583763 0.10103862285132342 0.1727555750047176 0.09971767729187822 0.166196128819797
0.08150890266067821 0.11013599205467742 0.10763610318092157 0.1321631904656129 0.10156427379178111 0.20266515691510315 0.09912239284920968 0.16520398808201608
0.05909603436011925 0.09654560581143982 0.060275980197312236 0.08416796404074241 0.13791922091121125 0.29851287246467706 0.09514639413301317 0.16833592808148481
0.11915483230094005 0.09058830480713105 0.16182386459409093 0.11323538100891382 0.13815338605186378 0.14888338890566688 0.1262489994233711 0.10191184290802242
0.10763467574595237 0.07733815151816349 0.1709844120699721 0.09667268939770438 0.15695181023679766 0.13070058802265197 0.14371044573151276 0.11600722727724523
0.09930141725948932 0.06696512143579716 0.24180265258452738 0.13393024287159433 0.10600851429209047 0.08213260696448287 0.14932222600758352 0.1205372185844349
0.07602380243099094 0.113996533158755 0.1331620376271225 0.14249566644844378 0.0990192325636074 0.16765869339835118 0.09664923463459665 0.1709947997381325
0.10492182269757486 0.06847100018601171 0.2370295081656472 0.13694200037202342 0.09465607808418967 0.0869938331446232 0.15160042369226848 0.11938533365766144
0.11361023014716765 0.07708386489385245 0.19567590308399263 0.09635483111731555 0.14384562238767795 0.11456582298019087 0.14323792804902433 0.11562579734077866
0.07678144192816815 0.11240989457902663 0.12195233597580776 0.1405123682237833 0.10653414094390595 0.17789093542463708 0.09530404105613127 0.16861484186853992
0.09999335504823706 0.06874705680636921 0.22606702550940733 0.13749411361273842 0.0987599039039437 0.0918981669443835 0.1532956759234561 0.12374470225146456
0.13425030742581762 0.08817012290527505 0.22097896248492274 0.11021265363159381 0.12486502862654426 0.09945265268308284 0.12287888397432922 0.09919138826843443
0.10872354176812392 0.0650584906405568 0.2610138126888219 0.1301169812811136 0.09791806638430317 0.07499310017812055 0.14507072390595796 0.11710528315300223
0.1029361449057713 0.06495153064239423 0.27772433687582915 0.12990306128478846 0.09205326334957661 0.07068668871109628 0.1448322190742343 0.11691275515630961
0.10127296328460017 0.06464541645915306 0.28415830764990246 0.12929083291830612 0.09045973097457623 0.06966136895269597 0.14414963013429055 0.11636174962647552
0.1179439529361681 0.07552864584343315 0.20975333686349482 0.09441080730429144 0.14044746282030163 0.10827481938496072 0.1403480060822004 0.11329296876514974
0.10669355812972428 0.06517547806514636 0.2572003763514642 0.1303509561302927 0.10131402407070551 0.07661815833342057 0.14533158840198304 0.11731586051726342
0.13812920856396868 0.08661344473035686 0.23049263167558368 0.10826680591294606 0.12370636760514514 0.09464200720979475 0.1207094089805533 0.09744012532165146
0.08716031903917149 0.11126369273387687 0.13006649950058138 0.13907961591734608 0.1017902285650156 0.16941184391229772 0.09433226123089561 0.1668955391008153
0.07863220669030403 0.11260794033545202 0.10796792097573203 0.14075992541931504 0.09765605786426118 0.19799208879691788 0.09547194941483977 0.16891191050317805
0.0768911847002013 0.11224613321716982 0.10276290645190826 0.14030766652146226 0.09647733365349244 0.20778037572849772 0.09516519990151355 0.1683691998257547
0.10298576354336912 0.06885316744726007 0.21864963624431807 0.13770633489452014 0.09706209230353081 0.09727501734670023 0.15353228681523362 0.12393570140506811
0.12119723329272439 0.07638343051879103 0.1899675970968384 0.09547928814848879 0.14408305773015398 0.11637787281407837 0.14193637462073858 0.11457514577818655
0.10854258373947183 0.06553613341619345 0.24954774045745565 0.1310722668323869 0.10281635928970162 0.0783840801099812 0.1461357960056612 0.1179650401491482
0.10460653041299706 0.0650356939126736 0.27350799485378513 0.1300713878253472 0.09333980691901313 0.07135444642809627 0.14501989060527515 0.11706424904281247
0.09445036369481342 0.1297468783573091 0.1618278465327885 0.1621835979466364 0.08323598423456847 0.1400879999525355 0.0825020911293759 0.14596523815197274
0.10815751112710305 0.06774512761165943 0.24812057735663057 0.13549025522331887 0.09070556392035821 0.0816679729433571 0.14999328213570504 0.11811970968186772
0.12218071191329595 0.07592332142954387 0.1988199638887559 0.09490415178692985 0.14137262220352886 0.11183285084291023 0.1410813957907196 0.1138849821443158
0.10878209861450505 0.06530165441841967 0.2528469460803605 0.13060330883683935 0.1019339361432015 0.0773761351160275 0.14561294283749102 0.11754297795315542
0.12197650092364049 0.07554620146093367 0.19974035503497592 0.09443275182616709 0.14432367098083151 0.11028058949419656 0.14038062808785437 0.1133193021914005
0.08448332112034837 0.1111801631774794 0.12299791277981932 0.13897520397184926 0.1062360475990186 0.17509566389131603 0.09426144269394994 0.1667702447662191
0.11822049589727576 0.07749933237042153 0.16056812902878592 0.09687416546302692 0.14883500924913592 0.1377439160011324 0.14400995343458925 0.11624899855563228
0.109219158924101 0.06616464917927718 0.23820865356591062 0.13232929835855436 0.10474994301786533 0.08269463608257752 0.14753729234901508 0.11909636852269893
0.12236979156413846 0.07575626881643839 0.1953270284812932 0.09469533602054798 0.145550287495601 0.11189590726826996 0.14077097712905343 0.11363440322465759
0.08455200053661853 0.11119044775158954 0.12200955974689315 0.1389880596894869 0.1064984425715313 0.17570565585232253 0.09427016222417374 0.16678567162738428
0.13698245393408262 0.08978519693212507 0.18564495928104863 0.11223149616515635 0.12939760858439486 0.11982019581519093 0.1251297427393609 0.1010083465486407
0.08717260863591095 0.11120422853747414 0.11982542997434356 0.13900528567184267 0.10303198326014677 0.1786722751801252 0.09428184593394547 0.16680634280621118
0.13788753456994735 0.08980789845129368 0.1848597682936648 0.1122598730641171 0.12847813348892972 0.12051152551031882 0.1251613808640231 0.10103388575770539
0.11288407728116473 0.06556715934190807 0.24739422514120243 0.13113431868381614 0.09966867074694578 0.07912568280025874 0.1462049791892696 0.11802088681543452
0.10598369215551691 0.06503708159508742 0.27261024456330857 0.13007416319017484 0.0927206809060273 0.07148440578878631 0.14502298492994117 0.11706674687115734
0.10369593395102239 0.06456059205272545 0.28205116445561795 0.1291211841054509 0.09066726304332942 0.06973431232863193 0.14396048436831613 0.1162090656949058
0.13764546488702814 0.08609987734823042 0.23874283338358265 0.10762484668528804 0.12039318886930164 0.09263775446069018 0.11999367234911965 0.09686236201675923
0.14698990843355728 0.08526884612664992 0.22176803845930804 0.1065860576583124 0.12764680000942147 0.09697739731465872 0.11883550010561099 0.09592745189248116
0.11339451548244948 0.06451302751310316 0.26087901897636634 0.12902605502620632 0.09809788859051789 0.07411162234362766 0.14385442254414343 0.11612344952358568
0.10559197034087264 0.06468013183649066 0.27746225681690506 0.1293602636729813 0.09194670424979455 0.07030739553291868 0.14422704024435382 0.11642423730568319
0.10344095554284279 0.06443780583834362 0.2837944853814173 0.12887561167668724 0.0903556462614246 0.06942075535372061 0.1436866894365453 0.1159880505090185
0.1375229504376637 0.08605766386980486 0.23931054655108805 0.1075720798372561 0.12025802661893598 0.0925290195803321 0.11993484125138851 0.09681487185353047
0.11083064122228349 0.06429756781416072 0.2678292149936375 0.12859513562832145 0.09622777725981564 0.07311006144262619 0.14337397957366585 0.1157356220654893
0.0834036384304772 0.11256804614588825 0.13928390440436877 0.1407100576823603 0.09695973848808313 0.16278441954978048 0.0954381260802096 0.16885206921883236
0.10630841870204148 0.06821182701246106 0.2392113468307013 0.13642365402492213 0.09394970530439438 0.08593501317669218 0.15102659297834276 0.11893344197044495
0.09890983391775435 0.13504217355386378 0.11084317018686353 0.11772907438029148 0.11554271576112528 0.2008071185814672 0.07985102436228465 0.14127488925634976
0.1072671920678546 0.06789569305135777 0.22012535991604243 0.13579138610271554 0.10004644589775015 0.09526441365283779 0.15139726181899776 0.122212247492444
0.09564220066311432 0.13034066218674403 0.14845185702293975 0.16292582773343003 0.08474774980405643 0.14837879743479676 0.0828796601948318 0.146633244960087
0.1228364141511946 0.0767545523964534 0.16436798666867491 0.0921054628757441 0.1477935016892468 0.13481110620219006 0.146199147421816 0.11513182859468012
0.0844859974269449 0.11095076883435617 0.11481113302255998 0.13868846104294522 0.10669250798977223 0.1838780222462373 0.09406695618564982 0.16642615325153426
0.10446434848769309 0.06843273871671945 0.22306468039481972 0.1368654774334389 0.09867609872819089 0.09272293305235799 0.15259479349668487 0.12317892969009503
0.10519385271586378 0.06582220745617094 0.26409759910512304 0.13164441491234188 0.09349537639174706 0.07449287758045248 0.14677369841719312 0.11847997342110768
0.0825249714027753 0.11283527429788812 0.13855920663407886 0.14104409287236017 0.09652839655936012 0.16359045770806097 0.09566468907864427 0.16925291144683216
0.1429499269977965 0.09188472300062285 0.19311805289250245 0.11026166760074743 0.12762423619939617 0.11597163837412221 0.12206419856492999 0.09612555636988238
0.08822495143681415 0.11105722208094748 0.12144779544004218 0.13882152760118435 0.10259547569644581 0.17710998459799376 0.09415721002515114 0.16658583312142122
0.13816048190799182 0.0897604609309553 0.1853937658775077 0.11220057616369414 0.12829755067255844 0.12011137665477474 0.1250952692451933 0.1009805185473247
0.11294374529777833 0.06555116909366489 0.24758904203505158 0.13110233818732978 0.09961020763111535 0.07904207006417185 0.14616932332229154 0.11799210436859678
0.12325856703218248 0.0756150693723314 0.19816239008988557 0.09451883671541424 0.1437189377852662 0.11079499588888177 0.14050859905754118 0.11342260405849708
0.10908990247403257 0.06526969354730829 0.2524947315854238 0.13053938709461657 0.10239878282793907 0.07718037922033304 0.1455416748651919 0.11748544838515491
0.10497270040092768 0.06491853501962674 0.2744936325289162 0.1298370700392535 0.0931200855142654 0.0710459697014997 0.14475864376018263 0.11685336303532814
0.10342050479866383 0.06451553797198924 0.28273625475526526 0.12903107594397847 0.09069049801070259 0.06961813967705595 0.14386002049276406 0.11612796834958064
0.13756042834515522 0.0860827046971962 0.23896556349913672 0.10760338087149526 0.1203788975189364 0.09259624271506733 0.1199697395686671 0.09684304278434573
0.08740854767448672 0.11113001483344945 0.1319249774196991 0.13891251854181183 0.1012036922256505 0.1685063014350646 0.09421892561966368 0.16669502225017416
0.13770929979396804 0.089631031266512 0.1891176980505974 0.11203878908314002 0.1277271591104235 0.11802622379649474 0.12491488872403819 0.100834910174826
0.11271442112217323 0.0654740678232029 0.24902574244263298 0.1309481356464058 0.09938110197209334 0.07860580991491288 0.1459973989968136 0.11785332208176522
0.10590378921995146 0.06499714083637814 0.273206323065424 0.12999428167275628 0.09261081007050653 0.07135887863017604 0.14493392299932678 0.11699485350548067
0.10367140575552698 0.0645448159315988 0.2822643172276418 0.1290896318631976 0.09062545413000513 0.06969840044230315 0.14392530597284864 0.11618066867687785
0.10287993158214603 0.0643462432597695 0.28558021988989146 0.128692486519539 0.08996807634131007 0.0692272859873774 0.14348251855238153 0.1158232378675851
0.12012867162057356 0.07525561426842761 0.20987769046537497 0.09406951783553451 0.14010285927333768 0.10784156876964403 0.13984065636446621 0.1128834214026414
0.10801086224700121 0.06503977221240735 0.2570218356026974 0.1300795444248147 0.10131588612243562 0.07643152480333046 0.14502898460497995 0.11707158998233323
0.08293381514270762 0.1126575710427273 0.13687718615238165 0.14082196380340914 0.09808811939895314 0.16412096027254827 0.09551402762318184 0.16898635656409094
0.1062312367475208 0.06819374492036454 0.23809902796156615 0.13638748984072907 0.09503513962214538 0.08616488894771293 0.15098655773983843 0.11890191422012279
0.07278500346671521 0.09938785944917418 0.08142786789269606 0.08664582618645954 0.14206896898696353 0.24644536595603111 0.09794745568904122 0.17329165237291907
0.10184124389198874 0.06829159547313779 0.20777712526617062 0.13658319094627558 0.10642779956440038 0.10387410787672521 0.1522800651296535 0.12292487185164802
0.08182041935817598 0.1128378777344148 0.1257354293260308 0.1410473471680185 0.09915957062968088 0.1744756428420093 0.09566689634004734 0.16925681660162217
0.10635369051453736 0.06844588761241502 0.23366062634609622 0.13689177522483004 0.09559492516131163 0.08816672511918826 0.15154482238971823 0.1193415476319031
0.09887480804537366 0.1349967652836949 0.10975391300227476 0.1176894876832212 0.11590966777722587 0.20172379873363752 0.07982417425470653 0.14122738521986541
0.10729126810769009 0.06791439854821366 0.21967877968074834 0.1358287970964273 0.10015306313042756 0.09544880376458717 0.1514389722851212 0.1222459173867846
0.10585904954932675 0.06581828170193543 0.2626747263385872 0.13163656340387087 0.09381673431249227 0.0749567930591224 0.1467649445711814 0.11847290706348378
0.10405538573475821 0.06482001615137578 0.27849323602713305 0.12964003230275156 0.09121765913416117 0.07055868018905201 0.14453896138829167 0.11667602907247641
0.13788980439923273 0.08618446506212545 0.23758237094466814 0.1077305813276568 0.12064492433610934 0.0928987721506006 0.12011155858471588 0.09695752319489112
0.14712013312451652 0.08528842779639866 0.22137290232040363 0.10661053474549831 0.127741032899609 0.09705469761145039 0.11886279023117498 0.09594948127094848
0.1134461693398056 0.06452017106877829 0.26072617987941243 0.12904034213755658 0.09812793766753504 0.07413254037601462 0.14387035160709666 0.11613630792380092
0.08389478282706213 0.11261190130968603 0.13772130814155994 0.14076487663710752 0.09739346748470161 0.16322050400322852 0.09547530763212511 0.16891785196452902
0.10304007134111957 0.07541736278795508 0.23110376907585067 0.1348701724000589 0.09556001122730398 0.08825528071983173 0.15037017728782687 0.12138315516005303
0.0816028267701598 0.12096192512569497 0.1304185634073458 0.1400183383155597 0.09633008141236603 0.16767729908921372 0.09496895990098833 0.16802200597867165
0.14305396959563102 0.09213882784538324 0.19044020223868408 0.11056659341445989 0.1278794595202324 0.11712779427974689 0.12240176397530764 0.09639138913055477
0.10355887936496062 0.14285743317220112 0.09898852178316112 0.1132278464838727 0.12043295829597725 0.20826292750403164 0.07679801761514843 0.13587341578064724
0.12096882339202049 0.0870155068469185 0.14969346738207126 0.09430439364835765 0.15054140265665567 0.1441213186604783 0.14018981503546898 0.11316527237802917
0.10971248348987177 0.07200428922371437 0.23280181463267183 0.13165154035477525 0.10493849591537548 0.08362334731053665 0.14678164275375688 0.11848638631929773
0.10538744785756803 0.0699734577336586 0.26657910297952203 0.12999232191833548 0.09387473491841704 0.0722681068465989 0.14493173801939793 0.11699308972650194
0.10337802639429097 0.06912044781913726 0.2792374749060088 0.12864609132924335 0.09071065262702901 0.06969503335044197 0.1434307913775295 0.11578148219631902
0.10251100413224012 0.06876581827971359 0.2838787424743194 0.12808019051763564 0.08970382859810407 0.06898839032812443 0.14279985420399077 0.11527217146587207
0.11952494724179338 0.08029447260127433 0.2088155343929948 0.09349920936134282 0.1394025738049639 0.1072713568507396 0.13899285451327978 0.11219905123361137
0.10744819427062889 0.07023478536393318 0.2558231981064887 0.12924663443797077 0.10080331760483306 0.076021547094861 0.1441003521271107 0.11632197099417371
0.08226485202297953 0.12003248426066752 0.13588431232284415 0.1395834860730154 0.0972967550222092 0.16276391036983778 0.09467401664082785 0.16750018328761848
0.10618658473523394 0.06827247493230867 0.23782388641671906 0.13654494986461735 0.09496242577648926 0.08600961875417215 0.15116087245899842 0.11903918706146127
0.09801347471139586 0.14325378488485832 0.10977702199179233 0.1164544881680414 0.11476071983386708 0.19900860219876726 0.07898652240962807 0.1397453858016497
0.13860100149667928 0.10099381506579118 0.17776980954700017 0.10946248894350388 0.12937256218813067 0.12324157638019297 0.12204250632954837 0.09851624004915349
0.11270979780640226 0.07224318681687451 0.243523988531882 0.13025138830976862 0.09951932880980217 0.07930548253394568 0.14522057771253305 0.11722624947879175
0.14050248263050305 0.09269031344425598 0.22478204615843458 0.10758501351999582 0.12288364208827335 0.09478072864809788 0.11994926134244309 0.09682651216799623
0.14724702815487756 0.09318131474580214 0.21583066946459936 0.10582114708534934 0.12774008755423868 0.09695803871868276 0.11798268189963577 0.09523903237681441
0.11316695574549514 0.07064688340718417 0.25773365759952704 0.12828449250862253 0.0978313538123994 0.07385297799148742 0.1430276356775239 0.11545604325776027
0.08328922137850847 0.12006976863764955 0.1363412132969919 0.13956063236647737 0.09666490021312937 0.16194298940151194 0.09465851586595857 0.16747275883977283
0.08121339114261926 0.11025768699129045 0.10898584308424848 0.1323092243895485 0.10376194060003642 0.19885346501315987 0.09923191829216141 0.16538653048693566
0.09001867093506945 0.14492401104921207 0.08343813929610878 0.11318233719811974 0.11356586485898611 0.24228502157733986 0.07676715044742034 0.1358188046377437
0.10510923191975657 0.07807640133486274 0.2070886977324705 0.1351339072170914 0.09963798191914601 0.10266904145417513 0.15066422192711534 0.12162051649538227
0.1053870219522341 0.07115083073110227 0.2572896268411466 0.13144180303457398 0.09372530470886209 0.0761599887071931 0.14654780129377126 0.11829762273111658
0.10373022430208119 0.06945679892838887 0.2759027843616992 0.12913766484616185 0.09099272559892417 0.07057704443689627 0.14397885916430284 0.11622389836154565
0.13712909523292058 0.09195671048767379 0.2358789139896249 0.10701520495455036 0.11998223430764132 0.09241018925349512 0.11931396731499866 0.0963136844590953
0.11035167394109523 0.07025746989956543 0.26567759990241213 0.12774379850206022 0.09580231785889244 0.07277291903361455 0.1424248022105059 0.1149694186518542
0.10438255711168146 0.06903906439999423 0.2786584865040309 0.12843754818184716 0.09099819377237887 0.0696920753353008 0.1431982813311042 0.11559379336366245
0.13719290765776657 0.09181823510694674 0.2367258931379114 0.10689226817744424 0.1198664008553739 0.09212435172194565 0.11917690198291171 0.09620304135969981
0.11033271498444312 0.07022431797876523 0.2659879487849901 0.1276990938227559 0.09574909628314117 0.07270268387617233 0.14237495982925172 0.1149291844404803
0.08275644311585677 0.11996539414328193 0.13815483409971607 0.13949086092829677 0.09618583387456091 0.161446408094704 0.09461119262962737 0.1673890331139561
0.1192951326805971 0.07660940002427234 0.16085036254442975 0.0919312800291268 0.15243434142521178 0.13804271654705397 0.1459226667128997 0.1149141000364085
0.09821969939069444 0.14031911358642038 0.09320892948195073 0.11298795644680823 0.12618584184863027 0.21685760191931716 0.07663530959000905 0.13558554773616988
0.10658221934970138 0.07738767782753324 0.21078963245276935 0.13449576448197811 0.10188842281158589 0.09785735464259564 0.14995274040005616 0.12104618803378027
0.08212275920541513 0.1210359288827619 0.12574399391571528 0.13983414112531 0.09754884804149867 0.17106933332436894 0.09484402615455809 0.16780096935037195
0.106525114683748 0.06851242471893956 0.23380035666079432 0.13702484943787913 0.09533531244344925 0.08765223999293155 0.15169214101385073 0.11945756104840745
0.08221909675947481 0.12012054098458795 0.13103408679512252 0.13998333743654362 0.0962777120090264 0.1674400009170409 0.09494522017435134 0.16798000492385234
0.10636905674962975 0.06839506333019099 0.23592289053867382 0.13679012666038198 0.09492197539485538 0.0869156631411735 0.1514322932504025 0.119252930934692
0.07234159482088968 0.10570843258221081 0.08072897724554827 0.08592418414750333 0.1411030588570933 0.24521369762413545 0.09713168642761247 0.17184836829500666
0.1010954669516219 0.07538289647165805 0.20618199821729302 0.13542702224900244 0.10570971893917434 0.10332755383370802 0.15099102331344003 0.1218843200241022
0.10449016696496774 0.0709732080366183 0.2569320058433951 0.13145707617486108 0.09498863034205206 0.07628271437532604 0.1465648297054048 0.11831136855737498
0.1379466704821255 0.09253149148139661 0.2296343971854804 0.10754329970170903 0.12158500015569117 0.0940674177140344 0.11990275354802483 0.09678896973153812
0.1107532248680762 0.0704438715069633 0.2633247339702118 0.1280181975505408 0.09631978944749277 0.07319306818920757 0.14273073667202085 0.11521637779548673
0.08284344345039382 0.12001678669519658 0.13757081204001922 0.1395239660516902 0.09632285154816678 0.1616597344130979 0.09463364653940727 0.16742875926202824
0.10627362526748389 0.06823247901836603 0.2384904756443766 0.13646495803673206 0.09471465608639988 0.08578203713321422 0.15107231821730205 0.11896945059612538
0.08216924790431276 0.12006714404350696 0.13208178033342877 0.13995373136368017 0.09613813171328554 0.16672034747174305 0.09492513953362655 0.16794447763641618
0.10632129199767906 0.06837134003049622 0.23634158745110873 0.13674268006099244 0.0948621602894479 0.08676960502312664 0.15137976791448896 0.11921156723266008
0.12149276424307182 0.08100559035431099 0.1945554122483683 0.09441153460768083 0.1421794431664203 0.11271232658339338 0.14034908726753745 0.11329384152921698
0.12407616645716059 0.08084153725663641 0.17913934977250398 0.09292272729355806 0.15542685460360073 0.11795021666369765 0.13813587520057288 0.11150727275226968
0.10931070365120533 0.0707955926636417 0.2440625319978798 0.13020106805665357 0.10489793623351176 0.07838673176056714 0.14516447438555255 0.1171809612509882
0.10488223734283207 0.06959424264954699 0.270699797446651 0.12942602429849676 0.09349605110364081 0.07111786685589105 0.14430035843429417 0.1164834218686471
0.08185936966414263 0.12003311716846485 0.13928506970856933 0.13967348579019814 0.09579477338972367 0.16101094140339872 0.09473505992726482 0.16760818294823773
0.10600056597147324 0.0682086337711158 0.239209738319816 0.1364172675422316 0.09457366472265 0.08564273252565185 0.15101952287947495 0.11892787426758654
0.08211904255912755 0.12006078474835162 0.13224010533815886 0.13994909982884082 0.09610599587041417 0.16666405371571916 0.09492199814477899 0.16793891979460895
0.1431685229625006 0.0920766464447246 0.19103183846206553 0.11049197573366953 0.12774376102139567 0.11684175842118694 0.12231915913536064 0.09632633781909651
0.10358822440284529 0.14285316356286457 0.09910278501265325 0.11323044140520731 0.12040444171047697 0.2081446365709547 0.0767997776487493 0.13587652968624878
0.10768383198846161 0.07745403600246402 0.21324652012549566 0.1343077678209146 0.10049398921206643 0.09619372565920256 0.14974313815257198 0.12087699103882317
0.1057219063642692 0.07092710498912315 0.2595163900365221 0.13109823806513998 0.0936763216290354 0.07490687266525509 0.1461647519920292 0.11798841425862598
0.10371994152151887 0.06937950868730679 0.2766994889556751 0.1290187667388781 0.09090688043449982 0.07031222694945655 0.14384629664767454 0.11611689006499029
0.1370984814235118 0.0919291071254158 0.23613699661307863 0.10699023708400937 0.11993462302781815 0.09233321134793851 0.1192861300026194 0.09629121337560843
0.11033555516931932 0.07024928007146555 0.2657741819924368 0.12773200628287903 0.0957845372647375 0.07275397879843547 0.1424116547661353 0.11495880565459113
0.13911484695622325 0.09201337334830574 0.23215703736598114 0.10698704148001692 0.1212763400588156 0.09288045631599645 0.11928256714264573 0.09628833733201522
0.11090342805534463 0.0703242926922322 0.2642202640396945 0.1278579288451197 0.09615381669404166 0.07291608468713208 0.14255204902582747 0.11507213596060772
0.10455107557110206 0.06907455914976848 0.278113610293557 0.12849627234318586 0.09110835406995836 0.06974572907496422 0.14326375438859676 0.1156466451088673
0.10279078991293414 0.06877204964350303 0.28343126488510967 0.12809614814701897 0.08979839341589681 0.06900717489333495 0.14281764576988532 0.11528653333231707
0.136607643817418 0.09171486090562886 0.23834509188279537 0.10679719658910394 0.11944694030398215 0.09189988531407127 0.11907090425680693 0.09611747693019354
0.1272835465693796 0.08110085235351826 0.19255011209000797 0.09218178961332868 0.147324419650356 0.11190671061297415 0.13703442157444082 0.1106181475359944
0.14420791310318315 0.09277610738521415 0.20497321930466714 0.10660563557540742 0.13525085617833846 0.1013838684131896 0.11885732802213335 0.09594507201786667
0.11284639723306218 0.07086501652150043 0.2535908568410624 0.1287411101724552 0.09971122697417203 0.07484166280578562 0.14353673029675226 0.11586699915520968
0.10532610642159602 0.06934659680676614 0.2741573193712535 0.12894267143395446 0.09212647996964266 0.07029096564478948 0.14376145606143872 0.11604840429055899
0.08192539051623704 0.11997342640163793 0.14004981157686144 0.13963289140706447 0.0954851642914327 0.1606663197726279 0.09470752634566112 0.16755946968847737
0.11908330664995834 0.07661377533046243 0.1614592092508547 0.09193653039655492 0.15221455638339298 0.1378409583636308 0.14593100062945225 0.11492066299569366
0.07166068905649615 0.10242307002220459 0.06811660458692179 0.08247294193901492 0.15344319989082167 0.2637073284345813 0.0932302821919299 0.16494588387802983
0.11218380526747937 0.08348640395647328 0.1390526057222835 0.09398404681706779 0.16069769261917535 0.1581009914821148 0.1397135979549247 0.11278085618048136
0.14113005409870683 0.09403676693697804 0.18667289537297013 0.10782414369063342 0.14035568778734311 0.11272284915462949 0.1202158736371689 0.09704172932157007
0.11280435838337174 0.07139613921064558 0.24661790218314372 0.1295639361700748 0.1013631735130956 0.07719282810742832 0.14445411987917295 0.11660754255306734
0.1055628756134884 0.06955715458763206 0.2715992234749952 0.12927514512498536 0.09267984532438552 0.07084598584655777 0.14413213941546876 0.11634763061248685
0.10323656104990714 0.06896158606771766 0.28105147791312074 0.12839586686294233 0.09030890970312588 0.06933750845546655 0.1431518097710715 0.11555628017664811
0.10241592266645842 0.06870918590472891 0.28453472450850903 0.12799227922261053 0.08956674839326129 0.06888624833350024 0.14270183967058217 0.11519305130034947
0.09343926493439177 0.13759515282199564 0.16344854908262366 0.16023107563574082 0.0817256042323143 0.13784353370171631 0.08150885151905075 0.1442079680721667
0.10792009381010005 0.06769558024492683 0.24874544471669635 0.13539116048985367 0.09107812419401759 0.08125269695072661 0.14988358019226777 0.11803331940141087
0.0727719590335112 0.10588031836502818 0.08271436659667136 0.08611413222940013 0.14025632764573873 0.2426882213245716 0.0973464103462784 0.17222826445880027
0.1129465027571934 0.08415029035479936 0.1444824265115272 0.09447356128370131 0.15703411765646555 0.15310353380845873 0.1404412940874127 0.11336827354044159
0.10802310810568662 0.07191496523440108 0.2307611782945732 0.1318562448780541 0.10647806250658252 0.08528594756969791 0.14700987302075585 0.1186706203902487
0.10507951183475278 0.0700195101736216 0.2658352969090068 0.1300911805506415 0.09425617296383908 0.07259430705565181 0.14504195801690925 0.11708206249557734
0.09415145452294196 0.13807398650749617 0.15885941873249987 0.16060740692838654 0.0827405455669878 0.1393202318947433 0.08170028961139662 0.14454666623554785
0.12238060676785235 0.07665505916610854 0.16751003403887096 0.09198607099933026 0.14818595314150196 0.13229005063029958 0.1460096365068734 0.11498258874916281
0.0837628134410869 0.11889134682181368 0.11470499985502641 0.13726010695394228 0.10600554246979775 0.18156490261440664 0.09309815949919564 0.16471212834473073
0.10357931897756008 0.07626939355785711 0.22164831875786078 0.13556117106306756 0.09790853223588614 0.09188762222099033 0.1511405892300171 0.1220050539567608
0.12107617167136074 0.08187056064984546 0.19014185674089087 0.09469584613920023 0.14350256060298347 0.11430625337398737 0.14077173545469168 0.11363501536704027
0.09676829613144737 0.13844182263589178 0.13869500022136394 0.15900170682917103 0.09123767994316342 0.15187048114047808 0.08088347695223048 0.14310153614625393
0.10944226730484075 0.06814751224082598 0.23873401966131322 0.13629502448165196 0.09358777986473088 0.08408789826601387 0.15088419478636275 0.11882130339426067
0.09874335208621526 0.1432867110121096 0.1099947005764764 0.11649338626138536 0.11445611161487358 0.19822076947103334 0.07901290546424397 0.13979206351366244
0.10639744608017432 0.07740560537135495 0.21809436643716146 0.1342308602383259 0.09908807685251352 0.09431847886861912 0.1496573919373574 0.12080777421449332
0.10529137430918309 0.07083015715109968 0.2613860096317091 0.13092434049384186 0.09326619824108728 0.07449914455115872 0.1459708691774625 0.11783190644445768
0.10356314625924386 0.06933051635708512 0.27739230081712374 0.12893817004872965 0.09077092148069914 0.07020415464042445 0.1437564373528374 0.1160443530438567
0.1370318676316352 0.09191005478650709 0.23636735459193922 0.10697255876711013 0.11988052445681366 0.09229591687704143 0.11926641999855414 0.09627530289039912
0.09964566101807613 0.13906637503979988 0.15009563348018082 0.15804008745655318 0.08650624961409778 0.1440156093220609 0.08039430535833358 0.14223607871089786
0.10970536260708409 0.06787957031028581 0.24321657789886916 0.13575914062057162 0.0922934380139053 0.08250083863344386 0.1502909493235469 0.1183541225922932
0.09882461089247065 0.14327067909917174 0.11086392542107755 0.1165063941722747 0.11415392123298333 0.19755106795409724 0.079021728221195 0.1398076730067296
0.10639003923652612 0.0773852114979556 0.21844923349751164 0.13419766427256383 0.09899930216476106 0.09418027057253081 0.14962038091284355 0.12077789784530746
0.08211875472733794 0.12107407814290959 0.1274939373732215 0.13987520912172405 0.09696939553402502 0.16974649318519594 0.09487188096951718 0.16785025094606884
0.11926391312654903 0.07670505111325324 0.15761227206655987 0.09204606133590389 0.15285254247244429 0.14035772395207047 0.14610485926333952 0.11505757666987987
0.12381086361231394 0.08071853669376385 0.16740812173450118 0.09318560419014452 0.15920515562174584 0.12532233375609772 0.1385266593632596 0.11182272502817342
0.08400313486534933 0.11930053642530047 0.11468197417639672 0.13714975759509052 0.10834657582287813 0.17891499815377146 0.09302331384710487 0.16457970911410857
0.13569530374199526 0.0999014471935009 0.18137596379468643 0.11093521268425695 0.12884262767035579 0.11972327010364221 0.12368448339573127 0.09984169141583125
0.11199722847968614 0.07215746198133413 0.24508054285497097 0.1302526996530045 0.09937407496245647 0.0786885226184642 0.14522203976237966 0.11722742968770407
0.1402619564963701 0.09266479088898551 0.2253252983452924 0.10756437507657886 0.12282125307434251 0.0946281375312942 0.11992625101821552 0.09680793756892096
