Action: 0
[0.13755839535733239, 0.10678106309605451, 0.22175522605997897, 0.10678106309605451, 0.1067810631024163, 0.10678106309605451, 0.10678106309605451, 0.10678106309605451]
[0.10793409616733059, 0.1079170613884414, 0.24456353550202106, 0.1079170613884414, 0.1079170613884414, 0.1079170613884414, 0.1079170613884414, 0.1079170613884414]
[0.13773777467274992, 0.10636793629372833, 0.10875721230261536, 0.10636793629372833, 0.22166533155599305, 0.10636793629372833, 0.10636793629372833, 0.10636793629372833]
[0.125, 0.125, 0.125, 0.125, 0.125, 0.125, 0.125, 0.125]
[0.1377651706631106, 0.10632349797855606, 0.2216563412570434, 0.10632349797855606, 0.10650985968578676, 0.10877463647983508, 0.10632349797855606, 0.10632349797855606]
[0.10822894970134904, 0.10786819581172279, 0.24456286101719696, 0.10786755237060815, 0.10786978394576915, 0.10786755241213766, 0.10786755237060815, 0.10786755237060815]
[0.125, 0.125, 0.125, 0.125, 0.125, 0.125, 0.125, 0.125]
[0.125, 0.125, 0.125, 0.125, 0.125, 0.125, 0.125, 0.125]

Action: 1
[0.10682888027136929, 0.10682766540801877, 0.10682766540801877, 0.10682766540801877, 0.11496895349222314, 0.24406383919631358, 0.10682766540801877, 0.10682766540801877]
[0.10775053097001289, 0.10775053097001289, 0.10775053097001289, 0.10775053097001289, 0.10775053097001289, 0.24574628320990977, 0.10775053097001289, 0.10775053097001289]
[0.21271130897514892, 0.13771131969844497, 0.10635565431612878, 0.10635565431612878, 0.11539324479325017, 0.10876150926864064, 0.10635565431612878, 0.10635565431612878]
[0.125, 0.125, 0.125, 0.125, 0.125, 0.125, 0.125, 0.125]
[0.10678902551540205, 0.1067977062605863, 0.10678902551540205, 0.10678902551540205, 0.13749640278748407, 0.22176076337491932, 0.10678902551540205, 0.10678902551540205]
[0.10768207843235025, 0.10768207843235023, 0.10768207843235023, 0.10768207843235023, 0.13681170172694584, 0.21709582767895277, 0.10768207843235023, 0.10768207843235023]
[0.125, 0.125, 0.125, 0.125, 0.125, 0.125, 0.125, 0.125]
[0.125, 0.125, 0.125, 0.125, 0.125, 0.125, 0.125, 0.125]

