0.125 0.125 0.125 0.125 0.125 0.125 0.125 0.125
0.099626400996264 0.07845579078455792 0.199252801992528 0.15691158156911583 0.08685378548392246 0.06839735606858895 0.17370757096784492 0.1367947121371779
0.0745303753200788 0.12421729220013136 0.1056354961590544 0.1490607506401576 0.0931629691500985 0.15527161525016417 0.11179556298011822 0.186325938300197
0.06344843213867375 0.10574738689778962 0.0626255954080283 0.09517264820801065 0.1268968642773475 0.2415565988045162 0.11420717784961276 0.1903452964160213
0.06430745814307458 0.11377473363774733 0.056062912227295786 0.09918822932521562 0.12861491628614916 0.22754946727549466 0.11212582445459157 0.19837645865043124
0.08217679249640132 0.14538970980132543 0.10272099062050165 0.18173713725165677 0.07395911324676119 0.158003941498411 0.0924488915584515 0.1635634235264911
0.09610686178133654 0.07568415365280254 0.21053875404725253 0.15136830730560508 0.08378546924526777 0.08298340141590323 0.16757093849053553 0.13196211406129674
0.07191625763787933 0.11986042939646556 0.11640451772874456 0.14383251527575866 0.08989532204734915 0.17042592736228562 0.10787438645681899 0.1797906440946983
0.060619583037899286 0.10103263839649881 0.0651780498174298 0.09092937455684895 0.1316114916078523 0.2596548640015542 0.10911524946821873 0.1818587491136979
0.06417508221292946 0.10753243994433595 0.05298699939286119 0.0937462296950621 0.12155841037185801 0.2665343802071067 0.10597399878572238 0.1874924593901242
0.07211368358408791 0.12029217927130832 0.0849890397025548 0.1503652240891354 0.08158947811445261 0.20822527868843269 0.10198684764306576 0.1804382689069625
0.06939107680752539 0.11565179467920898 0.09525420671510934 0.13878215361505078 0.09355931812291468 0.20979714283008924 0.10408661521128809 0.17347769201881347
0.09115720957230507 0.1422932000980688 0.08938903732732721 0.12806388008826194 0.1164634710346123 0.259746963760271 0.09604791006619647 0.07683832805295716
0.07797330984070024 0.11966178857865106 0.08454365497404695 0.14957723572331386 0.08116190877508507 0.20613703327136992 0.10145238596885633 0.17949268286797657
0.0993114083521129 0.07265839774160805 0.21138122675344218 0.1453167954832161 0.09167234667200085 0.09210172176628242 0.16087166614340567 0.12668643708793198
0.07580135310402464 0.11499623819253339 0.12187137604166569 0.13799548583104007 0.10004177979641578 0.17330279537224033 0.10349661437328005 0.17249435728880005
0.09057344968238693 0.14036366427017316 0.09647401307111265 0.12632729784315586 0.12369605924544398 0.252023663799467 0.09474547338236688 0.0757963787058935
0.07736818011113684 0.11862779117419411 0.08381311332959367 0.14828473896774264 0.0900833154347438 0.20330543822578553 0.10057573599551241 0.17794168676129116
0.09791552490469929 0.07159112381632919 0.21595063707209147 0.14318224763265838 0.0917510625390562 0.0962752208890584 0.15850863392789205 0.124825549218215
0.056196251578755685 0.0852468415026288 0.09517249662689864 0.10229620980315458 0.1189204578764413 0.2148198712420263 0.1227554517637855 0.20459241960630917
0.06317647848617672 0.10207564158856014 0.05029814223204413 0.08898902087207808 0.13858957073214123 0.27829681988075533 0.10059628446408826 0.17797804174415616
0.10021040915115863 0.07282773164700572 0.18043885751347685 0.14565546329401144 0.10092288282484976 0.10645976684275815 0.16239497176212916 0.13108991696461028
0.0961104790442765 0.06873891692594862 0.25494524943171837 0.13747783385189724 0.09351513901784703 0.07716629780974309 0.1521936133810177 0.11985247053755145
0.09258804288837552 0.1404731378522104 0.12896852931649513 0.12642582406698938 0.12806488727207693 0.21280471611341703 0.09481936805024202 0.07585549444019363
0.06470668051475538 0.09847003172567506 0.05477545404323137 0.08584566868392185 0.1363484900944033 0.29111940775356204 0.0970429298166073 0.1716913373678437
0.0988040921817132 0.07148055523587475 0.18698025407213284 0.1429611104717495 0.09914094053565285 0.11257707864188908 0.15939096943641323 0.12866499942457454
0.07409397234420337 0.1122152966376517 0.12195198103820117 0.13465835596518205 0.10323994428014811 0.18452373780424935 0.10099376697388654 0.16832294495647754
0.07497010486686273 0.11023443526812213 0.10595686092320117 0.13228132232174655 0.10235417293144049 0.20964045904513398 0.09921099174130991 0.16535165290218318
0.06258933761159931 0.09780505294631837 0.057198446152779685 0.08526594359422628 0.1305175716867021 0.29970417240905717 0.09638758841086449 0.17053188718845255
0.12638536709667347 0.09160574380987968 0.15659245386375717 0.11450717976234961 0.13312225898389116 0.1470635745742371 0.12766696012309725 0.10305646178611463
0.11032788062859933 0.0688987038015306 0.2190704873192413 0.1377974076030612 0.10049327767795217 0.08576075003807425 0.15363382608878615 0.12401766684275509
0.10131799865163997 0.06645262186776803 0.2712976514428937 0.13290524373553605 0.09292247863981402 0.07210632758250457 0.14713156815655598 0.11586610992328782
0.09613001048948919 0.137765213290953 0.11051664180422412 0.12010300645877955 0.11354004701527776 0.1963603035926122 0.08146116959812874 0.14412360775053545
0.10481422524658077 0.06918099228375589 0.21534909977493452 0.13836198456751178 0.097448092176807 0.09605653256811036 0.15426328727153923 0.1245257861107606
0.1003307820347372 0.06633520233942747 0.2722016494440718 0.13267040467885494 0.09221544910260812 0.07371354229505306 0.14687159166727123 0.1156613784379761
0.07028762191361054 0.10069508598922117 0.0852000411595893 0.08778545958034666 0.13841187161417134 0.24281326366545408 0.09923573691691362 0.1755709191606933
0.09943961598834791 0.06888039800215988 0.2091407177068657 0.13776079600431976 0.10180394006528956 0.10539680894073117 0.15359300688839828 0.12398471640388778
0.10158416413349242 0.06653795561409938 0.26086429616250695 0.13307591122819876 0.09183567546758233 0.07796396730745114 0.1483697099812902 0.11976832010537887
0.09990385754176331 0.06506527034586419 0.2827016636594574 0.13013054069172839 0.08824651295903636 0.07174882654269771 0.14508584163689714 0.11711748662255551
0.13237069032138998 0.08639509335796544 0.24520564287229535 0.1079938666974568 0.11647207578622039 0.09396304881307985 0.12040510212388093 0.09719448002771111
0.14369497178741203 0.08534583006814686 0.22929371263721102 0.10668228758518357 0.12188172725366761 0.09814462254897921 0.11894278929273452 0.09601405882666521
0.11250551316093041 0.06420377079355226 0.2688331816454879 0.12840754158710452 0.0927059210138614 0.07461245815340532 0.14316482621726426 0.11556678742839406
0.1403195640437072 0.08579034808822959 0.23965350945425354 0.107237935110287 0.11683856970215326 0.0940836371851193 0.11956229481699161 0.09651414159925828
0.10220635780556662 0.12760170766698775 0.15573568613732283 0.1595021345837347 0.08330424743164783 0.14695990287417482 0.08113804237520417 0.14355192112536122
0.10219988670805809 0.06792185808569576 0.2498072314350645 0.13584371617139152 0.0915068197128716 0.08390805482818615 0.1503845779349552 0.11842785512377721
0.07313527532034325 0.09940530533853947 0.08535190966027642 0.0866610354233421 0.13679160797897005 0.24736814669241408 0.09796464873943021 0.1733220708466842
0.13389053104321813 0.08885327643680142 0.17257804402673638 0.11106659554600178 0.13132363211052453 0.13849701936343062 0.12383096548188553 0.09995993599140159
0.13022152610655388 0.0748534065851156 0.17631874008977352 0.09356675823139449 0.1465336906499876 0.1271324980140254 0.139093270445476 0.11228010987767338
0.11287591760668299 0.06532571430762656 0.24807515371970332 0.1306514286152531 0.09859809512895731 0.08122081206865482 0.14566659279939412 0.1175862857537278
0.10695605750578875 0.06450119653533498 0.278715208572844 0.12900239307066996 0.08884806794947708 0.07204688137274415 0.143828041229538 0.11610215376360296
0.10448647120104271 0.06381026566840914 0.290899934104019 0.12762053133681828 0.08628714594877986 0.06974980501749108 0.14228736852030338 0.11485847820313645
0.12164804055897681 0.07467270683883456 0.21731142057061648 0.0933408835485432 0.13400242576331914 0.10825796990272815 0.13875749255872988 0.11200906025825184
0.14496760927657634 0.08540747695231925 0.21978180474166345 0.10675934619039908 0.12608741118810685 0.10188423619266823 0.11902870388690763 0.09608341157135915
0.0901559865623273 0.11048139515027512 0.1305705272285089 0.1381017439378439 0.09790561280739267 0.17339363265648425 0.09366900893175499 0.16572209272541266
0.10609183153659944 0.06758427419420525 0.23223765303548805 0.1351685483884105 0.09488429783029421 0.09167885721745907 0.1507028442479741 0.12165169354956946
0.14112396339199834 0.08640477153441668 0.2271043477966069 0.10800596441802086 0.12084829206102979 0.09888870264221387 0.12041859017949488 0.09720536797621876
0.11335751153954801 0.06383045086137625 0.2684903342470811 0.1276609017227525 0.09476411678561276 0.07466949480524754 0.14233237848790464 0.11489481155047723
0.08477261126052024 0.11160737929882462 0.1430836533870948 0.13950922412353078 0.09513185899559273 0.1638605563198052 0.0946236476663948 0.16741106894823693
0.1044783280056311 0.06741961446879534 0.23778937384414603 0.13483922893759068 0.09406877156963636 0.0897136994939804 0.1503356776363884 0.12135530604383162
0.0832541740272531 0.11210082630024028 0.13580186692018947 0.14012603287530034 0.09522502786493084 0.17029882765500018 0.09504200490672546 0.1681512394503604
0.1042853888413871 0.06752454577355489 0.2346269407409562 0.13504909154710978 0.09537425673463812 0.09102593518534166 0.15056965878461342 0.12154418239239878
0.10537681738222734 0.06474256471465839 0.273697208427411 0.12948512942931678 0.09177853976636387 0.07401686754930971 0.1443662562443278 0.11653661648638508
0.08324801567997356 0.11161696394919315 0.14432460200833222 0.13952120493649145 0.09563208934775443 0.1635999043714539 0.09463177378301159 0.16742544592378972
0.10322936163385162 0.07453648880222442 0.23681870691966647 0.13326977386102298 0.09451478575946821 0.08910223419931694 0.1485858523495286 0.11994279647492068
0.10461231722604615 0.06942412304032641 0.27388725028326716 0.12857104092941138 0.09113649421354089 0.07330772168844489 0.14334711578249296 0.11571393683647023
0.08253139301745156 0.11891251730407372 0.14364404382164517 0.13827546032381005 0.09480974951566451 0.16210944967002475 0.09378683395875813 0.16593055238857204
0.10304003879135815 0.07504104500294986 0.23646972640741207 0.1332401575469671 0.09490661119837106 0.08883344689114225 0.14855283236952901 0.1199161417922704
0.10452843117878036 0.06942356759677777 0.2736631376279806 0.12849717802974903 0.09174284794248737 0.07323261323592456 0.14326476416152614 0.11564746022677412
0.08247395645010197 0.11883175910480064 0.1435501601555266 0.13817174085115247 0.09546193754225842 0.16198787177573434 0.09371648509904254 0.16580608902138294
0.10302276703760513 0.07503075409284697 0.2364147875100111 0.1332301047794717 0.09504404232072797 0.08880882567383447 0.14854162428397816 0.11990709430152452
0.10452733256648383 0.0694229962594147 0.27363895197627813 0.12849727112195716 0.09177237843937845 0.07322865767433524 0.14326486795239105 0.11564754400976146
0.09471743678134495 0.1364694022135983 0.16485043338303143 0.15867997389671004 0.08222895574893717 0.13952200866101266 0.08071981280832641 0.14281197650703903
0.10078185071888826 0.067764045110869 0.2542269288848125 0.135528090221738 0.09106819797581625 0.08244302601417232 0.15003516703423986 0.1181526940394639
0.07229568796409891 0.10500318835029668 0.0855597440172429 0.08532800502328532 0.1404818719665055 0.24421774782306863 0.09645774480893124 0.17065601004657063
0.10133616406277741 0.07455215524919614 0.20943583858264328 0.13385453569856692 0.10596383266294129 0.10515057345571782 0.14923781815944698 0.12046908212871021
0.10498055548226153 0.06996912985984054 0.26270944586986167 0.1295747200242347 0.09486343639501699 0.07681932127517722 0.144466143071796 0.11661724802181123
0.10390901668206379 0.06828722307562207 0.28371486627824954 0.1269829067511004 0.09076690727356095 0.07047799917226065 0.14157646469115223 0.11428461607599037
0.10286814799570335 0.06761637573683726 0.2918284514929519 0.1259180155283515 0.08921608898737193 0.06883751583598616 0.14038919044728146 0.11332621397551637
0.10231989928006181 0.06735725493363622 0.2949487178183935 0.125508233505178 0.08862829027246828 0.06834787996341096 0.139932314072191 0.11295741015466022
0.08192605665037382 0.11831398618618878 0.14855632890127599 0.137816596732636 0.0946061672800108 0.15992534342995504 0.09347560474039658 0.16537991607916316
0.08981879027425842 0.14347133017858893 0.13036962529708945 0.1592761972183298 0.08306454119779848 0.16962782931767906 0.08102310901975908 0.1433485774964968
0.10128357647406543 0.06864391047919442 0.24018964519347918 0.13728782095838885 0.09237521818969063 0.08854974913672972 0.15198326129703607 0.11968681827141589
0.09776213033451234 0.14198588258186318 0.1127462282121063 0.11529160365001942 0.11454223968561417 0.20112420781063076 0.07819778334523056 0.1383499243800233
0.12022360463670204 0.08611730989538843 0.15560316361123305 0.09327727615272902 0.14945821382185998 0.14472476460609895 0.13866293589271358 0.11193273138327481
0.11025788791064306 0.07093676635038088 0.23814627605761782 0.12964798627942506 0.10533033867603431 0.08444972759571395 0.14454782947870226 0.11668318765148256
0.10587888593469974 0.06880536727116425 0.2737132501538685 0.1278203594080715 0.09390359345900917 0.07233005839871444 0.14251016190720803 0.11503832346726432
0.13833440500477237 0.09056895949139196 0.24012146491109704 0.1053622116021506 0.12067929406109405 0.09263667140277268 0.11747100308478581 0.09482599044193553
0.11140635437417998 0.06902869291540975 0.27236871163723486 0.12549525135663828 0.09603696786614123 0.07280045568403536 0.13991783994538626 0.11294572622097446
0.12248413114061425 0.07915736861866025 0.2095609225785001 0.092049146929065 0.1413647098966878 0.10808750520614882 0.1368372393154459 0.11045897631487799
0.1088366196863001 0.06913237794944131 0.26039823629158704 0.1271997128139624 0.10169564369876413 0.07643948075569246 0.14181818727168644 0.11447974153256615
0.10470468460550227 0.06809993104412196 0.28243585917682246 0.1267100906697407 0.09238492572199043 0.07035313205921014 0.14127229511984524 0.11403908160276664
0.12063160088174156 0.07911729348624605 0.21308653547342407 0.09209622929522333 0.140188109384287 0.10745752590982122 0.1369072304149887 0.11051547515426799
0.1082837896228132 0.06906748572435566 0.2618884609649762 0.12708597512454312 0.10134716425601367 0.07625836845933803 0.1416913782358712 0.11437737761208881
0.10452286683221422 0.06806194685878676 0.28303040789128614 0.12664637743488508 0.09226722912320613 0.07028817255052487 0.1412012596177002 0.11398173969139655
0.10297983903293119 0.06756518149037455 0.2914628171424648 0.12584254942664333 0.08976872463327762 0.06881754241465426 0.14030505137567545 0.11325829448397896
0.10232324011171193 0.06732996599337858 0.2947483597761051 0.12545822672154433 0.08898537230630665 0.06836587080127454 0.13987656024028897 0.1129124040493899
0.10205063434231021 0.06723187941212068 0.2960190609474364 0.12530092353923358 0.08871739461069073 0.06820809703184223 0.13970117893105594 0.11277083118531021
0.1019403501689668 0.067193032551372 0.2965093525325909 0.12523918002793083 0.08862080907721938 0.06814967409310407 0.1396323395236781 0.11271526202513776
0.10189654288048645 0.06717792974382165 0.2966983980495858 0.12521525730956265 0.08858495041917898 0.0681275225407831 0.13960566747797507 0.11269373157860639
0.10187934398717378 0.0671720945788864 0.2967712789811806 0.12520602531099653 0.08857141557784047 0.06811904429549621 0.13959537448852896 0.11268542277989688
0.10187264011983681 0.06716984435640144 0.2967993763326966 0.12520246645154975 0.088566259528414 0.06811578677887435 0.13959140662583233 0.11268221980639477
0.13634588895180091 0.0899009563420614 0.248287256594304 0.10473304288174971 0.11853707304755204 0.0911665166745286 0.1167695269144284 0.09425973859357474
0.11063123910933083 0.06878793969236742 0.27565397477136744 0.12513106773329388 0.09532035236325126 0.0723456629871851 0.1395118023832396 0.1126179609599645
0.10455823599780814 0.06767003759405853 0.28833986145527063 0.12593189263329446 0.09051361295679715 0.06924299360911816 0.14040466238368798 0.11333870336996499
0.10279003603513029 0.06739737602108031 0.29350214630775884 0.12557166971280406 0.08922145143624707 0.06849977703580724 0.1400030407096487 0.11301450274152365
0.08199456911359719 0.11827662901248215 0.14818536526575432 0.13776306035889233 0.09499250419569091 0.16003290650992466 0.09343929311298783 0.16531567243067075
0.11701815337472506 0.08526242679274766 0.1696947871807399 0.09465434312113005 0.14439666952201344 0.1346783698324737 0.14071003843081423 0.11358521174535605
0.1090661521785261 0.07063717270777575 0.24426314974880617 0.12922464022903352 0.10405209776203808 0.08237878094218593 0.14407583022550452 0.11630217620613016
0.1223828349667277 0.07971082346373501 0.20045512669525797 0.09257162084365286 0.14493067081630912 0.11124904632092161 0.1376139318810123 0.11108594501238342
0.10911980324385555 0.06937294430490482 0.2566421764424271 0.12757559937759838 0.10298070254520106 0.07725346190727014 0.14223727273890446 0.11481803943983855
0.13962598441682234 0.09077852820771352 0.23372766363857558 0.10554262496505117 0.12368753215521179 0.09397715362734341 0.11767215052073615 0.09498836246854606
0.14788607830565673 0.0913910062899496 0.2227632393688324 0.10382102084781472 0.12823107330543193 0.09671597271134458 0.11575269040793673 0.09343891876303326
0.13144197708775782 0.07980824725199517 0.19066994972771284 0.09059163820323171 0.15079122928778294 0.11331643789552401 0.13467055470211758 0.10870996584387803
0.14647028089185501 0.09121056143140305 0.20708729964975775 0.1048000970984779 0.13716932962711365 0.10209805655072818 0.11684428736203432 0.09432008738863011
0.11438117730009661 0.06966578650988621 0.2585499166056035 0.12656220405825339 0.10068014757059543 0.07514737171878563 0.14110741258435117 0.11390598365242803
0.14113759276795815 0.09067229354013683 0.23424624185712314 0.105379828459167 0.12286959305586385 0.09336196014083237 0.1174906445656683 0.0948418456132503
0.11224527672728021 0.06912719584906209 0.26989470984949127 0.1256574774057018 0.09682873403858318 0.0730561665810795 0.1400987098836705 0.11309172966513162
0.12272475203283163 0.07916721565981967 0.20870530480005645 0.09205088685052464 0.14185666042833134 0.10819429018225081 0.136839825825556 0.11046106422062955
0.12494125067189925 0.07931274774418759 0.18643817388074782 0.09120275034216502 0.15606801388178906 0.11701474912712634 0.1355790139414871 0.10944330041059802
0.08507857709895833 0.11776823578940421 0.12102789371862992 0.1353886544155186 0.10910637202052664 0.17733505518520584 0.09182882647313435 0.16246638529862228
0.10411270058081845 0.07523988770866263 0.22624366363869824 0.13366332056100508 0.09903764235129603 0.09238116910376304 0.1490246275508519 0.12029698850490456
0.13945425080887047 0.09239283687031188 0.22352209807764453 0.10685511252745072 0.12393960218612267 0.09853102204891552 0.11913547620597863 0.09616960127470564
0.11229085483304682 0.06955868465642698 0.2656865747681081 0.12624715979657433 0.09755597832727414 0.07428214205830805 0.1407561617433448 0.1136224438169169
0.12282251291475638 0.07926637447047534 0.20734604304076534 0.09213034161073372 0.14231313145269506 0.10860724591457306 0.1369579406631206 0.11055640993288048
0.10896166824025755 0.06915993841943197 0.2594260964273734 0.1272313880332173 0.10226587054724207 0.07659328632524884 0.14185350277733333 0.11450824922989558
0.10474127845305012 0.0681009644962193 0.2820067482117283 0.12670490202962026 0.09273986947434525 0.07040531533505563 0.14126651017332287 0.11403441182665824
0.08239738684091708 0.11842493975788247 0.14544684621536658 0.1378480806467653 0.09604577779726717 0.16092231291831197 0.09349695904737125 0.16541769677611834
0.10284126473710362 0.07486877209170294 0.2370300272382509 0.13296307821297884 0.09553814677617015 0.08884803096241828 0.14824390958969433 0.11966677039168097
0.10438678963300377 0.06932752845016718 0.2737571145209317 0.12832573255730623 0.09228625143524054 0.0733498088475843 0.14307361525419066 0.1154931593015756
0.10331273182553068 0.06791338455238317 0.2879259428083455 0.12634595742545962 0.09030029224291966 0.06962401573585321 0.14086631372659453 0.11371136168291367
0.1201303423795622 0.07901733003841889 0.2148556301278752 0.09199162798183265 0.13967629618246796 0.10718708617447197 0.13675173353717213 0.11038995357819915
0.08430953770333523 0.11796579754153969 0.1280216279158203 0.13566753855220082 0.10554687805033551 0.17366959130393902 0.09201798267018839 0.16280104626264097
0.11754651494990347 0.08512385403483533 0.16241840865429646 0.09449905564858353 0.1482180701082446 0.13831603665271805 0.14047919317311822 0.11339886677830023
0.10940150275229027 0.07075258206832204 0.2411126206928318 0.12944778333403528 0.1052679209337938 0.08318996708298382 0.14432461813511097 0.11650300500063178
0.14023204457444774 0.0912781071063039 0.22824419194549736 0.10599355304983293 0.12496111597485299 0.09572188792029711 0.11817490168391821 0.09539419774484964
0.11225159878785786 0.06931889996404343 0.2674901119581435 0.1259366132759527 0.09762394525355765 0.07362595326412237 0.14040992554796514 0.11334295194835743
0.08379412544654835 0.11849691943032685 0.14191703310442125 0.13775618834686387 0.09715255740722133 0.162141118152248 0.09343463209613376 0.16530742601623663
0.09019356100959705 0.14343554712385084 0.12853051063264045 0.1591954536320243 0.08375496614610402 0.17063201807849704 0.08098203510846455 0.14327590826882186
0.10138854942943391 0.0686743790621137 0.23948263524174052 0.1373487581242274 0.09255372797982239 0.08876128593800058 0.1520507212445659 0.11973994298009567
0.07212723461973004 0.10472274011141189 0.08306613124074061 0.08502857082982487 0.14123965869092256 0.24763926886617924 0.09611925398154116 0.17005714165964975
0.1012453221553005 0.07448108308939796 0.2080756948702696 0.13372940595132335 0.10694527654655828 0.10606844420164796 0.14909830782931124 0.12035646535619103
0.1209858843337685 0.08062831415513809 0.18882711933856353 0.09331810953622074 0.1470480451575437 0.11848715857548586 0.13872363745981472 0.11198173144346488
0.10920971685038103 0.06972705996431541 0.2518986234149131 0.12811830386353878 0.10402159666716168 0.0788758780221119 0.14284234774039326 0.11530647347718492
0.1397900469821656 0.0909068611859641 0.23202765609443748 0.10565776790537258 0.12426076285690395 0.09446438755388321 0.11780052630643778 0.09509199111483531
0.12923571938052905 0.07984527998648638 0.19400457232330331 0.09069236690838221 0.1497659759219084 0.11280495050164735 0.1348202946876846 0.10883084029005866
0.11083318331567947 0.06935708811115737 0.253601132013979 0.12749836243100246 0.10424924575047431 0.07756130288240397 0.14215115930740124 0.11474852618790221
0.10536914138270737 0.06823236269223751 0.2796546529398352 0.12692652273845043 0.09336403184071405 0.07070581721664049 0.14151360072480967 0.1142338704646054
0.10326834647439158 0.0676315044355572 0.290094784828219 0.12594331479729015 0.0903176586398762 0.06897801026296178 0.1404173972441429 0.11334898331756116
0.08208073515586105 0.11829693188641008 0.14735867354398963 0.13775418708033066 0.09548353394642346 0.1602876391752334 0.09343327471535472 0.16530502449639678
0.13501723564891593 0.09835426232501011 0.1954283552965023 0.10918026688305912 0.1254090472540604 0.1166207426041987 0.12172784979350024 0.09826224019475321
0.14782477073432707 0.09309170001507602 0.20924998347866672 0.10501512066771541 0.1301788569541104 0.10304193695396135 0.11708402259519912 0.09451360860094386
0.08951088649906667 0.11937885604894134 0.12660503979828142 0.13529717849479012 0.10330424397082616 0.17178039905874937 0.09176678193559677 0.1623566141937481
0.10503610364779957 0.07522192429601694 0.22862880010828004 0.1334299356286431 0.09759854868200912 0.09123332480341818 0.14876442076805432 0.12008694206577879
0.0825604490057087 0.11962061477110168 0.13262479845247355 0.13834353291859847 0.09733522720634874 0.16967013320735783 0.09383300493609288 0.16601223950231814
0.13557140350874522 0.09877526988078793 0.18995270819721533 0.10952241313910155 0.12631956833373306 0.11917914777954064 0.12210931733568486 0.09857017182519137
0.1127111061367869 0.07092975260435587 0.2522513164847908 0.12797633037745615 0.09933893027659325 0.07892980888185905 0.14268405789844738 0.11517869733971053
0.09649330512076 0.13660335101408586 0.15897739401971453 0.15857865258167672 0.08416415608496973 0.14179408275938757 0.08066827109589643 0.142720787323509
0.07808023740874931 0.11080619228107141 0.1167187763488117 0.1329674307372857 0.10130503100410262 0.19418747074540774 0.09972557305296428 0.1662092884216071
0.08977222114012307 0.14369281694371264 0.08565666691133374 0.11203098852192958 0.11379917417149063 0.24462471039196007 0.07598623569313484 0.13443718622631548
0.10556679844040155 0.07717260911382853 0.20903363174788625 0.1334569309238794 0.10050522962238638 0.10535904381245809 0.1487945185076685 0.12011123783149144
0.10596001489513601 0.07010248342584723 0.2624225034431775 0.12947350971993674 0.09423385147011766 0.07692817716233026 0.14435330113551154 0.11652615874794305
0.08269559519259036 0.11883179831601003 0.14076585454243526 0.13807751701406337 0.09652610331842994 0.16375753444223043 0.09365257675736473 0.165693020416876
0.10307165032840515 0.07501265135637251 0.23505426421314116 0.13317042956721634 0.09584501054437974 0.08951751650430281 0.14847509087568744 0.11985338661049472
0.13888987909163492 0.09220868153997594 0.22672849065755918 0.10666026022650335 0.12288372471626414 0.09771649913257059 0.11891823043163884 0.09599423420385303
0.1479322532613527 0.09172424976099797 0.22033235355912006 0.10406319950286438 0.128462565216275 0.09780579761152877 0.11602270153528312 0.09365687955257794
0.13147542697680173 0.07984810518260095 0.1898427387224506 0.09060684618234777 0.15115158438338688 0.11365392074908978 0.13469316238450504 0.10872821541881733
0.11150023437513484 0.06942633692725501 0.2518120852650842 0.12762353202422588 0.10469291280372404 0.07779300571994176 0.14229071406283095 0.1148611788218033
0.14044190339473467 0.09081367084217924 0.23188302016953885 0.10557639184022964 0.12440477928758825 0.0941516837428786 0.11770979806664408 0.09501875265620666
0.1121503880813202 0.06918239005406081 0.26892302034311877 0.12573938040886987 0.09739089891294737 0.07325845421166167 0.1401900256200385 0.11316544236798289
0.1051248982160164 0.06783067572200979 0.2856425825466018 0.12618286218645147 0.09140077270470649 0.06956915795002082 0.14068447470638692 0.11356457596780632
0.10298990821350046 0.067448273783478 0.2924062503238509 0.1256445182232774 0.08971768390761507 0.06862903778495795 0.14008426136237048 0.11308006640094967
0.10225936089314076 0.06726945280605162 0.295060865120223 0.12535371479819613 0.08916244244828309 0.06831578337057613 0.13976003724515296 0.1128183433183765
0.10199360375951806 0.06719282061814506 0.29609195725565973 0.12523032137193102 0.08896277620088101 0.06819876877579507 0.13962246278333204 0.11270728923473793
0.10189399705727412 0.06716192705636984 0.29649086255461266 0.12518107533549686 0.08888802420291564 0.0681535888635984 0.1395675571277853 0.11266296780194718
0.08177877086069389 0.1181641923850215 0.14885739239824947 0.13765535517859664 0.09512534569134083 0.1598662763680379 0.0933662409037438 0.16518642621431595
0.102564845998536 0.07475813010233788 0.23845216644107298 0.13279292004875207 0.09528312152309067 0.08858099190738163 0.1480541959349519 0.11951362804387684
0.10426081396364073 0.06927658693178981 0.27430848163067845 0.12824213010904376 0.09223975887427051 0.07327390662907059 0.14298040476336668 0.11541791709813937
0.12069827706925351 0.07935779806670884 0.21050206753146844 0.09227640519872003 0.140778364177518 0.10848032772096393 0.13717507399690324 0.11073168623846402
0.10835505663130784 0.0691124916681011 0.26076995027286737 0.12713267724146152 0.10193997395124721 0.07652699310669704 0.1417434476110026 0.11441940951731536
0.10454514357845307 0.06806191664410827 0.28253426234310386 0.1266359499373224 0.09269042436197704 0.0703703144553559 0.1411896337360893 0.11397235494359018
0.13755913284958315 0.09023932279912143 0.24315120065089038 0.10504224499626158 0.12037768833530448 0.09197812567487923 0.11711426419732446 0.09453802049663541
0.0876315933249665 0.11913845178309772 0.13487652434126113 0.13540258578957753 0.10118861697160102 0.16744084926298528 0.09183827557901782 0.16248310294749302
0.10431353217362312 0.07502316464999671 0.23220463641267783 0.13310763882849544 0.09692204055337084 0.09022702854830046 0.1484050838878897 0.11979687494564589
0.13932539213980502 0.0922318508101035 0.22564304436161195 0.10668521167445391 0.12324460136438246 0.09790715970857936 0.11894604943405532 0.0960166905070085
0.08798763195351492 0.11946179360857655 0.13066553104113443 0.13552897821319188 0.10188061993519493 0.16991666877839207 0.09192400261416493 0.16263477385583025
0.11859818425543851 0.08525213600352415 0.163366622003003 0.09450842786611227 0.14703550224476664 0.1373358885838688 0.140493125603952 0.11341011343933474
0.10962319973103019 0.07073492392529412 0.2414978912055782 0.129397924219464 0.10501457606383904 0.08300432411408336 0.14426902894319346 0.11645813179751763
0.083335087807622 0.11882147644272592 0.13566424829847992 0.13797833367919962 0.09894051319850523 0.1661010355760142 0.09358530458241365 0.16557400041503953
0.13460343241820558 0.10610369404052852 0.18969318310441216 0.10825947622682654 0.125740361701221 0.11746508697714077 0.12070123692752154 0.09743352860414388
0.1280701462268986 0.08766298395266145 0.17957756337849645 0.09078671287552398 0.15066520655238025 0.11933278525890013 0.1349605463045103 0.10894405545062878
0.11071033395649635 0.0746041190376686 0.2469845242978849 0.12742726048049693 0.10467879370098014 0.07883854815532262 0.1420718859387033 0.11468453443244725
0.13972492937076236 0.09605492068108336 0.22945561847423848 0.10505003283377166 0.12399988750973297 0.09404663452505034 0.1171229470549663 0.09454502955039448
0.1471952954416508 0.09793120419388579 0.22020537279759497 0.10300842219524131 0.12789929885899678 0.0962061229849054 0.11484670355200784 0.09270757997571717
0.08877022271849608 0.12770867641702804 0.12847085140786152 0.13386854450666488 0.10207605624751818 0.16766559988991275 0.09079779540452054 0.16064225340799784
0.11801687678057994 0.09307017060263559 0.16163145343121288 0.09361471904090604 0.14615307207876443 0.13601147780675052 0.1391645674100633 0.11233766284908726
0.12387446477358173 0.08621764534544246 0.17027464334189113 0.09128689276962114 0.15820114205804478 0.12489684307661568 0.1357040973112577 0.10954427132354536
0.11001011640183998 0.07466106145172977 0.2431125554947109 0.12784141220913897 0.10669493520061923 0.08008901404444226 0.14253363420929374 0.11505727098822507
0.10520991869130121 0.07245554698478805 0.2749845225621808 0.12678068059594083 0.0939640961136359 0.07115162489615295 0.14135099761965345 0.11410261253634678
0.10305607348729619 0.07148736400130315 0.2877785224332543 0.12552668523853303 0.09031513423334372 0.06890931751370291 0.1399528863778868 0.11297401671467973
0.11957860932164353 0.0832155407216008 0.21431692639673314 0.09145676376595 0.13919919892793584 0.10652822239045011 0.13595662195654656 0.10974811651913999
0.10755511073019688 0.07333989072691892 0.26166657637078283 0.1262076874784945 0.10113770744857849 0.07579395546000216 0.14071215305438117 0.11358691873064504
0.08240301188872047 0.12477653741724062 0.13986413367036155 0.1367239273258194 0.09740951247295132 0.1620196745955416 0.09273448983838184 0.16406871279098323
0.10239010281115835 0.08163905291359537 0.2335093691510271 0.1320470739796565 0.09552711715403002 0.08882228418077681 0.1472226332280648 0.11884236658169087
0.1040107175901599 0.07380867722256987 0.2717368946568234 0.12775728379850898 0.09210865021141292 0.07315638379218609 0.1424398373096809 0.11498155541865808
0.10294033772601142 0.07178212834085483 0.28661563894129743 0.12577848350780038 0.09006797866682285 0.06938117500298846 0.1402336226572043 0.11320063515702034
0.10212560186951002 0.07112748445362595 0.2923575356964485 0.1250173524312772 0.08913419248173143 0.06833719757154998 0.13938501830770758 0.1125156171881495
0.10172053795966882 0.07089435037713061 0.29457303480823677 0.12473065580201902 0.08874761199938166 0.0680108458703905 0.13906537296135554 0.11225759022181712
0.10154396865477797 0.07080779023608441 0.29542891299296076 0.12462198238060306 0.0885940894043145 0.0678992619822831 0.13894421020643355 0.11215978414254275
0.09311352242440636 0.14234341124660188 0.1696246562750821 0.15659841318633516 0.08124199211087502 0.13647850096377506 0.07966093192522268 0.14093857186770165
0.10389579429524323 0.08289969382667002 0.24572785280925172 0.13046709530421413 0.09085718856613197 0.08327091451089315 0.14546107491380292 0.11742038577379273
0.13809649727990164 0.09783920198694951 0.22968365192146412 0.10560202452564417 0.12050954407107814 0.09548888154388838 0.11773837659799431 0.09504182207307975
0.1112967170768657 0.07454135990534645 0.26743930008314054 0.12509962239510347 0.0962915417760872 0.07326505543003926 0.1394767431778243 0.11258966015559312
0.10463896256988447 0.07180455282678927 0.28456501526243116 0.1256162131078014 0.09091904263466905 0.06934891853046646 0.1400527032709368 0.11305459179702128
0.10257438568721665 0.0711572475880341 0.29150361545422665 0.12506210957291522 0.0893535306191032 0.06835829328233167 0.13943491918054876 0.1125558986156237
0.1018529827643695 0.07091577569954897 0.29423213630819367 0.12476292158178495 0.08881677308667064 0.06803143423792521 0.13910134689790052 0.11228662942360645
0.08130938923665317 0.12423319884341573 0.147720156615768 0.13665253124512494 0.09457316631571322 0.15884245557856866 0.09268606467060649 0.1639830374941499
0.13365401536814087 0.10676298142125085 0.1942323977884268 0.10801405756870142 0.12419477153836941 0.11550151106474235 0.12042761343853722 0.09721265181183127
0.08608950969466035 0.12955976819100318 0.12205073738139728 0.1340289056512303 0.10114281011696129 0.17538702008939328 0.09090656209387794 0.16083468678147633
0.1037519038100217 0.08258599634190777 0.22559260456600264 0.13254704239711532 0.09678401388093484 0.09166604014415863 0.14778006070245542 0.11929233815740377
0.10461172722411921 0.07412085842289709 0.2685511496226221 0.12811022202948308 0.09262370068309517 0.07384980509270556 0.14283333709854307 0.11529919982653476
0.12045169204091181 0.08392379105446693 0.20817381971825574 0.09186546390875311 0.14049778281026304 0.10828471160801251 0.13656418216883298 0.11023855669050373
0.14213155198356095 0.09684795912861836 0.2131798684142015 0.10405021509286437 0.13376179436684105 0.10037519254321685 0.11600822488711894 0.09364519358357794
0.08777084385472891 0.12746067113143694 0.12673318660852667 0.13387048509617577 0.10340018831788352 0.16932093124538758 0.09079911163044965 0.1606445821154109
0.13514671843467005 0.11264308411707329 0.18493693068068448 0.10726626244801904 0.12625415006713211 0.11761934036462152 0.11959387768458243 0.09653963620321714
0.14655618831062556 0.10628951802398166 0.2034407600519067 0.103520926740491 0.12929708978610735 0.10230857514709232 0.1154181078733534 0.09316883406644189
0.11381726666569045 0.0794617222147061 0.2557617959028624 0.12525614355585699 0.09859520977282762 0.07472608009640436 0.13965125259138084 0.11273052920027128
0.08325673060434981 0.13011742948796765 0.1380204401461955 0.13596310817326662 0.09641294182878532 0.16085516397312566 0.09221845597838954 0.16315572980791995
0.133704460860893 0.11322641149920913 0.18958603017523012 0.10735480181053533 0.12421808838107307 0.11559829317720452 0.119692592466373 0.09661932162948181
0.08558574926155675 0.1366373503558688 0.1202927619062556 0.1329307570155625 0.10053365546653317 0.17434108673021012 0.09016173084533805 0.159516908418675
0.1032230811448588 0.08797906874552291 0.22396477927250547 0.1317769989814717 0.09629601707145778 0.09123923594091946 0.1469215197599393 0.11859929908332452
0.10425186642947896 0.07757473568027388 0.2674328107696943 0.1276428902001424 0.09230528012677143 0.07360151862917318 0.14231229698433787 0.11487860118012817
0.10289988316947318 0.07474775934698608 0.28455626354850644 0.12551148959744987 0.09001524702722624 0.06937307230057113 0.13993594437208215 0.11296034063770488
0.10194575214940707 0.0738384368724901 0.2912082693596648 0.12466086321003705 0.08896418127478319 0.06820016081488658 0.138987559429698 0.11219477688903336
0.08100637695652017 0.12862748647360883 0.14657620368142651 0.13596082999242629 0.09422356601728461 0.1582356301103503 0.09221691077747175 0.16315299599091151
0.13280898746359868 0.11278030115936694 0.1928684736717238 0.10722520336285404 0.1234259304278701 0.1148403210192835 0.11954809986873428 0.09650268302656863
0.1270838082510305 0.09267260530309607 0.18014222305197444 0.09023365494808247 0.14930780741872043 0.11814112653971033 0.1341383885496868 0.10828038593769897
0.11016265452628789 0.07818156519137989 0.24670703197452373 0.12684525163092206 0.10411893896391008 0.07840084174022298 0.14142298950492355 0.11416072646782985
0.10486408368849183 0.075221192406257 0.2760123278617358 0.12613013290109507 0.09305740181545558 0.0705720562277433 0.1406256854882358 0.11351711961098557
0.0816175234898624 0.1291029905434604 0.14297221781623745 0.1361091795022009 0.09522903177812046 0.15932051102250622 0.09231753044497104 0.16333101540264106
0.13309135663363356 0.11294890460583754 0.1915063687654673 0.10729576909849202 0.12379820017367016 0.11516643313638565 0.11962677539787096 0.09656619218864282
0.111219556953537 0.08108032793105166 0.251410826232237 0.12627535396113795 0.0980235005140608 0.07755501971016059 0.1407875961327911 0.11364781856502415
0.08275583351184225 0.1305618009200012 0.1369404206384076 0.13600310163796153 0.09628019124146443 0.16200934810423878 0.09224558198053043 0.16320372196555383
0.11593577305135339 0.09838072482851269 0.16420751482715956 0.09320391278227459 0.14374454101788084 0.13412896183894696 0.13855387631514254 0.11184469533872951
0.1414627134717969 0.10421845976083483 0.19651959301028676 0.1045647281722689 0.13548400785506354 0.10706037380055056 0.11658186857415652 0.09410825535504201
0.11285807291619164 0.0793534666856333 0.2529918657454934 0.12563236637404912 0.10023939492330773 0.07578499066134524 0.14007071295733536 0.1130691297366442
0.10525559590209643 0.07520607757872362 0.2784351647928849 0.12577270590453252 0.09197765959166952 0.06993017985528865 0.14022718106072507 0.11319543531407926
0.10269356482997158 0.07404225646477104 0.2887552910664507 0.12489234239658624 0.08954781816147721 0.06841997747568147 0.1392456414481342 0.11240310815692761
0.1017370254584792 0.07360961374042403 0.292821687673617 0.12444254028663596 0.0887226259204476 0.06792407499956259 0.13874414566286125 0.11199828625797235
0.10136819862347536 0.07343866087123087 0.2944094626901851 0.12425509496768915 0.08842171927099512 0.0677421199848121 0.13853515812069223 0.11182958547092023
0.10122478665926839 0.07337108594984719 0.29502754374971607 0.12418071504655512 0.08830833105236037 0.06767266394098503 0.13845223005936816 0.1117626435418996
0.08084918207333437 0.1284647935645435 0.14747712880893846 0.13590911984575024 0.09404926634376265 0.15797772774034857 0.09218183780842193 0.1630909438149003
0.10133461694221807 0.08606017208541071 0.23600158556056067 0.13095056508960642 0.09417280469884738 0.08762463939803054 0.14600010764468058 0.11785550858064577
0.10338187240831218 0.0769645586503094 0.2722864589743503 0.12710546611999798 0.09147560453098759 0.07267801056679289 0.14171310924125147 0.11439491950799818
