0.125 0.125 0.125 0.125 0.125 0.125 0.125 0.125
0.099626400996264 0.07845579078455792 0.199252801992528 0.15691158156911583 0.08685378548392246 0.06839735606858895 0.17370757096784492 0.1367947121371779
0.09444644354078607 0.15741073923464347 0.10039762527401264 0.1416696653111791 0.1180580544259826 0.19676342404330432 0.10625224898338434 0.08500179918670747
0.08769198837691987 0.1551473640514736 0.07644942576449425 0.13525667635256675 0.10523038605230385 0.18617683686176836 0.0917393109173931 0.1623080116230801
0.09713900478901291 0.07649696627134768 0.20787700874399104 0.15299393254269536 0.08468528622631895 0.07805790316754366 0.1693705724526379 0.13337932580645234
0.0726294498178962 0.12104908302982698 0.11739669858751911 0.1452588996357924 0.09078681227237023 0.16236125738501048 0.10894417472684428 0.18157362454474046
0.10691746720876504 0.08419750542690246 0.15359062857411127 0.10103700651228296 0.1336468340109563 0.13393809931348077 0.16037620081314757 0.1262962581403537
0.06258630893186563 0.11072962349483918 0.05456242317137004 0.09653351791857775 0.12517261786373127 0.2482236264397207 0.10912484634274008 0.1930670358371555
0.09432180175757035 0.07613928575611101 0.1886436035151407 0.15227857151222202 0.08488962158181332 0.09689715835251611 0.16977924316362664 0.1370507143609998
0.09206793576263465 0.0725034994130748 0.24311919237182347 0.1450069988261496 0.08674913501706707 0.07360817214903903 0.1605287085092091 0.1264163579510022
0.07018803841509223 0.11698006402515373 0.13159927320028564 0.14037607683018447 0.09515578848483666 0.16494860538407813 0.10528205762263837 0.17547009603773056
0.10303438284602048 0.08113957649124114 0.16130245129974452 0.09736749178948938 0.1407477280105112 0.1401474305571008 0.15455157426903074 0.1217093647368617
0.08313234466958555 0.1470803021077283 0.08336340681748385 0.128223853119558 0.09975881360350267 0.21760343382279781 0.08696922211587411 0.1538686237434696
0.09148531743693303 0.07204468748158477 0.21868177992042426 0.14408937496316954 0.09376296172939162 0.09480663912338869 0.15951286117208835 0.1256163781730196
0.06843532738116098 0.11405887896860165 0.13237031858952988 0.13687065476232196 0.09986141703894172 0.17466209373479977 0.10265299107174149 0.17108831845290245
0.08966711272715906 0.1398378284494846 0.10357610551478662 0.12585404560453614 0.12363753307466478 0.247524413063245 0.09439053420340213 0.07551242736272169
0.07879569172388239 0.139407762280715 0.07554402860420695 0.1215349722447259 0.09455483006865886 0.2618883324268477 0.08243241595729234 0.14584196669367105
0.0911461807193166 0.07357583262884593 0.19571368712582587 0.14715166525769185 0.08959103540642814 0.10632197483519912 0.16406312529476988 0.13243649873192267
0.09427868207696324 0.06797390830328187 0.26826444455633 0.13594781660656374 0.08742371957095499 0.07709299814064254 0.15049982139595172 0.11851860934931199
0.07318928491271616 0.11110524917014483 0.14892753916221405 0.13332629900417378 0.09682517156022107 0.16997385818218255 0.09999472425313034 0.16665787375521723
0.08758599011694412 0.1357443434583835 0.10808175875047574 0.12216990911254513 0.1199219227661825 0.2615666984935331 0.09162743183440886 0.07330194546752708
0.07680609010028186 0.13588769786972943 0.07976454740715544 0.11846619814284105 0.10312894070494767 0.26343610143718676 0.08035098656644869 0.14215943777140927
0.11738877205012262 0.09475961117299053 0.16749210389589037 0.11844951396623818 0.12497178972217293 0.13827127806658324 0.13206236855638795 0.10660456256961436
0.11149368947371019 0.08058024489810149 0.1619150419894224 0.10072530612262685 0.14638804224932864 0.12829237523587253 0.14973493268378557 0.12087036734715222
0.10398693946236526 0.0699360323178385 0.22366622216360632 0.139872064635677 0.09847523009884604 0.08223173929455649 0.15594691385500106 0.1258848581721093
0.0928755629181879 0.06605564069449707 0.287463002623205 0.13211128138899414 0.08637622143266999 0.07369173411978013 0.14625261920149127 0.1151739376211744
0.09172273626378745 0.13876522945574302 0.11607067383815485 0.12097481542295546 0.10895123992372893 0.19629304308381826 0.08205248350426542 0.14516977850754653
0.10049125246629947 0.06950763783730984 0.22063151852845 0.1390152756746197 0.09794774973820015 0.09230115954506622 0.1549916581028969 0.12511374810715772
0.0976147603860244 0.06649456958359448 0.26965013697922474 0.13298913916718896 0.09191732709555019 0.07337087592915584 0.14827296560879127 0.11969022525047007
0.09406122556526693 0.06416509644709172 0.29857105878364715 0.12833019289418343 0.0879644800364845 0.06833218447161345 0.1430785881969478 0.11549717360476511
0.09133422467044733 0.06250411885177155 0.31800730413799083 0.1250082377035431 0.0852508272405193 0.06601301739605162 0.1393748560664876 0.11250741393318879
0.07359051145197736 0.1106640731222474 0.17075919029983855 0.13833009140280925 0.09150653763914757 0.15532959831870333 0.09382388808190541 0.16599610968337108
0.09696917403002386 0.0661934204677193 0.2646215519440123 0.1323868409354386 0.09055197742680886 0.08252743032608355 0.14760144802801883 0.11914815684189474
0.13007106823696307 0.08413783532639493 0.26147810841289476 0.10517229415799367 0.11552489623493441 0.09170147358113043 0.11725925930749442 0.0946550647421943
0.10629835532657565 0.0611598184130432 0.3065479216541729 0.1223196368260864 0.08889659521682544 0.06831273268983869 0.1363772667299799 0.11008767314347775
0.09910411010583586 0.06019310779830542 0.3310739408663833 0.12038621559661083 0.08277984037851738 0.0638935448731163 0.13422164634428102 0.10834759403694974
0.08022725947619395 0.1084149588979597 0.17954645224197904 0.1355186986224496 0.08964874214446658 0.15210441990000229 0.09191703037000931 0.16262243834693954
0.11788636011667222 0.07529526565088435 0.19757377377948818 0.09411908206360543 0.1372447912108959 0.12502349178369299 0.13991433691843436 0.1129428984763265
0.11093228079038975 0.0627179853159148 0.2783129092183343 0.1254359706318296 0.09498407091605024 0.0748726631976754 0.13985174636115927 0.11289237356864663
0.1053854353253659 0.060510289291448485 0.3197076813536494 0.12102057858289697 0.08433464179059325 0.06519393919797012 0.13492891373346869 0.10891852072460727
0.10172329491768263 0.05905173182874229 0.3401223291711386 0.11810346365748459 0.08064393811494683 0.06238557673149126 0.1316765482867776 0.10629311729173613
0.09964126196723194 0.05829516740388951 0.3502200096127305 0.11659033480777901 0.07907445436695221 0.06125794797499659 0.12998952253941928 0.1049313013270011
0.08307132279972684 0.10701160849958442 0.18722281284803255 0.13376451062448053 0.08805862055676698 0.14962647862890607 0.09072723329312594 0.16051741274937664
0.10270936550531413 0.06402578464692431 0.27723741029968 0.12805156929384862 0.0903114258253827 0.07965008838900604 0.14276794367538045 0.11524641236446376
0.10293694977777754 0.06034956114881445 0.3208834821919428 0.1206991222976289 0.08619453783037712 0.06573662272092332 0.13457051396466982 0.108629210067866
0.1360737665697581 0.07936031225926023 0.28883884062528575 0.09920039032407528 0.11261488271053191 0.0840304240222804 0.11060103219714065 0.08928035129166775
0.09082094177115374 0.106016913823394 0.1674322222757921 0.1325211422792425 0.09793059095540517 0.15636891296182664 0.08988390519809492 0.159025370735091
0.10660139054809377 0.06438283446844606 0.2666928143586497 0.12876566893689212 0.09297884079324241 0.08112523736511704 0.14356411148635584 0.11588910204320292
0.14175081353593905 0.08128071722135435 0.2649763027886941 0.10160089652669294 0.11684814125461444 0.08882490432787614 0.1132774174708054 0.09144080687402363
0.1142811464744736 0.05922121672737384 0.31251584041233865 0.11844243345474768 0.090727610888137 0.06615908761918388 0.13205447431447243 0.10659819010927292
0.12507573047473158 0.06978265037082403 0.2511938813078439 0.08722831296353004 0.133680600796013 0.09869410269249905 0.12967074583832228 0.10467397555623605
0.11124604048473836 0.059717150031749634 0.3058818351410607 0.11943430006349927 0.09496921315146742 0.06810025950700094 0.13316033156333426 0.10749087005714934
0.09997512242292374 0.12228664375695233 0.19830120475239518 0.1528583046961904 0.08098102099310484 0.13026687415423477 0.0777583549976273 0.13757247422657137
0.108948272898277 0.06325308405579949 0.28248486818304946 0.12650616811159898 0.08786859873024663 0.07603852003497096 0.14104493668561854 0.11385555130043908
0.10664441846103997 0.059801129050070664 0.32318633063788355 0.11960225810014133 0.08505873735863041 0.06471750186209843 0.1333475922400083 0.1076420322901272
0.14019330637129848 0.0787576269829647 0.28934302683165114 0.09844703372870589 0.11161051219276115 0.08328506772283824 0.10976109581394522 0.08860233035583528
0.11460790400253207 0.05813935754736108 0.3240963969466565 0.11627871509472217 0.08827334248248726 0.06431135052642763 0.12964208981456335 0.10465084358524994
0.10610364475475532 0.05794046429789429 0.342422223532283 0.11588092859578858 0.08288881149698034 0.06127250403227665 0.12919858755381206 0.10429283573620972
0.1392955766641712 0.07788473556452648 0.29751805925778313 0.09735591945565812 0.10997132696752968 0.08180946975430388 0.10854458482593522 0.0876203275100923
0.15301843507905308 0.07748306874953234 0.2747247682547771 0.09685383593691543 0.11728806314242896 0.08547857732261281 0.10798479917145645 0.08716845234322389
0.0985098804876944 0.10524880072450732 0.16288412633843624 0.13156100090563413 0.09860951117870921 0.15608080040313202 0.08923267887512577 0.15787320108676095
0.08645501007432402 0.1096463688939391 0.12843349390110578 0.13705796111742388 0.09659411711259826 0.18438244367136059 0.09296105188833967 0.16446955334090865
0.1094504839718342 0.06581732239477146 0.24641253065208013 0.13163464478954293 0.09454592417807305 0.08690510824372387 0.1467628054593859 0.11847118031058863
0.14680948977062994 0.08168694466746305 0.2554889370825375 0.10210868083432882 0.11781328014752109 0.09035129566715562 0.11384355907946811 0.09189781275089592
0.1398456939888067 0.06938131354801229 0.22506142385753555 0.08672664193501536 0.1422093143491094 0.10377866383938983 0.1289249781601124 0.10407197032201844
0.11842992356606996 0.05984081507198501 0.29131207854218244 0.11968163014397001 0.10047547499686238 0.06911052440376673 0.13343608614559044 0.10771346712957303
0.10936387899249746 0.05874159411441278 0.3261571517902844 0.11748318822882556 0.0887580041173239 0.06277632587767913 0.13098498747303386 0.10573486940594301
0.10500628911912852 0.0577653934112245 0.3432690334014012 0.115530786822449 0.08474541288433209 0.06089717061473918 0.1288082056065215 0.10397770814020411
0.10287126199211852 0.057239633869817466 0.3514776985785178 0.11447926773963493 0.08314828063126282 0.06011667592221979 0.12763584030075714 0.10303134096567143
0.1018332133370599 0.05698215182142089 0.3553798387499489 0.11396430364284178 0.08245498488293769 0.05975594052424392 0.12706169376298926 0.1025678732785576
0.10133343933866422 0.056859280184338355 0.3572279720744178 0.11371856036867671 0.08214060844201586 0.059585726908732414 0.12678770835134553 0.10234670433180904
0.1214892198103202 0.06826006018492722 0.268965623279417 0.08532507523115902 0.1313821325510645 0.09534634354596828 0.1268414551197528 0.10239009027739084
0.11046858094155586 0.058500380458095046 0.3137439559699871 0.11700076091619009 0.09805080020990212 0.06648771965821508 0.13044711702148354 0.10530068482457107
0.1256125940752756 0.06883047325459422 0.2502878590403544 0.08603809156824277 0.1404642481238863 0.09761962226177046 0.12790140179398476 0.10324570988189131
0.13125925766705354 0.06874680845246922 0.2215177155258942 0.08593351056558651 0.15704141962628695 0.10463514037456677 0.12774593510943905 0.10312021267870382
0.11571759703087578 0.05969476739070609 0.28908652500974785 0.11938953478141218 0.10640375304901319 0.06914681982047408 0.13311042161449985 0.10745058130327095
0.10852516334503576 0.058643635518993466 0.3248200023441124 0.11728727103798693 0.09168993736785515 0.0627088920258932 0.13076655442593468 0.10555854393418825
0.10471766289866309 0.05766108398768618 0.34241595638792377 0.11532216797537236 0.08671391668876734 0.060803649723150235 0.1285756111606017 0.10378995117783511
0.09872862389378675 0.12032886142491565 0.21075252774915312 0.15041107678114457 0.08149385078689218 0.12640162946371278 0.07651346079736485 0.1353699691030301
0.1085282139513385 0.062393924524811184 0.28807087908302265 0.12478784904962237 0.09011362786055274 0.07466730222171201 0.13912913916428046 0.11230906414466013
0.10688755078925266 0.05914938571742405 0.3251684999788861 0.1182987714348481 0.08819220256330611 0.06394039334158902 0.13189430188333062 0.10646889429136329
0.14080315667135107 0.07793933503914986 0.28913304734146755 0.09742416879893732 0.11599765649408429 0.08240020598550941 0.10862067775045699 0.0876817519190436
0.09541496220779196 0.10451110193400397 0.16718938390855848 0.13063887741750496 0.10269394818348745 0.15417783485142664 0.08860723859622076 0.15676665290100594
0.10943994484480146 0.06358577422537914 0.26509366468856577 0.1271715484507583 0.09830559936051375 0.08016228871576696 0.14178678610853201 0.11445439360568248
0.10824234077802206 0.05981092019927567 0.31373254235615705 0.11962184039855134 0.0921576611069971 0.06540561376093057 0.13336942504136992 0.1076596563586962
0.1052100367482595 0.05802153749183585 0.33710943087738965 0.1160430749836717 0.08825712369693434 0.061540660040779474 0.129379368675825 0.10443876748530452
0.10308104246720182 0.05721930327147449 0.3482375721021364 0.11443860654294898 0.08622490786922096 0.06021331575749342 0.12759050610086994 0.10299474588865407
0.10188515668396979 0.056855615008600986 0.3535179195224057 0.11371123001720197 0.08523779056582619 0.059672645630021184 0.12677953555649235 0.1023401070154818
0.10126841091546504 0.056687895557723605 0.3560206946797745 0.11337579111544721 0.08477004766121263 0.059433401852684836 0.12640554621378966 0.1020382120039025
0.10096272651029022 0.05660962105522405 0.3572065515494568 0.1132192421104481 0.08454996577466319 0.059323569344537135 0.12623100575597723 0.1018973178994033
0.1008142442413224 0.05657283531657596 0.35776839356812173 0.11314567063315192 0.0844464630491095 0.059272310572680946 0.12614897904920072 0.10183110356983674
0.09724836695497577 0.11965486747539833 0.21600952377272983 0.14956858434424788 0.08147016059238991 0.12535188239270914 0.0760848885577261 0.13461172590982312
0.10771732693719682 0.062130134101129025 0.2906016900035197 0.12426026820225805 0.09065876843084061 0.07425664505184909 0.13854092589117425 0.11183424138203224
0.10642391763420762 0.058968624390631406 0.3262528336889326 0.11793724878126281 0.08906598785734286 0.06371663264060062 0.13149123110388555 0.10614352390313654
0.10403809709418822 0.05761225066596691 0.34312363369214466 0.11522450133193382 0.08693222334168925 0.060900522533613506 0.12846672014172322 0.10370205119874043
0.1385450975290677 0.0771264241265898 0.29678359093867906 0.09640803015823725 0.11582163608916622 0.08106023501852815 0.10748775899731826 0.08676722714241351
0.11404213468469349 0.05723163692667433 0.3266922724453749 0.11446327385334866 0.09374955361787811 0.06318617369289525 0.12761800831112155 0.10301694646801379
0.10602875155070497 0.05729803252945072 0.3428227060776089 0.11459606505890144 0.08780025053618308 0.06055167509861823 0.12776606059552148 0.1031364585530113
0.10299539923039062 0.056973022421883415 0.350847947436254 0.11394604484376683 0.08580459752729505 0.05984021161640218 0.12704133656461766 0.10255144035939016
0.10172968552414373 0.056758540342450974 0.3547304625476241 0.11351708068490195 0.08500875216567123 0.059527032579062375 0.12656307353973395 0.10216537261641173
0.12134252382703858 0.0679401244939063 0.26730392939754766 0.08492515561738287 0.13538405251102217 0.09494707965864115 0.126246947753602 0.10191018674085944
0.11042284696069689 0.05836275791058172 0.31259483092916385 0.11672551582116344 0.1003757032354448 0.06632514162269466 0.1301402392812076 0.10505296423904711
0.10569459114841773 0.05781778675219295 0.33618397638127084 0.1156355735043859 0.09016892762022433 0.06150209350258118 0.1289250349369795 0.10407201615394732
0.08686250063467847 0.10548644483146698 0.18285282436657704 0.1318580560393337 0.09726612971044218 0.1480102174218835 0.08943415974841766 0.15822966724720042
0.10610308908905938 0.06322183535030479 0.2736363645264078 0.12644367070060958 0.0970214968444757 0.07879898312224291 0.14097525673635125 0.1137993036305486
0.10676145100933265 0.05950194363012564 0.3179278776701279 0.11900388726025128 0.09211511793117895 0.06490577055668623 0.1326804534080712 0.10710349853422617
0.10450014863262481 0.057826143132993744 0.339048765518667 0.11565228626598749 0.0886560170053582 0.06128591338603592 0.12894366841894425 0.10408705763938873
0.12273522083705575 0.06822023251798623 0.2606909943561215 0.08527529064748278 0.13829012615679293 0.09569033971520406 0.12676744699237738 0.10233034877697934
0.14772808067437831 0.07774876489183728 0.2569141531528562 0.0971859561147966 0.13608616319693892 0.08851443308116964 0.10835508838470606 0.08746736050331692
0.1186194322042666 0.05811618161640261 0.30618212282805873 0.11623236323280522 0.10142400012782139 0.06522636213350057 0.12959041094762014 0.10460912690952472
0.1283447458883611 0.06850796247381179 0.24638269079926367 0.08563495309226472 0.14411195947525024 0.09695363518735227 0.1273021093729786 0.10276194371071767
0.11338925007808578 0.05874097190152874 0.30151707186562465 0.11748194380305747 0.10509310398763978 0.06706030891014159 0.13098360003117004 0.10573374942275174
0.10697694145960183 0.058003504864130896 0.3305232993307689 0.11600700972826179 0.0929327682948273 0.06181100895949372 0.12933915860747994 0.10440630875543562
0.12369217614351752 0.06824766002970681 0.2568902788405816 0.08530957503713352 0.14082356168613092 0.09584684517809332 0.12681841304027608 0.1023714900445602
0.11147136005599313 0.05848418632807368 0.3069969811270275 0.11696837265614736 0.10377562890218817 0.06662092901146718 0.13041100652857024 0.1052715353905326
0.10613854408747274 0.05784900499089087 0.3332354985677321 0.11569800998178174 0.09236214443364534 0.06159394200503634 0.12899464694983725 0.10412820898360359
0.10338968477476332 0.057175111198156464 0.3461343878829966 0.11435022239631293 0.08834614255242718 0.06019728666545916 0.12749196437320262 0.10291520015668164
0.08608189563580922 0.1050977432870605 0.18591047578979214 0.13137217910882562 0.09767357609865836 0.147112906710234 0.08910460843902955 0.1576466149305907
0.10564131529853625 0.0630611086817744 0.2751215038894622 0.1261222173635488 0.09741880320155703 0.07850819568334393 0.1406168602545835 0.11350999562719392
0.1064928960354134 0.059401590711492744 0.318578099558416 0.11880318142298549 0.09257288543959664 0.06477180217384147 0.1324566813775674 0.10692286328068694
0.08722941537343913 0.10583060327515284 0.17728369153726495 0.13228825409394104 0.09936449211362142 0.14953169243883055 0.08972594625502088 0.15874590491272922
0.10645221226244604 0.06336155339160116 0.2706391800561161 0.1267231067832023 0.09829358649703118 0.07919275778971804 0.14128680711500316 0.11405079610488209
0.10697244855139733 0.059550878281484726 0.3163657106970615 0.11910175656296945 0.09300904322489137 0.0650190113986004 0.13278957037692263 0.1071915809066725
0.10459481322666746 0.05782805404560579 0.3382214923179352 0.11565610809121157 0.08935117070226022 0.06130993486537112 0.12894792946885827 0.10409049728209041
0.13879549796900056 0.07710198989695496 0.29434444720133723 0.0963774873711937 0.11806170744689706 0.08112542541146484 0.10745370606907714 0.08673973863407432
0.11410154391823568 0.05715703091870044 0.32525037296799775 0.11431406183740088 0.09569753582698323 0.0631451508284564 0.12745164804856485 0.10288265565366077
0.10146630156719047 0.12004985774484435 0.2045865414426807 0.15006232218105542 0.08554243547121197 0.12690040078144338 0.07633605084862384 0.13505608996294988
0.10945958405251963 0.062343480553175123 0.2844285145407519 0.12468696110635025 0.09309595854468469 0.07475057957032014 0.13901665663648305 0.11221826499571524
0.12656748761598619 0.06974143442512153 0.23847826657445162 0.08717679303140191 0.14322312059179867 0.10060658812463792 0.12959415799891985 0.1046121516376823
0.11337492159024465 0.059116886578401945 0.2977362373461482 0.11823377315680389 0.10534407127929349 0.06796188055405525 0.1318218336539291 0.1064103958411235
0.08900677728862343 0.10582848964158896 0.17059414941187323 0.13228561205198622 0.10317450372503384 0.15064357915716367 0.08972415426134718 0.15874273446238343
0.10728809731669181 0.06352313241089173 0.2670003868540788 0.12704626482178347 0.0995994302637593 0.07955394578144012 0.1416471042117496 0.11434163833960512
0.0880114803603474 0.1071458744071713 0.1610951350458432 0.13393234300896412 0.10217025531867274 0.15608503281607733 0.09084106743216698 0.16071881161075693
0.08369984174500995 0.10905754185326345 0.12752160628299655 0.13632192731657933 0.10361001285741153 0.18374092820229462 0.09246182896254945 0.1635863127798952
0.08266549219825536 0.10936613401329053 0.11697724126709298 0.13670766751661317 0.10441162272209557 0.1930991798166659 0.09272346144605068 0.1640492010199358
0.08145618685624686 0.12066801192003096 0.11247968476989487 0.13470831946986836 0.10349024918046627 0.19418018253834862 0.09136738190130202 0.161649983363842
0.10747462571482838 0.0737306806454177 0.23534824029552756 0.13027854241392378 0.10251644511736414 0.08814992512816672 0.14525085251224035 0.11725068817253138
0.14476913988268236 0.08710938053676591 0.24814308607900984 0.1004978176307531 0.12749187605934673 0.08949309712261126 0.11204756682115308 0.09044803586767779
0.09585185966235962 0.11422301558974998 0.15312124102728794 0.12945715893558496 0.1087378050297442 0.15545460384147897 0.0878057251910924 0.15534859072270193
0.1251597380440453 0.08148790079025263 0.18303037623876062 0.09037873267748843 0.15477765690519718 0.12235705979279447 0.13435405633847536 0.10845447921298612
0.11550895773877537 0.06625865717704037 0.2684721424889955 0.12109582190961007 0.11186027508913443 0.07280510145021524 0.13501280442758018 0.10898623971864907
0.12785956021081726 0.0741886980279262 0.2301651395087799 0.0861372912850531 0.1510278861523489 0.09920780643732004 0.12804886883569086 0.10336474954206372
0.11359453982145792 0.06388740640573713 0.2924838468877881 0.11752053735370241 0.10819267727949582 0.06752587967346295 0.1310266289600234 0.10576848361833217
0.10707409147636052 0.06218616352050605 0.32556630090360567 0.11575494829664379 0.09436580268744064 0.061815110726683414 0.12905812892178048 0.10417945346697942
0.139510217203563 0.08233872393896102 0.287719947239562 0.0959378711597083 0.12024725356352636 0.08093833605049111 0.10696356680045087 0.08634408404373745
0.11413836429381297 0.06240888441653642 0.32124133431589147 0.11363283200237008 0.0967423460165149 0.06287456253218807 0.1266921276205529 0.10226954880213307
0.1057974251736659 0.06111992859074646 0.339527620896443 0.11389093293439187 0.08995021529225122 0.06023214657305516 0.12697989089849362 0.10250183964095269
0.10256766117227206 0.06063703646509332 0.34866849098909636 0.11314560035283648 0.08753250250017677 0.05946876751107857 0.12614890069189377 0.10183104031755283
0.13671059313963607 0.08153610794721303 0.29815665573065897 0.09512912771474276 0.1169180364235172 0.07987138588766077 0.10606187821330273 0.08561621494326847
0.13270171540952655 0.0730167023391829 0.24012234418843817 0.0831504387648146 0.1496752284868144 0.09794433233858706 0.12360871195485872 0.09978052651777751
0.10624432498838085 0.12878918984129298 0.17251439049517386 0.14817499568982065 0.0994978119551308 0.1360458148410622 0.07537597606830007 0.13335749612083858
0.12834958443634684 0.082129412431772 0.19118046436880026 0.08972267547127954 0.1503033918119318 0.1172684776764321 0.13337878323790212 0.10766721056553546
0.13300362516666261 0.07562688149579504 0.1952988911159486 0.08631162882173443 0.16827581944631115 0.10960116607426153 0.1283080332932052 0.10357395458608132
0.1532033482856177 0.08513363439186294 0.22448507667053363 0.09774598283820925 0.1506351903352919 0.09184590653582413 0.1089794763882721 0.08797138455438833
0.12134933878483425 0.06426465750732854 0.28834260633114067 0.11672353646152588 0.10800533798416052 0.06612530767271192 0.1301380324429251 0.10505118281537328
0.10953066073396349 0.06220534573551946 0.3232283504251004 0.11572924135076632 0.09450430353388328 0.06161631340952131 0.1290294675955559 0.1041563172156897
0.1044492694537134 0.061194522327996534 0.34074707140938154 0.11407730447675025 0.08954882515122059 0.06012575189196343 0.12718768125989915 0.10266957402907521
0.10211824094974768 0.06062175631999132 0.3492904435993372 0.1131082562569149 0.08752304394898923 0.05943356348198229 0.12610726481181406 0.1017974306312234
0.10102058376470849 0.06032632281247819 0.353405600142664 0.1126129148031715 0.08663584471477392 0.0590921143826793 0.12555499605667028 0.10135162332285433
0.10049862500580764 0.06018072968079964 0.3553767885938088 0.11237007886362184 0.08623155934404456 0.058924895428500476 0.12528425210615748 0.10113307097725965
0.1002496197782844 0.06011032642956234 0.35631859146794914 0.1122529156976666 0.08604333397105896 0.05884396460794127 0.12515362391963725 0.10102762412789994
0.13542845180866053 0.08125451387068977 0.3015841029080623 0.09484246605490348 0.11625513798522831 0.07953483606779933 0.10574227185524315 0.08535821944941313
0.11219460086667427 0.061916135729277226 0.3281878602902369 0.11283935581122362 0.09523200253606387 0.06226716365435731 0.12580746088206574 0.10155542023010125
0.10486220642174751 0.060861968101398156 0.34289510162728754 0.11345668602202508 0.08938422825634214 0.059933054153686376 0.12649573799769065 0.10211101741982258
0.10211139398562027 0.06050248631520712 0.35027074903202626 0.11291786349385187 0.08736004546521818 0.059316393474195615 0.12589499108941393 0.10162607714446667
0.10096613032225664 0.060281476869468845 0.3538630594159368 0.1125410548162491 0.08654537509704975 0.05904107661047743 0.1254748775339374 0.10128694933462418
0.10045939159870157 0.06016209354942799 0.3555925131737073 0.11233972467559263 0.0861871205295493 0.0589029948132449 0.12525040945174282 0.10110575220803338
0.1355441356897234 0.08127998440871895 0.3012571697602323 0.09486790060460366 0.11633361393778933 0.07956545557473091 0.1057706294800581 0.08538111054414328
0.13216495380926854 0.07291685543623304 0.24139682545849514 0.08305292445372002 0.14956384985383084 0.09777733126204026 0.12346375038194797 0.09966350934446402
0.13214569321768715 0.073167058790475 0.21551139869761976 0.08418290094233424 0.16578976311876278 0.10304016777610375 0.12514353632621628 0.10101948113080107
0.1153552920077535 0.06395620545265725 0.2842435884225543 0.11773731374629251 0.11319339125428979 0.06828230828437058 0.13126831846041867 0.10596358237166327
0.10792572464079178 0.062366626735003435 0.3213344834377048 0.11608248783349935 0.09629419761769463 0.06209892962303114 0.12942331106212537 0.10447423905014941
0.10405511976775712 0.06127348246722232 0.33985767662902144 0.11420879017833788 0.09022377198915918 0.06025896980319438 0.12733427800480357 0.10278791116050409
0.10203467174465315 0.060650797216513674 0.34886196787054763 0.11315343912905892 0.08782806023600624 0.05947532824466889 0.1261576403423985 0.10183809521615303
0.08512954604127282 0.11145027839588706 0.18604619880509268 0.13002489756365648 0.09755748990842329 0.145570912122626 0.08819080008665398 0.15602987707638777
0.10402869922063725 0.07570393970050875 0.27312387425034085 0.12364304094615203 0.09702584444638837 0.07734310102208439 0.13785276356235157 0.11127873685153683
0.08594658671181071 0.12137730670142689 0.16150351885480393 0.13122166211827907 0.10076964746635425 0.1527127649512533 0.08900251865413711 0.15746599454193486
0.1055479078531536 0.07789796816082176 0.2601894530745382 0.12532344721168392 0.0991830914811573 0.07934073858316265 0.13972629114496699 0.11279110249051554
0.10641016402783719 0.06856702433930885 0.3100927750015456 0.1182014887764407 0.09383018157465058 0.06473118740231418 0.13178583897910626 0.10638133989879663
0.10397349741748492 0.06550644379476919 0.33428980587846385 0.11457933582547787 0.08993654107753005 0.06084556501463971 0.1277474087487044 0.10312140224293008
0.13735323201377542 0.08655480835345376 0.2911361998461154 0.0950671107430597 0.11821221033310707 0.0801233051237264 0.10599273391800834 0.08556039966875371
0.13254173297340988 0.07843175732964312 0.23657810337248372 0.0826207577504279 0.15032222002337495 0.09753921369876467 0.12282130555138239 0.09914490930051349
0.1141229627510102 0.06761127199629383 0.29475414614367984 0.11584933212019445 0.10768334126355618 0.06655118697561986 0.12916335984147054 0.10426439890817502
0.10672136089693855 0.06555784801365942 0.3261505813352598 0.11481522567091597 0.09414155751720849 0.06126931513954512 0.12801040832264812 0.10333370310382439
0.08606926485308629 0.11791682535168134 0.17828862716238256 0.12950771225376911 0.09929608160912538 0.1456722205367889 0.0878400135286434 0.15540925470452288
0.10466830804671717 0.07676089735769691 0.2689519487344072 0.1240686826404511 0.09795412549932156 0.07760690105781054 0.1383273222871895 0.11166181437640597
0.10567145131393091 0.06809799159745257 0.3144278756734782 0.11758537166408818 0.0931174076446894 0.06417415323095914 0.1310989143777222 0.10582683449767938
0.10352633114652326 0.06529588990363448 0.3363893029750828 0.11428997871610487 0.08958817024464803 0.06062454900394451 0.12742479716556768 0.10286098084449438
0.10175429043285525 0.06417518822427844 0.34691270539666935 0.11281339627017505 0.0876345508069433 0.05939929429484527 0.12577851793107578 0.10153205664315755
0.10070420721390969 0.0636859141564506 0.3519461219092124 0.11214585009317918 0.08665253044757207 0.05889985733521071 0.12503425376060423 0.10093126508386126
0.11980712354985759 0.07592128161173727 0.26494647341684635 0.0836198521775082 0.13745840052243516 0.0935965195880113 0.12430652652059428 0.10034382261300984
0.109014227918788 0.06667325009655838 0.30990758725900064 0.11477637659726103 0.10301221229356121 0.06535051239258825 0.12796709450470745 0.10329873893753495
0.08666933075894862 0.11819845933030317 0.17302549799749514 0.12956686747896937 0.10204300998353134 0.14713645727286204 0.08788013620312705 0.15548024097476323
0.10508616740371338 0.07696264696201605 0.26609810078743024 0.12434857762962206 0.09895998891029667 0.07799141412783249 0.13863938431242936 0.11191371986665985
0.10593596696916452 0.0682153530565771 0.31299043738744653 0.11775521100961883 0.09351901030502935 0.06431605879009593 0.13128827257341083 0.10597968990865696
0.10367532578448989 0.06535649465602131 0.3356858231103685 0.11437634792568081 0.0897586512087124 0.06068755179283283 0.12752109238878143 0.10293871313311273
0.0852343197526802 0.1177834413507782 0.18130182794696703 0.12939518855684098 0.0978849060807527 0.14536239693565353 0.08776369310811824 0.1552742262682092
0.10427422082338038 0.07665144333784676 0.27058978447723747 0.12391228598164843 0.09742961168737012 0.07746864462501606 0.13815295168401695 0.1115210573834836
0.12399888068202643 0.07998244093832245 0.231642250831256 0.0863296058237066 0.1456287370218148 0.10048780040037822 0.12833475731404745 0.10359552698844794
0.11203250078913178 0.06831448691176582 0.29289484879005695 0.11686820979799306 0.10696026787730652 0.06744896459898372 0.13029933241656838 0.10518138881819375
0.08760300579441495 0.11887224563239164 0.16767890755980597 0.12998188724343132 0.10348423036611944 0.14823983084226136 0.08816162786945775 0.15597826469211754
0.10564176027734846 0.07723778144957974 0.26322998739697284 0.12467982097598747 0.09964677144037468 0.07834334365737396 0.13900869592397408 0.11221183887838872
0.10624619384666613 0.0683435641737361 0.3115446828215945 0.11792897309134914 0.09386349556404999 0.06445501039316948 0.1314820043272206 0.10613607578221423
0.12313784638716965 0.07757629569187409 0.24827465507818777 0.08483413002627736 0.14221043826482033 0.09605404642137316 0.12611163209876455 0.10180095603153282
0.11087068476219158 0.0674114559013767 0.3013609959856281 0.11575146413201101 0.10515427179667251 0.06622056536508297 0.1290542443382272 0.1041763177188099
0.10545997591510116 0.065376127745706 0.32953019672212963 0.11453405813766174 0.09324702321736832 0.06107503843241629 0.12769692750572137 0.10308065232389557
0.12210815914865454 0.07658256376370026 0.2554946549450247 0.08413245486174505 0.14105669941419519 0.09459797719333535 0.12506854483925084 0.10095894583409404
0.08929765700461915 0.11908488491315772 0.1545266697084851 0.12799538989247156 0.11291186309591097 0.15577480306558292 0.0868142644488068 0.15359446787096587
0.08139675105286566 0.13802627455793248 0.12218675398205994 0.13050329683150422 0.10470487291555206 0.17806281487221687 0.08851527959006374 0.15660395619780504
0.13765484413128332 0.1133683185917656 0.19403245406311748 0.10351857887653092 0.13283587733887783 0.11000771582929539 0.11541549018025163 0.09316672098887782
0.11798399054071033 0.0780900988644693 0.272548788868514 0.11838024830715686 0.1046926490596542 0.06977685836746282 0.1319851425155913 0.10654222347644116
0.14496114164566617 0.09393771281509637 0.2621098644290804 0.09641668676315089 0.12536827271472195 0.08293389307966674 0.10749741046578168 0.0867750180868358
0.11635038047279718 0.07207851970553596 0.30714576787084963 0.11348159370296493 0.09903311628921715 0.06325367942281031 0.12652350820315642 0.10213343433266844
0.10652775373774698 0.06827999887629856 0.3318767972312171 0.11349331549139924 0.09096043733624731 0.06018113626233113 0.12653657712250033 0.1021439839422593
0.12208166683921463 0.07982792993216133 0.2561895011284102 0.08365627509700171 0.13953944528846138 0.09395697996161201 0.12436067163673689 0.10038753011640207
0.10983398459918023 0.07036664067703643 0.30496537353096514 0.11464235991398324 0.10378779554308142 0.06540804590907094 0.12781767590409773 0.10317812392258492
0.12374947407313595 0.08056010667986795 0.24450930327738213 0.08405537424002867 0.14575921089864344 0.09554612242489466 0.12495395931801277 0.1008664490880344
0.12842891470722673 0.08204165799761536 0.2163516220009549 0.08341810291730363 0.16378439636942174 0.10186696981173654 0.12400661269497673 0.10010172350076435
0.14897901398252306 0.09423034213592119 0.23273058955615888 0.09548802724980518 0.14748356587543182 0.08868721226398538 0.10646202441134996 0.08593922452482466
0.11883838941522082 0.0728633866931988 0.2914601639037215 0.11463118362379775 0.10647969148898943 0.06475390443906147 0.12780521517459242 0.10316806526141797
0.1441290835900874 0.09191970203390118 0.2702738989854842 0.09535389673146587 0.12503097648313952 0.08116145622446083 0.10631247889314178 0.08581850705831928
0.09426741062074184 0.1276350117037497 0.15858478227841982 0.1261001659278132 0.10715926474240385 0.14940435741897914 0.08552880819451679 0.15132019911337583
0.10749609982114698 0.08334123780766589 0.2570156815732444 0.12382896050471177 0.10051571119597612 0.07829619464746246 0.1380600499955518 0.1114460644542406
0.08645886862173384 0.1283513584566503 0.15583474193642155 0.13045604091143684 0.1015893058370385 0.15227920739436815 0.08848322774862673 0.1565472490937242
0.1382420153762655 0.10995090608899596 0.20992163325924498 0.10214937745256983 0.13022015480503468 0.10369254053883042 0.11388893277174576 0.09193443970731284
0.09301734656710085 0.1336511052683287 0.13921399893621889 0.1274286828359222 0.1091290116808769 0.15821554608060281 0.08642988922784291 0.15291441940310666
0.12248991801901137 0.10107221402371107 0.17473992868498142 0.08844418335640432 0.1541960026761615 0.1214465143717785 0.13147821884026673 0.10613302002768517
0.1021092612865372 0.15648610110706293 0.14675946589297936 0.14650417480034328 0.10023483154385651 0.14152637130265028 0.07452603674626157 0.13185375732030893
0.11004160318000158 0.0928936716534612 0.24947325432506262 0.12340266318345137 0.09846877006521297 0.07707288043212485 0.13758476029557934 0.11106239686510624
0.0990140517599368 0.1543779923524451 0.17455787574308437 0.1480546626810137 0.08606570682299869 0.12936575103770195 0.07531476318990697 0.13324919641291233
0.08315776022488759 0.15459644030976735 0.12766314079027524 0.12891164875866346 0.09587519600774215 0.167666108414131 0.08743572698413696 0.15469397851039612
0.10544737953328663 0.0938868952850472 0.2403359755594123 0.12583423817768072 0.09867548082268528 0.08227343130865042 0.14029578495332462 0.11325081435991266
0.14171132900981892 0.10248856838404441 0.24817604415216782 0.0981646994147613 0.12495548883464863 0.0867093266076518 0.10944631412362194 0.08834822947328518
0.0933783565728297 0.13568233286039055 0.15098800959798572 0.12581700501611154 0.10685946232317975 0.15095767638184968 0.08533675122831914 0.15098040601933385
0.10722601256348781 0.08878837325797213 0.2522841188259478 0.12361155033522545 0.10047294536580147 0.07854895046864842 0.13781765388121403 0.11125039530170291
0.08604111898978145 0.1338816180861084 0.15384934394031496 0.1297346094786388 0.10116623481199204 0.15165163428111242 0.08799390903768543 0.15568153137436655
0.10503842424825441 0.08860068745579068 0.25450775303916756 0.12407024245096723 0.09898084295775049 0.07880977028268786 0.13832906135951123 0.11166321820587052
0.10594368947090597 0.07567537127484456 0.30643651172146336 0.1174063611756341 0.09361222850657638 0.0643607817504175 0.13089933104208756 0.1056657250580707
0.08539052634086268 0.1287231639055115 0.17113871586841753 0.12863696332001645 0.0986529793885415 0.14584387659296738 0.08724941859966333 0.15436435598401974
0.07998917535296926 0.14648100856670382 0.1268514960344382 0.1295669592773071 0.0999624965568751 0.17378831461259048 0.08788019846634744 0.1554803511327685
0.11854734613930742 0.10475678859251633 0.17016708271808842 0.08932926500489217 0.1512377038788387 0.12597274350395993 0.1327939521565263 0.10719511800587062
0.11310857258552975 0.080748007830678 0.260012584603617 0.11995760924075377 0.1114151953109544 0.07305239986873951 0.13374378224304934 0.10796184831667838
0.10778856657374751 0.07360700238154404 0.3084546913720182 0.11629437464228429 0.09651826845272005 0.06301261035815796 0.12965954904147217 0.10466493717805586
0.1038802973447741 0.07064284479370654 0.3327331781441965 0.11352149007048783 0.09032546171634263 0.06015939719144962 0.1265679896756036 0.10216934106343903
0.13647514490936344 0.09310010925146078 0.2894682956496821 0.09415097704445705 0.117747904157528 0.07935037643524433 0.10497131321225285 0.08473587934001132
0.13147431804628718 0.08622865787592444 0.23511134885417376 0.08170368156561719 0.14943726851836173 0.09654229705290307 0.12145801020799211 0.09804441787874062
0.11332107982755907 0.07417255123109857 0.2931770578230051 0.11481680490562522 0.1071652954331891 0.06599991731296465 0.1280121690514956 0.1033351244150627
0.10606784881399449 0.0710435473765574 0.3247748033596593 0.11395300459733583 0.0937170096811408 0.06083698586324754 0.12704909617046248 0.10255770413760225
0.1376162552211608 0.09336943990235903 0.28574555765644205 0.09433776846893005 0.11921987124140523 0.07962754417678426 0.1051795717108817 0.08490399162203703
0.10491409833165097 0.15044219925582827 0.1856302099339181 0.14246223743833594 0.08954089853280875 0.1263244220291066 0.07246992078384916 0.12821601369450233
0.10888968281886387 0.0899873635868144 0.27024203351693915 0.12075244291895053 0.0934963066409526 0.0733250094121315 0.1346299624782926 0.10867719862705548
0.10624088115943352 0.07524313324265111 0.31410798473707896 0.11615914753112563 0.0912457948040586 0.06295104484353327 0.12950878090410572 0.10454323277801306
0.10320630710736187 0.07081952275729313 0.33563055917385687 0.11331017376279252 0.08868321448123932 0.06003867856854605 0.12633238776239705 0.1019791563865133
