Action: 0
[0.10693573275039682, 0.1068046590078794, 0.24405304735746652, 0.1068046590078794, 0.11498792485273977, 0.1068046590078794, 0.1068046590078794, 0.1068046590078794]
[0.11496493048534688, 0.10679114935802825, 0.24428817336648354, 0.10679114935802825, 0.10679114935802825, 0.10679114935802825, 0.10679114935802825, 0.10679114935802825]
[0.13756395923022616, 0.10677658536064853, 0.11497817611450295, 0.10677658536064853, 0.21357493785202836, 0.10677658536064853, 0.10677658536064853, 0.10677658536064853]
[0.125, 0.125, 0.125, 0.125, 0.125, 0.125, 0.125, 0.125]
[0.21585028662805603, 0.10791620472526225, 0.13664732947670036, 0.10791620472526225, 0.10792136026893231, 0.10791620472526225, 0.10791620472526225, 0.10791620472526225]
[0.13756085165225473, 0.10678078229725553, 0.22175444843626158, 0.10678078229725553, 0.10678078842520605, 0.10678078229725553, 0.10678078229725553, 0.10678078229725553]
[0.125, 0.125, 0.125, 0.125, 0.125, 0.125, 0.125, 0.125]
[0.125, 0.125, 0.125, 0.125, 0.125, 0.125, 0.125, 0.125]

Action: 1
[0.10768136770100738, 0.10768136768887546, 0.10768136768887546, 0.10768136768887546, 0.2170874501510307, 0.13682434370358454, 0.10768136768887546, 0.10768136768887546]
[0.1079285388795154, 0.1079285388795154, 0.1079285388795154, 0.1079285388795154, 0.1079285388795154, 0.24450022784339223, 0.1079285388795154, 0.1079285388795154]
[0.10823272731073327, 0.1078664361534062, 0.1078664361534062, 0.1078664361534062, 0.10787232676225395, 0.2445627651599818, 0.1078664361534062, 0.1078664361534062]
[0.125, 0.125, 0.125, 0.125, 0.125, 0.125, 0.125, 0.125]
[0.10812666212053278, 0.1077097900531102, 0.10753542830341158, 0.10753542830341158, 0.10953407035159295, 0.24448776426111773, 0.10753542830341158, 0.10753542830341158]
[0.10786726980062239, 0.10786726997539584, 0.10786726980062239, 0.10786726980062239, 0.1366962909158367, 0.21610009010565556, 0.10786726980062239, 0.10786726980062239]
[0.125, 0.125, 0.125, 0.125, 0.125, 0.125, 0.125, 0.125]
[0.125, 0.125, 0.125, 0.125, 0.125, 0.125, 0.125, 0.125]

