0.125 0.125 0.125 0.125 0.125 0.125 0.125 0.125
0.099626400996264 0.07845579078455792 0.199252801992528 0.15691158156911583 0.08685378548392246 0.06839735606858895 0.17370757096784492 0.1367947121371779
0.06509140612911068 0.10848567688185116 0.06919289235371703 0.09763710919366604 0.13018281225822137 0.21697135376370233 0.11716453103239925 0.19527421838733208
0.07295173961840629 0.12906846240179573 0.09118967452300787 0.16133557800224468 0.08754208754208756 0.1548821548821549 0.10942760942760946 0.1936026936026936
0.13230993800094185 0.1041940761757417 0.17200334348513097 0.12503289141089005 0.11534712543671855 0.10369304142881583 0.1384165505240622 0.10900303353769901
0.08188620539613833 0.12150798995406605 0.10149678913289485 0.14580958794487922 0.09113099246554952 0.16654925921671349 0.10935719095865944 0.18226198493109905
0.07789053694203522 0.12058792227641706 0.09506010899306441 0.14470550673170043 0.09814467689255801 0.174200234700824 0.10852913004877535 0.18088188341462558
0.08128086313466822 0.1199556123974661 0.09409954797559011 0.14394673487695933 0.09828169228289058 0.17454207957850698 0.1079600511577195 0.17993341859619913
0.09997589637366044 0.14652515984927003 0.08625136699995002 0.13187264386434303 0.12023354565607533 0.23711331803983807 0.09890448289825728 0.07912358631860582
0.07226646005859737 0.12785604471905687 0.09033307507324671 0.1598200558988211 0.09611335342092835 0.15342725366286825 0.10839969008789606 0.1917840670785853
0.10544179175562707 0.07398976110951833 0.2041984262553303 0.14797952221903665 0.08946388005562447 0.08609941590687538 0.16381941409677642 0.12900778860121145
0.10338654428696369 0.14577212389754718 0.10647023095983002 0.13119491150779247 0.11890794968556914 0.21715510912677768 0.09839618363084436 0.07871694690467548
0.08360496645436824 0.1479164791115746 0.07288638101150052 0.128952827943424 0.11134132539669905 0.21309096933652424 0.08746365721380063 0.1547433935321088
0.0775849725965394 0.11280974198109744 0.09157902443771175 0.13537169037731692 0.09395420855884438 0.2179569812938561 0.1015287677829877 0.16921461297164614
0.07916838426711566 0.11217046392530161 0.09379332115678223 0.13460455671036192 0.09202643543459868 0.21902772508511614 0.10095341753277144 0.16825569588795236
0.09732621621475546 0.13735558803883136 0.0864996534151479 0.12362002923494823 0.11254518894979014 0.2757662846793467 0.09271502192621117 0.07417201754096894
0.06747997877374479 0.11938765475354848 0.084349973467181 0.14923456844193558 0.08965414855875203 0.20959222571389816 0.10121996816061721 0.1790814821303227
0.0772545523515514 0.11155812724348982 0.09232274114299102 0.1338697526921878 0.09695561715500556 0.22029970403039886 0.10040231451914083 0.16733719086523471
0.09568496790922301 0.13521754737104102 0.08515356368978294 0.1216957926339369 0.12424570922306316 0.27371309911713815 0.09127184447545268 0.07301747558036215
0.06689502983804234 0.11835274509807492 0.08361878729755293 0.14794093137259362 0.09722586958888646 0.20809497440067387 0.10034254475706351 0.17752911764711235
0.07661556607193266 0.1106226317076757 0.09155883882663311 0.1327471580492108 0.10157422493613733 0.22138726430998892 0.09956036853690813 0.1659339475615135
0.07890739532707328 0.10928995046509422 0.09175094178473142 0.13114794055811305 0.10143771028896521 0.22517018045979675 0.09836095541858479 0.1639349256976413
0.09692324018915795 0.13348390859470555 0.08411513020780134 0.12013551773523498 0.123947307612843 0.27921194671769006 0.09010163830142626 0.072081310641141
0.07701270074543784 0.13625323978039003 0.06713927757294581 0.11878487570598105 0.11224703334391305 0.26545388891662003 0.08056713308753496 0.14254185084717724
0.09118026336677335 0.07360334512739534 0.1823605267335467 0.1472066902547907 0.09806795378829919 0.11097072543969116 0.164124474060192 0.1324860212293116
0.12241797205285612 0.07779234644114369 0.1572895451068424 0.09335081572937244 0.1552540876969003 0.12903081532803878 0.14817589798313083 0.11668851966171552
0.06709402995672951 0.11870482223113683 0.09668104530427168 0.14838102778892107 0.10191935264363614 0.1885214437935051 0.10064104493509429 0.17805723334670526
0.1051209296182895 0.07033803227405709 0.20974846835160182 0.14067606454811418 0.1001945949415677 0.09554705237750889 0.15573418623153054 0.12264067165733031
0.12366048653273876 0.07596721799919515 0.17313421617663557 0.09116066159903419 0.15514976972502822 0.1222773581129655 0.1446994628556098 0.1139508269987927
0.10210730090053793 0.08242396578718122 0.14914930779006438 0.10302995723397652 0.15516108661782582 0.13133148163883548 0.1531609513508069 0.12363594868077182
0.08956517365090882 0.07229959800736013 0.2053996586246384 0.14459919601472027 0.1085746463637161 0.08820513835377199 0.1612173125716359 0.13013927641324827
0.1199841263903917 0.07626068861348602 0.17233160782242157 0.09151282633618323 0.15974326392188698 0.1205179994935233 0.14525845450187816 0.11439103292022904
0.07807205568497617 0.13812748313495785 0.08873949098474614 0.12041883145098889 0.12771545981505428 0.2207486998561148 0.08167538133197508 0.14450259774118668
0.09891478397359146 0.07984687381000757 0.14317187962811442 0.09980859226250946 0.15350006985333509 0.15661531379704355 0.1483721759603872 0.11977031071501133
0.09516987425809284 0.06979179239612122 0.2173777784868999 0.13958358479224245 0.10548107066299536 0.09134539273271196 0.15562528035791806 0.1256252263130182
0.10651006635753824 0.06680606289707289 0.25692262677213284 0.13361212579414578 0.09747382163608069 0.07427881481281524 0.14791411565326676 0.11648236607694759
0.10584416050104856 0.13667421534502794 0.12555924659578763 0.12300679381052512 0.1331250498092806 0.20973136229412132 0.09225509535789385 0.07380407628631508
0.08242729641291882 0.1313994855442426 0.08393374783402294 0.1145533976539551 0.11712367050394046 0.25540123776175216 0.07769708710442172 0.13746407718474613
0.09346733382384563 0.06949583629021278 0.2063417655753202 0.13899167258042555 0.10182490522246791 0.10982063877104949 0.15496534241429533 0.125092505322383
0.10522893090964323 0.06610486200794907 0.2618699041042465 0.13220972401589814 0.09587930349738503 0.07708591683024364 0.1463615992361591 0.11525975939847533
0.08588752981574078 0.13706972049046837 0.11464881061091893 0.1194966794019468 0.11670973181253973 0.20174159090472876 0.08104992168132041 0.14339601528233614
0.0928889180874655 0.06886345962737636 0.22284678272694872 0.13772691925475272 0.10070354876054159 0.09946090737289084 0.15355523684074665 0.12395422732927744
0.07047883658982253 0.11377730309257593 0.13133163722272764 0.1422216288657199 0.0978862334810737 0.17717504044377155 0.09646336566544482 0.1706659546388639
0.11448416920224455 0.0757554957110217 0.159063081102414 0.09090659485322605 0.15589178497452214 0.14596944828333108 0.14429618230670802 0.11363324356653255
0.08370252018026747 0.13219652105062107 0.09509886757087382 0.11524824912105427 0.12754481349003063 0.2297427519771723 0.07816837766471506 0.13829789894526512
0.09248459665455051 0.06864754906429525 0.21665382657006105 0.1372950981285905 0.10288225677346037 0.10539729598277799 0.153073788510533 0.12356558831573146
0.10454353780237083 0.07700599839711592 0.1955189733141381 0.0962574979963949 0.14599086623186536 0.12208089283496452 0.14309323582747657 0.11550899759567387
0.0699842579172733 0.11151139121049183 0.12508841509777133 0.1393892390131148 0.10772957608918594 0.18448776739535588 0.09454226646106918 0.16726708681573776
0.11990875709412846 0.09025960417315904 0.19126300295216442 0.11282450521644881 0.13151056728157515 0.12690060501057507 0.12579090357714517 0.10154205469480392
0.1315621633107541 0.08667641829047301 0.21210363745753635 0.10834552286309126 0.1339234364613654 0.10908067853443192 0.12079717250556593 0.09751097057678214
0.1055176834682814 0.06437458809158877 0.26353510000732705 0.12874917618317755 0.10035860297766262 0.07804486741033635 0.1435457232967666 0.11587425856485978
0.09944722344392111 0.06389983722730311 0.2874447703880125 0.12779967445460622 0.09227025087534985 0.07163143687391396 0.1424870997277475 0.11501970700914559
0.0974053310182803 0.06329486720772962 0.2980251877466255 0.12658973441545923 0.08977443804703276 0.06984157371282791 0.1411381068781314 0.11393076097391332
0.07781108383941106 0.1112121901521723 0.1524625087768155 0.13901523769021537 0.09545331818414743 0.1629387801303991 0.09428859599858086 0.16681828522825842
0.09839947462854143 0.0669910957790556 0.24400877295247217 0.1339821915581112 0.09599333656015392 0.09066101120308334 0.14938014491628218 0.12058397240230008
0.09875466620146241 0.06438467060291037 0.28154934466517345 0.12876934120582073 0.09266538056157707 0.07441598388565597 0.1435682057921613 0.11589240708523865
0.11418187099068772 0.0742851016217961 0.21745104961391692 0.09285637702724513 0.14166829100820977 0.11009241623211265 0.13803724107333754 0.11142765243269416
0.10147715017630789 0.06389245083811476 0.2686036062798361 0.12778490167622952 0.10300265791533775 0.07776219242326375 0.14247062918230366 0.11500641150860656
0.13127786111277964 0.08492359274899626 0.2434818927990524 0.10615449093624532 0.12503403865885737 0.0952347464844704 0.118354335416978 0.09553904184262077
0.1037782124871705 0.06320583236214124 0.27931641786993333 0.12641166472428247 0.09829821419782311 0.0742795876455429 0.14093957246125222 0.11377049825185422
0.11498630299785036 0.07402406107067239 0.21636481325323703 0.09253007633834048 0.1437650803421666 0.10974140120816162 0.13755217318356286 0.11103609160600857
0.10436692174622435 0.06362517960877642 0.26766174458720476 0.12725035921755284 0.10321414575425014 0.07748167155808634 0.1418746542321074 0.11452532329579757
0.11809842825883299 0.0738617155204415 0.21196204265294052 0.09232714440055188 0.14524072934514776 0.11046686531313998 0.13725050122828308 0.11079257328066223
0.09663495579931682 0.12606191478160225 0.15015219162067828 0.15757739347700278 0.0936931656818948 0.15390178956755318 0.08015893494264925 0.1418196541293025
0.10882981536239307 0.06694956543041605 0.24403695744893908 0.1338991308608321 0.09529952135022984 0.08602059186490833 0.14823184206001763 0.11673257562226388
0.09988644911145526 0.13255355245861747 0.11594151160437252 0.11555950727161525 0.11660228645591937 0.20240579248350807 0.07837949188857381 0.1386714087259383
0.1212178856621504 0.07492446557341688 0.15876676062957318 0.0936555819667711 0.15223959181060226 0.14758370310347438 0.1392253128938866 0.11238669836012531
0.11080158145212812 0.0645823513924386 0.24224223405742573 0.1291647027848772 0.1071348567003946 0.0858170366581323 0.14400900444821385 0.11624823250638949
0.10608324137542895 0.06356303382893513 0.27935194181197864 0.12712606765787027 0.09487946731672277 0.07284670869843025 0.14173607841855085 0.11441346089208322
0.13863666298431146 0.08392798811883324 0.24628797363650842 0.10490998514854155 0.12173459905168099 0.09311700008918246 0.11696680433725455 0.09441898663368739
0.11198066918317012 0.06241949411447706 0.2790272442211401 0.12483898822895412 0.09698009197823296 0.07321226733508822 0.13918615553287866 0.1123550894060587
0.10514814240885849 0.06257317114921698 0.2941327172914479 0.12514634229843397 0.09130196716769073 0.0695371192322833 0.13952883238347785 0.11263170806859056
0.08317301991820977 0.11026002812629819 0.1515535271994997 0.13782503515787276 0.09651258928259031 0.16180442993204663 0.09348132819403544 0.16539004218944728
0.10284203297941774 0.07360864954375275 0.24152950779467464 0.1316132649751441 0.09563532121310625 0.08958031645443516 0.1467389685618398 0.1184519384776297
0.12117627897961084 0.07963320170906489 0.202637289427662 0.09217525299365878 0.14290340681188074 0.11383956203545739 0.13702470445027487 0.11061030359239053
0.09790123706235451 0.13532045347456934 0.14617518200902266 0.1554218563585002 0.09270984509280615 0.15352933269772953 0.0790624225823675 0.13987967072265017
0.10669979512587684 0.07533327810571767 0.23870909388260794 0.13148459164399787 0.0948244064968292 0.08801719486527332 0.14659550740009908 0.11833613247959805
0.10541410102462825 0.06867553035952274 0.27770727526112515 0.1269659988986084 0.0921911090445428 0.07321897270542142 0.1415576136974037 0.11426939900874755
0.10351522419197583 0.06710411880411737 0.29338893708467356 0.12483209569347815 0.09020655489880225 0.069425712332631 0.1391784708701913 0.11234888612413035
0.102428883695627 0.06656064876039584 0.29964299027191055 0.12399357556023936 0.08922069374540101 0.0683154064644513 0.13824358349775942 0.11159421800421544
0.10192112793752309 0.06635411001664587 0.30213520837812724 0.12366759856190969 0.08879038414009713 0.06795058878871484 0.13788014347126346 0.1113008387057187
0.10170189853679003 0.06627357883072763 0.30312894542874236 0.12353979239559013 0.088611994870441 0.0678203276480871 0.13773764913359077 0.11118581315603111
0.10161068515569285 0.06624183255422963 0.3035254471920791 0.12348929906588776 0.08853965277766641 0.06777136125601378 0.13768135283913158 0.111140369159299
0.11943609199872932 0.07787628460235779 0.2231808712854371 0.09073905827719585 0.13876802693005186 0.10622309243017947 0.13488970454341354 0.10888686993263502
0.10786425557967388 0.06804571262375643 0.26895231066155517 0.1252397795678952 0.10157023650854631 0.0759788954814707 0.1396330079659966 0.11271580161110568
0.12168347579144367 0.0783356443508021 0.2111993550432928 0.09112219482360648 0.1439125080894691 0.10894092536035355 0.13545926275270456 0.10934663378832776
0.1089149334021573 0.06833878343274051 0.2637990614707986 0.12572603156181067 0.10312674044326653 0.07676587863184665 0.14017514265175007 0.11315342840562959
0.10476682506337288 0.06725961581558182 0.2874024964834875 0.12514872197131766 0.09298681386067717 0.07027019149022136 0.13953148554115566 0.11263384977418592
0.10298532210199558 0.06669144998058481 0.29716989318494874 0.12421952581914007 0.09005129773651584 0.06858943676511478 0.13849550117447407 0.11179757323722606
0.10219741490970058 0.06641284574249375 0.30111702895898296 0.12376149738290093 0.0890909332234603 0.06805009848855678 0.13798483364929398 0.11138534764461083
0.1018580277983238 0.06629255571629117 0.3026997300913359 0.12356720647133627 0.08874972396340802 0.06785405635288111 0.13776821378222118 0.11121048582420265
0.13623211216042225 0.08872233349553345 0.2539165214641643 0.10337057987164738 0.11869557115181634 0.09077887763742526 0.11525048233450835 0.09303352188448263
0.11084761634512841 0.06783799935873297 0.2813264194037501 0.12341175036408465 0.09574116133040007 0.07216958604638997 0.13759489182383766 0.11107057532767618
0.1224049034160854 0.07810880405378094 0.21536009255624847 0.0908620566578081 0.14155005291761488 0.10760707251181349 0.1350725498972789 0.10903446798936971
0.08518922562926605 0.11686913430327033 0.1297408075104258 0.13440570106585645 0.10680942396496626 0.17453673856773702 0.09116212767945046 0.16128684127902773
0.10411411846643487 0.07444895887928907 0.23150848710067543 0.13223409227518537 0.09875784855486883 0.09249466700488936 0.14743114467099025 0.11901068304766682
0.10513747976979 0.06878441161565878 0.2747207817014786 0.12728348891796404 0.09339052071816775 0.07421658587507324 0.14191159137570017 0.11455514002616761
0.1383634264269236 0.08966253866123601 0.2437300823835285 0.10423714998282566 0.12098213687682238 0.0929945873450599 0.11621664333906086 0.0938134349845431
0.11180583639835077 0.06815479464019727 0.27707804831802224 0.12388316200832844 0.09663081694745448 0.07283201525295503 0.13812048062719604 0.1114948458074956
0.1401050722740157 0.08921341554447101 0.24406970674571973 0.1037502432562826 0.12150948204001748 0.09230308253355103 0.11567377867528822 0.09337521893065434
0.1483869846089572 0.09003657963059536 0.22908012530700703 0.10232553754323506 0.12789078626436975 0.0961016647303619 0.1140853381265621 0.09209298378891156
0.09034815270861442 0.11799599506579553 0.13317816336099111 0.13396980659100294 0.10344167589332058 0.16943596095717423 0.09086647751389763 0.1607637679092035
0.0790600414994166 0.12243678398152129 0.1092991102591963 0.13576741689243255 0.09792897377861447 0.2005010470778151 0.09208572624008468 0.16292090027091902
0.10344518249388511 0.07553309231260455 0.2227760865489055 0.133494564814495 0.09755275875126418 0.09821672925859454 0.14883647748720563 0.12014510833304551
0.10536314227267958 0.0691277631078157 0.2711985105807689 0.1277966225950699 0.09347688558391262 0.07553641839207531 0.14248369713211526 0.11501696033556291
0.12139985321939487 0.07865073253301345 0.21237882733523517 0.0914076331560118 0.14149923473727696 0.10909097322679727 0.13588358600505634 0.10968915978721416
0.08502922540352273 0.11696454733624408 0.1289945839071204 0.13444987160984284 0.10684647664541232 0.17518336233502252 0.09119208683102385 0.1613398459318114
0.10411379462220219 0.07447409915848421 0.2311760777173509 0.13226664951608635 0.09882223668555197 0.0926397141708966 0.14746744356495 0.11903998456447772
0.10516453859192305 0.06879128775943343 0.2745764140071834 0.1272926859295127 0.09344073899498338 0.07424907202316994 0.1419218453572328 0.11456341733656142
0.10368472327681312 0.06717318370565326 0.29208873831270427 0.1249460193635941 0.0906750025913276 0.06967542806206882 0.13930548726060415 0.11245141742723468
0.1026287906336436 0.06657721547775781 0.29908006793032527 0.12401358193957518 0.08944766277910425 0.06837456837627072 0.13826588911770546 0.11161222374561765
0.10209862329398897 0.06634726226074542 0.30186686982264593 0.12364960285849051 0.08893698592546749 0.06795593366110642 0.13786007960491403 0.11128464257264145
0.08215595280893345 0.11712475364873937 0.1527279320394255 0.13645382206374335 0.0954195965028923 0.15982206845132196 0.09255128800845201 0.16374458647649198
0.13506630562146785 0.0973513017198247 0.1988621336630921 0.10807094550709037 0.1256182414586146 0.11727618182905662 0.12049103924447241 0.09726385095638133
0.11286963846814907 0.06995415866361013 0.25849334595791196 0.12625072060772663 0.09939475049456306 0.07865160547903767 0.14076013178204744 0.11362564854695396
0.10603040810745393 0.06750594351610834 0.2852251856568831 0.12540774567430718 0.09237693144318028 0.0707665368553289 0.13982027763986188 0.11286697110687645
0.13822159676738452 0.08919951363360332 0.24743156848806522 0.10381423087429399 0.1202991154259289 0.09185604692968388 0.11574512009417554 0.09343280778686458
0.08838716843682869 0.11803611615235887 0.13787103591106079 0.134147991218831 0.10174436622697541 0.16784839941683646 0.09098733317451146 0.1609775894625972
0.11882636908936473 0.0843730473740428 0.16680418141686876 0.09355679353396275 0.14732267396965695 0.1377703251218756 0.13907845725347298 0.11226815224075529
0.11005436839807531 0.06996159200519901 0.24497038277838212 0.12797605354514568 0.10569203457800189 0.08348337125348444 0.14268374925108032 0.11517844819063111
0.08382393235821711 0.11780116242438748 0.13844473427118129 0.13679601295763857 0.0995427090994624 0.16665285063824428 0.0927833827017027 0.16415521554916626
0.10304278805130147 0.08033210617933466 0.2345948471987384 0.131041951490737 0.09642934734518717 0.09051920673097738 0.1461019966620605 0.1179377563416633
0.10440236264582452 0.07301554060961253 0.2754232890333522 0.12643213947836338 0.09245415438036304 0.07352118803787167 0.14096240028408571 0.11378892553052702
0.13748497427997333 0.0945813272087289 0.24326650990002843 0.10353827815008187 0.12014330583024102 0.09236370089570681 0.11543745340016588 0.09318445033507368
0.11118862047284676 0.07311608939175429 0.27619123590177364 0.12305090327314909 0.09609847584521447 0.07241628792309558 0.13719257424633188 0.11074581294583417
0.12218644566612998 0.08265893658759185 0.21315366289411705 0.09042467003864932 0.14131744380918432 0.10732689164676211 0.13442234531118616 0.10850960404637917
0.1086543708148101 0.07263460920144361 0.26394484328077505 0.12485308274990192 0.10220166459262896 0.0761417850136231 0.13920186987190558 0.11236777447491174
0.10441166139335087 0.0710286368012644 0.2869224046770119 0.12445805077289895 0.09250965636541324 0.06989590559690609 0.13876143869754554 0.11201224569560905
0.10263362045540002 0.07033959114076378 0.2964755209960409 0.12357790491429824 0.0896932619111749 0.06827984441172119 0.1377801417477325 0.11122011442286842
0.10185563857839446 0.07001626946147353 0.3003524975777639 0.12313731384563739 0.08876648718117403 0.06775929530837696 0.13728891558610617 0.11082358246107366
0.08164217975100439 0.12315993206218685 0.15174625577017534 0.1354409380960696 0.09482439697779918 0.1587928831797121 0.09186428844776895 0.16252912571528352
0.1016003398258153 0.08478615907618446 0.2397473742576709 0.12967302380737558 0.09453222625436666 0.08837941089805415 0.14457574445389484 0.11670572142663803
0.13734021955420614 0.10101215587658786 0.2296952589858093 0.10413661594370346 0.12146826054225762 0.09651997936012262 0.11610455538797981 0.0937229543493331
0.11137954125125447 0.07760496351960298 0.2700154084182719 0.12309068062489133 0.09658627108956613 0.07330459950894559 0.13723692302506538 0.1107816125624022
0.13910147815685706 0.09834431538427017 0.2402056853052915 0.10276603760655073 0.1207371386128533 0.09177944826426157 0.11457646282402 0.09248943384589565
0.11136744197872567 0.07684367856073152 0.2743238652279933 0.12250342929606262 0.0960132063380817 0.07211311061380121 0.13658218161814742 0.11025308636645637
0.10441014983514453 0.07369477695282213 0.2906987302692591 0.1233956614620836 0.09049685963016355 0.0686707726358812 0.1375769538987708 0.11105609531587525
0.10223845294671223 0.07290671908615891 0.29763640600492053 0.1229114975189459 0.08888303930058003 0.06776639014182138 0.1370371472338098 0.1106203477670513
0.10146675115502587 0.07261590165991105 0.30047792468823714 0.12261429888620547 0.08831930535467847 0.06744715632105046 0.1367057929373067 0.11035286899758494
0.10117459637419267 0.07249674435730835 0.3016291903165036 0.12248166169774101 0.08810511532913172 0.06732128402668926 0.13655791237046647 0.1102334955279669
0.11869164442106436 0.08508680469370622 0.2217481823653599 0.08986563042782855 0.13783593793673232 0.10534174825964995 0.13359129538226452 0.10783875651339427
0.10720220028917893 0.07553618361359137 0.267213223681152 0.1239774883589011 0.1008960321915275 0.07536948487383355 0.13822564746880464 0.11157973952301098
0.08235126432177683 0.1283500135931713 0.14292280504136873 0.1347293740571192 0.09730842863125148 0.16128120308281027 0.09138166240395912 0.16167524886854304
0.10204391103598459 0.08584536233135368 0.23575366935561595 0.12999300944380698 0.09535807634934049 0.08907975842548119 0.14493250455899076 0.1169937084994263
0.12040493740172505 0.08865714462699333 0.19966618837592437 0.09120770003195436 0.14212592472187136 0.11290249281538542 0.1355863719878008 0.10944924003834523
0.10847781563325144 0.07671483745227368 0.25781660354258246 0.12502726445287743 0.10266888230655201 0.0773739891327847 0.1393960694720887 0.1125245380075897
0.1043525641607359 0.07417270047840419 0.2840519117639417 0.12429258349538676 0.09259839677400047 0.07009156315025937 0.13857695503142373 0.11186332514584808
0.10247872912075277 0.07317101971070361 0.2949682510064256 0.12325401267528331 0.08958139173301558 0.06819895827377077 0.13741902607229348 0.11092861140775498
0.08144801694271439 0.1277566175745612 0.1499741821211284 0.13475910102539868 0.09463953752440002 0.15830979853800503 0.0914018250433139 0.1617109212304784
0.10158624998100656 0.08556254936185649 0.23892082182208194 0.12970828761611203 0.09452431538947684 0.08834525600595676 0.14461506096900847 0.11673745885450085
0.10358635203822662 0.076311845615382 0.27677503141117377 0.1256759680411499 0.0916171060044192 0.07280600009031671 0.14011932556229695 0.11310837123703489
0.10260927891047891 0.07374849181935571 0.2921188622702539 0.12370183750384298 0.08964572152506431 0.06892583688117127 0.13791831733637416 0.11133165375345867
0.10177337057314412 0.07290698358888367 0.29827746741404687 0.12290489435696093 0.08867994176989968 0.06781315217483011 0.13702978520096987 0.11061440492126483
0.11893782693336481 0.08521660060588257 0.22062326088396708 0.0899314179002307 0.1381228860375193 0.10556121328020676 0.13368909287855188 0.10791770148027684
0.10730448986664719 0.07558512313910064 0.2667311904483033 0.12402571619753217 0.10099928802831579 0.0754516298325363 0.13827941790978585 0.11162314457777893
0.10372113896329165 0.07374698169051143 0.28770058511063545 0.12384784782743107 0.09192066156787904 0.06951861384468122 0.13808110795088208 0.11146306304468795
0.10218456458738344 0.07300325850146534 0.2964432150944983 0.12307108019103474 0.0893085754701634 0.0680102639794893 0.13721507000403424 0.11076397217193126
0.0813796708542599 0.1276928380658826 0.15033529535607423 0.1347345634308587 0.09456244883158758 0.15822852519120237 0.09138518215310418 0.16168147611703043
0.11517209600314542 0.10020721311252775 0.16956876488585126 0.09182108232620739 0.14290554342666686 0.1336417954886261 0.1364982059655262 0.11018529879144888
0.08222944734517625 0.1357970085781684 0.11626231552274077 0.1313754997382819 0.10527077610824387 0.1823074923293985 0.08910686069205205 0.15765059968593823
0.08734943566511048 0.16906296484619102 0.11877635727490987 0.15218350012923926 0.08328900052641276 0.17495850659346912 0.07741508484835215 0.13696515011631533
0.10339242622180203 0.09847407262906319 0.22342825368873076 0.12958084805528974 0.09208548665464211 0.09194317413160476 0.1444729753691066 0.11662276324976077
0.0811559298865874 0.13950890342154493 0.13122397669334546 0.13409858739383934 0.09469420527717759 0.16744626796168532 0.09095382449321278 0.1609183048726072
0.10168960494934227 0.09247009959590369 0.22972980895852627 0.12969526061045267 0.09472691243303069 0.09036204207347438 0.14460053682986287 0.1167257345494074
0.10364683191365444 0.08048239904303037 0.2724756302154547 0.1255452199327256 0.09168707653959332 0.07319859323736307 0.13997355117872542 0.11299069793945306
0.10251885493128893 0.07694200595302171 0.28998811489533594 0.12341342305042749 0.08955890543091719 0.06890985824934143 0.1375967567442826 0.11107208074538474
0.11900184911909353 0.08876558864357903 0.21751845763952726 0.08972116001036574 0.1382384482382745 0.10571257393325204 0.13337653040346908 0.10766539201243888
0.10715109107945717 0.07897270794451418 0.2649377314694464 0.12361716198065745 0.10088516538661361 0.07535678590962834 0.1378239104470912 0.11125544578259171
0.08197892273239055 0.13318191137774124 0.14188585131488549 0.13394722091323974 0.09687215135121235 0.1605461186821846 0.09085115853245827 0.1607366650958877
0.08730518731649163 0.17128399770059335 0.1260183053720705 0.15219442060808677 0.0815973288734915 0.16720514153352647 0.07742064004846153 0.13697497854727808
0.10313459354257226 0.09868054298850089 0.22672172908970606 0.12927365645681452 0.09146413019860523 0.09024857725111513 0.1441304796615529 0.11634629081113308
0.12051265227510355 0.09462528429544223 0.19621146903922582 0.09090342128748292 0.1404839966197229 0.11304502974053106 0.13513404119751193 0.1090841055449795
0.14195567080571372 0.10575494036392383 0.20949867497238078 0.10204538943468142 0.13384888724297592 0.10128259279701102 0.11377299389210002 0.09184085049121328
0.08742578580416019 0.13932715267785373 0.12616691546543748 0.13056139153874027 0.10296540202342662 0.1683249996871825 0.08855468295671079 0.1566736698464883
0.10324940210003657 0.09238283146032611 0.22693660976972654 0.12946137123693555 0.09661349933814976 0.09050128434876147 0.14433976763282216 0.11651523411324198
0.10410627347493848 0.08051317898394521 0.271229958543991 0.1256112808405437 0.09217421702048299 0.07326773421858514 0.1400472041610241 0.11305015275648934
0.10267335561222751 0.07697735815930991 0.2894658045292101 0.1234628006261798 0.08970339262357387 0.06894895882958436 0.1376518090563527 0.11111652056356182
0.11905593774196964 0.08878024808897429 0.21733962180406705 0.08972915754971433 0.13829973945897445 0.105731887013784 0.1333884192828589 0.1076749890596572
0.10717104437612716 0.07898006507338158 0.26486029343274803 0.1236245815520425 0.10090504615879732 0.0753646632945789 0.1378321827154862 0.11126212339683825
0.10349503642450503 0.07671173452425457 0.2865465543770697 0.12344205329989497 0.09172294065404309 0.06935515541447398 0.13762867733585304 0.11109784796990549
0.08131701640747861 0.13254638077327993 0.1474174247877065 0.13405078488173913 0.09475459291447798 0.15813145645744262 0.0909214019197883 0.16086094185808697
0.10118437765268132 0.0906029560596959 0.23697668984469478 0.12899027678129688 0.09423188998780554 0.0881080280995707 0.1438145324710877 0.11609124910316719
0.08078401470790617 0.13704095077962464 0.13472005186735664 0.13417660137233894 0.09528243992150957 0.16597728138234918 0.09100673832210816 0.16101192164680672
0.10147824248816645 0.09187860238692172 0.2313108241164623 0.1295506247849839 0.09476025112572091 0.08998661411307582 0.1444392786781835 0.11659556230648549
0.10353412020738523 0.08032290568193388 0.27313505297510593 0.12546748233890978 0.09164236456260558 0.0730904605661072 0.13988687956293372 0.1129207341050188
0.13631922004439478 0.10229722651792324 0.24134618635381266 0.10258976955921115 0.11910562286637598 0.09163124494942398 0.11437993710556824 0.09233079260329002
0.08645929038690586 0.13844997854924004 0.13436753964097364 0.13082877093619283 0.09961410523483719 0.16454975418908824 0.08873603593933078 0.1569945251234314
0.07628028206990238 0.1496749082742854 0.10704686912837856 0.13135092929421904 0.09461953869766106 0.19431616186119427 0.0890901955212964 0.15762111515306285
0.10101445960039175 0.09612961568282156 0.21838357648839346 0.13035169774292119 0.09529989615165754 0.09617181112046592 0.14533241524471957 0.11731652796862906
0.10383095690675506 0.08209243853703789 0.26763262006179306 0.1259662621909618 0.09213390227549441 0.07453120218049752 0.14044298187559473 0.11336963597186564
0.11979809383140871 0.09084280185818132 0.20993881215567722 0.09008149512196852 0.13963139344645228 0.10769741669147115 0.1339121927484786 0.10809779414636221
0.14119721122213186 0.10517985629455555 0.21459739358987323 0.10159782485732934 0.133113375199542 0.0996023036762777 0.11327399278869404 0.0914380423715964
0.11234421205780983 0.08240261618095543 0.26253151575046624 0.12261086678323212 0.09923427542801173 0.0738247672959972 0.1367019663986185 0.11034978010490891
0.1219683318766665 0.09064292387220516 0.20766643780923832 0.08973544120317198 0.14173578553861038 0.10717078990054102 0.13339776035576012 0.10768252944380637
0.10816740898236431 0.08011602855943747 0.26052137026516536 0.12386692044859582 0.10193717017703662 0.07580850066351354 0.13810237250015084 0.11148022840373625
0.10384212825285671 0.07751430762741193 0.28466099926576005 0.12353245444024369 0.09204139057822472 0.06950004297829561 0.1377294678609881 0.1111792089962193
0.11937264164903598 0.08945836969435257 0.21557515670600422 0.08968831003300275 0.1390896019456893 0.10586225122653466 0.1333276967057772 0.10762597203960331
0.10725099997594004 0.07969425579608336 0.2639938369560723 0.12357882218110516 0.10109046171378167 0.07538951898225338 0.1377811644317695 0.11122093996299466
0.08192604313735972 0.1341878570532088 0.141555430898943 0.1337904528775385 0.0968341458234387 0.16041269784822157 0.0907448289082435 0.16054854345304617
0.10142763343579612 0.09192008841589741 0.23415088715126808 0.12904165323499098 0.09480580377546079 0.08864463269220187 0.14387181338289293 0.1161374879114919
0.10334405231810943 0.08078914338482676 0.27420267961152517 0.12519571628025433 0.09149384816823881 0.07271453489623453 0.13958388068858207 0.1126761446522289
0.10232164254680397 0.07742454506197552 0.2906088707396005 0.12322098709763477 0.08940644316785165 0.06873641798045162 0.13738220501781068 0.11089888838787128
0.08100379362452732 0.13351424644145124 0.14833439747139868 0.13387780989104767 0.09410438577562465 0.1577079151745044 0.09080407975218885 0.16065337186925718
0.1009815359529163 0.09159668862472634 0.2372267013032126 0.1287839022508797 0.093970959335543 0.08795026023617332 0.14358444027075692 0.11590551202579175
0.13653050913310888 0.10676445980120054 0.22796628282038064 0.10347985843716091 0.12075448817292088 0.09600020926184433 0.1153723197799391 0.0931318725934448
0.0863631527767238 0.14090130968697637 0.13081087905304734 0.13061223784848316 0.0998498691748323 0.16613869602278608 0.08858917001897121 0.1567346854181798
0.11619436158549752 0.10569389949525765 0.1618030342750435 0.09127035243993462 0.14425704447379784 0.1355773758022863 0.13567950900026102 0.10952442292792154
0.12286079116809949 0.09575224242516993 0.17047135647500267 0.0892252064815815 0.1574127191698147 0.12456817432981428 0.13263926217261965 0.1070702477778978
0.08356404096013906 0.13709160241560017 0.11628876581030934 0.13077750702236507 0.108521289408336 0.17812252032385167 0.08870126563256066 0.15693300842683808
0.10249863629226404 0.09312397163091282 0.22232827777544875 0.1297554126003302 0.09819658032796628 0.09264964822315895 0.14466760180962185 0.11677987134029717
0.1040262367180095 0.08134961031625976 0.26920809352419045 0.12571929504330256 0.09263560397059557 0.07374616295233107 0.1401676319363388 0.11314736553897231
0.10267359412277262 0.07767322839962931 0.2885619758195131 0.12345854566172158 0.08982398273918604 0.06904891707311141 0.13764706508851646 0.11111269109554943
0.10161231091881621 0.07639879829242147 0.2964107334919693 0.122500380149433 0.08855239146129552 0.06769626150437126 0.13657878204720364 0.1102503421344897
0.08084263721662058 0.13312583573728937 0.14978271451266198 0.1338151815920934 0.09387486468666965 0.15721894691647226 0.09076160142768075 0.16057821791051208
0.10084475009546524 0.09191854278595822 0.237791033485529 0.1286359704101564 0.093831311509637 0.08778651103607324 0.14341950730804004 0.11577237336914076
0.10303199247457594 0.080979309503701 0.27567595813902057 0.12496145393114685 0.09112452363195396 0.07243875812997753 0.13932269565159208 0.11246530853803216
0.135916050051697 0.10334102841181747 0.24211103610481827 0.10235450779306982 0.11873825004429014 0.0913024327873755 0.11411763779316889 0.09211905701376283
0.11010749684138216 0.08175073966826206 0.27452718417131117 0.12165126288319421 0.09514332275112929 0.07170177742753876 0.1356320796623076 0.10948613659487479
0.10374031486997853 0.07766133329669724 0.29028307596116315 0.12272303719828591 0.08997507337311783 0.06833940378182317 0.13682702804047697 0.11045073347845731
0.1017527377342666 0.0765622410637156 0.2970048790984425 0.12230204997460475 0.08847271234812278 0.06747587610067426 0.13635765870302946 0.11007184497714426
0.10103835340682868 0.0761789194784637 0.29977141421743375 0.12202441109309596 0.08794441110725407 0.0671724086436708 0.13604811206946668 0.10982196998378635
0.08067523559145622 0.13341491571822545 0.15056757490616043 0.13369012697880334 0.09366518918004019 0.15688202347382277 0.09067678177692749 0.160428152374564
0.1007697568991955 0.09195126313032462 0.2381326109660299 0.12859227884888821 0.09375326203893779 0.08769698267483425 0.14337079447779025 0.11573305096399937
0.10300012889211607 0.08097574102198324 0.27581812543421186 0.12494425052490282 0.09109528215013402 0.07241313136677306 0.13930351513746625 0.11244982547241253
0.1021469656950947 0.07767069212724464 0.2912273095522692 0.12308734248734755 0.08923742309584685 0.0686184575527655 0.1372332012508188 0.11077860823861278
0.10135593954525432 0.07656777909261427 0.2974533559317819 0.12231911119766556 0.0883095133586231 0.06753042010264519 0.13637668069351666 0.110087200077899
0.13464989635425914 0.10162211022353788 0.25011492143261593 0.10173625069641395 0.1172664137464519 0.08961945465096167 0.11342832726898691 0.09156262562677257
0.10948815366983276 0.08117954935751172 0.2779031162665312 0.12129310836151377 0.09454714272780194 0.07119236799286295 0.13523276409858323 0.10916379752536239
0.10346225806164328 0.07745402439257777 0.2916671092147498 0.1225636312347612 0.08973294180052405 0.06816346489734428 0.13664930228711436 0.11030726811128509
0.10163333105388263 0.07648285411449249 0.2975670926101413 0.1222359974640795 0.08837440162329964 0.06740991033334709 0.13628401508308566 0.11001239771767155
0.08080250591693713 0.13353588963890614 0.1500214608786395 0.1337126279360923 0.09377859729841792 0.15700172151191194 0.09069204329578434 0.16045515352331075
0.1008206576423369 0.09199220675594505 0.2378875708806588 0.12861527871307712 0.09379628909183887 0.0877378084644207 0.14339643760995316 0.11575375084176943
0.09239590540714122 0.15920163705659313 0.15454857697202687 0.15351372257420387 0.08171529700763665 0.1423707474430849 0.0780917632225298 0.13816235031678345
0.10335970733294793 0.09691012586052289 0.23925963956505944 0.12782086482298785 0.09050739672578265 0.08459276194488774 0.14251072540712229 0.11503877834068908
0.13711853594711784 0.10843261074609203 0.2285442923155137 0.10327304139257094 0.11951550274800415 0.09502854538805837 0.11514173420932909 0.09294573725331384
0.1457686316222243 0.10929441246733099 0.22076029092201083 0.10041525064067966 0.12584772172597544 0.09558445625623024 0.11195551078893687 0.09037372557661169
0.11319642616237086 0.0833625801677688 0.2650032976593657 0.12216759728008024 0.0972613386561891 0.07285016853973522 0.13620775398241777 0.10995083755207222
0.10482922903919938 0.07821788476574115 0.2863001293137084 0.12311029769555176 0.09072603966165475 0.06875835700325666 0.1372587945948913 0.11079926792599659
0.08146987352380916 0.13419235235898244 0.14721572655918744 0.13379609005278317 0.09437828720005405 0.15764370985821716 0.09074865238362685 0.16055530806333979
0.10108551655841247 0.09220964861524573 0.2366265111857908 0.12873287648719098 0.09402117962203645 0.0879371283407149 0.1435275503521368 0.11585958883847186
0.10313379346794706 0.08107000950606148 0.2751862324507204 0.12501436994360673 0.09120400971773733 0.07249695890815232 0.13938169305652867 0.11251293294924604
0.0928829441666698 0.15478155312493055 0.16527122415618117 0.1532703458441684 0.081140038205555 0.13674262470462312 0.07796795853812044 0.13794331125975154
0.10311535479324256 0.09565163167175864 0.24400165670277932 0.12735327928700085 0.09004655921864267 0.08322416453933534 0.1419894024289398 0.11461795135830077
0.08100067380495342 0.1400397692285813 0.1362840836596175 0.13377126629132113 0.09408106878365054 0.16356580328469889 0.09073181539759174 0.16052551954958535
0.07516937914706542 0.15244774862940258 0.10744326627286566 0.13129233153721392 0.0932654781404405 0.19378054747267973 0.08905045095567553 0.1575507978446567
0.11321025287941151 0.10933744619794189 0.15357570311724625 0.09155351868901634 0.14234546452981692 0.1440129375115976 0.13610045464814968 0.10986422242681962
0.10793693464195683 0.08586816123358419 0.23704948973422552 0.1263184389862479 0.10402115978429796 0.08428358781157601 0.14083563272048832 0.11368659508762312
0.12123005786266 0.09222380041266055 0.1990738494043674 0.0902463137860829 0.14409203897567052 0.11068115625266438 0.13415720676259488 0.10829557654329948
0.10827576197527183 0.08098378362232983 0.25679502666740506 0.12421500514132364 0.102766796018868 0.07667966099153758 0.13849046095607276 0.11179350462719127
0.13789800299152966 0.10350740777149837 0.23464248689720504 0.10249829376898581 0.12244517856121409 0.09248221719146135 0.1142779484260185 0.09224846439208723
0.08662720448345729 0.1403803335930174 0.13249924783859912 0.1305126081205429 0.10023950206001404 0.16460437908665376 0.0885215950730639 0.15661512974465147
0.1337005186803765 0.12206988082526891 0.18679510784383035 0.10492425679978293 0.12453297210574331 0.11656271646185323 0.11698271616334006 0.09443183111980462
0.11162720878110996 0.0871792060003215 0.25086096167141403 0.12410079154526525 0.09831948728973763 0.07785851100154256 0.13836312131987036 0.11169071239073872
