Action: 0
[0.10989159791361154, 0.10635155348076736, 0.2519908121644972, 0.10635155348076736, 0.10635982251805452, 0.10635155348076736, 0.10635155348076736, 0.10635155348076736]
[0.1446987790398267, 0.10433283149308996, 0.21423278101199061, 0.10433283149308996, 0.11940428248273287, 0.10433283149308996, 0.10433283149308996, 0.10433283149308996]
[0.21299635933644528, 0.10627142085214229, 0.14571320889311873, 0.10627142085214229, 0.10627142085214229, 0.10993332750972462, 0.10627142085214229, 0.10627142085214229]
[0.125, 0.125, 0.125, 0.125, 0.125, 0.125, 0.125, 0.125]
[0.10435593294989773, 0.10991147230115932, 0.24913257877912548, 0.10434908658835058, 0.11920366743670312, 0.10434908876806247, 0.10434908658835058, 0.10434908658835058]
[0.10529982568078489, 0.10526853234913881, 0.14477527137650387, 0.10526851741877709, 0.2235823009184604, 0.10526851741878081, 0.10526851741877709, 0.10526851741877709]
[0.125, 0.125, 0.125, 0.125, 0.125, 0.125, 0.125, 0.125]
[0.125, 0.125, 0.125, 0.125, 0.125, 0.125, 0.125, 0.125]

Action: 1
[0.10526054914251731, 0.10526072908806033, 0.10526054914251731, 0.10526054914251731, 0.22368789119994698, 0.14474863399940616, 0.10526054914251731, 0.10526054914251731]
[0.10670517302294207, 0.10670517302294207, 0.10670517302294207, 0.10670517302294207, 0.14635861581646345, 0.21341034604588413, 0.10670517302294207, 0.10670517302294207]
[0.10527257756428718, 0.10527257756428718, 0.10527257756428718, 0.10527257756428718, 0.11832195106982223, 0.25004258354445474, 0.10527257756428718, 0.10527257756428718]
[0.125, 0.125, 0.125, 0.125, 0.125, 0.125, 0.125, 0.125]
[0.10646433160434483, 0.21265728985323828, 0.10632864492661914, 0.10632864492661914, 0.1099027555127098, 0.1456610433232304, 0.10632864492661914, 0.10632864492661914]
[0.10631209643599414, 0.10631205955210637, 0.10631205822851017, 0.10631205822851017, 0.11016941819521388, 0.2519581929026451, 0.10631205822851017, 0.10631205822851017]
[0.125, 0.125, 0.125, 0.125, 0.125, 0.125, 0.125, 0.125]
[0.125, 0.125, 0.125, 0.125, 0.125, 0.125, 0.125, 0.125]

