0.125 0.125 0.125 0.125 0.125 0.125 0.125 0.125
0.09707602339181286 0.0783625730994152 0.19415204678362571 0.1567251461988304 0.08736842105263157 0.07052631578947367 0.17473684210526313 0.14105263157894735
0.09962640099626399 0.07845579078455792 0.19925280199252798 0.15691158156911583 0.08685378548392246 0.06839735606858895 0.17370757096784492 0.1367947121371779
0.0745303753200788 0.12421729220013135 0.1056354961590544 0.1490607506401576 0.09316296915009849 0.15527161525016417 0.11179556298011821 0.18632593830019697
0.07232509742605532 0.1279597877537902 0.0989961901423339 0.15994973469223772 0.08679011691126638 0.1535517453045482 0.10848764613908299 0.19193968163068525
0.09722068797823212 0.0765612917828578 0.21191220758935483 0.1531225835657156 0.09143300999739659 0.06674574155428628 0.1695129944235842 0.13349148310857256
0.10813065039437306 0.08728618766774693 0.16143702717540037 0.10910773458468365 0.12975678047324768 0.11115636261136841 0.1621959755915596 0.1309292815016204
0.09271758676818469 0.07484431702973944 0.21329032348296476 0.14968863405947888 0.09352082506052024 0.07432688676284849 0.1668916561827324 0.134719770653531
0.06942718707073696 0.12283271558668844 0.11736855185859779 0.15354089448336058 0.09068088571825766 0.15775991129622044 0.10414078060610543 0.18424907338003269
0.0974059493229408 0.07379391909770935 0.2182157940590842 0.1475878381954187 0.08931558792358875 0.07630243145526529 0.16454942557011606 0.13282905437587683
0.08708257545255968 0.14513762575426614 0.1418684089821755 0.17416515090511936 0.08227794442168604 0.1265302378370525 0.09110177124267782 0.151836285404463
0.08952823640200877 0.14625354249757475 0.09357567705810602 0.127503088331219 0.10697948602280381 0.1966759081270416 0.08648035556378333 0.15300370599746282
0.09490775202529016 0.08492801661583607 0.21874078596187202 0.149479709439832 0.09099008674816567 0.06515782206351652 0.16548018301845463 0.13031564412703303
0.10441850185076196 0.08892732694801833 0.18330627389470494 0.09867548424897006 0.14191334221084526 0.10278696275934382 0.15662775277614294 0.12334435531121259
0.07085173649619929 0.12825845206632117 0.11833480941381723 0.14170347299239858 0.10983679867938465 0.14760778436708186 0.10627760474429895 0.17712934124049823
0.11017283222028808 0.083249705785073 0.16135606456562498 0.10406213223134124 0.1368574953319365 0.12473186237855087 0.15469534880957594 0.12487455867760948
0.09656629954080613 0.07028155217391371 0.23553969058821328 0.14056310434782743 0.09691774267867509 0.07690744519359859 0.15671737156392102 0.12650679391304467
0.0929288461526939 0.06842608447090863 0.2670392883010233 0.13685216894181726 0.08917168460904383 0.06983501995517974 0.15257995552169776 0.12316695204763554
0.08759388471868687 0.07361587821388699 0.27657127567530243 0.13796036843193185 0.09112108139867314 0.06013657085494464 0.15272779899668482 0.12027314170988929
0.06954264550393226 0.1243858752097413 0.13963281265337407 0.13908529100786451 0.1043022821428333 0.1448805114665255 0.10431396825589838 0.1738566137598306
0.10780001293047779 0.08145018896359532 0.17056800022903895 0.10181273620449414 0.14277608330284047 0.12206622438733039 0.1513514705368301 0.12217528344539295
0.09447649177732433 0.06878048725832911 0.24570936565857895 0.13756097451665822 0.1010697671860328 0.07522781569637713 0.153370220841707 0.12380487706499241
0.09129883151166213 0.0672688818911539 0.275294570711089 0.1345377637823078 0.09192310963593008 0.06859328857813236 0.14999956648564766 0.12108398740407703
0.10578130115529863 0.07812723721081073 0.21074516701310284 0.09765904651351341 0.1401269023183967 0.10519275814063277 0.1451767318320289 0.1171908558162161
0.07729587738536224 0.11487776215945522 0.12781665401255315 0.14359720269931903 0.10274046231423731 0.16395903461991732 0.0973963635699729 0.1723166432391828
0.09143065330465637 0.07995438860020035 0.23789182342433032 0.1440032789548338 0.09899032619256473 0.06277066005723525 0.15941754935170857 0.1255413201144705
0.07630041055021154 0.11610036824557567 0.13464544951872323 0.1451254603069696 0.09626757644992798 0.15897726165637083 0.09843292090385765 0.17415055236836352
0.09099515182782274 0.0796750826612796 0.2425904727033145 0.14331736412882082 0.09734870060538262 0.062471671543332156 0.15865821344338324 0.12494334308666431
0.07604826716795761 0.11574748317167928 0.13542619316034804 0.1446843539645991 0.09573470562290333 0.16060403642248314 0.09813373573251069 0.1736212247575189
0.11128266269568951 0.07915933510135163 0.16716188032085547 0.09894916887668953 0.14289617040379582 0.134717194574691 0.14709458537489967 0.11873900265202744
0.10435828072760493 0.06703035484286451 0.24291652994093008 0.13406070968572903 0.09937360948719387 0.08213818982950724 0.14946768676901429 0.12065463871715612
0.10038159108623311 0.08431457046786646 0.19667054584732793 0.0948606035764903 0.15581141919660893 0.09881312872551072 0.15057238662934969 0.11857575447061289
0.07885755646844783 0.11330092406179255 0.1237749937341074 0.14162615507724072 0.10444784646359007 0.17198165900626508 0.09605947909586762 0.16995138609268884
0.11442001440326914 0.07837525405093683 0.16232911774523742 0.09796906756367103 0.14707538034743275 0.13663068586764998 0.14563759894539755 0.11756288107640524
0.1046071977430761 0.06668962830127437 0.24041668166920427 0.13337925660254873 0.10394609545971623 0.08221189184591038 0.14870791743597594 0.12004133094229387
0.09456503929836418 0.07189730975340994 0.27971607265906984 0.13474500717258542 0.09370329982843492 0.05873500312651159 0.14916826190860083 0.11747000625302317
0.07501136133997263 0.12238891720341125 0.14396881891097396 0.13685645707513708 0.1055027218669632 0.14255880945326777 0.1026423428063528 0.1710705713439213
0.11352189249699271 0.07835987978913479 0.16898500093035845 0.09794984973641849 0.1487796046031452 0.12925492240581102 0.14560903035443704 0.1175398196837022
0.07701950234735162 0.12430278444836486 0.1201949396835313 0.1382977405063991 0.11952940564072238 0.14406014636083242 0.10372330537979933 0.17287217563299886
0.0758346121185454 0.11431162901898857 0.10719652467198115 0.1428895362737357 0.10236790549439868 0.1890159677690729 0.09691638112479467 0.17146744352848287
0.1136854641278336 0.07830240966609261 0.15684251135817429 0.09787801208261578 0.14851226372375334 0.14182348568524925 0.14550223885714225 0.11745361449913892
0.09749609088367628 0.07838088472390171 0.24805926969506548 0.13779839070813477 0.10551898544979836 0.060065965180469 0.1525484829980165 0.120131930360938
0.07486880613139828 0.12935268825586307 0.13673054698615755 0.13618123467235155 0.10864880182582685 0.14185545278369951 0.10213592600426367 0.17022654334043943
0.06601019473859476 0.09829374749856859 0.06653930604233953 0.08569198499875211 0.1435951956873614 0.2716164006035074 0.09686920043337195 0.17138396999750422
0.0976602164408248 0.08435295602268213 0.2151541696999486 0.14451791803040684 0.10934249411040958 0.06299498991069016 0.15998727596365753 0.12598997982138033
0.08090256487802924 0.11474981296749442 0.12913851908004959 0.14343726620936803 0.10090832126897485 0.16145091123761876 0.09728788490722354 0.1721247194512416
0.07528518778985971 0.13918333076177958 0.11205769686629913 0.13944219320818485 0.1098949203656478 0.1452522845918592 0.10458164490613865 0.17430274151023104
0.09081259728332942 0.17512632501139105 0.09879915874946578 0.12662548579700533 0.13611614604260314 0.2015758812902482 0.09496911434775401 0.07597529147820321
0.07270961233209287 0.14571047349975932 0.10140016139751039 0.13299688694502274 0.11392801385970044 0.16726107807586882 0.09974766520876707 0.16624610868127843
0.07593942849974865 0.11362656533826329 0.10249754562298481 0.14203320667282915 0.10065273971074824 0.19847509988298165 0.09633556626504933 0.17043984800739495
0.09525379187264518 0.08372175838225485 0.22607291871240062 0.13923452975853215 0.09802452617073604 0.08217017812093903 0.15413834796223339 0.12138394902025879
0.07351527175791532 0.1283995413674682 0.1302867691357985 0.13387183753563342 0.10607358176256247 0.16010932336935532 0.10040387815172508 0.1673397969195418
0.06441026108881169 0.11674428326800046 0.06955128888720746 0.08529097806125481 0.14672876556530326 0.24434329333340685 0.10234917367350575 0.17058195612250962
0.08524040099166509 0.12938790109703013 0.07615625687456724 0.11279970864869295 0.12319532043172114 0.26135313310312636 0.07650762847476564 0.1353596503784315
0.10350408261575379 0.06844905498193296 0.2059580553198439 0.13689810996386592 0.1023696453020469 0.10698157651622972 0.15263117633284753 0.12320829896747933
0.10383277432600403 0.06624391940092848 0.25846027781077485 0.13248783880185697 0.09460314349823225 0.07741893812861111 0.14771405311192112 0.11923905492167126
0.10212058301415904 0.06503289181741978 0.2780310442237667 0.13006578363483956 0.09143221297298215 0.07124463671439471 0.1450136423510823 0.1170592052713556
0.10108074162233074 0.06455407216865909 0.28517910077909786 0.12910814433731818 0.09018534314917734 0.06974932203986522 0.14394594599996519 0.11619732990358637
0.10061553958755429 0.06437747386230036 0.2877787219668786 0.12875494772460072 0.08971303006702382 0.06932867570476003 0.1435521581347414 0.11587945295214065
0.1177071352242693 0.07537810597837001 0.2114986749852405 0.0942226324729625 0.1399233458404447 0.10813467497433611 0.14006827155682186 0.113067158967555
0.10662998804053357 0.0650515600837469 0.2584731475652747 0.1301031201674938 0.10098963608489465 0.07660447010862842 0.14505526979868338 0.11709280815074442
0.08210776307947418 0.11267053295213349 0.13764386448543434 0.14083816619016687 0.09780972264380351 0.16439913415267407 0.09552501706811319 0.16900579942820024
0.11130330356107741 0.09189738925174108 0.16065062705286315 0.09149309852509091 0.1537010041477556 0.1313610637890911 0.14522714051601732 0.11436637315636362
0.08244313933520978 0.11132940411240336 0.11449668944381265 0.1391617551405042 0.10785345232958929 0.18333348041805558 0.09438797305182023 0.16699410616860502
0.09971947098974018 0.08212513570520485 0.22861725502238614 0.1365314671349984 0.09819118901104382 0.08464210272662986 0.15114594652307511 0.11902743288692165
0.1131591057823648 0.08668274093309758 0.18826159012807905 0.09040795914665287 0.15234402104718214 0.11262993697112823 0.14350469705817914 0.11300994893331609
0.0828696941884604 0.11137585939893299 0.12084779351211926 0.13921982424866625 0.1077203675996548 0.1764753128981496 0.09442735905561711 0.16706378909839947
0.09956402460206058 0.0819486707815255 0.23119872894272098 0.1362195779754895 0.09799253898025619 0.08352025679819555 0.1508006724026583 0.11875552951709342
0.07803080647933405 0.1264982759761929 0.13044796609450354 0.13196278856463756 0.10507908853508781 0.1640554972209691 0.0989720914234782 0.16495348570579696
0.0741589710092592 0.13321879187092422 0.1063066814520177 0.12973155614443832 0.10493353273384805 0.1921873545006359 0.09729866710832875 0.1621644451805479
0.08991614082743549 0.1641785168191478 0.09246739641308072 0.11869322479471732 0.12802839444857023 0.24648047322418004 0.089019918596038 0.0712159348768304
0.09063089993764185 0.12820111619259972 0.07975057563721408 0.11176507565508693 0.11829927891240989 0.26142908547810156 0.07580587740084158 0.13411809078610432
0.11815501024025864 0.07616947157383758 0.1445881770829402 0.09521183946729697 0.15102913733379483 0.1590533627479395 0.1415387941931758 0.11425420736075637
0.10935884902411845 0.06630593132221513 0.23208098438933558 0.13261186264443026 0.10568030193945269 0.08675906385958108 0.1478523304408797 0.11935067637998723
0.10542646977575022 0.06533679821785736 0.26765991032514375 0.13067359643571472 0.09444288103181304 0.07316279915668376 0.14569130826489385 0.11760623679214324
0.08230901735679111 0.11267982961381436 0.1397546428651129 0.14084978701726797 0.09672522410591324 0.16312885559997106 0.09553289902040785 0.16901974442072154
0.08977071180943454 0.1568681218532216 0.13025765947874138 0.15596237020916762 0.08641595382213474 0.16317767156117924 0.08158031672479538 0.1359671945413256
0.06650512490600827 0.11823434630898363 0.06770433750102367 0.08241575951128892 0.1367843998776305 0.2646256014589406 0.09889891141354669 0.16483151902257784
0.08581626110591176 0.12821765262425666 0.07523468408227335 0.11177949203140324 0.12043367198490937 0.26856719226878384 0.07581565546477785 0.13413539043768388
0.10475860486628644 0.06826203127082872 0.20516683797408358 0.13652406254165744 0.10204905262130146 0.10815361306727896 0.15221414137107178 0.12287165628749168
0.12167374969254248 0.07623009271974285 0.18591393100709036 0.09528761589967857 0.1457053576995061 0.11919267295245248 0.1416514409493729 0.11434513907961426
0.10906629775813098 0.06547347070401698 0.24834016624805438 0.13094694140803395 0.10334863705770375 0.07897617204667816 0.1459960675101513 0.11785224726723058
0.08308238286615273 0.11260136210968423 0.1353246440068008 0.1407517026371053 0.09863692742834129 0.16523456556396143 0.09546637222342794 0.16890204316452634
0.10190314025078853 0.08120222595818995 0.2358967574973936 0.1344279745797363 0.09511008550521137 0.08544890354824952 0.14881729379604505 0.1171936188643855
0.08084242096325787 0.12514561081210246 0.13068087786664054 0.13049494539119913 0.10354486967434727 0.16830138451005444 0.09787120904339935 0.1631186817389989
0.07642385056475408 0.131950913093943 0.10564692295018188 0.128513884032085 0.1038695469732964 0.19656711432156956 0.09638541302406377 0.16064235504010627
0.11244504467476567 0.09349191139442367 0.14870806911645792 0.09010896469230144 0.15430046795189395 0.14527923361858766 0.14303010268619276 0.11263620586537679
0.08254967722665264 0.11087633764119498 0.11146526941812711 0.13859542205149372 0.10819149448419661 0.18800344123813797 0.09400385147840444 0.16631450646179244
0.10242632192670773 0.0814902109756084 0.22583477944048516 0.13520821439900754 0.09774765273662389 0.08973794123464228 0.14968105134932863 0.11787382793759633
0.10032759481980086 0.1552360884398679 0.11941667863982174 0.12136154620705827 0.12914700324581177 0.21067300126811092 0.0910211596552937 0.07281692772423497
0.09376926740786938 0.1291834086258476 0.08526819511962719 0.11262143316099534 0.11978227639476552 0.24784298831024304 0.0763867111874577 0.1351457197931944
0.10658744034518855 0.06804679685665004 0.20928059120635473 0.13609359371330007 0.1015785634384319 0.10419457934611182 0.1517342007519928 0.12248423434197009
0.08266137115066247 0.11267636973507217 0.12634791343245522 0.14084546216884022 0.09819515893464964 0.17472920433075959 0.0955299656449525 0.16901455460260825
0.10209108729264627 0.08142876545480916 0.2322090211574658 0.13477641022852652 0.0952875666214304 0.08750673958655616 0.14920302638241437 0.11749738327615131
0.07024149230689762 0.10873689136414279 0.08459488867566395 0.08500863694068611 0.14397342061030205 0.2354170318921119 0.10201036432882332 0.17001727388137222
0.08736524258813103 0.1291066890082032 0.07878337940000506 0.1125545493917669 0.12308345045253948 0.2576998833452531 0.07634134654398102 0.13506545927012029
0.10529695827663145 0.0681954387437303 0.2066409450277537 0.1363908774874606 0.10251361297294456 0.10614472777793953 0.15206564997482544 0.12275178973871452
0.10582947316791143 0.0660075111417426 0.258313921948003 0.1320150222834852 0.0947436550730047 0.07708999835196512 0.1471868979787514 0.11881352005513666
0.10417313464710225 0.06481960755489051 0.277568500009663 0.12963921510978102 0.09156845299376559 0.07101774580688075 0.14453805027911404 0.11667529359880291
0.0822885782085345 0.11255068641352577 0.1419381849370916 0.1406883580169072 0.09609996348844413 0.16218479126895807 0.0954234080462501 0.16882602962028864
0.101504086930517 0.08100454060528452 0.23855501539943577 0.1340888976412692 0.09437208686444623 0.08513543754404898 0.1484419216867123 0.11689801332828595
0.08130361283323452 0.1214217302296174 0.1323878334895413 0.1397555679412063 0.0961039975408244 0.1665298433977452 0.09479073303838341 0.16770668152944754
0.10161019850982453 0.08234947915752208 0.23465649694809107 0.13449034338923177 0.09465389111092372 0.0861052605797895 0.14888633863195375 0.1172479916726636
0.07160316792816324 0.10706134503069993 0.08075080067053725 0.08583490062365079 0.1411255082045295 0.2449237190683819 0.09703075722673567 0.17166980124730158
0.10091275626167025 0.07541381710634779 0.2063388161216155 0.13528875912267813 0.10588518811252115 0.1035639098190246 0.15083687024573217 0.12175988321041033
0.10442511642688475 0.07087595866272821 0.257508537960897 0.13125880059127898 0.09508592945127155 0.0763689691483923 0.1463437672263961 0.1181329205321511
0.10347381467697608 0.06932461615761665 0.27663870356574194 0.12891225626416758 0.09129387933651614 0.07060815394431572 0.14372754541691518 0.11602103063775081
0.10259031081777005 0.06873894245092914 0.28365321577093866 0.12799469088215187 0.0899278533802539 0.06919523641302358 0.14270452849099619 0.11519522179393668
0.10214842913760996 0.06852388450797106 0.2862157092638896 0.12765886707558782 0.08943511426228364 0.06879490537647359 0.14233011000815535 0.11489298036802903
0.08131058201068504 0.11963186985153004 0.14312109941088308 0.13932108548079294 0.0949062272658542 0.1600277928163305 0.09449604058697261 0.16718530257695152
0.10124471919328489 0.08183148844213715 0.23898993985183284 0.13399046861224742 0.09406441543560276 0.08473380835388669 0.1483329567054591 0.11681220340554904
0.07158301444121086 0.10705306898477049 0.08139796163641101 0.08586724128135938 0.14101451473606097 0.2442824001263667 0.0970673162311019 0.17173448256271875
0.10089060147633444 0.0754004785141384 0.20661362752361864 0.13526651664254574 0.10584249163602742 0.10343434768877297 0.15081207154027113 0.12173986497829115
0.10441077635510743 0.07086845465873912 0.25761312943803244 0.13124635371229884 0.09506868189753571 0.07634099571201257 0.14632988988520482 0.11812171834106895
0.10346693676994435 0.06932149408132371 0.2766773306562443 0.12890726688603352 0.09128712683515725 0.07060132194122942 0.14372198263263736 0.11601654019743016
0.10258740664623964 0.0687377482828136 0.28366734303965796 0.12799280574429478 0.08992527946019839 0.069193464953963 0.14270242670296746 0.1151935251698653
0.08140342230448433 0.11968584212705663 0.14255983774341224 0.13935810710299903 0.0950293994364618 0.16021251185734423 0.09452115090464283 0.16722972852359883
0.10128220375383684 0.08185346529368456 0.2387633914475172 0.13401670867837417 0.09410766793563001 0.08477947799301047 0.14836200553731288 0.11683507936063389
0.09695620635769646 0.1449907617545268 0.11019823355154011 0.11629485877387417 0.11460066633411893 0.19852719066166247 0.07887825203793203 0.139553830528649
0.11944642860909925 0.08729135505806597 0.15385436700603106 0.09444445198557815 0.14911112662735984 0.14212090717052156 0.1403980211606505 0.11333334238269378
0.12398845734536172 0.08155218455609758 0.166572767811598 0.09315789515867903 0.15839396014452237 0.12605979276639465 0.1384854680269318 0.11178947419041482
0.10971402632271586 0.07102569527483704 0.23954039349284872 0.13052114004137136 0.10607258327396034 0.08013580479448848 0.14552133076254387 0.11746902603723422
0.13966224806523042 0.09250230425695936 0.2239238660180157 0.10748598584481754 0.12481057943572062 0.09503877624417621 0.11983885287474433 0.09673738726033577
0.0871287067573313 0.12076976926694083 0.12793115274228883 0.13715543738943842 0.1013941516732359 0.16800709107408032 0.09302716622935824 0.16458652486732608
0.11479261120771914 0.09189350609212733 0.15585604186679444 0.0900961643936363 0.1533917544635434 0.13833993173233053 0.14300978475180362 0.11262020549204535
0.07099064902943167 0.10376373552277265 0.06740496780578446 0.08229376603326505 0.15387646424548027 0.26405514978087086 0.09302773551586484 0.1645875320665301
0.10090086128733926 0.07520688171715888 0.20009684337554964 0.13526453256656007 0.10882251469146094 0.10716042760841477 0.15080985944361247 0.12173807930990405
0.10465884039652622 0.07097478681133584 0.25505746119318445 0.13146680737251573 0.09585074145174684 0.07709555687484572 0.14657567926458098 0.11832012663526417
0.10366765247533208 0.06938148966943825 0.275711571299121 0.12900661109394493 0.09151553119472587 0.07077845027217576 0.14383274401071172 0.11610594998455043
0.10272497606442331 0.06875867569133076 0.28329868235381406 0.12802423817528283 0.08999465523222326 0.06923948660735602 0.14273747151781535 0.11522181435775455
0.0814792042447401 0.11968404761914386 0.14247553069371627 0.13935245495682186 0.09504293414168109 0.16022556512064887 0.0945173172750618 0.1672229459481862
0.09365661472646543 0.1574058295202501 0.1301824359520419 0.15455699324608588 0.08551837714496059 0.1630925588310404 0.08084519646718338 0.1347419941119723
0.07955545822609979 0.13779004947357365 0.105137233153638 0.1277917460910561 0.09934467832967463 0.1947973425438456 0.09584380956829208 0.15973968261382013
0.0769227377230113 0.13340522258531498 0.09929616057272256 0.1273758295141604 0.1021193674305346 0.20612902314593542 0.09553187213562031 0.1592197868927005
0.08885597849925753 0.14742093035626827 0.08148948204049296 0.11264778455293092 0.11286487747213171 0.24513902130993537 0.07640458430546618 0.1351773414635171
0.10496293418332805 0.07823238197057751 0.20642268106751954 0.13506331883102946 0.09966529220822062 0.103510883646952 0.15058552114444626 0.1215569869479265
0.10542722367390134 0.07107817044779559 0.25754839746958974 0.13127290319552024 0.09380414717760804 0.07636405458192493 0.14635949057769193 0.11814561287596821
0.10376277962324579 0.06933354449891072 0.2766418029760199 0.1289025852572754 0.09102713404509814 0.07060306390195459 0.14371676296594735 0.11601232673154786
0.10271511910866502 0.06873307419872955 0.2836402316391708 0.12798159358721156 0.08986757771763525 0.06918904353554968 0.14268992598454783 0.11518343422849042
0.10223588531871278 0.06851724572660463 0.2861971586757658 0.12764616793155242 0.08941723644769893 0.06878880335101505 0.14231595141025322 0.1148815511383972
0.10204019563717673 0.06843934788768703 0.2871315488923585 0.1275249146429376 0.08924831524690434 0.06866249147209139 0.1421807630422006 0.11477242317864386
0.10196431769892386 0.06841113128334732 0.2874732586077854 0.12748095429372056 0.08918593999413967 0.06861978872428806 0.14213175053344665 0.1147328588643485
0.10193565351396021 0.06840087190541466 0.28759829851495944 0.1274649575807856 0.08916305765806644 0.06860478361179784 0.1421139153923087 0.11471846182270702
0.10192497364836503 0.06839713089168897 0.2876440718249309 0.12745912097368078 0.0891546830297734 0.06859940274429363 0.14210740801095453 0.1147132088763127
0.10192102429843695 0.06839576419134909 0.287660832046269 0.1274569878663136 0.08915161978653786 0.06859745297598394 0.14210502975542724 0.11471128907968225
0.11932856110296605 0.08007793287692803 0.2105022961046949 0.0932669619943691 0.13917118895795497 0.1070851013662744 0.13864760320356959 0.11192035439324292
0.10741633003111761 0.07006649359117204 0.25696194438721315 0.12894420649012356 0.10080683378822954 0.07599123833652198 0.14376316753451088 0.11604978584111118
0.10408420617398599 0.06913994308868208 0.2761471495824274 0.12864709041166736 0.09233126022693125 0.0704360638659314 0.14343190527987393 0.11578238137050062
0.12010271786438284 0.08028416524522007 0.2069697079772368 0.0934470048356155 0.14040749901810226 0.10773725027719193 0.138915248979512 0.1121364058027386
0.1077079961744273 0.07015803407192367 0.25558983523458356 0.12908908160400456 0.1011692083921089 0.07618097860443548 0.14392469247491255 0.11618017344360411
0.09474729040584771 0.1378715121181107 0.15664991154711888 0.16032133047840036 0.08406290874080961 0.14050308551405305 0.08155476376509932 0.1442891974305603
0.10516027791975179 0.0834413047093285 0.24373070819549494 0.1328045884571806 0.09107353494673112 0.08099108797793854 0.14702013862577584 0.11577835916779848
0.09791203317586256 0.14527077277078018 0.11120384649120447 0.11632900710726532 0.11388245883477748 0.19690565957515926 0.07890141351623213 0.1395948085287184
0.09154693625635776 0.1462467804627841 0.11783488781345404 0.15818937536221656 0.08533392916227828 0.1780074056500477 0.08047024746686669 0.1423704378259949
0.11793918859797814 0.09538204836297273 0.15251764239688426 0.0899526180477098 0.14786881904498536 0.14111697758076944 0.1427819334090632 0.11244077255963723
0.09791007888637043 0.14262119768142723 0.09170646278714217 0.11273072088645014 0.12505670536112645 0.2182371325585859 0.07646083677515747 0.13527686506374015
0.11952835743251355 0.08687571651483325 0.14733823578237204 0.0941476215200104 0.1521649713865737 0.14701118880247516 0.13995676273720947 0.11297714582401247
0.10954843175593171 0.07194037380233612 0.23217258904186286 0.13153190880693716 0.10549814566743101 0.08428157049361298 0.14664826250564486 0.11837871792624344
0.13998148601686508 0.0927722652666167 0.22149315088422764 0.10771083878693279 0.12488177666424893 0.09613118034773695 0.12008954712513252 0.09693975490823949
0.12851927410356426 0.08121362602325383 0.18768422206874347 0.09220974551652293 0.14941887964453676 0.11322657812137685 0.1370759799021744 0.1106516946198275
0.08506160734003064 0.1193521590282287 0.11960209960007699 0.13711005441761662 0.10657689661277632 0.17476873296470408 0.09299638473542692 0.16453206530113992
0.10426244440830593 0.08212339890918786 0.2286675635420165 0.13440466406371723 0.09692180305209366 0.08765534105203196 0.1487914880965856 0.11717329687606119
0.08185934844396063 0.12155841243157764 0.13016089441740866 0.1397649307009676 0.09665603314831124 0.1674853805846524 0.09479708343196065 0.16771791684116114
0.10339843908350492 0.08227663502741729 0.2333821760808294 0.13427604274029073 0.09467540186511778 0.08628104073263516 0.14864909900431042 0.11706116546589448
0.09744271141920728 0.1449925937497147 0.1091440816137643 0.11625048964621648 0.11469834502681411 0.19912303277399834 0.07884815819482509 0.13950058757545977
0.1062114649176322 0.07747405541973577 0.21798442906637738 0.1341129600346264 0.09928023423986534 0.09470925028184426 0.14952594200875508 0.12070166403116375
0.10531581595033819 0.07073352049975934 0.26188147194524763 0.13072141860539807 0.09335571516991366 0.07459815466921273 0.14574462641527214 0.11764927674485826
0.12076187532540421 0.08066274569920281 0.20270356112342358 0.09375586131557916 0.14112159597909626 0.10911294209752893 0.13937438488106993 0.11250703357869499
0.10801628533608312 0.07028647029748991 0.25395076419278406 0.12928164375225368 0.10145486955026131 0.07651710259419887 0.14413938489990072 0.1163534793770283
0.12135420786736727 0.08052356441932335 0.19994077041281402 0.09362484247252237 0.1435436516732475 0.10948353561660579 0.13917961657109293 0.11234981096702683
0.10821846835147793 0.0703164612144234 0.2528300928578687 0.12935259961569567 0.10202132692375018 0.07662521599023316 0.14421849539242487 0.1164173396541261
0.10440862904093154 0.06925197052851477 0.2745993249385844 0.12882786240268415 0.09269994449815114 0.07063373986930785 0.14363345255941054 0.11594507616241574
0.10292182443062886 0.06875543364227786 0.28284470242699156 0.128032513371514 0.09024649638370848 0.06922306996645537 0.14274669774406112 0.11522926203436261
0.0815284271928294 0.11968416262018712 0.1423750298114441 0.13935286219513224 0.0950982215347831 0.160220268522593 0.09451759348887231 0.16722343463415867
0.10290899184496834 0.08171319094229731 0.23833620986275594 0.13371983905565477 0.09396977921597692 0.0847423604708607 0.14803335866153072 0.11657626994595545
0.09735892154380163 0.1449267385285611 0.1101020875488868 0.11625501686389393 0.11453922299871905 0.19846076345004127 0.0788512288294237 0.13950602023667272
0.10616285249629251 0.07744736333910202 0.2183778446373055 0.13407472642479845 0.0992182249904549 0.09456841994267662 0.1494833143870514 0.12066725378231861
0.13965134146561795 0.09379993102258755 0.21720954914288565 0.10834622169732613 0.12378643418491246 0.0988969713054908 0.120797951653586 0.09751159952759351
0.08715955708824664 0.12094029371932158 0.12639314466167376 0.13718772964450832 0.10116623717998853 0.16947869333048918 0.09304906880236216 0.16462527557340995
0.1166982856723398 0.09173020589822535 0.15507809046700224 0.08986466813865833 0.15302184213229297 0.13863374213933566 0.14264233037882273 0.1123308351733229
0.08271911048287527 0.12036065293869708 0.11195944801972706 0.13688505961876143 0.10704077245951592 0.18392910537040194 0.09284377956750776 0.1642620715425137
0.07773606573664503 0.13043762224442623 0.10114296232875711 0.1278855760323409 0.10423974945245815 0.2027868721406907 0.0959141820242557 0.15985697004042615
0.07598730245568053 0.13767089810428434 0.09766239269667079 0.1261325667798135 0.10243243330769337 0.20784927309623044 0.09459942508486012 0.15766570847476685
0.11325954748750579 0.09861743059750552 0.14500501565950738 0.0891491240696986 0.15266427623172382 0.14836165472455692 0.14150654614237873 0.11143640508712326
0.07046855789869692 0.1040098316746934 0.06567080219003041 0.08194896804738332 0.1530015353246652 0.26836440489011376 0.09263796387965069 0.16389793609476663
0.08529353197686802 0.13952238433425518 0.10539179955117643 0.15679261588752538 0.09193883488854464 0.20018775706789893 0.07975972199495857 0.14111335429877284
0.10421396510391448 0.08921610538492315 0.2216955716737632 0.13397713494120925 0.09376722264177507 0.09201122529138711 0.14831819578351205 0.11680057917951575
0.10185087832224989 0.16141418231352447 0.11762447107723135 0.1199518774729125 0.12677820142396015 0.21044535480168985 0.08996390810468438 0.07197112648374751
0.09224330795446314 0.14807589060510837 0.08325942148319831 0.10980790422092523 0.11687443666946001 0.24349114939971583 0.07447840460201884 0.13176948506511024
0.11802106043510945 0.08731137296911763 0.14451368306253418 0.0941174125691163 0.1495547936683395 0.1536289271100973 0.139911855102746 0.11294089508293956
0.1237623375269165 0.08157078675145395 0.16352031546768558 0.09317258440336813 0.1585901885895636 0.12906938140121718 0.13850730457575325 0.11180710128404175
0.10985778761951097 0.07108448464111225 0.2383144364198199 0.13062527743585367 0.10620364995488617 0.08071417805060462 0.14563743618594432 0.11756274969226829
0.10526080507220396 0.06963928309551701 0.2691518474643505 0.1294636145400811 0.09398420938563094 0.0716407186077247 0.14434226874841877 0.116517253086073
0.08200367676333906 0.11990192163768289 0.1393379359541147 0.13950029596865526 0.095971456802603 0.1612667656629135 0.09461759204830532 0.16740035516238627
0.10272936162437035 0.08544262589818348 0.23640241022098615 0.1331815841048048 0.09391910569169598 0.08478040211500151 0.1474374883048714 0.11610702204008624
0.1017346494021181 0.1605246718517271 0.12091148609000113 0.12015392910814476 0.1270657402005508 0.20740171905146262 0.09011544683110859 0.07209235746488686
0.0670159370338882 0.10751817807772575 0.06093522917345338 0.07979706089014506 0.14164131548943348 0.29329278437489986 0.09020537318016397 0.15959412178029012
0.10009475578371604 0.07557418530919174 0.19724365684123618 0.13539084324556794 0.10635413009094458 0.11253998338379612 0.15095068642453618 0.12185175892101116
0.08086867959731016 0.12043813198243786 0.12273433854515488 0.13938162255711925 0.09838145150745103 0.176400728224981 0.09453710051700263 0.16725794706854308
0.11485766107781438 0.09585950691856843 0.15358648498910243 0.08956040419511341 0.15174748917358735 0.14027857666364707 0.14215937173827525 0.11195050524389177
0.08237202364642114 0.12083127756044751 0.1115980949459012 0.13687131069362757 0.1067406349652097 0.1845066311464491 0.09283445420959088 0.16424557283235308
0.10354963489165367 0.08621377240750971 0.22464771222655527 0.13407564911240882 0.09689133260164166 0.08930818041080817 0.14842725502065604 0.11688646332876665
0.11942757229933451 0.08902697364486643 0.18510516196080012 0.08873045913876698 0.1499099371789921 0.11604482322081783 0.14084199863296346 0.1109130739234587
0.08342232789092982 0.1203084739067357 0.11898895574077528 0.13716399078194763 0.10666139403257906 0.1758251010478961 0.09303296766079927 0.16459678893833715
0.11526059459161021 0.09565358964444182 0.15208999001920515 0.08934551544066224 0.1542575474274259 0.13989259009858518 0.14181827847724165 0.1116818943008278
0.07100067571307137 0.10403337652400295 0.06683028134041634 0.08220223064376934 0.1539824698747014 0.2646222438887606 0.09292426072773925 0.1644044612875387
0.1009284612879477 0.07523529808760483 0.19984384292010124 0.13527893258279056 0.10886079435573626 0.1072757170542266 0.15082591438708143 0.12175103932451152
0.10468923342755955 0.07098122499807055 0.25495731261295884 0.13147500981097954 0.09586511003015195 0.07711977591905209 0.14658482437134582 0.11832750882988158
0.1036937924607182 0.06938271177258029 0.275670906346942 0.12900789658631123 0.09152001744598463 0.07078339122101569 0.14383417723876787 0.11610710692768011
0.10274779941632389 0.0687580619731168 0.2832801977063363 0.12802270603940052 0.08999525168184572 0.06923978444687108 0.14273576330064508 0.1152204354354605
0.08149618250685443 0.1196820312657859 0.14247066071152428 0.1393499091992721 0.09504218220942945 0.1602235524806748 0.09451559058733237 0.1672198910391265
0.07746974750152731 0.13646262571029588 0.10776940894687943 0.12767115605778304 0.10145208817760897 0.19383266149033937 0.09575336704333727 0.15958894507222876
0.076023878294169 0.13932208345882252 0.09920750478197046 0.12626879112923003 0.10190949016505019 0.20473066991229757 0.09470159334692255 0.15783598891153755
0.09216313814759308 0.17032326748904014 0.08879538018397429 0.11514396529792832 0.12407245471970114 0.25405744100955985 0.08635797397344626 0.06908637917875701
0.08913023883576393 0.14744220187406246 0.07710295395311996 0.10840856405442298 0.11478580732902972 0.259510670164424 0.07352928692386948 0.13009027686530755
0.10498026124650502 0.07816292567401015 0.20417211553552214 0.13485932198367737 0.10003853701972938 0.10605536887195237 0.150358079883294 0.12137338978530962
0.10554703081834739 0.07721656320327605 0.26206889326385435 0.1303708020213183 0.09277711991496686 0.07403715714875013 0.14432583699551715 0.11365659663396976
0.09804300633423904 0.14436530301986192 0.11476524335634211 0.11627576293171862 0.11436213324146682 0.1937923355228827 0.07886530007542654 0.13953091551806235
0.10616784173399357 0.07729148804008563 0.220265605729614 0.13387271277037738 0.09903349973111014 0.09362532626346182 0.14925808423801776 0.12048544149333966
0.08275188164472608 0.1275842306304361 0.1265747736157936 0.1294495872242359 0.10381032419654762 0.17093002823978878 0.09708719041817696 0.1618119840302949
0.09464378986415709 0.16871911565454895 0.0953343701096659 0.11658025360118195 0.12606758662383227 0.24127154178501822 0.08743519020088647 0.06994815216070917
0.07689207422330988 0.12629769168069668 0.09626640092178074 0.13336200813694138 0.09888008133536108 0.2178131023316551 0.09045423160592546 0.16003440976432962
0.10255077605602506 0.07710877830788414 0.2143138541638291 0.13605047157092956 0.09700048441286432 0.098844088293311 0.15168612278132 0.12244542441383661
0.08216157970886666 0.12759109709324565 0.12524296028204104 0.12954822050924455 0.10336899072722942 0.17299071066088337 0.09716116538193341 0.16193527563655566
0.09521080322463238 0.16851778984227406 0.09495631182446809 0.11640688477202174 0.12579223721157168 0.24196667868280264 0.08730516357901631 0.06984413086321305
0.11782801989835699 0.08817145459341032 0.14719967939494197 0.09311767603252724 0.15123930564138835 0.15227697360571993 0.1384256795946226 0.11174121123903269
0.1091276862765839 0.0720025615124241 0.23206421891598283 0.13146490165448355 0.10528353675231507 0.08516512886798236 0.14657355453119286 0.11831841148903521
0.1053402050906334 0.0698786033170694 0.266875123521419 0.1298006123820761 0.09401545734256313 0.07255145100921999 0.1447179961931505 0.1168205511438685
0.08202408914423844 0.11994745825324768 0.138825046107102 0.13952410156452508 0.09598615615118401 0.16163048844981212 0.09463373845246048 0.16742892187743008
0.07815967346795366 0.13643285441205658 0.10690368438633073 0.12755024652755412 0.10159475176000411 0.19425829639099265 0.0956626848956656 0.1594378081594426
0.0651065985179025 0.11816887635337801 0.06299136569530694 0.08030062826154273 0.13834630796176817 0.2781242127731649 0.09636075391385127 0.16060125652308546
0.11080727747923046 0.08493842010349253 0.13779988279577818 0.09418711567988709 0.1565429538559751 0.16268433781131303 0.14001547345845902 0.11302453881586451
0.10783771442812816 0.07202121738533239 0.2284016505837671 0.13192788725359114 0.1067573058882929 0.08722937700962265 0.1470897489230337 0.11873509852823202
0.1395955110802424 0.09287144380131007 0.22024956177401783 0.10782071176260795 0.12534074227871408 0.09687134142322618 0.12021204729353453 0.09703864058634715
0.08714827125084922 0.12080892489871752 0.12708496581894457 0.13715445466073733 0.10149847741683653 0.16869306067809522 0.0930264996829349 0.1645853455928848
0.104951362810111 0.08571936929127795 0.23088375343304438 0.13328391389298488 0.09523255386146189 0.08618204249960502 0.14755077158686156 0.11619623262465348
0.0724688667540253 0.11270398020542931 0.08407408936322533 0.08429284521279755 0.1430950551889261 0.23362805859464414 0.10115141425535704 0.1685856904255951
0.07388859218527084 0.12136374808340088 0.0948999002293888 0.1353549029125186 0.10350083281437661 0.2167602061306618 0.09180593414936043 0.16242588349502227
0.10192571700471317 0.07682522017501969 0.21384310417979577 0.13619132051218177 0.09806992734811776 0.098729363479507 0.15184315883970118 0.12257218846096359
0.10561442483660645 0.07676656631586634 0.2658163605475401 0.12995065050418497 0.09208077073624592 0.07262020436873508 0.14386071199486491 0.11329031069595613
0.08205339283338733 0.12073942055753474 0.1385527220405583 0.13949091626429502 0.09554562403620225 0.16161759458899863 0.09461123016186967 0.16738909951715403
0.1035557805115563 0.08552963404593666 0.23591834969190195 0.1330748862193865 0.0937797419581306 0.08480823484266176 0.14731936935967896 0.11601400337074722
0.08306412793096106 0.12951846305429185 0.12999861183326775 0.12920095684294328 0.10248029469648935 0.16733563195616014 0.09690071763220746 0.1615011960536791
0.09551230008739582 0.1693031817824635 0.09602050588428503 0.1165334986082957 0.12568823516784006 0.23962205534852055 0.08740012395622179 0.06992009916497743
0.09017707425062017 0.1479063509139128 0.07870680026641524 0.10886812826116324 0.11564098293069122 0.25421791812144723 0.07384099134235418 0.13064175391339589
0.10519471306927991 0.07817199022536231 0.20487359929640858 0.13482745918686864 0.10018553150709188 0.10507943820413403 0.15032255524267293 0.12134471326818179
0.08326770330205285 0.12753076295792334 0.12290536961921521 0.12915578399905348 0.10385459166880202 0.1749742204548463 0.0968668379992901 0.16144472999881682
0.07795719356163211 0.13762466396762174 0.10290036950421182 0.1267576196796083 0.10285330562222099 0.1983916083054884 0.09506821475970624 0.15844702459951038
0.09343162798975807 0.17002936814446618 0.08964507422701241 0.11527295388022532 0.12449403683046108 0.2515084511897728 0.086454715410169 0.0691637723281352
0.07651583986722892 0.12617398116787062 0.09481640008066242 0.13305390366855235 0.09834283216993996 0.221187102242204 0.09024525640127899 0.15966468440226278
0.10249572668057223 0.07712419446736925 0.2136985444118575 0.1360879273615834 0.09691936193427172 0.09946722732623009 0.15172788319269073 0.12247913462542506
0.10574512749590882 0.07681310142025045 0.26575556043773774 0.12995003880088493 0.09184563051892225 0.07274072909597339 0.14386003481416645 0.11328977741615609
0.09810560997033858 0.1443253725829913 0.1154911502501054 0.11628513474234166 0.114144071529313 0.19323484262625082 0.07887165660784912 0.13954216169081
