0.125 0.125 0.125 0.125 0.125 0.125 0.125 0.125
0.6220797885329107 0.07160827694071498 0.17314451517707438 0.019441148447473307 0.07983788488763298 0.009652948774728687 0.02167542968695904 0.0025600075525058713
0.5856875720589899 0.05430403005273883 0.24385887964355568 0.02229858481397166 0.06075430563523203 0.005808346425688623 0.02493958757984264 0.0023486937899808544
0.5755156776267185 0.05172499072165683 0.2586134015767244 0.02294426218173025 0.05784726044913699 0.005358074343031116 0.025653043726192967 0.0023432893748089973
0.615495806528551 0.05501597425419819 0.1947243868597998 0.017201480575816865 0.08203091375215102 0.007557004668504306 0.0256418765046175 0.0023325568563616213
0.5859879196705229 0.05348471716735284 0.24522241828107608 0.02208886904969492 0.06033979960975616 0.005674892864036301 0.02489334036572662 0.002308042991834063
0.560185480777021 0.11023283552879869 0.17687207987206927 0.0343994444137579 0.07501170343659884 0.015210290303197515 0.02340212821529634 0.00468603745326039
0.5714305347967659 0.11952580809989877 0.17735717097054132 0.03655616463522609 0.05989758873866704 0.01298224964547359 0.018337926299228337 0.003912556814198799
0.5739646873378161 0.05479730884047106 0.25350915166832183 0.023817616644978404 0.059565437221987046 0.005885543636463071 0.02594067009956571 0.002519584550396816
0.5602070951372143 0.11018945654865432 0.17702571029298028 0.034404037781049605 0.07491197796887304 0.0151941859621633 0.023385172264442467 0.004682364044622496
0.5947935810767975 0.1244016538692981 0.15401818857880112 0.031668015246637336 0.06233935025888233 0.01351025761851813 0.015888084284838577 0.0033808690662268277
0.5739438909113224 0.05515644290257816 0.25251704961952626 0.02389258035130022 0.05996387801393472 0.0059573219012738175 0.02602594654146169 0.0025428897586026807
0.6338769739295079 0.056920457951964105 0.20026467741970386 0.01776801375333629 0.06361146955596729 0.005890604974212541 0.019852968821416603 0.0018148335938913032
0.5648376244761728 0.0512750665170676 0.26781577748302726 0.024035123556439938 0.057336626288558346 0.005352454319332423 0.026869721072733065 0.002477606286668551
0.5864820344020989 0.052318578589802094 0.24873992309878892 0.02188485308811779 0.058508314784729815 0.005381773259674507 0.024467156941842056 0.002217365834945789
0.5865218968032754 0.052545475904036076 0.24807808375916585 0.021928197710471074 0.05875898757805033 0.005422938139151053 0.024514391536379482 0.0022300285694709094
0.5648879695617319 0.050626581807295554 0.26964797222324377 0.02387389595839438 0.05661366083105099 0.0052271152395395966 0.02669048402146062 0.0024323203572834025
0.5649055455726203 0.05033825992996527 0.27046670765326813 0.023802486072625133 0.05629209320685333 0.005171583762058121 0.026611051021659903 0.0024122727809497793
0.583886518519115 0.11397911006394283 0.15487017957693835 0.029819269524675132 0.07753893973886934 0.01560438816783962 0.020280140555221152 0.004021453853398596
0.5683924125101126 0.11956356040652168 0.1561485637888677 0.032335906488983775 0.0799002101753152 0.017394973833723307 0.02163326580572668 0.004631106990748738
0.5626843800524941 0.054304836339016734 0.2624547155066207 0.024940335687679876 0.05957319758511609 0.0059575354097650265 0.027390879122629042 0.002694120296678286
0.5754443655776373 0.05155249791371111 0.25919873338644384 0.022911309845511266 0.057627964887601524 0.005326666475606889 0.025605602886950213 0.002332859026537757
0.575624208722529 0.051435863743215 0.259349906595578 0.02287660744985574 0.057518472268871176 0.005297015218991701 0.025575160648884158 0.0023227653520751864
0.5759232421737942 0.11277400679025282 0.16218608673997845 0.031350375132678084 0.07671903640025964 0.015482091881271764 0.021321712738271457 0.00424344814349365
0.5845750940821599 0.056002076554485136 0.24157846833019736 0.022759827609728507 0.06151459348258974 0.006101603393169303 0.02502979033164361 0.0024385462160265697
0.6150213999414081 0.05538825369326678 0.19401629885546023 0.017266287462764228 0.08255522231448209 0.00766438280786971 0.02572973820003525 0.002358416724713425
0.5832553050207435 0.11674610333317478 0.17232575625218055 0.03408311404677893 0.06009681382444671 0.012396068528049125 0.017527804912409538 0.0035690340822167677
0.5696348805036127 0.11898643468098617 0.15721769234267785 0.03233035411776131 0.07880074961209269 0.017021817786263986 0.02145125604701459 0.004556814909590907
0.6190774867862738 0.059683973981384926 0.1805456996762652 0.017139490879734796 0.08727787984977181 0.008717628390479437 0.02509259577932818 0.0024652446567616907
0.5857682211134072 0.053877523732920186 0.24431636064257242 0.02217264411266225 0.06078024305991568 0.0057628487178089955 0.02498715674146006 0.002335001879253124
0.6402983597824152 0.05752339918112733 0.1690759996134249 0.014984486417651386 0.08579423176400423 0.007943018810932956 0.022342036241925944 0.0020384681885181033
0.5537449600251014 0.050906961491947865 0.2763767823668586 0.02513113027784235 0.05743105331021603 0.005434689663966064 0.02832561235786045 0.0026488105062071215
0.5857054272675748 0.11433566302029204 0.17537499549980717 0.03380250797269484 0.05835510569776634 0.011752382150904345 0.01724749801500325 0.0034264203759573806
0.5529177761891847 0.05254203287314518 0.27510053866908046 0.02577682607453555 0.05720829670071429 0.0056201078688314695 0.028113747957702686 0.0027206736668056552
0.5755095085742032 0.05133811262103825 0.2597700851812807 0.022862697282049583 0.057374860561685226 0.0052812856261021035 0.025545803523458015 0.0023176466301828755
0.5543467717104569 0.04951671257751813 0.2806712090832988 0.024777745873041178 0.055371480512399804 0.0050972258756485705 0.027700808291395294 0.0025180460762412676
0.564924185328937 0.05018352733909438 0.27089910845440895 0.02376380061040128 0.05611898724719843 0.005141290090794641 0.02656777961763659 0.002401321311528722
0.5649307895797404 0.05030256640200936 0.2705504021271471 0.023792741251311793 0.05625105422988618 0.005163479383883042 0.026599655821728026 0.002409311204294077
0.5649240859831054 0.050312242422672106 0.270527629509914 0.023795383099485402 0.0562621515877564 0.005165664184339934 0.026602733050404472 0.0024101101623223613
0.5865372809583288 0.052237947710936 0.24892117202008215 0.02186683558865884 0.05841562476406076 0.005363481546814279 0.024446026322602992 0.002211631088516192
0.5756328260960654 0.051563331059326506 0.25898135231119906 0.02290450199142314 0.05766042576495821 0.005320769420474432 0.025606081795909383 0.0023307115606438973
0.5865153700046252 0.052411879549328654 0.24845465787895415 0.021902037275928293 0.05861047590377968 0.005397804531835826 0.024485504607338057 0.002222270248210147
0.5648952454184152 0.05061598304140341 0.2696729551450887 0.02387102066215507 0.056601501751331704 0.005224715392585914 0.026687133013319743 0.002431445575700278
0.5543439983499306 0.04939626933449262 0.2810263507021584 0.024745291435721465 0.05523865139065429 0.005074702098862769 0.027665401951312445 0.0025093347368674193
0.5649310800684306 0.050173660719939436 0.27092226424364013 0.02376109659985965 0.056107689488652655 0.005139064482360539 0.026564638103047076 0.0024005062940698776
0.6157125273579281 0.05482338612694485 0.19513507275110728 0.01716992532481351 0.08174192420962696 0.0075032350555524815 0.02559430726804149 0.0023196219059855214
0.5581541450833585 0.1116210606652387 0.17476461146509534 0.0345548156353715 0.07660488000381332 0.015784959544732902 0.02369294914367072 0.004822578458719038
0.5844759025689664 0.055894056785848474 0.24195416820823362 0.022744182390778012 0.061398886848133334 0.0060856113265486825 0.025013214320136097 0.0024339775513554096
0.5863475040093439 0.05279598531437315 0.24755583079976598 0.021985774433717874 0.05901847176940997 0.005478168292306941 0.024571069615098223 0.0022471957659838974
0.5543084629134986 0.0496973984742732 0.28016844411838315 0.024827967523144378 0.0555746913289047 0.005133432986371373 0.027757486047006348 0.002532116608418549
0.5649135832429343 0.050198156122002846 0.2708649439259972 0.023767806277729408 0.05613585742435652 0.0051446260903532295 0.02657248539639508 0.0024025415202313495
0.5649299092407185 0.050303696646565754 0.2705477989100677 0.023793049655616728 0.05625237112044624 0.00516374315206204 0.02660002400421687 0.0024094072703061365
0.5865377971051849 0.05223726044122549 0.24892268826766945 0.021866682015117146 0.05841482623295364 0.005363321775305802 0.024445842990405944 0.0022115811721374686
0.5756328664230751 0.05156327837191739 0.2589814711916479 0.022904489047259353 0.05766036424726393 0.005320757064071473 0.025606066252953353 0.0023307074018117154
0.6238575982782376 0.05574883146176722 0.18640658281894618 0.016453485025844438 0.08312277188966612 0.007655294106848561 0.024526337207445216 0.002229099211244659
0.5643516480848452 0.05162510729440168 0.2665177387765387 0.02409480078254208 0.05824046204268723 0.005487725051434782 0.02715609280626327 0.0025264251612871157
0.6154978057613858 0.05495257964433637 0.19488593311241034 0.01719220969344646 0.08196016038331971 0.007546296423233096 0.0256349338589006 0.0023300811229676637
0.6304803463548728 0.05754003504196928 0.17549646767980487 0.015817146321627795 0.08655311766774265 0.00813938427195819 0.023768383058723606 0.002205119603300942
0.5536864331469276 0.05086458000615407 0.2765161745295819 0.02511970705908821 0.05740886497227738 0.005431894110626975 0.028324591275358607 0.002647754899985378
0.5755508836023311 0.05125893991525579 0.2598878994829695 0.022839033458924587 0.05734019239291347 0.005268529040001231 0.02554117455556896 0.0023133475520354177
0.6514049010513795 0.05818067669481885 0.18346313954206647 0.016175815753856324 0.06506127777208973 0.005988554694942713 0.01808402403191495 0.001641610458931434
0.6550246780091032 0.11548002813830656 0.0427211666489788 0.007323487252991317 0.14324554420307586 0.025782430462139558 0.008877441326859853 0.0015452239585447324
0.548110374563702 0.11957942750458662 0.10899863829507397 0.023484209004345117 0.13641315629254402 0.03069952772966138 0.026773235708953434 0.005941430901133385
0.5827191409605256 0.05787460495251115 0.23625765335962817 0.023051839609329838 0.06493106609969765 0.006697705736317345 0.025851638926743418 0.0026163503552468536
0.564578296760329 0.05102826511560649 0.2687210676785074 0.02398242136348029 0.05708193294749473 0.005321347448243611 0.026820201488316195 0.002466467198022389
0.6427985534454375 0.05731703733589026 0.19230773921305033 0.01693457802348329 0.0640981041605321 0.005893207831913349 0.01893326492971752 0.0017175150599755898
0.5755870914882373 0.05234248866154769 0.2568090399258926 0.023078844370983554 0.05853007228538476 0.005471108285008958 0.025800244336656168 0.002381110646289186
0.5864715339298796 0.05247648877871922 0.24830914094627055 0.021916418781235424 0.058684729885925095 0.0054124635047828286 0.02450236556293456 0.0022268586102525516
0.58651316251824 0.05255840149065649 0.24804895393368548 0.02193106341490329 0.05877384447908631 0.005425875647533053 0.02451775228677442 0.0022309462291211068
0.5756231462039161 0.11307099954101141 0.16182864134144564 0.03138446072856749 0.0769210426303693 0.01556624934087349 0.021344875167819806 0.00426058504599672
0.5629513741698645 0.053949652476687225 0.2631407419810397 0.024839814552549157 0.05925836309291049 0.005880081435307355 0.027313272232738134 0.002666700058903506
0.5679814663444365 0.11146538091661175 0.16970075136100182 0.03288139477176162 0.07580264557531609 0.015347328344289883 0.022356294594715845 0.0044647380918665415
0.6113327630435195 0.05845026559501564 0.18954247840010452 0.01786059845654776 0.08560012665724656 0.00847735692937934 0.026183434240270982 0.0025529766779156153
0.5828046144300506 0.11714819814721215 0.17195707214733533 0.03414468869332332 0.06029813548294799 0.012497668078233075 0.01755819693349673 0.003591426087400802
0.5740757379604967 0.05473590934103476 0.2534740380514254 0.02379212438753211 0.05958335492167071 0.005875246222994473 0.025947545044963518 0.0025160440698823497
0.5647598935956913 0.0506815454374442 0.26964417783566613 0.023895402403018993 0.056640434406146106 0.005241331775464588 0.026699663642713242 0.0024375509038553557
0.6323731479339757 0.05635352081038825 0.1783428232195513 0.015686196552605086 0.08402391893144386 0.007719909299809534 0.023382187837052374 0.002118295415174057
0.564352822139748 0.05173002931134191 0.2662156689245075 0.024120394272247252 0.058356179188645385 0.005507631857944249 0.02718372449930132 0.002533549806264405
0.5542653136344364 0.0494944907722919 0.2807795302906661 0.024773709616181503 0.05536489971211294 0.005098601606074487 0.027704761120659872 0.0025186932475768434
0.5649246717773492 0.05018165366873238 0.2709035260909439 0.023763260557885427 0.05611735022596898 0.005140964635372422 0.026567373673742612 0.002401199370005121
0.5649308849943582 0.050302429663145604 0.2705507077175986 0.023792702964096052 0.056250908839253516 0.005163449376362183 0.02659961620878064 0.002409300236404997
0.5865378743764017 0.052237158983787634 0.24892291162958827 0.021866659369960472 0.05841470797889111 0.005363298073513123 0.02444581581434551 0.00221157377351206
0.6321257384760774 0.05662371289823739 0.17774877951692672 0.015720214806264777 0.08442555740012514 0.007790582030560656 0.02343254538201387 0.0021328694897940455
0.5643360516348053 0.051750987045906645 0.2661654738901895 0.02412586013507176 0.058382420963668746 0.0055127736144571365 0.027191032371005786 0.0025354003448952163
0.5755494279255241 0.05139692337361913 0.25949923554639753 0.022869608980211224 0.05749310834383148 0.005294805402001392 0.025574763250060938 0.002322127178354288
0.5649062368873322 0.05046668565974137 0.2700949018309327 0.023833909607365557 0.05643532094468431 0.005195912318105814 0.026645992608039952 0.002421040143798169
0.5865283825752198 0.0522508747988075 0.24889211845781956 0.021869722908125482 0.05843050886781582 0.005366418977830949 0.024449421557079812 0.0022125518573010905
0.5833447455171552 0.11452951161153731 0.1542151570859958 0.029873464962047416 0.07791222230723001 0.015757967046211355 0.020316697583883474 0.004050233885939505
0.6305315393033524 0.06055514592134854 0.19502903499422458 0.018465343636698224 0.06651586268077508 0.006611794322631268 0.020303677085301466 0.0019876020556685485
0.5863064670413161 0.0534711532784502 0.24571212050041838 0.022120197556198658 0.059772116932677456 0.00560940636093898 0.0247208256352398 0.0022877126947604427
0.5648371491427524 0.050697830489497504 0.26948215563009303 0.023893265216731453 0.056695077622613575 0.0052433690756597305 0.026712918338812255 0.0024382344838399257
0.5865148897782141 0.05226994502936127 0.24884953989119338 0.021873984438765152 0.05845249741489615 0.0053707812054728495 0.024454444581086487 0.0022139176610106778
0.5680498551862357 0.11153000836566605 0.16950109833943047 0.0328772863715319 0.0758718069125508 0.015345820538116253 0.022360188309049466 0.004463935977419402
0.5524051386933903 0.05282077756907772 0.27402525107390063 0.0258237666613069 0.058017128760175105 0.005746138888832909 0.028393140510718534 0.0027686578425979674
0.6154658739349157 0.054941284746708674 0.1950091851748021 0.017195316411719033 0.08189008677926374 0.00754423522081186 0.02562432002731636 0.0023296977044624362
0.6304849914087893 0.057537641290029105 0.17550217060541867 0.015816873924731988 0.08654747871408477 0.008138460161888395 0.023767458975439172 0.0022049249196187362
0.5858925353084803 0.05382295461134734 0.24432423774364603 0.022155709543179337 0.060747791706661 0.0057477850320384076 0.02497858498977806 0.0023304010648696927
0.6403030269751132 0.0575204522447234 0.16907973060760062 0.014984060130194989 0.0857907350733125 0.007942090571240708 0.022341611000368956 0.0020382933974456324
0.6411989457982208 0.058946553037212746 0.1887632105776892 0.01715528424094052 0.06650096676440471 0.006292943663869215 0.019335068594997777 0.0018070273226649706
0.5739377008353784 0.11469068299564328 0.15988786197697433 0.03157032625355305 0.07804400734745363 0.016036527984277293 0.02147653458290445 0.004356358023815531
0.5628765484556852 0.054047416509726984 0.2629371872350933 0.02486667031336341 0.059356577112493834 0.0059023274962038816 0.0273386679613137 0.002674604916119635
0.6511755041180898 0.05831519709440875 0.18334196346237938 0.016200444907543004 0.06518907946738028 0.006022969952853773 0.018105920472445813 0.0016489205248994812
0.6926040458591116 0.12212047891218546 0.04516453295729328 0.007742967630685692 0.10566109165058615 0.019020707348027934 0.006546555548448298 0.0011396200936616499
0.556729284968353 0.12031035757245216 0.10466640692310829 0.02234025980124012 0.1352490286966645 0.03007090607456852 0.025125052155131163 0.005508703808482293
0.5828133111132122 0.05788504485060186 0.23621246678039592 0.023054137266912633 0.06489445140682674 0.006690387385563372 0.025836155525201198 0.002614045671286133
0.575305653428845 0.05199793999897521 0.2579995798029919 0.023011150200030098 0.05816537444387292 0.005422307135575197 0.025733135945253248 0.002364859044456287
0.615461622364188 0.05503716275518727 0.19468591235426136 0.017205230188784452 0.08206404180807626 0.007563892496892478 0.025647914823538308 0.002334223209072041
0.6500830018724236 0.05933689193795394 0.18094382201163067 0.016310174814160305 0.06694233464175073 0.006296105864353867 0.018382034665909742 0.00170563419181734
0.5661850350669303 0.11333359005188005 0.1672816650314429 0.03311139985690892 0.07711874297271805 0.015866425132534685 0.022524699251355928 0.004578442636229194
0.5628780287194659 0.053940172590014025 0.2632447436475618 0.024842208078784518 0.05923621306748022 0.005880911002655925 0.027310568807853958 0.00266715408618362
0.5863526540246405 0.0525004753406141 0.24837344303694328 0.021927574923332104 0.05868863980790938 0.005421288747467524 0.02450625233376741 0.0022296717853257184
0.5648904270009694 0.05062134769138807 0.26966194907007984 0.023872521804592147 0.056607192343621306 0.005225980875452614 0.026688680906167456 0.00243190030772901
0.5649058681180774 0.050337835388230785 0.27046770750911736 0.023802370997769707 0.05629158784737619 0.00517148460059647 0.02661090895582626 0.002412236583005867
0.5543597251727074 0.04937423791817087 0.28107917776989455 0.02473871150932532 0.055213340503108436 0.00506970611146864 0.027657726454118733 0.002507374561206023
0.5649324263272416 0.050171935190992334 0.2709262356608472 0.023760624040257642 0.056105681273857955 0.005138662777911308 0.026564074998688028 0.002400359730203856
0.5543691991976151 0.0493612022219549 0.2811103355126316 0.024734818433873273 0.05519833028575324 0.005066735276788002 0.02765316942868944 0.0025062096426945396
0.5756554275373079 0.05112313798691452 0.2602109043352679 0.022806221994158705 0.05716933277446125 0.005235950150316866 0.02549672638311731 0.0023022988384555827
0.6407063814684926 0.057212169554343675 0.16968061922303956 0.01494736646286067 0.0853030041346308 0.007849651782958622 0.022280255229793804 0.0020205521438803795
0.6134553882827717 0.05636823197868422 0.19139433152581056 0.017395402011257655 0.084784328196864 0.008018594288657125 0.026140554561458498 0.00244316915449637
0.6218881274360589 0.056904988430825226 0.18360494273733705 0.016599129965445294 0.08564408790255888 0.008077943665804955 0.02495727500320891 0.0023235048587609114
0.5727807563666577 0.11509091471474847 0.15909029033413416 0.0315697591101039 0.07902838938804159 0.01636183266999859 0.021654890507285886 0.004423166909029602
0.6109733658301401 0.05871555707115673 0.18902565917705355 0.017903559769001248 0.08599993505365827 0.008560152281045893 0.026249368459099857 0.002572402358844321
0.5650544892592668 0.11362904288717283 0.16669461667667973 0.03311316889182829 0.07798607971119297 0.016171637873967647 0.022704707420424873 0.00464625727946677
0.5628402152384694 0.05397506943152864 0.2631569031398751 0.02485038924773197 0.0592895385357854 0.005891233334500142 0.027325871921411796 0.002670779150697537
0.5541769688891783 0.049622676204794845 0.2805256833857936 0.024814928789705183 0.05547211129081168 0.005124542075089002 0.027734286930857673 0.0025288024337697845
0.6429445148426525 0.05712299111361154 0.1926865769358366 0.016905208473595768 0.0638789946986499 0.005853304589413237 0.018899859107791097 0.0017085502384492606
0.5648593576956029 0.051352485030807644 0.26757402861588575 0.0240534236928409 0.05742251702411404 0.005365876917425664 0.026889856981632605 0.002482454041690614
0.5607838945113978 0.1096587007046477 0.1776069079080403 0.034317428849054935 0.0746031362022828 0.015042374292322929 0.023341215263014074 0.004646342269239578
0.6565782151680336 0.06261629261676438 0.17005380255449762 0.01594381067993842 0.06877733292377554 0.006796092974630972 0.017533278658549846 0.001701174423809643
0.5863143539431048 0.053806770490893795 0.24477323228065717 0.022185982350309847 0.06014553529321831 0.005673133010889937 0.02479363827719901 0.0023073543537269524
0.5755464966581114 0.051687825730989456 0.258696330114466 0.02293519655908975 0.057802978360131436 0.00534909669357124 0.025641793930912933 0.002340281952727587
0.5648904262866088 0.050489579224033763 0.27004146221225644 0.02384016553775391 0.05646124490963472 0.005201065608441963 0.026653135310621065 0.002422920910649479
0.5609510324847433 0.10953010508903907 0.17774788705675837 0.034296330967007405 0.07451283865546977 0.01499969579071819 0.023326032711063524 0.0046360772452003545
0.5737131337738008 0.05470491268408139 0.2531510247678755 0.023751759889100117 0.060088270821215733 0.005936437819872367 0.026118356481296682 0.0025361037627573664
0.5754709124540861 0.051653421742710384 0.25888944349323323 0.02293234668472727 0.05774116453829099 0.005344650897981438 0.0256292367655068 0.0023388234234639703
0.6155065370139593 0.05500917284029684 0.19473786820959282 0.017200314084917085 0.08201950824501553 0.007554806067892383 0.025639772356562774 0.0023320211817630465
0.6500862361459406 0.059334466866688786 0.18094775502569704 0.01630983090378786 0.06693919046706016 0.006295475291163296 0.018381541705035934 0.001705503594626198
0.5605522275953675 0.20943448825496014 0.03647359676050177 0.013246028201927315 0.12297427673527973 0.046921426645602414 0.007596276430873921 0.0028016793754871406
0.5569741053945592 0.12919126795162894 0.14714208265461295 0.03355236907106933 0.08524074794731085 0.020493719177930757 0.022172066405411205 0.0052336413974767215
0.5838559444984038 0.05696672493014342 0.23976563558228575 0.02298174056678164 0.06240307397026996 0.0063158034780394605 0.025207873895676792 0.0025032030783991876
0.5825575316157761 0.11514921576885408 0.1536324743327929 0.029949242917591535 0.07830349895864659 0.015958576700682743 0.020361201845103587 0.0040882578605524605
0.575797575610432 0.12128683133188164 0.14846286056033395 0.03075806113824806 0.08104124256639815 0.01767002213388256 0.020576320063360846 0.004407086595462678
0.5750248187147791 0.1219167679595493 0.1479384655403614 0.03083775713071113 0.08136381702071953 0.017868675554996237 0.020606114087222224 0.0044435839916610875
0.5598559313887349 0.11878285932946378 0.16296427850641143 0.034048259332240566 0.07926393594911055 0.017420909220889555 0.022746298868279245 0.004917527404870032
0.5842598502421306 0.05631558067097615 0.24110243996978248 0.022838876612118766 0.06176893926058108 0.006172216880695966 0.025082042141388677 0.0024600542223263255
0.5750191866614016 0.11354870845584332 0.16137095382012664 0.031450712705371246 0.07721617657751688 0.015719665150569082 0.02138249165781379 0.0042921049713577014
0.5523709493931567 0.05296521668934064 0.2736375527558292 0.025862339935084244 0.05817347022220466 0.005776036940992606 0.028434508360121357 0.0027799257032705828
0.615447762678289 0.05495300993730635 0.19498781456275605 0.017197413125530626 0.08190792810752696 0.007547923656976192 0.02562755352590427 0.002330594405710545
0.5755301505972563 0.11511749883407155 0.18019509523176844 0.03563468710905232 0.05925406705499582 0.012212462485644998 0.018325248708001583 0.003730789979208914
0.6399299912448583 0.06085017022501711 0.18782512544387822 0.0175936269191916 0.06624138565326461 0.006516072688013168 0.019186352005538913 0.0018572758202380973
0.5647056078463021 0.05156603866105893 0.26713401843205875 0.02411384618790425 0.057626668660268304 0.005412052086391193 0.026942687937753708 0.0024990801882625686
0.5755764718415912 0.051369393203290946 0.2595755040832667 0.02286378758971168 0.05744663420159791 0.005286872433351556 0.02556188777345721 0.0023194488737329215
0.5756342717652104 0.05142242401014451 0.2593793478285133 0.022873237288215244 0.057503592671867755 0.0052939473692146756 0.025571447742834992 0.002321731323999199
0.5855326447593824 0.11465322300257612 0.1749699374464914 0.03384148777171629 0.058498054085819824 0.011804762913338448 0.017262166186033923 0.003437723834641517
0.5850857410944018 0.055617804874408205 0.242901822497264 0.02271605051635824 0.060553668353724055 0.005950911580716227 0.0247808781350468 0.002393122948080613
0.5675606861047059 0.11193129065682296 0.1691172385900724 0.03294092954677227 0.0760986014260856 0.015468884195891042 0.022391112857921325 0.0044912566217284
0.6112914230371458 0.05847856083411774 0.189496891895622 0.01786575323795795 0.08563672969280031 0.008486040832399745 0.02618955993287668 0.002555040537079837
0.6497690792477181 0.059593974186308206 0.1805575479035659 0.01634862148138274 0.06722944722118553 0.006357964435591026 0.018424934000910977 0.0017184315233374355
0.6394294198253518 0.05841954133207736 0.1671813951062569 0.015085399733432621 0.08712680585797983 0.008182018244471258 0.02249145745291552 0.0020839624475145644
0.6383538657904712 0.05876862532400881 0.16616246016161515 0.015103293467435493 0.0884131988916874 0.008379738977046669 0.02269722634084725 0.0021215910468878824
0.6582992731428369 0.060656834554429835 0.17128952784796378 0.015581804391524382 0.06846515014985992 0.006495626959027265 0.01756807987501336 0.0016437030793446683
0.5601565289334223 0.20969483855751744 0.036254287339275784 0.013193531870378031 0.12322581305895933 0.047106171928109966 0.00757101395727798 0.0027978143550590785
0.604093207515178 0.06395225135796047 0.18035694995926752 0.018800986304244368 0.09248331226602943 0.010148366164073788 0.02722645472782128 0.002938471705425305
0.5638401903358796 0.052137340891269576 0.2654333160918992 0.024234444324090568 0.05884114558165304 0.00561650320303638 0.027324461331596068 0.0025725982405755896
0.6321496368756233 0.0564859889224535 0.1780996619962219 0.01570478606171444 0.08425035501372018 0.007764637174397618 0.023417271177337017 0.0021276627785319553
0.5750780032280043 0.052724628800836115 0.25546049091030776 0.023137127534506863 0.05948022050937585 0.005615139789883688 0.026075142447367614 0.002429246779717715
0.5755426390446717 0.05154355646920275 0.2590892530325853 0.022902229757644017 0.057656639747367115 0.005323078269647714 0.025611023395581013 0.002331580283300434
0.5682697036027867 0.11129550203104983 0.16979959851411763 0.03284773969211637 0.07571423735306336 0.015282507250974764 0.02234064308433515 0.004450068471556029
0.5629728198570164 0.05381606810320249 0.26350308407824485 0.024808003194945236 0.05911179767162171 0.005852766887723645 0.027278323618948584 0.0026571365882972894
0.5647476514244758 0.050556325603798864 0.2699964328792119 0.023864052074503622 0.056515391280824404 0.005219390645823656 0.026671090693646423 0.002429665397715403
0.5543474315898513 0.04939006449905094 0.28104274580345817 0.024743485541846737 0.05523106275739258 0.005073335189282977 0.02766308180197719 0.0025087928171400446
0.6241776603798074 0.05543497736994105 0.1870850406810901 0.0164080299470408 0.082654963340875 0.007570512754792356 0.024458642558198115 0.0022101729682550498
0.5643715528811343 0.05160067135619253 0.2665760780155605 0.024088415311180878 0.058209792288408425 0.00548170725112715 0.027147524655225273 0.0025242582411710247
0.5648345424421213 0.05042720974352964 0.2702466578239365 0.023825852779807737 0.05640787301579183 0.0051933808746138475 0.02664426099109306 0.0024202223291061105
0.5838677551174799 0.11399286052275064 0.15485628042233268 0.02982084504658712 0.07754923309465762 0.015609214761594563 0.02028143697404595 0.004022374060551745
0.5845822943629836 0.056106829438757465 0.24128091591631506 0.022778429041474955 0.0616330146603538 0.0061222305917867465 0.02505162013150627 0.00244466585682193
0.5541513478405532 0.04991506912791804 0.27968557977944614 0.024894528510275588 0.05579844912408077 0.0051812852569239004 0.02782298614294079 0.002550754217861481
0.6515470136598818 0.057916525095207595 0.18401180290365854 0.016141815208016833 0.06476724940534533 0.005938037249999745 0.01804639431711313 0.0016311621607770033
0.5817215972781501 0.11617846978518476 0.15225249856615466 0.030036160495464426 0.07903067707824236 0.01621765905458889 0.02042648294609956 0.004136454796115137
0.5628710032318746 0.05416209702782146 0.26261365746588283 0.02489323115492932 0.059483712115884706 0.005925237024036472 0.027368465187185977 0.002682596792384729
0.6598298587890812 0.05910169022644937 0.1746602716414851 0.01542535951905014 0.06606860318229603 0.006105536160417888 0.01723954166326289 0.0015691388179574365
0.5864705375011248 0.05359219877351523 0.24520854143228757 0.022137202068873242 0.05992685526348028 0.005625112275833486 0.02474694560411379 0.0022926070807715534
0.5755582363324347 0.05167215327443325 0.2587308572557717 0.02293129744337522 0.05778545998228492 0.0053454937398043035 0.02563743132349951 0.0023390706483961275
0.5756172652523095 0.05144705563399177 0.25932268606873304 0.02287932137366985 0.05753192552983296 0.005299541977480349 0.025578578289994207 0.0023236258739884907
0.5543401052474092 0.049526880545796764 0.2806451039185796 0.024780701175344966 0.055384030457669695 0.0050995571749358 0.027704657859752874 0.0025189636205109104
0.5764549142750537 0.11223588991462902 0.16284080765959758 0.03128932091676691 0.07635400551438233 0.015331711065262018 0.021280481335211033 0.004212869319097379
0.5845998050894061 0.055968510934850314 0.2416452882393919 0.02275225536106593 0.061481089016524375 0.006094018461930756 0.02502279198437061 0.00243624091246014
0.6509863449105875 0.0586242847730618 0.18271854143573715 0.016240830872261743 0.06553387380210693 0.006083782068367416 0.01815084918106811 0.001661492956809303
0.6925369394964663 0.12214810749697512 0.04513574512663611 0.007739936938831232 0.10571632791391168 0.01903785962398688 0.006545352835067651 0.001139730568125085
0.6259078650550333 0.06171633081552308 0.1687181604987523 0.016431320236327557 0.09123771119340435 0.009255929078433379 0.024301550917332673 0.002431132205193298
0.5856619188550909 0.054120176146362935 0.24368454226436384 0.022220540630841005 0.061088202127558035 0.005818485093790207 0.02505406849038196 0.00235206639161125
0.5755112570266242 0.05172416341868493 0.2586009086120503 0.02294309665469961 0.05786023286437412 0.005359289074550552 0.025657350756001136 0.0023437015930151016
0.6406279006255488 0.057262737996085444 0.16959375269719118 0.014953938468365366 0.0853814818965214 0.007865728540660288 0.022290797157509756 0.0020236626181178107
0.6584961812598984 0.060511649689117375 0.17153270994084852 0.01556427139454179 0.0682630445842264 0.006456659877734415 0.01753921273525313 0.0016362705183799475
0.6654133995106434 0.11768041976142656 0.0717961448918828 0.012344013054275705 0.10205614731292723 0.018430360894970167 0.010454336362112657 0.0018251782117614597
0.5929503392693252 0.12721934536902815 0.12627304868787229 0.02676892692558688 0.08581073254275672 0.018973672425174202 0.018062825587465893 0.0039411091927907
0.551979308064291 0.05383384860341985 0.27152342606647817 0.026105993014025802 0.05906936565625783 0.005962415477780762 0.0286753097123216 0.0028503334054250052
0.5646985122536098 0.050492856406020185 0.2702199833182111 0.023850682145020393 0.056445313531052616 0.005209789487014389 0.0266565685978864 0.0024262942611851432
0.5865266419941315 0.05225112413552251 0.24889354601258332 0.021869830840022066 0.05843034119218449 0.005366555253401916 0.02444937370351862 0.002212586868635391
0.6426714794416014 0.0575696178996055 0.19176953980287811 0.01697082057932389 0.06437696267588529 0.005940696400299306 0.018972773361108464 0.0017281098392981963
0.5542606539079534 0.050421775351983555 0.27807299975618294 0.025025614254385417 0.05638281108329337 0.005272556793246719 0.02797748841176429 0.0025861004411901014
0.5755935933332841 0.051211277440464255 0.26000881680460664 0.022828152559787863 0.05727070550514407 0.005255942732492861 0.025522420486794154 0.0023090911374263547
0.5865348637715971 0.05238235905673631 0.24852147503743371 0.021895465405961854 0.058576656659463294 0.005391153081235115 0.02447784077061581 0.0022201862169570724
0.5756248926842411 0.05157496322161781 0.2589545480911638 0.022907366036181966 0.05767378609986783 0.005323409031231105 0.02560943068082366 0.0023316041548726734
0.5648970579704085 0.05048098437960947 0.27006126152362425 0.023837827601851415 0.05645125930560865 0.005199060808167651 0.02665035632456539 0.0024221920861648887
0.5543516160189765 0.049385558901744946 0.28105204871182937 0.024742092595415825 0.05522635225377321 0.005072275784787774 0.02766167307917684 0.002508382654295595
0.6325593385660454 0.05617897714966472 0.17870553181951176 0.01566326796159408 0.08376428116167109 0.007672053144818323 0.023348168811029288 0.0021083813856653624
0.6302838098059292 0.05775734158763118 0.1750226732030201 0.015844433006571974 0.08687152463582143 0.008196332555171996 0.023807118011231313 0.002216767194622864
0.6584087728870021 0.06050594169833512 0.17157831962742118 0.015564201911193534 0.06829298266151665 0.006464208385348434 0.017547825329453176 0.0016377474997297343
0.5991789088030111 0.12027740238213379 0.1564318766068235 0.031019292119830608 0.06138424339070063 0.012661065890731715 0.01582599662302706 0.0032212141837415073
0.5849756875431682 0.056004493752486055 0.24196240011066478 0.022794602353377075 0.060956049230621125 0.006030239598598651 0.024859422461323444 0.0024171049497606263
0.5827675328327522 0.11500026373137535 0.15378589613062782 0.029932975771219384 0.07818542003131101 0.01590384165335687 0.02034616177483429 0.00407790807452309
0.5523641132451386 0.053076363797569914 0.2733185477600479 0.02589084173067008 0.05829699256254002 0.005798276320353847 0.028466588335696714 0.0027882762479828267
0.5754626654147299 0.0513925760120174 0.2596345052997139 0.022875313083232544 0.05745109035352384 0.005295311613769717 0.025566150547968177 0.00232238767504472
0.6600623467460518 0.05896527170537232 0.17477991631533563 0.015402589006454524 0.06593786601573809 0.006070579462927445 0.01721915745859853 0.0015622732895216773
0.6657287024280724 0.11753158894224365 0.07204875010598771 0.01237130440005453 0.10170574519539526 0.018328464417435974 0.010461761847985286 0.001823682662825274
0.5511363554506185 0.11821661468493364 0.16830304300910964 0.035669873006448534 0.07973259221127105 0.017624480463617156 0.024067316772611407 0.005249724401390003
0.5733110137141036 0.055232832584289314 0.25210969143338274 0.02388570017490155 0.060595460073515295 0.00605487836507204 0.026235334712724857 0.002575088942010531
0.5754422549423488 0.05169164097769996 0.25880635923548134 0.02294194173408083 0.05778305038346022 0.005353362962046547 0.025639634848393388 0.0023417549164890007
0.5756164336905144 0.05144720937773291 0.2593237824966605 0.02287940985387037 0.057531503784982264 0.005299587043836872 0.02557843738047555 0.0023236363719270994
0.5865217984442392 0.05240210751281373 0.24847681039763733 0.02189986243207142 0.05859927162696464 0.005395604096985706 0.024482964873044005 0.002221580616244104
0.6340632368463057 0.05681271901275325 0.200340384262189 0.017743314031142335 0.06353098739769984 0.005864251272591386 0.019836745078690442 0.0018083620986280818
0.5820782874682893 0.11579709809308719 0.1527176060016244 0.029999532244169135 0.0787734532494874 0.016114704237981198 0.020402127319683435 0.004117191385678127
0.5736106354788005 0.055170829218242866 0.2519434348096802 0.02385329968333536 0.06059389274505299 0.006032913980287984 0.02622756065033387 0.002567433434266211
0.5541568743376937 0.049778132205851804 0.2800843731430415 0.024857533379813834 0.055645656364995404 0.0051550346881276314 0.02778178686895063 0.0025406090115254495
0.5687698729967692 0.11078426134046383 0.17044101429817995 0.03278246247048009 0.07536666096045634 0.015140491945938871 0.02229633622926818 0.004418899758443656
0.656524717738497 0.06272018050148657 0.16983743454715244 0.015954229731075693 0.06889572456914098 0.006816903540341883 0.017545828494378923 0.0017049808779267196
0.6918573592692535 0.1225650070929821 0.04469924062122632 0.007694101014159613 0.10629511976431155 0.01923376530326322 0.0065162681609699895 0.0011391387738335155
0.5478829182371951 0.2165044814281393 0.03189638189157397 0.012160415605951875 0.1293669729596817 0.05239009437404241 0.00706233184596013 0.0027364036574555888
0.5496621711878535 0.12863345554375635 0.09454424556818274 0.021723550911571025 0.1414779674207823 0.034335038410419724 0.02392940117483357 0.005694169782600781
0.5544251285912505 0.12196113540132472 0.15856363219337358 0.034323443309332936 0.08310659342091199 0.018987024175252123 0.023382301226940457 0.005250741681613602
0.6298670227350178 0.06100127110627284 0.19452276207044908 0.018554774506661 0.06693491301808244 0.006724174421285054 0.020380664852580666 0.0020144172896509878
0.5586244720256509 0.11172527001992079 0.1750829563809532 0.034625427071481606 0.07597578274788434 0.015637799468296944 0.02354121725474235 0.004787075031069892
0.5523365525664371 0.0528076449708313 0.27413742974601746 0.025824927299563535 0.05799025656122018 0.005745988629854444 0.028388440610931303 0.0027687596151446713
0.5541975581298872 0.04947012128446973 0.2809589812388968 0.0247731489342969 0.05530111671986271 0.005094509509366903 0.02768738979179285 0.002517174391426855
0.5756490222020901 0.05113060972146351 0.2601954177815781 0.022808130763052662 0.057177465442709095 0.005237694968311074 0.02549877337414552 0.0023028857466500996
0.586539676020081 0.05237593987505859 0.24853566728348767 0.021894038283172663 0.058569175062702594 0.005389656068811048 0.02447612798079273 0.0022197194258937233
0.5648973223279921 0.050613275320374615 0.2696792046885583 0.023870286800107804 0.05659835262394213 0.0052240830084804915 0.02668625920382695 0.002431216026717425
0.5865200034156091 0.05226316397754409 0.2488644795765082 0.021872469751374055 0.05844461930592608 0.005369202612347555 0.024452636627926107 0.0022134247327646813
0.6340767894384121 0.05680083064229793 0.2003604624800512 0.017741163698013356 0.0635173283720144 0.005861499859099859 0.019834233348226735 0.0018076921618843662
0.5755798888249555 0.052242832904737725 0.2570971082575395 0.023056994654406828 0.0584194779539432 0.005452602057636199 0.025776179020835087 0.0023749163259459386
0.575585521310154 0.05149375552294834 0.2592150075345136 0.022890862301258225 0.05758550182434527 0.005310100828269163 0.025592046843562664 0.0023272038349489627
0.5756273522346249 0.05143264701764201 0.25935572760976666 0.022875761807905712 0.05751533790692463 0.005296258129014766 0.025574400840310513 0.0023225144538108937
0.5682919356790936 0.11127915768996462 0.16981708536296655 0.0328453701081271 0.07570211064453942 0.015276788520678155 0.022338756508103286 0.004448795486527353
0.5763551252260423 0.12075179953453709 0.1490657777518434 0.030708214375422784 0.08068769914704374 0.017509437464514332 0.020543858040398502 0.0043780884601980685
0.5843031624787471 0.056487942730057535 0.24057596524102143 0.022866934753745814 0.0619721961383656 0.006205483462586353 0.02511851249432134 0.002469802701154678
0.5749846446365858 0.11357546600472433 0.16134272758915846 0.03145417540373459 0.07723534689808803 0.015728593745656067 0.021385096032189525 0.0042939496898633115
