Action: 0
[0.16111081576777841, 0.11860002625075582, 0.19494737572046747, 0.09458195710225437, 0.13230046830115919, 0.10929544265307607, 0.09458195710225437, 0.09458195710225437]
[0.14012014287116326, 0.09941233618943823, 0.2605825292066803, 0.09941233618943823, 0.09941233618943823, 0.10223564697496537, 0.09941233618943823, 0.09941233618943823]
[0.20775588083809063, 0.09973756125713562, 0.11914489262241719, 0.09973756125713562, 0.17441141859166337, 0.09973756291928633, 0.09973756125713562, 0.09973756125713562]
[0.125, 0.125, 0.125, 0.125, 0.125, 0.125, 0.125, 0.125]
[0.21399237920527092, 0.1002308098642967, 0.1651500822641864, 0.09728421879169132, 0.13148985349948064, 0.09728421879169132, 0.09728421879169132, 0.09728421879169132]
[0.2179325645945403, 0.0996093927305987, 0.10950338391121697, 0.09960939273059859, 0.17451708708680191, 0.0996093934850464, 0.09960939273059859, 0.09960939273059859]
[0.125, 0.125, 0.125, 0.125, 0.125, 0.125, 0.125, 0.125]
[0.125, 0.125, 0.125, 0.125, 0.125, 0.125, 0.125, 0.125]

Action: 1
[0.09989780380265699, 0.09989780380265699, 0.09989780380265699, 0.09989780380265699, 0.1659119528846313, 0.23470122429942683, 0.09989780380265699, 0.09989780380265699]
[0.1111111111111111, 0.1111111111111111, 0.1111111111111111, 0.1111111111111111, 0.1111111111111111, 0.2222222222222222, 0.1111111111111111, 0.1111111111111111]
[0.10509483275069108, 0.10236307207943043, 0.10236307207943043, 0.10236307207943043, 0.10396463458385267, 0.27912517226830397, 0.10236307207943043, 0.10236307207943043]
[0.125, 0.125, 0.125, 0.125, 0.125, 0.125, 0.125, 0.125]
[0.10225948911642276, 0.10225948911642276, 0.10225948911642276, 0.10225948911642276, 0.10755279342300961, 0.27889027187845394, 0.10225948911642276, 0.10225948911642276]
[0.09986650377293124, 0.09986650377293124, 0.09986650377293124, 0.09986650377293124, 0.16120852325198182, 0.23959245411043062, 0.09986650377293124, 0.09986650377293124]
[0.125, 0.125, 0.125, 0.125, 0.125, 0.125, 0.125, 0.125]
[0.125, 0.125, 0.125, 0.125, 0.125, 0.125, 0.125, 0.125]

