Action: 0
[0.14571904695559237, 0.10993643610630686, 0.21299706125924317, 0.10626520760760719, 0.10628662426635169, 0.10626520858968425, 0.10626520760760719, 0.10626520760760719]
[0.22380474560526184, 0.10434659637913081, 0.10978314821718979, 0.10434659637913081, 0.14467912428189425, 0.10434659637913081, 0.10434659637913081, 0.10434659637913081]
[0.2105040605005065, 0.10525202710595544, 0.14475371582399987, 0.10525202710595544, 0.11843185035623238, 0.10530226489543965, 0.10525202710595544, 0.10525202710595544]
[0.125, 0.125, 0.125, 0.125, 0.125, 0.125, 0.125, 0.125]
[0.22442621948326583, 0.10507344680911297, 0.14459375254290052, 0.10507344680911297, 0.10507392326741648, 0.10561231746996527, 0.10507344680911297, 0.10507344680911297]
[0.21361621958842203, 0.10658664303580044, 0.1455507498686462, 0.10658664303580044, 0.10775026184786593, 0.10673619655186406, 0.10658664303580044, 0.10658664303580044]
[0.125, 0.125, 0.125, 0.125, 0.125, 0.125, 0.125, 0.125]
[0.125, 0.125, 0.125, 0.125, 0.125, 0.125, 0.125, 0.125]

Action: 1
[0.10515273863456776, 0.1057663095194897, 0.10515273843507596, 0.10515273843507596, 0.14479864112189084, 0.2236713569837479, 0.10515273843507596, 0.10515273843507596]
[0.10773071249436454, 0.10662197723803203, 0.10662197723803203, 0.10662197723803203, 0.21364283450889482, 0.14551656680658037, 0.10662197723803203, 0.10662197723803203]
[0.10527237836434564, 0.10527237836434564, 0.10527237836434564, 0.10527237836434564, 0.25004204803725694, 0.11832368177666937, 0.10527237836434564, 0.10527237836434564]
[0.125, 0.125, 0.125, 0.125, 0.125, 0.125, 0.125, 0.125]
[0.10515658344299372, 0.10515942093304437, 0.10515658344075922, 0.10515658344075922, 0.11934830769634769, 0.24970935416457724, 0.10515658344075922, 0.10515658344075922]
[0.10531592491714872, 0.10527048938421021, 0.10524286964356071, 0.10524286964356071, 0.14475778261831676, 0.22368432450608144, 0.10524286964356071, 0.10524286964356071]
[0.125, 0.125, 0.125, 0.125, 0.125, 0.125, 0.125, 0.125]
[0.125, 0.125, 0.125, 0.125, 0.125, 0.125, 0.125, 0.125]

