0.125 0.125 0.125 0.125 0.125 0.125 0.125 0.125
0.09592326139088728 0.15987210231814547 0.08633093525179857 0.14388489208633093 0.11990407673860912 0.19984012789768185 0.10791366906474821 0.08633093525179857
0.06430745814307458 0.11377473363774733 0.056062912227295786 0.09918822932521562 0.12861491628614916 0.22754946727549466 0.11212582445459157 0.19837645865043124
0.10932790581880525 0.08825264686578256 0.13665988227350656 0.1103158085822282 0.1311934869825663 0.12787944045022928 0.1639918587282079 0.13237897029867382
0.12008394859571372 0.08813808382971669 0.13648248055721052 0.11017260478714586 0.13102318133492213 0.11811359848206343 0.16377897666865265 0.13220712574457502
0.11938146233986353 0.0867160143269835 0.1342803953197692 0.10839501790872937 0.14456486043292344 0.11545175379753257 0.16113647438372306 0.13007402149047523
0.10384663087708783 0.07536704424296109 0.1867302887213663 0.15073408848592218 0.1044094655666848 0.07519454261941833 0.16805725984922965 0.13566067963732997
0.09916921413951613 0.07809575613486895 0.19833842827903225 0.1561915122697379 0.08645521232675765 0.07267249278192874 0.1729104246535153 0.1361669594146433
0.06416175658607462 0.10693626097679106 0.0682422537106624 0.09624263487911196 0.12832351317214924 0.2281171490620525 0.11549116185493433 0.19248526975822391
0.08666302673772959 0.14450760530526757 0.07582875819683765 0.1259809892404897 0.11935860248494844 0.2110358556351986 0.08544797531094081 0.1511771870885876
0.09869804169599891 0.07349421797645962 0.1954825964391788 0.14698843595291924 0.09886534320394129 0.09030063557263501 0.1638811368012398 0.1322895923576273
0.08587854440136938 0.1386159499269802 0.1311979435532218 0.17326993740872523 0.08262563549381956 0.14432738173576637 0.08814166381226458 0.15594294366785272
0.09573497042431613 0.07539128920914896 0.21480714697036285 0.15078257841829792 0.08346125626735251 0.08144876755473641 0.16692251253470503 0.13145147862108023
0.07183805271148495 0.11973008785247491 0.11740520679369663 0.1436761054229699 0.08979756588935617 0.17020077048407758 0.10775707906722744 0.17959513177871234
0.06000979637451248 0.10001632729085412 0.06480034263550592 0.09001469456176872 0.12001959274902496 0.277092223790674 0.10801763347412245 0.18002938912353744
0.06174316396695917 0.09875476878695752 0.05423974076897801 0.08609390099375784 0.1353368302825804 0.2943202529594381 0.0973235402538132 0.17218780198751568
0.10941071009822627 0.0794084667966527 0.13508647133399193 0.09926058349581586 0.14708217893026873 0.1630813650279274 0.1475575241221382 0.11911270019497903
0.10339028453932889 0.06957876453025864 0.21485130685620255 0.1391575290605173 0.10524427869511117 0.08738580015186756 0.15515026001224835 0.12524177615446555
0.0776513781292844 0.11564044124141483 0.12415778569371226 0.14455055155176855 0.0983991255429033 0.16809707318716 0.09804298279163431 0.17346066186212225
0.0984516833530886 0.06968733411978324 0.22421471570898976 0.13937466823956648 0.09936753138662499 0.08807451178386512 0.1553923539924719 0.12543720141560985
0.09689234183960783 0.06615719776667507 0.2705525598559226 0.13231439553335014 0.09502781068436335 0.07245206152900244 0.1475206768110635 0.11908295598001514
0.12582554905616147 0.08584986004744216 0.2507903942892856 0.10731232505930272 0.12266066994918783 0.09133487498659255 0.1196452340586554 0.09658109255337242
0.08260134342839487 0.11035634655389401 0.14366392896789362 0.13794543319236752 0.102737312938449 0.1635981256185542 0.0935629894696058 0.165534519830841
0.1323278561598016 0.08865603941584625 0.2010559257611002 0.11082004926980783 0.13168000411315006 0.11216599615456192 0.12355608478290514 0.09973804434282704
0.08713578146030805 0.10983013788343066 0.1302373694827353 0.1372876723542883 0.10759058774239025 0.17005638822009733 0.09311685603160426 0.16474520682514596
0.13721973552542402 0.08814332138653891 0.19441020807909437 0.11017915173317364 0.1349992182779789 0.11304559658020147 0.1228415318577324 0.09916123655985627
0.11511026578209982 0.0633105529537298 0.26079617488491325 0.1266211059074596 0.10521015509664998 0.07381966630787831 0.14117308375055568 0.11395899531671362
0.10650367276178863 0.06174980803170196 0.2979445672501783 0.12349961606340391 0.0951609011966917 0.06629892471773498 0.1376928555214369 0.11114965445706351
0.08391339844767343 0.1085791089334037 0.16429932345834664 0.13572388616675463 0.09941148699838227 0.15314793154310027 0.09205620105223357 0.16286866340010553
0.10449788895806744 0.06506474852194767 0.25873088468775896 0.13012949704389534 0.09802003058934412 0.08135572481203328 0.14508467804744749 0.1171165473395058
0.12303991375393682 0.07189158974251181 0.22394787726485166 0.08986448717813975 0.14512016528074032 0.10470898630123524 0.1335895958648167 0.1078373846137677
0.12727068364954722 0.07038506868938159 0.20840555920973206 0.08798133586172699 0.16135534217077158 0.10823424243211124 0.13079016495265683 0.10557760303407239
0.09013943991198409 0.10644686951532971 0.13938684448656047 0.13305858689416214 0.11595156460667953 0.16509795746233616 0.09024843284995346 0.15967030427299456
0.1425747217239309 0.08564287429898886 0.2044072981328404 0.10705359287373606 0.13492256114273463 0.10969395126128599 0.11935676698012065 0.09634823358636245
0.13800341772932406 0.07042117569108733 0.20002445459355822 0.08802646961385915 0.15756101086073104 0.10947444866823672 0.13085725930657272 0.10563176353663098
0.11799771097860215 0.06073098781225165 0.27443295203493673 0.1214619756245033 0.10971660834924464 0.07092294864362648 0.13542103849478204 0.10931577806205298
0.08968610815030292 0.10702076643756579 0.1615087176780534 0.13377595804695724 0.10372949979793007 0.15301280260099276 0.09073499763184928 0.16053114965634868
0.10740102797327022 0.06419765940433891 0.26064769172081165 0.12839531880867783 0.10007334849159161 0.08057796794203347 0.1431511987314662 0.11555578692781007
0.10018234019918468 0.12357779306732668 0.1811781365136755 0.15447224133415832 0.08784945600416742 0.1351356581324991 0.07857935754824577 0.1390250172007425
0.08647642720666722 0.10949576550946347 0.13338767973050628 0.13686970688682934 0.09937868386969545 0.17731472212244595 0.0928333664101973 0.16424364826419519
0.08302184271504037 0.10967063399744699 0.1183642557960136 0.13708829249680873 0.10304846591367106 0.19131893360875252 0.09298162447609636 0.16450595099617046
0.0821075794572254 0.10963278035224464 0.11363878104713294 0.1370409754403058 0.10435928245443123 0.19582189955208568 0.09294953116820741 0.16444917052836694
0.10784091058885394 0.06588075438466506 0.2364054795481425 0.13176150876933013 0.10369344492389915 0.08892829456332466 0.14690424932938748 0.1185853578923971
0.14480176912541196 0.08120869885670665 0.24848819321066684 0.10151087357088331 0.12909715734271368 0.09035647308661386 0.1131770485932087 0.09135978621379497
0.11787758287725539 0.05877757744424308 0.3011167359647184 0.11755515488848615 0.10169115408109802 0.06611693041665216 0.13106522492790917 0.10579963939963752
0.14482254591158172 0.07796076638492011 0.2761475665698043 0.09745095798115014 0.12437806872982488 0.08288368655025226 0.10865054568943157 0.08770586218303512
0.11644524948125566 0.05770244692230197 0.31504832764646057 0.11540489384460394 0.0989035842788269 0.06396324903518479 0.12866784433122258 0.10386440446014356
0.1068833319996093 0.057569639418607 0.3362354233286897 0.115139278837214 0.0912287336664378 0.06094653837595113 0.1283717034199983 0.10362535095349261
0.10315419423187462 0.057095696450342036 0.34700889199143986 0.11419139290068407 0.08843254095386432 0.06003014852265546 0.12731488133852387 0.10277225361061565
0.10154327793618598 0.05678858175492979 0.3523900556034564 0.11357716350985958 0.08725463002938025 0.05959678260154554 0.1266300614057688 0.1022194471588736
0.08524929197387154 0.10495195414647285 0.18768676331951034 0.13118994268309106 0.09777898370115187 0.1467341283537487 0.08898100460244436 0.15742793121970924
0.10497716550037205 0.06298134858461253 0.27585292448481136 0.12596269716922506 0.09804510480369202 0.07837532486257985 0.14043900714240468 0.11336642745230256
0.12474685573450783 0.06993224610293745 0.23472490694969925 0.0874153076286718 0.14667601420368198 0.101657574258697 0.1299487259673987 0.10489836915440616
0.11265789247086141 0.05918440810864177 0.29561563671297025 0.11836881621728354 0.10746784361400429 0.06820107169216005 0.13197239658852358 0.10653193459555518
0.0885837580806069 0.10577688277174838 0.16981540585914603 0.1322211034646855 0.10459115621570005 0.15066596883966046 0.08968040061083016 0.15866532415762255
0.12298906664356615 0.0729846499046779 0.1914067668429123 0.09123081238084738 0.15437633133217307 0.12191466799205398 0.1356207300467522 0.10947697485701685
0.09104100615666523 0.10566824588424929 0.13573687961375042 0.13208530735531163 0.11848374828377842 0.16889414845626838 0.08958829542360268 0.15850236882637395
0.08325966354500415 0.1196747710435151 0.11812444977357044 0.13390039059587977 0.10786001551566994 0.18568084545062125 0.09081939536068369 0.16068046871505573
0.10751702772821448 0.07330746029841147 0.2380535681111433 0.12959782610986423 0.10388310846437285 0.08651106115617772 0.14449190463293818 0.11663804349887781
0.1443702753403022 0.08686432732653715 0.24914960188770444 0.10024243785374196 0.12840727869728036 0.08898504739808813 0.11176283742797796 0.09021819406836774
0.11761662190638209 0.06402670738713226 0.3018349630670278 0.11611946539040581 0.10112264384292054 0.06530754127620936 0.12946453827855692 0.10450751885136524
0.10773854082984888 0.06185384806603371 0.33001089763265495 0.11509470336441587 0.09222150765000113 0.061173264334715066 0.12832200509435618 0.10358523302797427
0.09884641176123259 0.12760266153503308 0.20529640156522055 0.14871509645912057 0.0847421363319066 0.12530298255289937 0.07565072298137873 0.13384358681320851
0.10780318029897938 0.07041250936503084 0.283625561984141 0.12318472523338019 0.09283660215884817 0.07392939250430221 0.13734177574527612 0.11086625271004218
0.08733780108139076 0.11427906336207339 0.16553555711986087 0.1321422962912656 0.10004439945361687 0.1524631783534154 0.08962694878885841 0.1585707555495187
0.10633935113188306 0.07108714302430237 0.2632940851355457 0.12617691950448665 0.09929691008166992 0.0795685145085943 0.1406778490594799 0.11355922755403798
0.10681187061570957 0.06417991110494642 0.3121059988634027 0.11870836350881422 0.09405154207875102 0.06495382019121312 0.13235096647923017 0.1068375271579328
0.1401459102685431 0.08311661264931797 0.28193853185792084 0.09667290853306755 0.12124432010143174 0.08209302029174691 0.10778307861821113 0.08700561767976078
0.13428574065124183 0.07341169209255988 0.23317868176747186 0.08347941152595975 0.1525907218083776 0.09878070626375104 0.12409775205948644 0.10017529383115169
0.11514022786124878 0.06345340691714044 0.2934892279066791 0.1167574347836714 0.10877914243897675 0.06712304224458734 0.13017582654239182 0.10508169130530426
0.10148018162143448 0.12850502405253258 0.1925098495559632 0.14954952897078475 0.08958271867677507 0.12770292587670878 0.07607519517209485 0.13459457607370626
0.08596610493477656 0.12222637732384221 0.13617431471991542 0.133553809494556 0.09949007104046835 0.17174042813144919 0.09058432296152495 0.16026457139346723
0.08150474911143117 0.1208032673130719 0.11752273723040754 0.13294889454088493 0.10176568189641075 0.1957419636396968 0.090174032819035 0.1595386734490619
0.10662668423862423 0.07301590612215542 0.23704471096738136 0.12877484277253592 0.1019275137449229 0.09313864403061363 0.14357433962848407 0.11589735849528232
0.10810414408660761 0.06504380581672259 0.2988124648194743 0.12007715916828784 0.09591121549550685 0.07010469587132827 0.13387707149061348 0.10806944325145906
0.09925827783941972 0.12858692922829465 0.19404553616480494 0.14940995826924094 0.08607567893222716 0.13215046096064703 0.07600419616304865 0.13446896244231685
0.08476398376868163 0.12116239568570177 0.1357756863059296 0.1322595853700335 0.09769312286888902 0.17992722217531032 0.08970650138141402 0.15871150244404014
0.13932236526117295 0.0943425921023491 0.20158573347190864 0.10382718851023488 0.13032391449463213 0.1213941696092291 0.11575956689126188 0.09344446965921138
0.15546247809701513 0.08647221493337899 0.2273775130907229 0.09725585617234912 0.13639452130014432 0.10107412411882057 0.1084330217324549 0.0875302705551142
0.09750789061790589 0.11232958178594137 0.14502752846992592 0.12721184892236975 0.11104377853767299 0.1679423336902548 0.08628281926908558 0.1526542187068437
0.08343945141921098 0.11785079460107295 0.11914620221143059 0.13066146300666362 0.10411801577194171 0.1993677598641207 0.08862255751756315 0.15679375560799633
0.07937689369484244 0.1177668502655999 0.11026519566284697 0.12991443670142744 0.10132628233481986 0.21733713849256503 0.08811587880618557 0.15589732404171291
0.09100418562700766 0.1367330641133478 0.12484788155012856 0.15084820828377365 0.08752224738979797 0.1965451978883676 0.07673582769218051 0.13576338745539626
0.10870607118850625 0.07324662994340146 0.2398090076701052 0.12690102855863283 0.0967435745304311 0.09889758578928967 0.14148517661686377 0.11421092570276957
0.10831752623502638 0.0646374849449128 0.29980915670797015 0.1192120137641082 0.09401255984965362 0.07380794718258842 0.13291249892804302 0.10729081238769737
0.10499633363385961 0.06188162669199898 0.3293012596222408 0.11504205194686101 0.09043062213852615 0.0665469565213458 0.1282633026929928 0.10353784675217492
0.08533172402405856 0.11075635237119777 0.17877419914911527 0.12900318258506374 0.09784417093177364 0.15598874103988872 0.08749781079682585 0.1548038191020765
0.10412739789477096 0.06949090274182973 0.2688910931330536 0.12341812818138466 0.09732791950411583 0.08806624056742847 0.13760200261417063 0.11107631536324618
0.10536390723160818 0.06335770547908906 0.3143476764518599 0.1172514131505566 0.09286504495975718 0.07056140533421656 0.1307265755574116 0.10552627183550092
0.12240980052301109 0.07260927967065156 0.24898891403578832 0.08446041547509366 0.14132478518296612 0.10329822622417802 0.12555608031819893 0.10135249857011237
0.11042735677237624 0.06264708720574265 0.30159141388510735 0.11526529504175 0.10477586782643965 0.07304201164714748 0.12851220208386158 0.103738765537575
0.08670158854843817 0.11084538264533214 0.16977140160102117 0.12900729439891337 0.10227035454936584 0.15909462529897023 0.08750059967926298 0.15480875327869603
0.11983094794546469 0.07964058683503018 0.18839098953472452 0.08839661136902324 0.1507146938189255 0.13554273696811275 0.13140749988589126 0.10607593364282789
0.08803461377622689 0.11151274719534918 0.13181122206365004 0.12739009491001768 0.11502528745221592 0.186954204162855 0.08640371654766417 0.1528681138920212
0.1069380349967104 0.07082028095987672 0.2428128904070097 0.12567857706017946 0.10425013197390852 0.0962671308243417 0.14012223442381203 0.11311071935416152
0.08623819369885943 0.11299730145422775 0.15100696030427402 0.13055711657247354 0.10264519649854816 0.17133490817027547 0.08855178341437336 0.15666853988696824
0.10576248099786967 0.07058651250363276 0.25396443749260195 0.12513917611905143 0.10001109796892378 0.09239019378251843 0.13952084262825584 0.1126252585071463
0.12450300523562978 0.07465077421904104 0.22396384395236318 0.08626511330046403 0.14683972225521671 0.11202052023006838 0.12823888484665996 0.10351813596055684
0.11236149580499702 0.06359073483622384 0.2886730974216465 0.11678711707355936 0.10756968527176487 0.07570054414508441 0.13020892008052065 0.10510840536620342
0.10645033280031274 0.06185194377524443 0.3232717488165212 0.11508304906969781 0.09444262530655358 0.06701654464347316 0.12830901142546905 0.10357474416272804
0.13860989431049586 0.08172258070687678 0.28598810496507426 0.09518925083667702 0.12023923052224726 0.08645170189816012 0.1061289110074593 0.08567032575300931
0.11346925967009425 0.06191001131817362 0.31983835014347456 0.11266411341020423 0.09689673285253136 0.068211751853618 0.12561207868272023 0.1013977020691838
0.10524229938409836 0.06071000127345288 0.3384709096662696 0.11310496643587867 0.09008136858379319 0.06449238795734888 0.12610359690686768 0.10179446979229079
0.10205021478712704 0.060251092679846505 0.3478402865343125 0.11239927966828636 0.08762976849718086 0.06335319730759512 0.1253168088241939 0.10115935170145772
0.10068219174923537 0.05997034553164053 0.35241912572542566 0.11192168785281738 0.0866154963224633 0.06287730415975593 0.12478432959112622 0.10072951906753563
0.11951579852689309 0.07144828502807166 0.2647320020162059 0.08335997544948545 0.13721549001697858 0.09977627611300129 0.12392020230998135 0.10003197053938252
0.10875457082706261 0.06208611020700803 0.3096705421879844 0.11435225224600012 0.10291662574805689 0.07180864425836557 0.1274942275041225 0.1029170270214001
0.10432338986554247 0.061088099143861554 0.3336394227276952 0.11381150016218172 0.09224404799149419 0.06557186067796315 0.12689132928529812 0.10243035014596355
0.10200937284955809 0.06044071646122532 0.34554751415163015 0.11271648871838275 0.08844241410630366 0.06372818062362144 0.12567047324273417 0.10144483984654445
0.08441013097282156 0.11024979143117745 0.18391385045991185 0.12857675818513092 0.09708733938384558 0.15426143593243177 0.0872085838125236 0.1542921098221571
0.13647577881885253 0.09127843392002978 0.22367466685670595 0.1013614113157059 0.1276806215661862 0.11529340800579874 0.11301040933258553 0.09122527018413532
0.11621542590863666 0.06475173222658077 0.2884954186675533 0.11679390188771337 0.10203270295693515 0.07637982201166581 0.13021648464197294 0.10511451169894202
0.1266337091394695 0.07285697161937767 0.2375495881660337 0.08461996592734293 0.145676566676983 0.10532597657643905 0.12579326278154263 0.10154395911281153
0.14802766172090784 0.08299830584498254 0.24356647463975334 0.09542148965751439 0.14043537108319998 0.0972835164004413 0.10638783996143768 0.08587934069176294
0.11827778951714406 0.06300833051901705 0.29766936559082574 0.11451883737736404 0.10424633336268378 0.07153243249947036 0.1276799574938671 0.10306695363962765
0.12690267880357745 0.07234372488469444 0.24109864187012436 0.08415656585531649 0.1460699530751679 0.10333616903414967 0.12510438745058988 0.10098787902637979
0.12942530756467227 0.07244477124348955 0.21447469949470968 0.08332674919114778 0.16378127801410272 0.11268428621715246 0.12387080924534807 0.09999209902937735
0.09040898860938006 0.11010032766313632 0.14024754747104076 0.12661359238371894 0.11904262523083309 0.175773562512471 0.0858770452689572 0.15193631086046272
0.08110398090957606 0.11664825094764182 0.11690820262958845 0.12952787219640155 0.1058844353300306 0.20664012412221613 0.08785368722886366 0.15543344663568182
0.11883612938650166 0.08091064071271417 0.16526121734306445 0.08934422143506048 0.15370555234797928 0.15191298715809967 0.13281618589450783 0.10721306572207259
0.08762946618782276 0.11156719731883623 0.12421655189212454 0.12731548370226478 0.11573722958976597 0.19440238018145353 0.08635311068501438 0.15277858044271772
0.08021674046264338 0.11659064995069414 0.11161980436749848 0.12931213805584127 0.1046278935349904 0.21475084475823059 0.08770736320309233 0.1551745656670095
0.10565548201215064 0.07213485003844608 0.23222325182724388 0.12745534870426392 0.10240389603291279 0.10331415533907776 0.14210320221206738 0.11470981383383753
0.12509039585439619 0.07523906975456585 0.21481223166486194 0.08683462304743363 0.148665127728602 0.11607150495703521 0.12908549933618493 0.10420154765692036
0.14853140494147174 0.0840108248584963 0.23319410170413823 0.09638176981479245 0.14266776284966 0.10101206232402353 0.10745848067410442 0.08674359283331319
0.11899513861704229 0.06341882311430859 0.29232757260071335 0.11516070528947825 0.10540044573105752 0.07265708757158565 0.12839559231528394 0.10364463476053043
0.10821188345233468 0.06161003692465812 0.324824568924615 0.11463074361611947 0.0935635835292984 0.06618678969959944 0.12780472459886752 0.10316766925450752
0.10358612922450962 0.06072085159212555 0.3412032696504825 0.11318586001705465 0.08914776596575763 0.06409506232167642 0.1261937872130445 0.10186727401534919
0.13671791517647197 0.0811271887222444 0.2941251631475543 0.09458941160816399 0.11765362579107161 0.08519609007535736 0.10546013503178879 0.08513047044734758
0.13183825504930657 0.07223524313838266 0.23729113305631833 0.08220257283415135 0.14977501438376964 0.10581504855079917 0.12219964558629066 0.09864308740098161
0.11366515580430465 0.06266043836743276 0.2949220132364184 0.11529384814519973 0.10747104027462513 0.07367900417796026 0.1285440366633794 0.10376446333067976
0.14231206064236113 0.08222325821971495 0.27252266768276995 0.09569426275160924 0.1257513628575418 0.08867958976440224 0.10669196160515239 0.08612483647644831
0.11522716294406835 0.06228524882934245 0.31289456581258085 0.11329655032418155 0.0989851873512944 0.06902719080174867 0.12631719864502033 0.10196689529176339
0.10609601605451349 0.06093222367832433 0.3350369384410376 0.11348151593566284 0.09094338469012238 0.06485313535982457 0.12652342149841814 0.10213336434209658
0.137929784805704 0.08125946697562997 0.29123686178805247 0.09472546681773876 0.11847344000242832 0.08551023303739083 0.10561182643709083 0.08525292013596489
0.09266877636253112 0.11093358077344562 0.1652871733281256 0.12622569769996586 0.10517665836545416 0.16262332474706334 0.08561395148345512 0.15147083723995902
0.10683787197084689 0.06967133390141678 0.2610711288308799 0.12366285241058059 0.09982705751279403 0.08975833633723761 0.13787485186672194 0.11129656716952253
0.12459283304505207 0.07434049070462634 0.22682304872620215 0.08597177756197366 0.1464087326858017 0.11089416263223566 0.12780282156973993 0.10316613307436838
0.11223168132702603 0.06346413366042014 0.2901338053286268 0.11658626525124106 0.10731431174691403 0.07535717867207702 0.1299849852875777 0.10492763872611696
0.14206369229073562 0.08255473827090154 0.2705301624742187 0.09601237466820553 0.12600698172216487 0.0893742807199269 0.10704663265246196 0.08641113720138496
0.09380395879234332 0.11127252579317704 0.1586486441243136 0.126464743165148 0.1075975209874159 0.16467882867088932 0.08577608666853517 0.15175769179817758
0.10750375334549643 0.06989487404534624 0.2574269755348945 0.12402571373700642 0.10081361605518886 0.09043250975227847 0.13827941516648326 0.11162314236330577
0.10691263903566563 0.06369226084532865 0.3084571998735301 0.11783013574806564 0.09432086608726806 0.07136796817150218 0.13137180806538065 0.10604712217325908
0.08597496088851708 0.11132256632391999 0.1721264495144504 0.12945452715750153 0.09929171760551134 0.1586804057620969 0.08780394015900105 0.15534543258900183
0.10452245468804174 0.0696299025176568 0.26513268073468627 0.12356422880132782 0.09797132990171145 0.09020670353300506 0.13776489390237595 0.11120780592119504
0.14073475557239593 0.08450786986698412 0.2602207912479644 0.0977198364052197 0.12418518054987913 0.09573338852614394 0.10895032506671508 0.08794785276469771
0.1340848224193585 0.07303793842863565 0.22276936917690646 0.08284815173961602 0.15356647656425515 0.11111611759464785 0.12315934198904112 0.09941778208753921
0.11500806082818157 0.06305163585736119 0.2871809357662075 0.11590754801761596 0.10915779703121409 0.07614896306093975 0.12922826622262554 0.10431679321585435
0.10719038866067565 0.061710624093118074 0.32230134706676244 0.11486221671808602 0.09482092516043694 0.06767570342119526 0.12806279983344812 0.10337599504627741
0.10334178019003874 0.0607562291450527 0.339956982891634 0.11323246981360399 0.0895587675420606 0.0649987939275123 0.126245753657854 0.10190922283224359
0.10138298852310668 0.06018897030662718 0.3485841032794206 0.11226929234269153 0.0874221743023049 0.06393822548072431 0.12517188265670234 0.10104236310842239
0.11976840286364467 0.07145206616359727 0.26301175109341207 0.08334074228691374 0.13757896215897683 0.10094757376712 0.12389161092203892 0.10000889074429647
0.1009936198397731 0.12620034441163505 0.17903857740348128 0.14525007336466705 0.09562056746756316 0.1482836706861321 0.07388808079854803 0.13072506602820036
0.10870177099427997 0.07013742967905312 0.2681230350469232 0.12251337133065124 0.09626011921122321 0.08740897329551224 0.13659326624477083 0.1102620341975861
0.10668308874206209 0.0632808541898577 0.3137184860340676 0.11700034669831104 0.09249033548413015 0.0710799216236313 0.13044665519946022 0.10530031202847993
0.08574768307344521 0.11097082870323174 0.17360995278880242 0.12907661849790522 0.09852559254740781 0.15962976268879422 0.08754761950292703 0.15489194219748625
0.11924403054531078 0.0794566302025602 0.18989049769407304 0.08815131622792227 0.14879386647739545 0.13763922719563365 0.13104285218359787 0.10578157947350672
0.08761708398680644 0.11105150424900508 0.1319293676587099 0.1268519466667001 0.1141382438615104 0.19015080592503128 0.0860387116521966 0.15222233600004015
0.10661772233380629 0.07061357989716213 0.24257245403136343 0.12530489389829552 0.10385715832577333 0.09855418142001872 0.13970560558511455 0.11277440450846596
0.08594403781658683 0.11262252638742314 0.1506321207574103 0.13012753422265158 0.10229066289537124 0.17396966233714184 0.08826041451623325 0.1561530410671819
0.07980150844067084 0.11667727835972878 0.11985248367046399 0.12923595324808992 0.10063798685763577 0.21105595549656353 0.08765569002913925 0.15508314389770791
0.10487467889119255 0.0716307193542925 0.23640338479562512 0.12644535940281265 0.10062720505628109 0.10524068952397954 0.14097713951328514 0.1138008234625314
0.10708705923409158 0.06444494067813114 0.29786699947926776 0.11901899710746949 0.09516210523342074 0.07660550111077775 0.132697299760119 0.10711709739672255
0.14001052307438605 0.0827392522074127 0.2746352447927224 0.09613619622619037 0.12152598492333963 0.09124553772317728 0.10718468444920032 0.08652257660357134
0.11437845282720412 0.062216491411027385 0.31401199536679564 0.1130855957627752 0.09767292347731207 0.07077550491645797 0.12608200005193 0.1017770361864977
0.08743329703089657 0.11024117279520859 0.1734687221599922 0.12830791547500026 0.09976433732591176 0.1597888183208163 0.0870262383221741 0.1539694985700003
0.1376098127859025 0.0910949694400095 0.218037126289022 0.10109703891851475 0.12859828187223518 0.11985978182865205 0.11271565383900076 0.09098733502666327
0.11667893871806155 0.06471267389244648 0.285254766204411 0.11669556680637866 0.10239433346101019 0.07913086242722758 0.13010684836472364 0.10502601012574078
0.10785668275144875 0.061921836740790236 0.3214492951173027 0.11505333837918762 0.09303909787263125 0.06885585837460484 0.1282758862227659 0.10354800454126886
0.1390826117964291 0.08161426630161814 0.28498231430668697 0.09504074801489337 0.11962356628020185 0.08815647864329576 0.10596334144347068 0.08553667321340404
0.13267566357347607 0.0722135596391862 0.23310205880544457 0.08211913639718958 0.15059923311977716 0.10867177306949174 0.12207561171880721 0.09854296367662752
0.14995837070791992 0.08237846015774979 0.24052701815604174 0.09470731400190775 0.14178324213935484 0.09981742483318212 0.10559158740212699 0.08523658260171697
0.11885255960737239 0.0628465451635844 0.29578724696974107 0.11425200820502901 0.10460803418820035 0.07344433560220856 0.1273824628793383 0.1028268073845261
0.08865388755690608 0.11047448637500856 0.16765732173830106 0.12851016757172778 0.10199165227195224 0.16133686539485909 0.08716341800517188 0.1542122010860733
0.10539433995697305 0.06952664563678371 0.2623665328337051 0.12343375689923489 0.09877332727098456 0.09179558872475595 0.13761942746825143 0.11109038120931139
0.08549661648483198 0.112177412358519 0.1568443396872945 0.12971556942012755 0.10057237736390098 0.17155400647012986 0.08798099491104304 0.15565868330415306
0.09246787327274322 0.1353063621083598 0.14132598313768782 0.14992285036260328 0.08713722784737297 0.18264403580391358 0.07626510214097645 0.13493056532634295
0.10807855185613585 0.07230426909138506 0.2483552595097298 0.12529768977792263 0.09568985244267372 0.0978088829935028 0.1396975735285197 0.11276792080013037
0.10751548327222417 0.06411082652410721 0.3039121795559529 0.11830015714005995 0.09323158448684866 0.07456378075352219 0.13189584684123098 0.10647014142605395
0.10442588664841333 0.06158789502571308 0.3311943070611555 0.11452683821535949 0.08997921066851847 0.06752283015586188 0.1276888778311545 0.10307415439382354
0.10211845957854893 0.06050708396807932 0.344379361890924 0.11277143403777777 0.08788899712330724 0.06510863959389998 0.12573173317346267 0.10149429063399999
0.08425482531730402 0.10996204479698365 0.18324991287439613 0.1282138350235354 0.09671149053998114 0.1567888621862029 0.08696242723335444 0.15385660202824245
0.07947264627156227 0.11641769529882211 0.13023802133584858 0.1292319700622407 0.0990994873172337 0.2028088272495623 0.0876529883900415 0.1550783640746888
0.07772527600565263 0.11643910296291458 0.11282597355513814 0.1284927780265282 0.09908607533609816 0.22408783712471086 0.0871516233571235 0.15419133363183385
0.10440306668542822 0.07173688402772058 0.23226611877408532 0.12661989784233574 0.10038729239432582 0.10945709536990562 0.14117173684809667 0.11395790805810214
0.10710058854763203 0.06454228035381494 0.29571786366695846 0.11918005582643633 0.09523844137144502 0.07808185177746103 0.1328768682124596 0.10726205024379268
0.10466636550044735 0.06185075427563975 0.3271658376984421 0.11496940296959629 0.09086498505247509 0.0688278873258548 0.1281823045049081 0.10347246267263666
0.12147069344635379 0.07194631639029266 0.2539744632627672 0.08378418446985175 0.1396828563198814 0.10404964723662459 0.12455081751040648 0.10054102136382209
0.145004563737571 0.08228104839071332 0.25108512393337595 0.09464009272362127 0.1374145111933292 0.09888193587677904 0.10551664069335089 0.08517608345125914
0.09401568481555686 0.11038392249264775 0.15163224420323795 0.12542087871147276 0.11047568638470791 0.1724984546821323 0.08506807425647718 0.15050505445376727
0.10747619650172686 0.06964860213321154 0.2528765380944058 0.12356233597761447 0.10160397587967851 0.09586346548831877 0.13776278354519106 0.11120610237985301
0.08587008628056532 0.11195724002371579 0.15357809291361185 0.129433083308818 0.10125130150763757 0.17480110035952387 0.08778939563554611 0.15531969997058157
0.07951991778216774 0.11614279751035715 0.12043056915134202 0.12867249504041153 0.10001032654233785 0.21354338154965405 0.08727351837523566 0.15440699404849384
0.0901544060784509 0.13492937220573514 0.1273807148912793 0.14886986111465886 0.08643560466899498 0.20251771494892656 0.07572945108876125 0.13398287500319297
0.08013365279120638 0.11821915243434022 0.11164963970498283 0.12801915356239318 0.0950591861240196 0.2264658486919543 0.0868303824162319 0.15362298427487178
0.13661162716814737 0.09329955822409247 0.1878768995357771 0.10272313577688524 0.12878546891178771 0.1437238576985412 0.11452863048557203 0.0924508221991967
0.11789435002748759 0.06576095510321164 0.26926316707389236 0.1183284472760561 0.10380531495544362 0.08652477478379574 0.13192738823166253 0.10649560254845049
0.12742994668338098 0.07302412159830754 0.22905779073310575 0.0847158061221395 0.14668164086819674 0.1114959909801664 0.12593573566813573 0.1016589673465674
0.10326746807183912 0.126458752715688 0.1665340599363976 0.14530085456464603 0.09804855801592605 0.1557056246131322 0.0739139129741895 0.13077076910818142
0.08396245078998714 0.1178802776466547 0.12472303364429432 0.12859362018861867 0.09918933123062412 0.20411892162380674 0.0872200206496718 0.1543123442263424
0.10581690542165666 0.07137056494358847 0.23874035694865883 0.12576401994045666 0.09979198311467129 0.10511105482557022 0.14021749685898674 0.11318761794641101
0.12446739539360878 0.07461624263493266 0.21699358029679755 0.08612960407545114 0.1466887526107584 0.11971145881559764 0.12803744128231245 0.10335552489054135
0.12880699879623025 0.07277264337125423 0.20381276050023253 0.08349027382822054 0.1644371297997445 0.12237796550909855 0.12411389960135473 0.10018832859386465
0.11408983482823207 0.06342249377199863 0.2769396899490268 0.11659965131156053 0.11310400080356292 0.08090473340934043 0.1299999097458742 0.10493968618040447
0.08732181614819026 0.11048796367332342 0.16130820682914923 0.12846863955491047 0.10448307175390142 0.16663268339825868 0.08713525117637405 0.15416236746589254
0.0798939807982607 0.11593603247843215 0.12289996893170799 0.12859400791725628 0.10100149948370805 0.21014141725909247 0.0872202836308347 0.15431280950070753
0.08916925511464134 0.14538149663459576 0.1268770490357177 0.1465340647022944 0.0856998347736276 0.19991639989763008 0.07454124160942803 0.13188065823206496
0.12019802483707269 0.09108963055806621 0.16795322960991838 0.08748593456713258 0.1426737229471556 0.15556261834507443 0.13005371765502097 0.10498312148055909
0.11331751362940629 0.07108017025295586 0.25813575866474775 0.11894428515674982 0.10865729303469905 0.09020112110978096 0.13261400151058525 0.10704985664107486
0.09945986949470326 0.13490117516104572 0.17731442522623883 0.14660110658468278 0.08828614160718876 0.14692094047641363 0.07457534552351255 0.1319409959262145
0.08234354634831312 0.13025923981786688 0.12724944520853576 0.12713764236141123 0.0954614498635537 0.1987510177041034 0.0862324878625224 0.15256517083369345
0.10461964726814546 0.07907085042976267 0.23918306410160706 0.12458098766808488 0.09809390757321045 0.1034301498966305 0.1388985041612827 0.1121228889012764
0.10642283609564572 0.06872031952090407 0.2986626164754747 0.1179564643845648 0.09390776492036927 0.0766565255893661 0.13151265506756699 0.10616081794610831
0.10395941567540458 0.06535138571642525 0.3281929464457557 0.114090323117616 0.09003996941235111 0.06848247275366887 0.1272021960729241 0.10268129080585439
0.08427450486010112 0.11608018101511396 0.1773224632204582 0.12733505512787482 0.09683996637383764 0.15897937803199713 0.08636638521716729 0.1528020661534498
0.10290084546280116 0.07548816411514243 0.2666342892973128 0.12165341202192402 0.09630751364395292 0.09189322884752718 0.1356344757916078 0.10948807081973161
0.10451015153581147 0.0673290979937111 0.3125182965703702 0.1162210811334062 0.0921836577440591 0.07306090975383833 0.12957783224873798 0.1045989730200656
0.10269559259417774 0.0647221834619527 0.3349877244070234 0.1132361431745602 0.08897010115945002 0.06722587716454327 0.12624984918118876 0.10191252885710417
0.10104357781232212 0.06365165582026563 0.34584638969365916 0.11182676806774808 0.08711677076185703 0.06519224546883476 0.12467850111434 0.10064409126097328
0.0834044141143181 0.1154466780910499 0.18295832009985644 0.1269786558462331 0.0957869976934944 0.1569258936090799 0.08612465353048855 0.1523743870154797
0.11695743190008413 0.08593924040823563 0.19260145733464992 0.0866316627648106 0.14588988812429027 0.1392385389057517 0.12878378524440504 0.10395799531777271
0.1109778521929829 0.06957632492004788 0.27141181043804014 0.11744282288684973 0.10839229122456003 0.08556037461028485 0.13093998312906976 0.10569854059816476
0.0986321326024782 0.1342467977673616 0.1820356726905619 0.1462336772689256 0.0880872621145018 0.14476571218603204 0.07438843582810564 0.13161030954203304
0.08211604705078354 0.13007635941000542 0.12871193458961408 0.12706376698601526 0.09537539788867368 0.1979975926055229 0.08618238108616687 0.15247652038321827
0.10445177484060018 0.0789748159011188 0.2399637093369728 0.12444737735837978 0.09798391980199175 0.10342622450151465 0.13874953863688014 0.11200263962254181
0.10631718018415429 0.06866841456907471 0.29904611600772835 0.11787859298046294 0.09382950382940597 0.07674362448346482 0.13142583426329224 0.10609073368241663
0.10389809484696066 0.06532270791364597 0.328373640691403 0.11404588704560402 0.08999257250946881 0.06857314548311837 0.12715265316875551 0.10264129834104362
0.08423884033928285 0.11604012641713532 0.1773524685351588 0.12729354693760267 0.09680164449728475 0.15918288511247333 0.08633823183593921 0.15275225632512318
0.10286710980603987 0.07546398218499692 0.2666202139109621 0.12161012840699743 0.0962770051840781 0.09212622714954286 0.13558621779108518 0.10944911556629769
0.0841077018890636 0.11875919289938772 0.1572166698838358 0.12812329058076574 0.09891708415180302 0.17222709741735817 0.08690101448086719 0.15374794869691885
0.07822986361744505 0.1264274645263751 0.12048342682782488 0.12681273420008066 0.09828939257037894 0.21156972184730918 0.08601211537048949 0.15217528104009675
0.13428052864397044 0.10218489750228425 0.190788400836142 0.1012126630809426 0.12869291681569717 0.13890463019667623 0.11284456615143898 0.09109139677284833
0.10412616835268694 0.14005728132346348 0.15081250156783702 0.14344111278076652 0.09224303238551733 0.16725503167247507 0.07296787041456383 0.12909700150268985
0.110215389266266 0.07907477035243711 0.25129002804097617 0.12237938336765158 0.09565925900166057 0.09479584527499402 0.13644387966512794 0.11014144503088641
0.142660973415044 0.09053596031689273 0.2526604893178503 0.09707099666874545 0.1228725937282098 0.09860817236996473 0.10822691718142216 0.0873638970018709
0.13418823123436138 0.07860740408230242 0.21869103513174593 0.0820544777813711 0.1522258528823431 0.11378813320658061 0.12197949234365016 0.0984653733376453
0.09055731238661588 0.11652532326897465 0.14021041289222866 0.12437600311089106 0.11420437355677167 0.18051599502840973 0.08435937602303915 0.14925120373306927
0.07948851874861089 0.1253457424433562 0.11477992287624514 0.1260381945642529 0.10243584666129767 0.21517916578555335 0.08548677544358022 0.15124583347710346
0.10404702891253094 0.07870923296201329 0.23178288760829446 0.12490945019844098 0.10057369943174146 0.10829448033788132 0.13926471537050059 0.11241850517859689
0.10655012525047411 0.06887561872495719 0.2948027676864356 0.11829907672609563 0.09489538632915935 0.07821321396910325 0.13189464226028869 0.10646916905348607
0.08505202446066851 0.11717710813253378 0.1665059195037435 0.12782208552222019 0.09848506253071657 0.1648745783475127 0.08669671887594065 0.1533865026266642
0.11786486038321993 0.0864131859327915 0.18535078640094693 0.08688357290441967 0.14745708302978872 0.14261195727725803 0.12915826658627164 0.10426028748530358
0.11160616871488276 0.06984901813874572 0.26745468544814954 0.11780910602281855 0.10917556803389873 0.08672889672985536 0.13134836149111262 0.10602819542053668
0.12462710369493807 0.07729752289839378 0.22773079477874655 0.08416272609663224 0.14847532922590279 0.11159770692637462 0.1251135450630533 0.10099527131595869
0.101638156273981 0.13419624428037796 0.1649756644225712 0.14366520518662435 0.09779080330884649 0.15535337661252804 0.07308186524710891 0.1292986846679619
0.10867572546406623 0.07780070036612007 0.25899265132074967 0.12151177816853556 0.09666990504718628 0.09151207466689004 0.13547656461477026 0.109360600351682
0.10660423240653341 0.06778226053075956 0.3084670942528066 0.1165143221862482 0.0925200688980404 0.07334435761899223 0.12990477413899612 0.10486288996762338
0.13857375546130068 0.08686019939570308 0.27859522065150827 0.09490333748855734 0.11942270585329277 0.09042163844881336 0.10581013896112286 0.08541300373970159
0.09181870347162212 0.11829849987532667 0.15980207280364384 0.124218128383447 0.10427011574230419 0.1682784298903992 0.08425229577312057 0.1490617540601364
0.10536587752699172 0.08064989558775977 0.2556621007770819 0.12112355978678786 0.09853241323061566 0.09461121919201133 0.13504373009064258 0.10901120380810907
0.1054198815516739 0.07123271216192395 0.3064075647654012 0.11611302142032641 0.0929225772283622 0.07394516986120682 0.12945735373281167 0.10450171927829376
0.10296946807193023 0.06795633831499935 0.3316335483507161 0.11302089563723385 0.08915549114539138 0.06753558816589965 0.12600986424031893 0.10171880607351044
0.1010101088189679 0.06658229584167658 0.3439268770925654 0.11149315609277 0.08705133020087706 0.06528584281099446 0.12430654865865548 0.100343840483493
