0.125 0.125 0.125 0.125 0.125 0.125 0.125 0.125
0.13585418317672365 0.10698516925166987 0.16302501981206838 0.12838220310200385 0.11843698020534883 0.0932691219117122 0.14212437624641858 0.11192294629405464
0.08426352317527296 0.12510061158807748 0.09007244034341579 0.15012073390569297 0.0938254586910581 0.15637576448509685 0.11259055042926974 0.1876509173821162
0.08043275842190156 0.12453826221497945 0.08966754879478521 0.14944591465797533 0.10135085882568345 0.1556728277687243 0.11208443599348152 0.18680739332246918
0.07846740092562117 0.12173631125034404 0.08765014410024771 0.14608357350041284 0.09984804653561756 0.17404737668693082 0.10956268012530963 0.18260446687551604
0.09575173683580097 0.14863069061674003 0.0802605729330396 0.133767621555066 0.12192852878157426 0.23907456017844 0.10032571616629951 0.0802605729330396
0.11178451178451179 0.09023569023569024 0.1397306397306397 0.1127946127946128 0.13414141414141414 0.10828282828282829 0.16767676767676767 0.13535353535353534
0.11838110141842743 0.08436195294031523 0.12855154733762322 0.10123434352837828 0.1507900797656363 0.1294486114271176 0.160689434172029 0.12654292941047285
0.07209142212875942 0.12754636222780513 0.09011427766094927 0.15943295278475642 0.0983026739895169 0.15305563467336616 0.10813713319313914 0.19131954334170767
0.10705500687899214 0.07527485529870628 0.19117423567925407 0.15054971059741257 0.09110353469961091 0.0869294729125199 0.1666647182844779 0.13124846564902634
0.12369603812741754 0.0825344672817629 0.14884231007374307 0.0990413607381155 0.14246184591336142 0.12241376783483515 0.15720850910811981 0.12380170092264435
0.08552467643830548 0.1626984375242324 0.07455997433083042 0.13191380073916154 0.1159591139836929 0.18157546689978704 0.08947196919699651 0.15829656088699384
0.10642502699094121 0.0730697407335249 0.19912908201582957 0.1461394814670498 0.09701176889968265 0.08903883603753994 0.16178241334569615 0.1274036505097357
0.08214969550078868 0.11558863392933127 0.11195568582689054 0.13870636071519754 0.1012723100130317 0.17291459258436506 0.10402977053639816 0.1733829508939969
0.09638201909765523 0.14051010536446867 0.09068713358999754 0.1264590948280218 0.12399128992641582 0.2512505791756114 0.09484432112101637 0.07587545689681309
0.10612872970143561 0.0970206499613608 0.1326609121267945 0.10708772424693051 0.14224404102472116 0.12715957929028737 0.1591930945521534 0.1285052690963166
0.09737299486878247 0.13666652833400506 0.12145951720305281 0.16399983400080606 0.09438252639964996 0.15735985638232292 0.0857845285542678 0.14297421425711299
0.10218724928160373 0.1397482120835895 0.09161590335296632 0.12577339087523054 0.12703006541335723 0.24385110131169138 0.09433004315642292 0.07546403452513833
0.08072642403309598 0.16184717120575054 0.07037688249039137 0.12451294594453859 0.11744672616768274 0.2112220560366249 0.08445225898846963 0.14941553513344627
0.0679723002148036 0.13887444229303508 0.08496537526850452 0.15032335624427723 0.10205376328676413 0.17346428487727722 0.10195845032220544 0.18038802749313265
0.11605161957330778 0.07934482551817763 0.13890774325268657 0.09521379062181316 0.15810378723616744 0.14222799453357596 0.15113300098700502 0.11901723827726646
0.06857108493715684 0.13050490448817373 0.08571385617144606 0.151647591687943 0.11338593075288025 0.16534289453113304 0.10285662740573527 0.1819771100255316
0.10613422146291879 0.07130255860800026 0.20838392763821034 0.14260511721600053 0.10141062958392509 0.08797140877780106 0.15786972683252803 0.12432240988061584
0.08575103891963382 0.11227924620296911 0.11950446833945286 0.1347350954435629 0.10616608292537706 0.17209387728187842 0.1010513215826722 0.16841886930445366
0.06887711705563762 0.09408466208823445 0.06471843410572022 0.084676195879411 0.14538244585906487 0.27129731819781666 0.10161143505529319 0.169352391758822
0.08455500573387881 0.15304404959415016 0.06907393932989102 0.12220773881442258 0.12885117106141142 0.21273008169306964 0.08288872719586922 0.14664928657730708
0.12767411789213592 0.10952108593176095 0.14724493611531858 0.11886037011718487 0.1399516013051999 0.11725311302914673 0.13252044250378672 0.10697433310546638
0.11031196071173159 0.08081306369270727 0.18070179917324586 0.1458677174049093 0.10943425721101349 0.0789586368860527 0.16263161925592126 0.1312809456644184
0.12567478160129708 0.07716874661716426 0.1661653878025471 0.09260249594059713 0.1596814255271405 0.11596595379090875 0.1469880887945986 0.1157531199257464
0.08043369477253712 0.12548159315872273 0.09603784803303458 0.14552672592828303 0.11081565623001291 0.1683673270903736 0.09870508367309633 0.17463207111393964
0.1081148459077044 0.069974101037903 0.21660203421333268 0.139948202075806 0.101204802612563 0.08722147671167799 0.1549284125544128 0.1220061248866001
0.10758457376606062 0.1381577164249443 0.11677785960908857 0.12434194478244985 0.1332686415392486 0.2120076384219008 0.0932564585868374 0.07460516686946991
0.09044102773599154 0.15308117518887998 0.07398772526666134 0.11695115500035254 0.12373940286693538 0.22213473585356058 0.07932339208719562 0.14034138600042304
0.10186864310155513 0.08182646062542333 0.18850472087555062 0.14142148780198224 0.1053259233872858 0.09609902012958195 0.1576744050568369 0.12727933902178404
0.08536152540184476 0.11121888955382997 0.11926728797779565 0.13346266746459595 0.10812606336706262 0.17563823130567915 0.10009700059844698 0.16682833433074495
0.0742336618954321 0.12686312775937647 0.09767139818416552 0.1424369564580105 0.09980326778224873 0.1914578262257207 0.09660941394543321 0.1709243477496126
0.07937830454623854 0.11007561444531457 0.09919627555893999 0.13209073733437748 0.10584287494497445 0.20923471850140007 0.09906805300078311 0.16511342166797183
0.062332781418328966 0.1074005796108445 0.05603281352154214 0.08415639689815735 0.14118257259751593 0.28544874392459674 0.0951333182326996 0.1683127937963147
0.09592700933210047 0.07729251150106047 0.18984936157924373 0.13885923989125307 0.10868245529488507 0.10959841665042493 0.1548176898489045 0.12497331590212775
0.10793300262264639 0.06685721094948048 0.25395365948078874 0.13371442189896096 0.09705219910311477 0.07589059700209122 0.14802736164638736 0.11657154729653006
0.07713501980177574 0.12199305066976154 0.12802435585579283 0.14261391638121587 0.09849712988209057 0.16387038881507968 0.09672943893682469 0.17113669965745903
0.10571875623223403 0.06845768832410017 0.23462892315149586 0.13691537664820033 0.09696466855091812 0.08638151372571345 0.1515709501355738 0.11936212323176439
0.11428641612698981 0.08288315343228936 0.18492844923527768 0.09674928964691035 0.14639423736379323 0.11483498947169683 0.1438243171467503 0.11609914757629242
0.11436759830121399 0.08288080552185995 0.16943566137568256 0.09528478779432141 0.16132073898383908 0.12072142588908523 0.14164723678081215 0.11434174535318568
0.11411178099468103 0.0826595470085147 0.1647996988036622 0.09500569154767667 0.16622116425399125 0.1219629460693576 0.14123234146490443 0.11400682985721201
0.10493851054880152 0.07247303219287789 0.22979706334409405 0.1332184311360012 0.11060980748431938 0.08053795822882874 0.14852860904267595 0.11989658802240107
0.13489198223497834 0.09398056098508249 0.21715428703199122 0.10914751134508502 0.12869564895614438 0.09620591942303977 0.12169132981310225 0.09823276021057653
0.10946095830795184 0.0713184645527783 0.2545922487420265 0.12950410846987362 0.09990972733489697 0.07427337851138403 0.14438741645820236 0.11655369762288625
0.1201795262590525 0.08078471193617487 0.1996485148926803 0.09384973497411991 0.14445630808756904 0.10894758750202163 0.13951393437943796 0.1126196819689439
0.10774560694605535 0.07036632106357485 0.25197783494366066 0.12940941125165226 0.10334595501107112 0.07640456453065658 0.14428183612684212 0.11646847012648702
0.08214079722702332 0.1197509715831536 0.13627515668791737 0.13920300583087675 0.098634484719232 0.16253602517380242 0.09441595178094249 0.1670436069970521
0.11702051802021321 0.08614081889740527 0.16462611434047683 0.09560137780955506 0.1463929482508071 0.13337870020811113 0.14211786910196544 0.11472165337146606
0.10871570654334416 0.07139860910935812 0.2400586101296956 0.13061846064458568 0.10480583872020156 0.08121632430029149 0.1456298359723963 0.11755661458012712
0.13949525711337446 0.09210808162163589 0.22612048913113733 0.10695525624242729 0.12509202546428486 0.09472203083418958 0.11924712897476596 0.09625973061818455
0.1117537140944451 0.06994874600899764 0.26454222099925717 0.1270803109599441 0.09774777956370967 0.0728698853946544 0.14168506311504214 0.1143722798639497
0.08344711933175168 0.11930117009852738 0.14012506293802415 0.13867891961447784 0.09721305724373301 0.1607594826280319 0.09406048460808063 0.1664147035373734
0.1032360518801208 0.07544591310098424 0.23396636614481756 0.13399371370327853 0.09597938992610848 0.0873912316634574 0.14939299124828218 0.12059434233295066
0.12124232270154812 0.08105541421002978 0.19660772819413608 0.09376654012458312 0.1431945587783469 0.1122233281939685 0.13939025964788776 0.11251984814949975
0.08444951805565777 0.1190188312154675 0.12315031256770843 0.13670306327088227 0.10625760440995807 0.17365665598892974 0.09272033856633755 0.1640436759250587
0.10385709135985328 0.07563290414562089 0.22665762536237763 0.13430468432618375 0.09827500724484034 0.09065877138150012 0.1497397002860586 0.12087421589356538
0.10484831187693168 0.06995503043441184 0.26817880260039256 0.12945066838924948 0.09317030429563546 0.07356344609668254 0.14432783475637215 0.11650560155032454
0.10349570532334536 0.06843063544293115 0.28407441148635265 0.12728221369044618 0.09067449509134864 0.06957837705199038 0.14191016959218403 0.11455399232140158
0.10258333636075583 0.06789991505351332 0.2901175391249748 0.12646293607372172 0.08962108500778553 0.06850180972324235 0.1409967361896569 0.11381664246634957
0.13661490628037992 0.09054961017184834 0.24442798277727976 0.10545329937148565 0.11930224733838403 0.09117142547628558 0.11757255914999964 0.09490796943433706
0.12793474607870156 0.0801256097587081 0.1971732873892355 0.09108427227605735 0.14773824389801174 0.11123982552928102 0.135402888338736 0.10930112673126882
0.11018717919678753 0.0696535275153584 0.25388976861116885 0.12806838671604787 0.10346787510643168 0.07668502096366163 0.1427866938461011 0.11526154804444307
0.12226469737499004 0.07979476092987763 0.2023620102813369 0.0927789236251448 0.14449915746623035 0.10904364058322523 0.13792210138902122 0.11133470835017376
0.12468684775290383 0.0798172912480863 0.18357420715013303 0.09176946213628101 0.15701953649690636 0.11658783156597927 0.13642146908617295 0.1101233545635372
0.10989784728919529 0.06994502405126084 0.24838085830181875 0.1286531587576763 0.10595840238919814 0.07793819529612966 0.14343867103281224 0.11578784288190867
0.10522144915272061 0.06873325880112019 0.2761374072721801 0.12783677081686887 0.09385924060437124 0.07063032021427194 0.14252845940328512 0.11505309373518198
0.10327684713560854 0.0680833109601972 0.28705470715060505 0.12677057911100617 0.09054336022092266 0.06883793900396153 0.14133973521779344 0.11409352119990555
0.10245262722613704 0.06778049917870457 0.29124467707269625 0.12627722592031393 0.08951799624242562 0.06828778780386613 0.14078968322757388 0.11364950332828254
0.13658190835319683 0.0904934265909212 0.24480373142636747 0.10539760736314138 0.11927315904611027 0.0910818538766197 0.11751046671681584 0.09485784662682724
0.08722832437171144 0.11969731074041771 0.13450711924300987 0.13607282873528861 0.10075689320213957 0.16615725408289062 0.09229287514219575 0.16328739448234633
0.10417165686105509 0.07537336875266716 0.23148490840215583 0.13374522337930797 0.09673175158948992 0.08900644689283795 0.149115943081109 0.12037070104137715
0.10477977378475338 0.06979056065799738 0.2701422177617091 0.1291698791004161 0.09270953712084137 0.0731403647301607 0.1440147756537475 0.1162528911903745
0.08234430575487227 0.119248128982828 0.14171995941585447 0.1386442754216638 0.09609642730012351 0.16153678581092432 0.09403698680773719 0.16637313050599653
0.11719651332901194 0.08576295417435235 0.16712241086810314 0.09518083038174004 0.1452238628411088 0.1338037348428001 0.14149269710479564 0.11421699645808803
0.10900621787581566 0.07103755845946583 0.24232903469696834 0.1299556766028028 0.10424966389126539 0.08157085830385541 0.144890881227304 0.11696010894252253
0.08310121536274102 0.11937169718773169 0.13510926508258728 0.13862719883505098 0.09865785189827903 0.16475472860429688 0.09402540442725198 0.16635263860206115
0.10269823528122607 0.08136516838949369 0.23092811851484063 0.13289661844671166 0.09586746190746483 0.0884676289482321 0.14816981190999046 0.11960695660204047
0.08148990668582973 0.1272180509988224 0.13179934845430105 0.13782194935460024 0.09626284334717802 0.16654232671932376 0.0934792352144245 0.16538633922552023
0.10243062888594895 0.08244840207454933 0.22958544559475016 0.13306832883406342 0.09545775759865444 0.08888668488369693 0.14836125617767967 0.11976149595065709
0.08144285007130427 0.12745278820544212 0.13148278582693015 0.1378380442770748 0.09617567257607262 0.16671205414014847 0.0934901517705377 0.16540565313248975
0.1024318554900551 0.08248806614779967 0.22945758950552095 0.13308624235229904 0.09545064744596964 0.08892675252760371 0.14838122841368265 0.11977761811706913
0.1040829949315511 0.07432183628622757 0.26879056550393204 0.1285966036951934 0.09218213541389099 0.07291330448485998 0.14337561635867085 0.11573694332567407
0.10298764688686309 0.07223163372851646 0.28383569552309706 0.12657181887064986 0.09016424759913469 0.06917618802550408 0.14111813238264992 0.11391463698358488
0.10217313848720777 0.07156880141128764 0.28954311907936264 0.1258086859247677 0.08924420620470577 0.06816693546216639 0.14026729609821117 0.11322781733229094
0.10177604613487287 0.07133733021975884 0.2917084130622823 0.12552661138885338 0.08886788413635405 0.06785696076690545 0.13995280404100516 0.11297395024996804
0.10160612746738981 0.07125297990104719 0.29253099364065993 0.125421579163451 0.08872063869089815 0.06775255894154074 0.1398357009479073 0.11287942124710588
0.09303055510791994 0.14302074532298445 0.167693279711601 0.1573631211454609 0.08123575448099989 0.13597979966090643 0.08004993553921272 0.1416268090309148
0.10784244459428029 0.06729617969939912 0.2516187346714565 0.13459235939879824 0.09175665268099685 0.08055742570030427 0.14899927454812012 0.11733692870664461
0.0984674030380323 0.14838639786724916 0.11383764518033115 0.11473662313861119 0.11385410752002927 0.19521251370844234 0.07782136178097106 0.13768394776633341
0.10599856358548349 0.08459724359535212 0.21964422901101865 0.13162736071955383 0.09884315921493624 0.09407013496112195 0.14675468426493538 0.11846462464759844
0.08195960707320782 0.1276407574991271 0.12895815978897665 0.1375252896503981 0.0967526137362016 0.1688552021261235 0.09327802254548741 0.16503034758047772
0.1025890199129056 0.08253313079392173 0.22829751902888637 0.1330934499023714 0.09560642069690499 0.0897070904587394 0.14838926429413646 0.11978410491213426
0.10414228222440369 0.07433714362923 0.26830148130407183 0.12860670688433143 0.09223117474914433 0.07324829435233003 0.1433868806605904 0.1157460361958983
0.0817128419857276 0.12558550140046837 0.1406217927188459 0.13753091005765797 0.09537855868518508 0.1608514684351228 0.0932818346478028 0.16503709206918954
0.13394583744079788 0.10748547123062871 0.19109552591065693 0.1086647586253468 0.12450470178476553 0.11535232568807571 0.12115309655691651 0.09779828276281212
0.11153804186772866 0.07708623776095797 0.2508159243401285 0.1276033578148343 0.09832427943518354 0.0775209154229187 0.14226822132489736 0.11484302203335088
0.10519895023636046 0.0728622080957649 0.27656019863215514 0.12707391224308492 0.09185608801512252 0.07040419273547528 0.14167792902326035 0.11436652101877641
0.13723175454370481 0.09573830678844346 0.23893368590173264 0.10507795369961306 0.1197324253689915 0.09156163863113015 0.11715407673673277 0.09457015832965174
0.1104804351913153 0.07432359072140109 0.26971034406187977 0.1252752450657858 0.0956600369947647 0.07213007805618055 0.13967254934946563 0.1127477205592072
0.1042461630721991 0.07201531687949665 0.28379891652012207 0.1261277230583018 0.09066908588739964 0.06900484513664892 0.14062299869336034 0.1135149507524716
0.0816636940624629 0.12494515849401149 0.1442318554394571 0.13730877727922425 0.09493818685974466 0.1590106244536872 0.0931311706763434 0.16477053273506906
0.1020149140891408 0.08179143183938364 0.23466654983318508 0.13242275799228745 0.09473870054092086 0.08754367064599561 0.14764149286602793 0.11918048219305871
0.103778432271479 0.07407657750398669 0.27078516860437524 0.12829653206093677 0.09184053322853418 0.07271481859596485 0.14304105887988025 0.11546687885484311
0.081636395535131 0.12550920057238907 0.14119767519863838 0.1375003526482828 0.09527766221369174 0.16061718190117938 0.09326110875274835 0.16500042317793934
0.13390782835852022 0.10746101250100303 0.191306445117303 0.10865169957727472 0.12446183188052608 0.11528611625295371 0.12113853669287196 0.09778652961954723
0.11152294146965447 0.07707771946370058 0.25090147290821785 0.12759378392214002 0.09830813038530932 0.07750399917203887 0.14225754714901284 0.11483440552992602
0.10519363888969308 0.07285884441453266 0.27659318899530144 0.12706960788084637 0.09184982860865609 0.070399114137623 0.1416731299805854 0.11436264709276173
0.10291426448227908 0.07179652050119799 0.28670953969385127 0.12608147716764906 0.08978954373726537 0.06866388699040478 0.1405714379764684 0.11347332945088415
0.1362322901612627 0.09535540682102045 0.2424933628472696 0.10482843756404203 0.11889707419672188 0.09097194973586738 0.11687588486617821 0.09434559380763782
0.11012109849708143 0.07419108187090288 0.2711288864015099 0.1251236989930492 0.09537335945674622 0.07194695889919343 0.13950358678777275 0.11261132909374429
0.10411403835953036 0.07196384855163225 0.28434757266604677 0.12606246990426084 0.09056515379694924 0.06894044751150291 0.14055024629624305 0.11345622291383477
0.10238088642190314 0.07148337035130112 0.28966245653739703 0.1257004852677319 0.08927078673265669 0.06822491750775929 0.14014666044029211 0.1131304367409587
0.11925579632615797 0.08352681403556539 0.21357667010164022 0.09186773556208311 0.1387720155660917 0.10619212659988017 0.13656755913408175 0.11024128267449972
0.141415702950689 0.09709180864638554 0.21421732298323418 0.10447400959345433 0.13285305613375947 0.09944076692954693 0.11648072412882149 0.0940266086341089
0.08738311871091227 0.12795535904784575 0.12632817026611565 0.1344868095088908 0.10292906001130542 0.16831617068170898 0.09121714036255202 0.16138417141066894
0.13573373314026607 0.10784084963096796 0.18534171608412103 0.10857049475696712 0.12666533717123518 0.11708642455688203 0.1210479993782902 0.09771344528127039
0.11214732273451852 0.07724893162963663 0.24840807195724682 0.12779863937664307 0.09894902158346504 0.07794329158644803 0.14248594569306322 0.11501877543897875
0.14003332323344644 0.09688313318437576 0.2288056294444934 0.10557923750067064 0.12228052303336019 0.09368386908737704 0.1177129707656731 0.09502131375060358
0.12853041930277653 0.08611316623924506 0.19139638028824066 0.09055745676202821 0.1483362795357274 0.11177760806354808 0.13461974169400018 0.10866894811443385
0.11014790093194515 0.07438500885732795 0.2507979094598434 0.12748900003797167 0.10345746436200622 0.07684189537887323 0.14214072093785796 0.11474010003417452
0.10484052483909116 0.07250995133474616 0.2764979290564305 0.12702119086763297 0.09292624399432749 0.07026593950283953 0.1416191486240624 0.11431907178086965
0.08180866856972649 0.12511401233172517 0.14254033824707632 0.13739850534063702 0.09548656612516969 0.15958167326759926 0.09319202970930164 0.1648782064087644
0.11616910541515689 0.09313071262837527 0.16636554826483227 0.09421628582513625 0.14397665464342013 0.13302331339435494 0.14005883683856077 0.11305954299016349
0.108340568653474 0.07614114814570366 0.24119357783537726 0.12911814917828032 0.10361715807880545 0.081425963196899 0.14395710065100806 0.11620633426045231
0.13911473766717647 0.09691791643271071 0.22636576881540812 0.10582987126385729 0.12386003066820078 0.09467238230756102 0.11799240870761403 0.09524688413747155
0.11136751411986769 0.07476970590719785 0.2646861329882587 0.12580453534923644 0.09693017374697203 0.07295518755791627 0.14026266851623823 0.1132240818143128
0.10463162455701654 0.07219509609456959 0.28185502989302225 0.12635883662217354 0.09109240679572196 0.06926338000774332 0.14088067306979646 0.11372295295995619
0.08174738907180816 0.1250022690456492 0.14378389007410455 0.13733487746801618 0.09504591513216437 0.15913493283354874 0.09314887341308924 0.1648018529616194
0.10205077425922633 0.08181033774765341 0.23448008443627483 0.13244272217801561 0.09477613763700897 0.08757774233835655 0.14766375144325025 0.11919844996021406
0.08132861240979761 0.12722725372943408 0.13257372682454185 0.1377152729063688 0.09596412498124264 0.16652580090708752 0.09340688075388495 0.16525832748764258
0.10233510146925072 0.08239943693817647 0.22984442021395549 0.132964680664905 0.0953369426617912 0.0892055092495005 0.148245696204006 0.1196682125984145
0.10403203483197329 0.07428157558200553 0.2689102417634792 0.1285356953173238 0.09212606069738927 0.07312455795948979 0.14330770806274756 0.11568212578559141
0.1029619712512538 0.07220841044505123 0.283859029328415 0.12653296830786828 0.09013327048748886 0.06934986179839706 0.14107481690444418 0.11387967147708146
0.10215788546383878 0.07155118669849886 0.28953164690753364 0.12577682454667038 0.08922261112577536 0.06832893012633215 0.14023177303934742 0.11319914209200335
0.13591605228028186 0.09525647794871378 0.24348195280544255 0.10475799170160642 0.11866679534774156 0.09084119439805176 0.11679734298671642 0.09428219253144578
0.1271816003232532 0.0857287759127068 0.19618714838050327 0.09037712310328741 0.1468895507703547 0.11083159018762984 0.1343516635983198 0.10845254772394489
0.1253887774059737 0.08487180254268922 0.18063328278958324 0.09096800992163477 0.1570185465329726 0.11672791236096365 0.13523005654022122 0.10916161190596171
0.10975232844203403 0.07448469953882188 0.2463903055439801 0.12793136907885277 0.10570398101233436 0.07796515480718394 0.1426339294058254 0.1151382321709675
0.10490106175952567 0.0726336681684202 0.27478319079150876 0.12722500289634542 0.09354456050336964 0.07056362944789543 0.14184638382622392 0.1145025026067109
0.10290278825129878 0.07181057637554887 0.28600540069513625 0.12615593850894594 0.09019990552459328 0.06873058917122775 0.14065445681519792 0.11354034465805135
0.1362486622941542 0.09537222394415087 0.24224657730739116 0.10484554148923965 0.11903054297660844 0.09100051018177881 0.1168949544663612 0.09436098734031566
0.11013365636276083 0.07419899907892172 0.2710305397804685 0.12513401756493606 0.09540961638030955 0.07195746379877699 0.1395150912253839 0.11262061580844243
0.13866967657914328 0.09584727248609788 0.23665538984845885 0.10493638986928155 0.12063071560044816 0.09182156110383866 0.11699624363037811 0.0944427508823534
0.09993379977591903 0.14690888804197205 0.15138719942920129 0.1547314338639296 0.08643179433738257 0.14263738641284227 0.07871120766121638 0.13925829047753663
0.08474536842068564 0.11018768279100415 0.11363318351341527 0.13222521934920498 0.10303852758236665 0.19171957964491354 0.09916891451190375 0.1652815241865062
0.09021284228230736 0.15381449398911212 0.08406506183821184 0.11102440908832124 0.11297794595509993 0.2393724436897527 0.07530351225120918 0.13322929090598545
0.10483586777495726 0.08601456050941801 0.20658105197227397 0.13264295701235188 0.09950238959782354 0.10315751348142152 0.14788699834063707 0.11937866131111667
0.10533183673217739 0.0752227970299824 0.2595430081420326 0.1293984284783239 0.09364561979863935 0.0761301330341619 0.14426959115419097 0.1164585856304915
0.10358483073497088 0.07255078015634932 0.280232600146779 0.12694887004264133 0.09073479009906678 0.07015562948054235 0.14153851630127323 0.11425398303837718
0.10242438280518025 0.07167915900116974 0.2881371017872148 0.1259351014174955 0.08945550521720011 0.06861891855738307 0.14040823993861065 0.11334159127574595
0.10186892147469831 0.07136637022341939 0.29114401078188756 0.12554955993834632 0.08893528609859037 0.0681628575774349 0.13997838996111148 0.11299460394451168
0.10163231627875292 0.0712506443405634 0.29228767645812553 0.12540456831631494 0.08873164328983098 0.06801230470891205 0.13981673512281678 0.11286411148468342
0.10153673670445829 0.07120727765607131 0.29272292376451936 0.1253498957927987 0.08865329206562497 0.06795918846387325 0.13975577933913527 0.11281490621351885
0.09297854511870014 0.1429330681173106 0.16768837212345278 0.1572680263547892 0.08118365757956277 0.13640554575422054 0.08000156123265363 0.14154122371931027
0.10797595707949283 0.06719390668394674 0.2523518077352331 0.1343878133678935 0.09162792735176034 0.08053114757219125 0.14877283368362648 0.11715860652585586
0.09842914487835679 0.14823730127307114 0.11391447764726557 0.11463064897261982 0.11373455976622458 0.1957476050443241 0.07774948365099431 0.13755677876714378
0.10595665232527716 0.08454900969014346 0.21961249686744985 0.13155818622365462 0.09878534616554485 0.09445838126235738 0.14667755986428355 0.11840236760128915
0.1391881890884524 0.09889576215364286 0.21901795487691986 0.10655671267523535 0.12322352576807649 0.09841403139055692 0.11880278263940419 0.09590104140771182
0.11166742608484982 0.07521038716045088 0.2617933053349081 0.12615384310615987 0.0970396779705433 0.07394478095007924 0.14065212059746482 0.11353845879554389
0.10479989985023622 0.07231733142490941 0.28073447456561346 0.12648310804671845 0.09120088814129185 0.06961027429500691 0.14101922643417714 0.1138347972420466
0.13694914857616655 0.09552848770919532 0.24034749564634944 0.10493079317914794 0.1194051891183342 0.09141116817103065 0.11699000373854256 0.09443771386123315
0.11035086239773745 0.07424936231113768 0.2702488339740084 0.12518305745108022 0.09553267854101655 0.07220068658030578 0.13956976703874166 0.11266475170597219
0.10418693617092621 0.07198204913232481 0.28399103026665834 0.12607945243938115 0.09061478172336777 0.06910506251634982 0.1405691805555488 0.11347150719544302
0.10239964567366786 0.07148473961329538 0.2895119742791588 0.12569586222526744 0.08928219781653114 0.06835779829639137 0.14014150609294743 0.1131262760027407
0.13596388644265986 0.09522247212420755 0.24344245919174298 0.10472811684055996 0.11865816153933678 0.09096556395887197 0.11676403474611684 0.09425530515650395
0.11001084931167238 0.07413906735282355 0.2714855288791317 0.12505451625512096 0.09528082571926016 0.0720536946545087 0.13942645319787364 0.11254906462960887
0.13859714353482597 0.09581013722453798 0.2367928323734896 0.10490181369708321 0.12056369255154387 0.09196505451245628 0.1169576937786883 0.09441163232737489
0.0869312521530574 0.12780002761754763 0.1317487558851361 0.13460564507507503 0.10024759673332939 0.1658422065687569 0.09129774187700741 0.16152677409009003
0.1035113831981304 0.08230837925128809 0.229063671735291 0.1326040121298506 0.09610722946427633 0.08921813560131535 0.14784357770298268 0.11934361091686554
0.10429586494385498 0.07425309221027991 0.2685271539079008 0.1284931372518478 0.09227572095203998 0.07325094821169674 0.14326025899571687 0.11564382352666303
0.13725676430269398 0.09619361153544016 0.2362253173158629 0.10535297454463659 0.12012398251186919 0.09256896824433389 0.11746070445499038 0.09481767709017294
0.110580163354745 0.0744413852993657 0.2686319748633653 0.12538138111518507 0.09582404550831598 0.07250692373141132 0.13979088312394514 0.11284324300366655
0.09499335088918365 0.14382003134698573 0.1613043168251803 0.15739600191045824 0.08263290410021545 0.13813033136715736 0.08006666184140701 0.1416564017194124
0.08411480530956716 0.11028416373422524 0.11619056373352869 0.1323409964810703 0.1022248858780384 0.1901625919014296 0.09925574736080273 0.16542624560133787
0.11679333796839006 0.0910064101265668 0.15718011145514219 0.09416433591572246 0.14621633938442005 0.14166065224184735 0.13998160980904412 0.11299720309886693
0.1233636436183259 0.08626908285308509 0.16822877209537065 0.09174021560745019 0.15784475111005608 0.12608728383002502 0.13637799215674684 0.11008825872894022
0.10972666825312628 0.07498595828789162 0.24136670034834937 0.128510146639108 0.10633267900271504 0.08013949230045775 0.14327922319315473 0.1156591319751972
0.10507112964512022 0.07282069188249743 0.27282951169880876 0.12745353134219975 0.09383671075210726 0.07117907048229682 0.1421011759889899 0.11470817820797978
0.12027368958437121 0.0839268776903714 0.208171362201674 0.0921227839546449 0.1406106281191498 0.10740061200447411 0.1369467056997408 0.11054734074557387
0.096374439391083 0.1447886357911143 0.1441951126325997 0.15569481376966107 0.09068960620821344 0.14893078498397985 0.07920127483065369 0.14012533239269495
0.10942645499795838 0.06754696513012008 0.24275403562703238 0.13509393026024016 0.09418110246480695 0.08366878179852032 0.14955453410983036 0.11777419561149141
0.07302577135787869 0.10969449736997484 0.08284487428884565 0.08478274960659911 0.14101985582180482 0.2432253832211953 0.09584136912050334 0.16956549921319822
0.08540059914387202 0.14965933306728918 0.10936116728726596 0.15451890857030312 0.08987546625574543 0.1935144109938798 0.07860309696837159 0.1390670177132728
0.10376965596547798 0.08557347141454774 0.21942155091561694 0.1333449063363342 0.09439129131097489 0.09481908890174821 0.14866961945259946 0.12001041570270077
0.12111735077828713 0.08664941138701522 0.19140610832081986 0.0932332388569758 0.14222617431635584 0.11489035821732747 0.13859747149484763 0.11187988662837099
0.09660977430677893 0.1455601811671301 0.1397201064566818 0.15586060906586946 0.09104800532078798 0.15164116134648345 0.07928561417698576 0.1402745481592825
0.1232518548114797 0.07604583538331214 0.16260820293073847 0.09125500245997456 0.1521444670135447 0.13577667407205443 0.14484921025392788 0.1140687530749682
0.09897264682127431 0.14582952286609932 0.0938267917268808 0.11086297807028975 0.12638936056976277 0.21588910635280115 0.07519401990854435 0.1330355736843477
0.10651364274108527 0.08457413767427084 0.21044947348556792 0.13193915843274054 0.10204274378044888 0.09863328584976765 0.1471023154466525 0.11874524258946649
0.08198668695760382 0.12752344871937055 0.1267033030977096 0.13740326018533244 0.09738384922653726 0.17092028485664812 0.0931952547343994 0.1648839122223989
0.10263081348147098 0.08254408770715851 0.22727467381991723 0.13311310601068124 0.09577859172800703 0.09044575245512392 0.14841117938802817 0.1198017954096131
0.1206527997545509 0.08610967652910785 0.19390609373910161 0.09310250708015586 0.14250925485117485 0.1135935296216096 0.13840312992811227 0.111723008496187
0.10836309089635983 0.0745009540097962 0.2522283307372314 0.12774551059990588 0.10229349607094959 0.07747094707400648 0.14242671107183535 0.1149709595399153
0.13871852203017007 0.09634870116694766 0.23014604628088745 0.10546780227069628 0.12312286684435542 0.09368631056300271 0.11758872880031364 0.09492102204362665
0.08695379868363626 0.12792469974014692 0.130175792491789 0.1346319418564929 0.10082648777624743 0.1666133712690573 0.09131557795483868 0.16155833022779148
0.10356138731412103 0.08235926945636908 0.22838956070331437 0.1326586737003592 0.09627688325251164 0.08945689796812346 0.14790452127487805 0.11939280633032326
0.10432800471135326 0.07427365686988349 0.2682573396865151 0.12851800120197715 0.09233005028614094 0.0733387657177582 0.14328798044459243 0.11566620108177941
0.10303571736728824 0.07220741782739475 0.2835799343975273 0.1265278285131133 0.09017936740810208 0.06952560240791317 0.14106908641685917 0.11387504566180197
0.1363575132911585 0.09548488021876758 0.2414019114672929 0.10490198284980876 0.1190838651670016 0.09140018006978899 0.11695788237135393 0.09441178456482786
0.08650178417852594 0.12771740104854637 0.13282170822293035 0.13458799260419962 0.09990377249005716 0.1656759814339395 0.09128576889676149 0.16150559112503954
0.11727093295261176 0.09333278545391666 0.1627370968221024 0.09398704055258894 0.14521053441482362 0.1349591127970013 0.13971804834384863 0.11278444866310672
0.08275761620695679 0.1271888717677368 0.11402720637789086 0.13474025079379304 0.10555074332259645 0.18265797090964073 0.09138903966883354 0.16168830095255163
0.07633118413791642 0.13423596187609585 0.10257290452680445 0.13528826661297053 0.09660699181233483 0.20085803374342912 0.09176073735488435 0.16234591993556463
0.10198387882904883 0.08400117178955825 0.21699529927092914 0.13405941856721051 0.09631510020176194 0.09652540736278364 0.14946624726821828 0.12065347671048947
0.12067229121115518 0.08646774305884847 0.19062719394532365 0.09328358079951195 0.14292414332729422 0.11541244252484925 0.13867230817360285 0.11194029695941435
0.10848752022426286 0.07463039079930008 0.2509084819882357 0.1278971984851027 0.10249599398023618 0.0778771041424318 0.14259583174383839 0.11510747863659243
0.10446533443632136 0.0725545390247794 0.2765919505465275 0.12705013859783834 0.09273789677762549 0.07060359269589021 0.14165142318296303 0.11434512473805451
0.09374112016397794 0.14349279567486795 0.16350582872671593 0.15756524166691166 0.08209429453966116 0.13763924835795505 0.08015275336968986 0.14180871750022048
0.10831358660788251 0.06718094436956562 0.25110245671086723 0.13436188873913124 0.09182978910877723 0.08133119484242655 0.14874413405390188 0.11713600556744774
0.098461642176526 0.14816596133930196 0.11362558490309414 0.11457563107017772 0.11373851799533309 0.19622973807071156 0.07771216716064228 0.13749075728421326
0.11923909215543918 0.09513021018428777 0.15435230628169164 0.09251881958812785 0.14821612949084934 0.14198541952552932 0.1375354392683214 0.11102258350575342
0.10934475077085598 0.07654506434942428 0.23591016717148205 0.12932675893626805 0.10480535203252571 0.08348413873353068 0.14418968496327197 0.11639408304264125
0.10520621161218525 0.07317643557822075 0.27076421332506145 0.1277618811835451 0.09371152879295581 0.07194907339193325 0.14244496305090773 0.11498569306519059
0.08187031992888345 0.12525238765177438 0.14116403886398546 0.1374077887436173 0.09565651407221709 0.16056127796890204 0.09319832627827959 0.16488934649234077
0.1021357163559944 0.08188524602648822 0.23333548674917043 0.132499350493457 0.09496305954706448 0.08820483759474039 0.1477268877889737 0.1192494154441113
0.12040081116672476 0.08592788135002992 0.19584184414369368 0.09299625813993967 0.14210135146772465 0.11289116022160159 0.13824518374235809 0.1115955097679276
0.14226455243347397 0.09783193554038701 0.20785240775251446 0.10487296451538287 0.1342558121063786 0.10161113049400201 0.1169255290940164 0.09438566806384456
0.11263602962131199 0.07520785215270206 0.25698182039154616 0.12632439481895896 0.09963003160873896 0.07468564304018276 0.14084227302949603 0.11369195533706307
0.13980734592463123 0.09626464706623562 0.231656016097853 0.10523148913198216 0.12213547301630504 0.09287143125825277 0.11732525728595622 0.09470834021878394
0.11131073292537372 0.07452731853573781 0.2667317561813718 0.12550717605456757 0.09636054858971531 0.0726748741704484 0.13993113509367458 0.11295645844911081
0.1045284240200721 0.07209766095323333 0.2826185741007935 0.1262286406547589 0.09089137421670596 0.06929403518290703 0.14073551428224607 0.11360577658928299
0.11993160162285514 0.08367546321978678 0.21127971795141579 0.09194073891425031 0.13940690799649133 0.10676060007781174 0.1366760835202885 0.11032888669710035
0.12340559032893475 0.08461527712920276 0.18586497120890566 0.09102203338622723 0.15455593803856965 0.11599938379590774 0.13531036604877958 0.10922644006347268
0.10910011533385128 0.07433267544497377 0.24856019206354432 0.12771638733090188 0.10500373849172938 0.07794790193691341 0.14239424080027419 0.11494474859781169
0.1046598797194142 0.07255020180297592 0.27561824429291704 0.12710159792106918 0.09331756377875422 0.07065227786778966 0.14170879648811743 0.11439143812896227
0.10280364296251993 0.07176720633856515 0.28630984957934025 0.1260904229844249 0.09011386478476807 0.06885222076982397 0.1405814118945752 0.11348138068598242
0.11941264479386045 0.08359661970544785 0.2124840502757166 0.09190281144826243 0.1390983851927565 0.10660241305131081 0.1366197017947304 0.1102833737379149
0.08341103629927533 0.1254788124692822 0.1260573762670874 0.13499612105439027 0.10451846651633624 0.17198025567407824 0.09156258645428209 0.1619953452652683
0.10283548513491066 0.08216920930357481 0.22668369990882437 0.13284779014100492 0.09723196549289168 0.09055346689885815 0.14811537199303085 0.11956301112690444
0.10421729423945389 0.07429648991801342 0.26759557084589924 0.12860057883693066 0.09259103038243803 0.07357846647897155 0.14338004834505552 0.1157405209532376
0.09377113209010954 0.14407287480370515 0.16116095211364098 0.1577809903329643 0.08214233176293137 0.13880632381890767 0.08026250377807315 0.14200289129966784
0.10840870317706718 0.06723999291980573 0.2502539912094371 0.13447998583961146 0.09191506655533245 0.08158842588596993 0.14887487239875583 0.11723896201402025
0.07293595801921429 0.10974381526714014 0.08402628660023374 0.08485689581956649 0.1404190936180529 0.24237897245801918 0.09592518657864037 0.16971379163913297
0.10078022478965942 0.08060493194342397 0.20712857174867608 0.133145537881534 0.10594877006044094 0.10411364097914487 0.14844733850374012 0.11983098409338058
0.0932140294447312 0.14596179935319972 0.14504806613087312 0.15831216977154244 0.08489096930604681 0.14955930075021645 0.08053271244900204 0.1424809527943882
0.1226482264859532 0.07618749010715747 0.16470468158942286 0.09142498812858897 0.15024183138687736 0.13539251836572594 0.14511902877553803 0.11428123516073621
0.08383145443991674 0.12371905644684311 0.1145901542937976 0.13482843358642424 0.10677094162606318 0.18301698869680183 0.09144885060644427 0.16179412030370907
0.10328069135883267 0.0822199568437344 0.22177245682306782 0.13327695189316496 0.09805753208551053 0.09284929897214841 0.14859385531969285 0.11994925670384844
0.13845181107066404 0.09861471784231979 0.21999678770520997 0.10668136932384596 0.12311710744246715 0.09818320872416185 0.11894176549987005 0.09601323239146135
0.1468396950757971 0.09901165125576643 0.21588739963698456 0.10384568216548289 0.12777726979636325 0.09739700218393135 0.11578018593673987 0.0934611139489346
0.11341648256213663 0.07512572990274176 0.2601436918937275 0.1259220604916842 0.09793649971803839 0.07373198070962131 0.14039370027953443 0.11332985444251577
0.09565715458225235 0.14407605603070459 0.15908739336336447 0.15750859441491638 0.08308975624178935 0.13869937323465603 0.08012393715889225 0.14175773497342473
0.12318143387437035 0.07602378010574867 0.1691294255781706 0.09122853612689841 0.14934354756498822 0.1322504063897747 0.144807200201426 0.11403567015862301
0.09906484527866669 0.14598052119457353 0.095180773851814 0.11098037649156502 0.12578771547917472 0.2145556692504839 0.07527364666384409 0.133176451789878
0.13799612616695311 0.10957325332274181 0.17092010626543297 0.10681480682023708 0.13199882144960584 0.12747302148649184 0.11909053835032402 0.09613332613821336
0.11306717127663249 0.07769567591557074 0.24221651677092032 0.1281300112468526 0.10044219349253884 0.08027602057621479 0.14285540059910282 0.11531701012216734
0.10583284405645942 0.07312480351863036 0.27315355993180196 0.12740859090009374 0.09254472655665161 0.07121667247647247 0.14205107074980602 0.11466773181008438
0.10316938457411669 0.0719018725097613 0.2853669577667794 0.1262120678709951 0.09002816215518482 0.06901365717414276 0.14071703686512438 0.11359086108389559
0.11953465140032962 0.08363183536327393 0.21218967391420485 0.09192240881046845 0.13909521844799325 0.10667048690127742 0.1366488345898904 0.11030689057256214
