0.125 0.125 0.125 0.125 0.125 0.125 0.125 0.125
0.5924447701601664 0.12716741790840524 0.03098760972625545 0.0061106153564007455 0.19035648266057878 0.04250638105296255 0.008660990338870923 0.0017657327963599694
0.6300653347126653 0.12078992438066899 0.03444756827279329 0.006311953311824466 0.16580867106789848 0.032806106229318566 0.008229807873945614 0.0015406341508852612
0.5464227772158755 0.2191451906997599 0.022933665354861327 0.008827937905813685 0.13893217494893456 0.057384005383896715 0.005346631379228697 0.0010076171116294367
0.5373346254687156 0.22786423151379442 0.021234970135724673 0.00850845860137324 0.13847878032143374 0.06061910321965507 0.0049816718442283305 9.781588950748298E-4
0.5291519133406609 0.22564670779940335 0.027666078434082114 0.01113226923207706 0.13692954686757505 0.06029206546456167 0.006507647881701047 0.0026737709799390325
0.47654427407440453 0.2030866469874955 0.018778910325448886 0.007546723228006827 0.19724864622911906 0.0868362892224232 0.0070598457674759495 0.0028986641656260233
0.5196116941804879 0.2240321905058719 0.026056650601919945 0.010545330694209914 0.1455627567913048 0.06500442029174157 0.006495330985458995 0.0026916259490048014
0.5275135252752589 0.22544951482282444 0.02748923217632078 0.011067365621494657 0.1382200726972435 0.06106169497086402 0.006516848889144398 0.0026817455468493086
0.5288896236925772 0.22550265682499562 0.027753660069179648 0.011156715155631792 0.13709491617348482 0.060390332031233666 0.006529988268661423 0.002682107784235949
0.5291234038319488 0.22549593646850796 0.027799914178141056 0.011171771674594173 0.1369160077662597 0.06027768831605968 0.006532955850687752 0.0026823219138008376
0.4765577216712632 0.20307682931487406 0.018782528493282456 0.007547575644497011 0.19724613393692972 0.08682954895673112 0.007060808324456386 0.0028988536579660986
0.5261896144107372 0.22686640094853436 0.019790172543465302 0.008009185674748391 0.14740403223433787 0.06582613807555324 0.004933203456124791 9.812526564988637E-4
0.5273581956100044 0.22565099755108567 0.027323472396164117 0.011018811071718048 0.13832918315923676 0.061158833494954316 0.006487752636550738 0.0026727540802860827
0.5288493796953899 0.2255204138240847 0.027742583189650765 0.011153768210164304 0.13711499282313333 0.06040843109340063 0.006528555969053934 0.0026818751951223074
0.5291168996047467 0.2254977002559665 0.027798468478445207 0.01117135947824192 0.13691979682321112 0.06028067439286495 0.006532799694936226 0.002682301271587649
0.47655645165800115 0.20307686627676566 0.018782365907253257 0.007547525783974372 0.19724696730792768 0.08683019326920893 0.007060780840859681 0.0028988489560094477
0.6181816391071133 0.12593487767739495 0.03099999745530754 0.005927920756765181 0.17317443803035887 0.03654052906740417 0.007727545070037593 0.0015130528356184561
0.48421058430954506 0.1952769748502743 0.020115369088208587 0.007773107497935965 0.1992559594173647 0.0828198351656489 0.007565029514574629 0.0029831401564478902
0.5206067323138381 0.22326273892733228 0.02630232803641031 0.010602211194146205 0.14540423858606222 0.06457556116692674 0.0065449842026688194 0.0027012055726152737
0.534604973868032 0.22834541327920815 0.02091420449696943 0.008416425281406514 0.13998282929635075 0.061801916109365196 0.004955803516154087 9.784341525139822E-4
0.5357195578522893 0.22868187392287417 0.02096204948830406 0.008440614924915067 0.1390035056881698 0.06127771929514238 0.004939708964038736 9.749698642665116E-4
0.5289242149371909 0.2257254034437013 0.027616284317849484 0.011118593795606693 0.13704621792714966 0.06039477941439109 0.006501578876296579 0.0026729272878141743
0.5291147554305781 0.2255138710724344 0.027794902555518957 0.011170845071354851 0.13691118897573787 0.060280457348449897 0.006531871132933963 0.002682108412992157
0.5291614574032244 0.22549502712437214 0.027807402521556182 0.011174218019347615 0.1368867775221032 0.0602593324180412 0.006533429724452176 0.0026823552669031146
0.5291690275262424 0.22549312344082056 0.02780906942023289 0.011174698196360603 0.13688225596362905 0.060255843129073096 0.006533604439778573 0.0026823778838630085
0.4765671421450039 0.20307738488514682 0.018783668677065844 0.007547945357619949 0.19723922593904253 0.08682478267715946 0.00706096966314895 0.0028988806558125505
0.5196152529600998 0.22403116393068379 0.02605742595848176 0.010545553549442218 0.14556077093228212 0.06500276857492479 0.006495423747854621 0.0026916403462309037
0.534453828043208 0.22841531039768595 0.020888242701281097 0.008409749380337913 0.1400380687245622 0.06186472594309782 0.004951945139596133 9.78129670230789E-4
0.5287285494763908 0.2257137309620232 0.02758109549008696 0.011106432169410959 0.13720681151408975 0.060490392342411506 0.006500045750622587 0.0026729422949644316
0.5360985228842089 0.2285053411591217 0.021117716016385315 0.0084876321291077 0.13875278177755354 0.06109608504528295 0.004963566537011061 9.783544513287431E-4
0.5289937419893215 0.2257083594620186 0.027632315514322808 0.011123219549457731 0.13700336377756803 0.06036263188078282 0.006503224871104292 0.002673142955424314
0.4765150526768484 0.20308925995019486 0.018775059377095685 0.00754558243490205 0.1972662162246876 0.08685116623205923 0.007059124365074824 0.002898538739137171
0.5261826391528369 0.22686782418986506 0.01978910301869869 0.008008867335484551 0.14740798620705087 0.06582925178551738 0.004933084483044906 9.812438275014098E-4
0.5273571338484063 0.22565116883898953 0.02732325557734047 0.011018745249413498 0.13832988003013919 0.06115933160604016 0.006487733004595965 0.0026727518450749173
0.47616953149004143 0.20305591687178426 0.0187342947014524 0.007532032691555162 0.19753090314202662 0.08702576958458723 0.0070538776616154986 0.0028976738569375412
0.46426836450134995 0.20019518039735376 0.017455338685246968 0.0070648849694532005 0.20818393515634928 0.09298191128467141 0.006964195914483667 0.0028861890910916108
0.5175973623299668 0.2239119575651756 0.02568414399573172 0.010416759035879061 0.1472270828928389 0.06599391968708458 0.006477644474610489 0.002691130018712656
0.5340943079876032 0.228416713800743 0.02083660066378662 0.008392799202187296 0.14030225508052652 0.06203070026348039 0.004948623887503441 9.779991141695848E-4
0.5286712807867789 0.22571661757130007 0.027569893570617995 0.011102822458987105 0.13724940033905803 0.06051782149083333 0.006499280687421643 0.0026728830950028286
0.6284069700040211 0.1265621144707853 0.03300349159621339 0.006267691166165969 0.16265521622486864 0.03384170321475548 0.00775760127141948 0.0015052120517703301
0.5385525162794728 0.21662662221756718 0.030053579323330578 0.011593149899387891 0.136762572006365 0.05665827062671955 0.006999489396607021 0.00275380025054985
0.5304198781327242 0.2246925948365056 0.028117393134976233 0.011247804309096823 0.13652276064114488 0.05972471295273871 0.006584287733283308 0.00269056825953011
0.5293558346939887 0.22541734848889997 0.027852016752659577 0.01118615729509004 0.1367938698824297 0.06017234325455525 0.006539220592023205 0.0026832090403536516
0.5362231022271662 0.2284779090515126 0.021138648889610003 0.00849370417439446 0.13868095174409292 0.06104139683666034 0.0049657803291067075 9.78506747456854E-4
0.5290128567760967 0.22570519692677024 0.02763625083349153 0.011124407940550425 0.13699083696771902 0.06035368854723693 0.00650357972773215 0.002673182280403231
0.47651887111889385 0.20308932046504902 0.018775533666756775 0.0075457320876866265 0.1972635620844459 0.08684923122443441 0.007059198114335281 0.0028985512383982713
0.5261832763741778 0.22686779705114155 0.019789193468386264 0.008008896738469152 0.14740754287269534 0.06582895777966781 0.0049330914898819776 9.81244225580216E-4
0.5273572341897256 0.22565116156585568 0.027323275342229707 0.011018751549500584 0.1383298072165372 0.061159283709654885 0.0064877344529158274 0.002672751973580339
0.5288492233262959 0.225520435015999 0.027742550882820127 0.011153758286164576 0.13711509947397788 0.06040850490608123 0.006528553214487571 0.002681874894173783
0.5291168738861072 0.22549770324907956 0.02779846319719584 0.011171357839757985 0.13691981475933826 0.06028068657733689 0.006532799264369935 0.002682301226814512
0.4765564464274827 0.20307686608457087 0.018782365265189258 0.007547525578722585 0.1972469710411327 0.08683019591768694 0.007060780745312382 0.0028988489399026283
0.5261894028865792 0.2268664150076072 0.019790142221650032 0.008009175943050574 0.14740417526340555 0.06582623523255579 0.004933200941377826 9.81252503773702E-4
0.626699045269004 0.12670461590789556 0.03247051277635432 0.006187138364713753 0.16438691585447004 0.03434112188126231 0.007709879851313193 0.0015007700949870235
0.538264534591251 0.21663778800139152 0.029993110033268218 0.011574663500343757 0.1369879314634923 0.05679146790091068 0.006996494445600828 0.0027540100637417657
0.5303715146468225 0.2246955619623384 0.028107643488802535 0.011244705378093384 0.1365586590124399 0.059747777183624486 0.006583619076942179 0.0026905192509365555
0.529347765690853 0.22541797598033692 0.027850385714987103 0.011185640834554362 0.1367997403442751 0.06017619310419414 0.0065391002243448204 0.00268319810645468
0.4766004033412818 0.20307404776718135 0.018788104252337106 0.0075492495585127075 0.19721949867168348 0.08680785834955637 0.007061811198679492 0.0028990268607677603
0.4643527804583526 0.20020226354606505 0.017465132156270737 0.007068151552503798 0.2081208634410788 0.09293879960519837 0.00696557237082203 0.0028864368697087556
0.5176108964420876 0.22391162962292352 0.025686731539694696 0.010417615188822582 0.14721681395672526 0.06598734482591243 0.006477821325283793 0.0026911470985499734
0.5271740964955475 0.22545603306261544 0.027422498565083858 0.01104550348597548 0.1384821067688514 0.06122562786744301 0.00651267773489708 0.0026814560195862966
0.5358373876264897 0.22849293045760954 0.021082278536647996 0.008475589211008846 0.1389537899802334 0.06121794605569295 0.004961754498289777 9.783236340276675E-4
0.5359311125326166 0.22868750360902787 0.020991537224792474 0.008450477966159784 0.1388434480026425 0.061179517656381806 0.004941386315980958 9.750166923980146E-4
0.5359370823834343 0.22870241092722424 0.020990481336349887 0.008450592112048046 0.1388284799698684 0.06117514746382816 0.004940845115966453 9.749606912805024E-4
0.6283637875157958 0.12669836420326258 0.03281404093923236 0.00624205424041456 0.16276789871974448 0.033889695059544735 0.007723848765793497 0.0015003105562119516
0.4862020464292806 0.1955919121736862 0.020344159831340195 0.007848545600921903 0.19758319153492174 0.08186464329160104 0.007582162562392445 0.002983338575855966
0.5275815527162214 0.2261229396502693 0.020024502573778726 0.008068670330152178 0.14700132959801673 0.06524221123729526 0.004973889498424885 9.849043958417543E-4
0.5275538738805826 0.22557897960031867 0.027366547253138272 0.01103055266296112 0.13823261198615874 0.06107064985832378 0.006493232067460838 0.0026735526910558185
0.5358866842537631 0.22850057391932177 0.021087609242564344 0.008477606545774615 0.13891300298889556 0.06119441168037134 0.00496181248836035 9.782988809489365E-4
0.5289597967609352 0.22570960448915775 0.027625712699484863 0.011121075537218576 0.13702897257733077 0.060378933136941364 0.006502792612622842 0.002673112186308575
0.4765080246675357 0.20308877774812853 0.01877421519746448 0.007545306901356921 0.19727142720396873 0.08685472143552916 0.007059007587334123 0.002898519258682245
0.519605996206354 0.22403277250132755 0.02605552460535837 0.01054497329049504 0.1455667310471959 0.06500715330049085 0.006495235010104719 0.0026916140386734695
0.5275125865918827 0.22544960999506905 0.027489041105616854 0.011067305747236552 0.13822073732951237 0.06106214151513848 0.006516833728429963 0.0026817439871141
0.5358971969799163 0.22849055838371338 0.021091020746295104 0.008478397785949627 0.13891152099962367 0.06119057229044115 0.0049623805510209795 9.78352263039614E-4
0.6283599313191612 0.12668778419048754 0.032817389784568995 0.0062421871566062945 0.16277784124764333 0.0338896555091823 0.007724818049370471 0.0015003927429800472
0.5385225995124103 0.21663883922681013 0.030044614154832297 0.011590832613047265 0.13677938775468088 0.05667160719733568 0.00699845773228847 0.0027536618085949906
0.5375149110821575 0.22770150846345535 0.021369485413719195 0.008548532172969948 0.13835327401995445 0.060526491796204604 0.00500423204218541 9.815650093534887E-4
0.47655897438694556 0.20319131288926012 0.01869273278825106 0.007520682212397727 0.19726593431708359 0.08684698084283557 0.007033784232387914 0.0028895983308385134
0.5261785960762516 0.22687554703161664 0.019787079329353842 0.008008450567110564 0.14740611082285338 0.06583034995297725 0.004932665625145223 9.812005946912695E-4
0.4742670496115462 0.20293519949751493 0.018429333541288295 0.00743208670648771 0.1990463886749294 0.08800403976108258 0.007001489044499815 0.0028844131626510204
0.519234643200762 0.22404323050719627 0.025983002926787666 0.01052113430210488 0.1458493274913793 0.06518730594139528 0.00649023178741987 0.0026911238429550154
0.5343868446143709 0.2284184449829475 0.02087842968110771 0.008406606494875025 0.14008500047825773 0.0618953547631392 0.004951223904627455 9.780950806746321E-4
0.5356855539452581 0.22868902357366275 0.02095683839277262 0.008439091901018235 0.13902273572357257 0.06129265789082204 0.004939163229028875 9.749353438647831E-4
0.47623783024141975 0.20324353114412877 0.018648530359171127 0.00750815688896681 0.19743876212929073 0.08701045148645953 0.007024710113683469 0.002888027636879871
0.5195540049868379 0.22404863739476094 0.026043054549723256 0.010541413013775508 0.1455964536810662 0.06503135073792092 0.0064937226029482065 0.002691363032967171
0.4744696079620375 0.202784769294797 0.01854277637217702 0.007465598818656799 0.19892641837586583 0.08788252597133894 0.007033776979242605 0.0028945262258840638
0.5258351239460962 0.22685840227044468 0.019741184680826904 0.007992694089949404 0.14766963560702145 0.0659916605812463 0.0049301723653361225 9.811264590789443E-4
0.53420037317544 0.2286054092279092 0.02075235857897867 0.008369515180827819 0.14018212720500067 0.06198653428016808 0.004928922069641868 9.747602820336899E-4
0.5356450657326227 0.2287048306768647 0.02094922911201882 0.0084370679929536 0.13904112096862736 0.06130964172241188 0.004938182034479955 9.748617600210667E-4
0.5289130352286444 0.22572782177350464 0.027613938226590466 0.011117904646127687 0.13705309958797426 0.06039995530572016 0.0065013459687238455 0.0026728992627146632
0.536131351143363 0.2285054828774747 0.02112240415866784 0.008489178522547417 0.13872845535610875 0.06108090364484279 0.004963859050558227 9.783652464372143E-4
0.6283982291385102 0.12668614162970904 0.03282566022228864 0.006243460056566999 0.16274173622721158 0.03387911302143361 0.007725266936131155 0.0015003927681490118
0.546131367585565 0.2196971985358152 0.022852494665228058 0.008816135300773777 0.13870562113658305 0.05746888744740395 0.005322984308654963 0.0010053110199758554
0.5302458469716733 0.22491767968856718 0.027931923746101275 0.011194151641115854 0.13664482080986184 0.059832152887719196 0.006552473451135997 0.0026809508038253254
0.5293108670748418 0.22543716887182375 0.027839650197726 0.011182871841730216 0.13681631726830762 0.06019254341499132 0.006537628470185521 0.0026829528603938483
0.5291921544949617 0.22548717481798536 0.027814073021924755 0.011176139592356938 0.13686868272690972 0.060245185614968284 0.006534140940436368 0.002682448790456999
0.47657165645390825 0.20307727676228673 0.018784243822001435 0.007548122406898543 0.1972362455159643 0.0868224916451676 0.007061066194270744 0.002898897199502385
0.5196159665962878 0.2240311053071582 0.02605756589725131 0.010545598416802042 0.14556026178031034 0.06500242526963251 0.006495435057764798 0.0026916416747928204
0.5275142117376012 0.22544939038452635 0.02748937682232091 0.011067409034392508 0.13821962884591024 0.06106137344040686 0.006516862527208112 0.0026817472076337027
0.5358974783868683 0.22849053137119407 0.021091062876991553 0.008478410897074578 0.13891133481537862 0.06119044514858819 0.004962384051368994 9.783524525357554E-4
0.47628758241748853 0.2032327334076908 0.018656328314752762 0.0075102965010068155 0.1974130726680712 0.08698530955971664 0.007026358259329631 0.0028883188719437012
0.519561723919016 0.22404717789996478 0.02604464538623086 0.010541894930277563 0.1455915826963824 0.06502770353588895 0.006493885437421607 0.0026913861948177037
0.6267812068660995 0.12657365684333452 0.03266059863047434 0.006213193125856077 0.1642390289156546 0.03428362188375562 0.007743109644308871 0.001505584090516483
0.5382992570770546 0.21662513762341046 0.0300030271234346 0.011577268341958151 0.1369676470247387 0.056775932305682765 0.006997583323000808 0.00275414718071978
0.6294478375634178 0.12599945236814547 0.03335944343534753 0.006305781680318269 0.16206256208163855 0.033502641998790696 0.00781353823309244 0.0015087426392491332
0.48643492367506475 0.19555683631165685 0.020378422434016618 0.007857951816402038 0.1974492166713066 0.0817498733359978 0.007588504488655486 0.002984271266899984
0.5209637974172231 0.223265647162829 0.02636993012456894 0.010624803127672458 0.14512331647838617 0.06440218339495499 0.006548893418322563 0.002701428876042629
0.5346680250450775 0.22834367518308646 0.02092335487461863 0.008419387398481956 0.13993768899923198 0.06177296938325521 0.004956437154321333 9.784619619271826E-4
0.5287602318050946 0.22570626380703732 0.027587762531481846 0.01110837359195973 0.13718783745219068 0.0604757670904746 0.006500735001258652 0.002673028720502747
0.5290867876458691 0.2255136411086003 0.02778948360645768 0.011169041736858502 0.13693335680077703 0.06029403255572359 0.006531564354716091 0.0026820921909976206
0.5361780618890808 0.22848730730360994 0.02113156768553865 0.008491635026515957 0.13870671966430317 0.061061206502540245 0.0049650427790303665 9.784591493807759E-4
0.5359879888286465 0.22868524918105748 0.020999685630437196 0.008453100442378202 0.13880345515515904 0.06115351254278064 0.004941966336524624 9.750418830161776E-4
0.6283709718773001 0.126696992135699 0.032815863383303945 0.006242299774213774 0.16276191988544061 0.03388761503800228 0.007724020613951818 0.0015003172920883755
0.5385240573996144 0.21663971667129306 0.03004480085295176 0.011590921633148036 0.13677756053113518 0.056670870146748674 0.0069984229866830745 0.0027536497784257795
0.5375151895017545 0.22770157501782073 0.021369521030817237 0.008548545625941472 0.138353014979464 0.06052635687889179 0.00500423211804121 9.815648472692113E-4
0.5291915832115498 0.22563235701345033 0.027676292245165265 0.011135054026922718 0.13690781035620292 0.06027411123559073 0.006508846920793759 0.0026739449903244333
0.6284897100784148 0.12655227904953917 0.03302331309659121 0.00627053310001854 0.16258151573074744 0.03381826108816889 0.00775912973950594 0.0015052581170139881
0.5385654644276451 0.21662582855784987 0.03005625083563765 0.011593960374255767 0.13675275763632938 0.05665231341120862 0.006999632040474922 0.002753792716598762
0.5375224287876437 0.22770024039819156 0.02137066714433698 0.008548882826227594 0.1383486978867137 0.06052316761367656 0.0050043438360273815 9.815715071826428E-4
0.536185329876861 0.22861364837831916 0.02103167242131016 0.008461695102870773 0.13871612689067384 0.06107003157337388 0.004946154948693804 9.753408078976995E-4
0.5359769326153017 0.22869501447537255 0.020996521780796217 0.008452381633494812 0.1388051610052415 0.06115754133852121 0.004941449537019751 9.749976142522201E-4
0.5289654659943985 0.2257244652318586 0.027624238249043226 0.01112119923028185 0.13701468254954627 0.06037491100046305 0.006502077891584139 0.0026729598528246316
0.5291216567505365 0.22551346120111587 0.027796283635064867 0.011171287270944531 0.13690607467639151 0.06027715128729144 0.0065319684348899435 0.002682116743765451
0.5291626087846487 0.22549493799649292 0.027807635101455185 0.011174291726298519 0.1368859398198387 0.06025878279090239 0.006533446929987249 0.0026823568503762086
0.5291692190317664 0.22549310688070454 0.027809108258971465 0.011174710443175319 0.13688211796681887 0.06025575187375554 0.006533607381473852 0.002682378163333844
0.47656718141864024 0.20307738680879067 0.01878367346086792 0.00754794689886594 0.19723919748513902 0.086824762799659 0.007060970355904594 0.0028988807721325584
0.5196152592373554 0.22403116367102635 0.026057427169179574 0.010545553945857917 0.14556076625040473 0.0650027655364971 0.00649542383464444 0.002691640355034497
0.6267894885155103 0.12657226013322828 0.03266270560301004 0.006213483040492686 0.1642319396037492 0.03428123145461194 0.007743299793802413 0.0015055918555951695
0.5383005579069404 0.21662501942853618 0.030003299567515986 0.011577349750383572 0.13696669041726295 0.056775336386894366 0.006997599666020998 0.00275414687644552
0.5374756001035119 0.2277013674873162 0.021363852368365764 0.00854668588489693 0.13838245708353689 0.06054458846126905 0.005003893412305676 9.815551987975878E-4
0.5361775268198755 0.22861398303672345 0.02103055277549024 0.008461335613501165 0.1387215944933024 0.06107359521303912 0.0049460747261043745 9.75337321963888E-4
0.4763303348831798 0.20324506792218622 0.018659787796087964 0.007511717304988777 0.1973747449358793 0.08696357190791425 0.007026455924876276 0.002888319324887392
0.519568683151442 0.2240477603886178 0.026045903008773064 0.010542337203164083 0.14558572584393417 0.06502426488950963 0.006493938818341983 0.0026913866962173984
0.5344458992417432 0.22841693721088527 0.020886990487819633 0.008409382504129492 0.14004263518690674 0.06186821919511974 0.004951815003028015 9.781211703678598E-4
0.5356953914354358 0.2286885878564805 0.020958250263082012 0.008439545130785438 0.13901585585933676 0.06128816442163725 0.00493926516617458 9.749398670677543E-4
0.5289206075498576 0.22572613367879693 0.027615535903855192 0.011118371959455435 0.13704847088504368 0.060396455436157376 0.0065015059908832985 0.002672918595950554
0.47650051832833185 0.2030894736281165 0.018773208659593345 0.0075450103516531905 0.19727595069323894 0.08685853102601691 0.007058820281062502 0.0028984870319866303
0.519604821123041 0.22403291443086684 0.026055290415922677 0.010544899700599153 0.14556753369606168 0.065007715118862 0.006495214159043622 0.0026916113556031524
0.4744795724959243 0.2027843251133215 0.01854407107549792 0.007465992358932751 0.1989200065222125 0.08787746447423689 0.007034002610650108 0.0028945653492239193
0.5192770813666927 0.22402827384207954 0.02599353654659827 0.01052408264392323 0.14582640043331693 0.06516768258498407 0.006491586005134726 0.0026913565772705103
0.4744110522201944 0.20277832679235364 0.01853594605317524 0.007463305044631877 0.19897192725594998 0.08791213041108771 0.007032926544616963 0.0028943856779901993
0.46391516781357145 0.2001482946615009 0.01741566592609017 0.007051238037491072 0.2084633776486954 0.09316151096715176 0.006959391414282304 0.0028853535312168346
0.46176473376290333 0.199780697201767 0.01717989900149284 0.00696818438241286 0.21024004133917093 0.09425043589951411 0.006934739648646123 0.0028812687640929046
0.5171914681210474 0.22390349931241316 0.02560796987826385 0.010390966211715143 0.14754965145099022 0.06619234553233556 0.006473266146361373 0.002690833346873477
0.47396988019945324 0.2027319073753253 0.018484227851799206 0.0074460028263408674 0.1993131330864091 0.08813513406850057 0.00702640651075791 0.0028933080814138234
0.5191949858182762 0.22402925729074258 0.025977895600812845 0.010518881755537475 0.14588954211855815 0.065207599184819 0.006490569973373902 0.0026912682578800816
0.5274434974990296 0.225452711118114 0.027475308198901083 0.011062869223127766 0.1382726917693576 0.0610953535435904 0.0065159011472589136 0.0026816675006205884
0.5288779129014063 0.22550348350391264 0.027751301439507277 0.011155964807049947 0.13710349798382537 0.060395930110972905 0.006529816869784819 0.002682092383540945
0.4765066047693418 0.20307318763639726 0.018776390235204925 0.0075455694049072555 0.19728416958153627 0.08685540010983708 0.0070599650705574215 0.0028987131922180364
0.5196055475569836 0.22403145654402956 0.02605556268604042 0.010544939897389444 0.1455680960964523 0.06500747430535496 0.006495294954906575 0.0026916279588431787
0.6267878666598721 0.1265723802000794 0.03266233539264787 0.006213427746335803 0.1642334387407641 0.03428168406325866 0.007743275791604099 0.001505591405437882
0.5383003045149495 0.21662502817795132 0.03000324796122704 0.011577333875499356 0.13696688771041238 0.0567754534332254 0.006997597224412773 0.002754147102322285
0.5374755555632607 0.22770136936294313 0.02136384583471804 0.008546683799950456 0.1383824885498053 0.06054460875363463 0.005003892955280344 9.815551804073E-4
0.5291852604026762 0.22563264211058992 0.027675058054847126 0.011134655340229815 0.1369125395209027 0.06027714142963124 0.006508764244758477 0.0026739388963647327
0.536176647569772 0.2284961511010015 0.021129498220922197 0.008491254984984875 0.13870247332031066 0.06106096702379376 0.00496459519249284 9.784125867222228E-4
0.5359878526730157 0.2286859594076446 0.020999610301258027 0.00845309636599054 0.13880300655155345 0.06115349452489875 0.0049419405945343225 9.750395811046305E-4
0.5359465055205549 0.22870198360814514 0.02099183265132539 0.00845102573759084 0.13882190029732921 0.06117084414365079 0.004940942991373591 9.749650500301096E-4
0.5359400117757062 0.22870349583084318 0.02099081935013852 0.008450734140770836 0.1388254714242808 0.06117367537933071 0.004940833970583841 9.749581283456801E-4
0.5289598925143608 0.2257254364828052 0.02762309437376964 0.011120854979057954 0.1370182862697967 0.060377515117941816 0.006501972398547469 0.0026729478637204426
0.5361395540252771 0.228505030198647 0.021123609330476342 0.008489562388472182 0.13872276267680628 0.06107716255493773 0.004963949226549392 9.783695988339366E-4
0.5290002725728467 0.22570801781213276 0.027633593775244512 0.011123631019294297 0.13699851711086383 0.06035950523098385 0.0065033126632340985 0.0026731498153998107
0.5291271913587496 0.22551184891760268 0.027797519266822543 0.011171635853267792 0.13690294156430186 0.06027462192746756 0.00653210592731603 0.002682135184471757
0.5291634948523314 0.2254947619564396 0.027807823568848325 0.011174347644770384 0.13688537792390765 0.06025836987577688 0.006533465113887947 0.002682359064037764
0.47656606889228603 0.20307742802618478 0.018783530319192884 0.0075479032170014315 0.19723991981592479 0.086825327330593 0.007060945828406206 0.002898876570410944
0.526191018484092 0.22686638271792814 0.019790369453269733 0.008009250706712193 0.14740302123224228 0.06582548670551365 0.0049332173375072255 9.812533627348104E-4
0.6266993013825127 0.12670459759424996 0.032470569857154 0.006187146922618115 0.1643866800201839 0.0343410505936061 0.007709883481428744 0.0015007701482463982
0.5382645744231128 0.21663778668206257 0.029993118125800716 0.011574665992458308 0.1369879004246383 0.05679144949874854 0.006996494825659986 0.0027540100275187814
0.5303715213036777 0.22469556156932996 0.028107644826089486 0.011244705803929023 0.1365586540639005 0.0597477740074069 0.006583619168122812 0.002690519257543479
0.4767734732991258 0.2030296868181638 0.018813234989048317 0.007556020635380339 0.19714068083082267 0.08671928480396782 0.007067571973539312 0.0029000466499519927
0.618213471198564 0.1259296460394715 0.031007727779401428 0.005929008447324356 0.17314753880367306 0.036531218562240994 0.007728296810028472 0.0015130923592963533
0.5444924523584627 0.21958552668037737 0.022620212808254034 0.008740976563037102 0.14003398976968298 0.0582037204821689 0.005316772955688791 0.0010063483823283027
0.5299823173293611 0.22491958611194632 0.027881191615337326 0.011177489304726708 0.13685010168009154 0.059958901655009444 0.00654957504658447 0.002680837256943363
0.47667545188218813 0.2030383743074705 0.01879903989148403 0.007551839181262804 0.19720189381063724 0.08676886593207353 0.007064958041872339 0.0028995769530116354
0.5196313409449409 0.2240265416397385 0.026060821193630714 0.010546538059847052 0.1455519448770741 0.06499526293458435 0.006495842389588425 0.002691707960596087
0.5275166512785785 0.22544888543145783 0.027489894924349143 0.011067562639565102 0.13821810231941914 0.061060235560002625 0.006516914041687988 0.002681753804939871
0.5288901314948458 0.22550258003585702 0.027753765855915994 0.01115674737214728 0.1370945757610813 0.060390093044731905 0.006529997596098647 0.0026821088393220237
0.5361431300674595 0.22848747896343055 0.021126555382539353 0.008489990931893617 0.13873235241997575 0.06107732532603029 0.004964720308186461 9.78446600484307E-4
0.5359821448097659 0.22868544769634544 0.02099885051365517 0.008452830758235611 0.13880759074387475 0.06115618821715356 0.004941907860813103 9.750394001565384E-4
0.47629618822539666 0.20324803638994557 0.018655375518553317 0.007510408468030996 0.19739523873442383 0.0869809390593051 0.007025634505288313 0.002888179099056167
0.5195633522184461 0.22404839313253447 0.026044843923438372 0.010542003776735465 0.1455893721841434 0.0650268154572788 0.006493844737314813 0.0026913745701084646
0.5275057039976001 0.22545123628218974 0.027487542394685406 0.01106686944379182 0.13822491596629063 0.061065329372941186 0.006516678769267763 0.0026817237732333966
0.47621561392100425 0.20304471087105833 0.01874204596344448 0.007534147239685877 0.19750751486081555 0.08700241544017835 0.007055563218753414 0.002897988485059689
0.5261318932677929 0.2268664793910189 0.019782116295882352 0.008006508331065598 0.147446145523634 0.06585297280715088 0.004932657990653759 9.812263928016467E-4
0.5273490259501381 0.2256514612869539 0.027321682063108192 0.011018233479732846 0.13833599481817574 0.061163228656113455 0.0064876295074909945 0.0026727442382867613
0.5288478536068003 0.22552052587851984 0.027742275948534855 0.011153670589896062 0.13711610715687894 0.06040916021346935 0.0065285334573595 0.0026818731485410397
0.5291166456677366 0.2254977217168516 0.027798417027844545 0.011171343236333299 0.13691998018230322 0.060280795446576683 0.006532795816956616 0.0026823009053973113
0.5361831544220776 0.22848584860412324 0.021132409108154785 0.008491870197036627 0.13870409867772482 0.06105901251788992 0.004965140610604393 9.784658623886553E-4
0.5290067596945918 0.225706147174018 0.027635006384056294 0.011124029733686607 0.13699486967313557 0.06035654788431722 0.006503469280596388 0.002673170175598083
0.5291282248886212 0.22551164413590494 0.02779773859283889 0.011171700960119463 0.13690228631970097 0.06027414026372822 0.006532127082190707 0.0026821377568953452
0.47655926642783203 0.20307820422817885 0.018782600167039826 0.00754763276060737 0.19724390332625263 0.08682877943662332 0.007060767822616641 0.0028988458308491253
0.4643450204746279 0.20020211883795325 0.01746419630653702 0.00706785125442879 0.20812619873122307 0.09294278834213462 0.00696541792266025 0.0028864081304351493
0.5176096638045062 0.22391170488389042 0.025686492360991825 0.010417537507714065 0.1472177129451457 0.065987940569655 0.006477802921064977 0.002691145007031597
0.4740573631881358 0.2027397448447362 0.018494586887045666 0.007449433863231442 0.19924668841755364 0.08809087541137713 0.007027771465074137 0.00289353592284616
0.5192090489319532 0.22402898660392545 0.025980582969692655 0.010519771992081694 0.14587880712905638 0.06520076869663874 0.006490749121951114 0.0026912845547007397
0.527445849597856 0.22545257265418822 0.027475778515537577 0.011063020014505369 0.13827094858457467 0.06109422576316123 0.006515934442146641 0.002681670428030307
0.4762031364786248 0.2030437827025894 0.018740551080800583 0.007533657565214269 0.1975168325706863 0.08700872576280852 0.007055359319025386 0.002897954520250933
0.51955669630197 0.22403219239623542 0.026046242382580197 0.01054184609997619 0.14560555176786516 0.06503121391619365 0.006494683230632539 0.0026915739045467726
0.4744695108604703 0.20278344160866538 0.01854287834079749 0.007465597770524514 0.19892763262338656 0.08788255510116871 0.00703384471845351 0.0028945389765333467
0.46392671410623926 0.2001494837924996 0.017416987817266236 0.007051684409792881 0.20845455494175663 0.09315562241557822 0.006959567579507263 0.002885384937360022
0.5175422080907549 0.22391177385297473 0.025673718468226137 0.010413260372196802 0.14727014261526544 0.06602081787759588 0.00647700049981229 0.0026910782231737334
0.5271625759747498 0.22545661328033845 0.027420203528261945 0.011044764165648613 0.13849072045118607 0.06123116083831083 0.006512519168881229 0.0026814425926228918
0.5288306612427531 0.22550606840123183 0.027741849005277864 0.011152931380579342 0.13713870607370462 0.060418586474476246 0.006529160065997189 0.00268203735597982
0.5291135615939 0.22549669030469935 0.027797926467453122 0.011171141491534843 0.13692317521866873 0.06028238731870283 0.006532809145680033 0.0026823084593609703
0.5291610013024463 0.2254936455678859 0.02780745674527048 0.011174183624552747 0.13688817214002574 0.06025968377900331 0.006533489070502875 0.0026823677703126094
0.5291689112921908 0.2254930146022186 0.02780905640695557 0.011174689891236449 0.1368824312146601 0.060255909650106305 0.006533608127181434 0.0026823788154506254
0.6284994148666353 0.12654475824402958 0.03302934013021135 0.006271191137344564 0.16257515785865614 0.03381476871464974 0.007760039060528832 0.001505329987944704
0.4862559249070418 0.19558420077188232 0.02035296508979359 0.007850955342175682 0.1975503642601159 0.08183824585501223 0.0075837596300597195 0.00298358414391873
0.4658130623999713 0.19964446545775907 0.017680934796532332 0.007124244376570165 0.20765342316037247 0.09215871265208397 0.007026539441752051 0.0028986177149584996
0.6162840862712327 0.12587634332524256 0.03062584611531676 0.005865748815657782 0.1750678567226381 0.03704971175547688 0.007716517440589913 0.0015138895538452015
0.5441787013991428 0.2195730954521619 0.022574952319492216 0.008726560069007685 0.1402812318480975 0.05834375527969073 0.005315200500683669 0.001006503131723545
0.5299321277854513 0.22492068839876594 0.027871467162460382 0.011174321696768859 0.13688862289574483 0.05998297470426182 0.006548988780061252 0.0026808085764854325
0.5292582502527903 0.22543991557248635 0.02782914862838754 0.011179498142291074 0.13685561398325996 0.060217772882762116 0.006536906389484597 0.0026828941485381053
0.5362061811090744 0.2284802820609483 0.02113604885312935 0.008492916181372242 0.13869157895250672 0.06104895675334081 0.004965543211996482 9.784928776317228E-4
0.5290102375841572 0.22570551873495365 0.027635722899998875 0.011124244596899164 0.13699263723491914 0.060354924873721696 0.006503536198297194 0.0026731778770530084
0.47651834185554276 0.20308930267189704 0.018775468669612546 0.0075457113448665885 0.19726393820237342 0.08684949928870896 0.007059188372479731 0.0028985495945189595
0.6181761111059599 0.12593600803618782 0.03099858047866249 0.005927728065674194 0.17317896544973688 0.03654216821576231 0.007727394314236675 0.0015130443337795542
0.5369610111139185 0.21655110818349152 0.02974221086117074 0.011493188820956771 0.13810279200575198 0.057401936463560344 0.006990975960591145 0.0027567765905589336
0.5372369419805444 0.2277012099485347 0.021329499174374333 0.008535454805652687 0.13855923787283905 0.060654354618551204 0.005001808269471687 9.81493330032054E-4
0.5361375579840244 0.2286152041606404 0.021024846797773496 0.008459490455024454 0.13874999790929296 0.061091900887901944 0.004945680693649791 9.753211116923976E-4
0.5359690067192445 0.22869539432544891 0.020995383829420226 0.008452017057431104 0.1388106791577495 0.06116115847211989 0.004941366548798729 9.749938897873112E-4
0.528964218912186 0.22572455716703066 0.027623992298679942 0.01112112098565784 0.13701558685304974 0.060375505543894974 0.006502059937222211 0.002672958302278781
0.5291214500873662 0.22551347877831376 0.027796241822355985 0.011171274071636936 0.13690622372371736 0.060277249794120115 0.006531965277449106 0.002682116445040506
0.5291625744699895 0.22549494109889923 0.027807628131509433 0.011174289533140973 0.13688596444070433 0.0602587991300952 0.006533446396650157 0.0026823567990115057
0.5291692133380927 0.2254931074107177 0.027809107101013097 0.01117471007936125 0.1368821220404754 0.060255754583390164 0.006533607292277363 0.0026823781546721956
0.4765671802531254 0.20307738675483517 0.018783673318657487 0.007547946853127354 0.1972391983268035 0.0868247633896152 0.007060970335185144 0.0028988807686505004
0.4643465142057895 0.20020214594501407 0.017464376643674052 0.007067909079417493 0.20812517200149874 0.09294202079460365 0.00696544767421686 0.0028864136557856784
0.524091767092357 0.22671566603807086 0.019506152135638295 0.007911006144763118 0.14906109890583166 0.06681417070437352 0.004919194499058022 9.809444799075118E-4
0.5339046620901725 0.22860315039816598 0.02071088632726596 0.00835578311274712 0.14040117721373424 0.06212328969892221 0.004926377675605597 9.746734833861387E-4
0.5286328326513337 0.22573302343123666 0.027559914969711788 0.01110017636824209 0.1372683525986543 0.060534999610196386 0.0064980095077240485 0.0026726908629011443
0.5290660266873661 0.22551684457009338 0.027785142849705586 0.011167723204880043 0.13694724066345498 0.06030379253618603 0.006531180553887697 0.002682048934426339
0.4765465019989021 0.20307756419090672 0.018781046547488217 0.0075471318434644705 0.19725316422511308 0.08683523958351443 0.007060543439041016 0.0028988081715698357
0.519611980976138 0.22403140355145612 0.026056786372572235 0.010545347594104673 0.1455631290139792 0.06500434452288233 0.0064953733655418846 0.0026916346033255783
0.5344532580265237 0.22841534886723114 0.020888158577909578 0.008409722736280227 0.14003845843137347 0.06186498544208638 0.004951938585748264 9.781293328473305E-4
0.4759969865036252 0.20320271646683802 0.01862275848583705 0.007499065168778946 0.19763659978401632 0.08713210483852164 0.007022133566894157 0.0028876351854884284
0.5195149895620409 0.22404772947132665 0.026035750624739895 0.010538936405018927 0.1456275224195065 0.06505042742101191 0.006493308008970074 0.0026913360873853415
0.6267733516123137 0.126574190642533 0.0326588175408881 0.006212925644807578 0.16424632577268164 0.034285809054233354 0.007742997482295216 0.0015055822502472963
0.48591519828248564 0.19554495693824755 0.020312361621797104 0.007837944276460087 0.19782387761806647 0.08200234788197401 0.007579949246400281 0.00298336413456877
0.5208814704537579 0.22326972042384452 0.02635396216504949 0.010619622637152316 0.14518432025832528 0.06444182908560898 0.006547752828214127 0.00270132214804745
0.47470201384532806 0.2027398215840972 0.018575306583176857 0.007474708990148414 0.19880816705427193 0.08776335137139549 0.007040835755028376 0.002895794816553418
0.5193113138845952 0.22402193521145317 0.026000525827103833 0.010526211247590903 0.14580478377009334 0.06515146448904187 0.0064923048043172985 0.0026914607658045007
0.6267376149257549 0.12657507204668186 0.032651119425848356 0.006211721330471758 0.16428066769818353 0.03429559929232867 0.007742620413029036 0.0015055848677019013
0.4859081562747064 0.19554417121933837 0.020311520557728297 0.007837675327565184 0.19782950728652968 0.08200574105771292 0.007579869016690066 0.0029833592597289455
0.5275320492190846 0.22612090248608158 0.02001771634831619 0.00806637321833549 0.14703923415907835 0.06526531364248135 0.004973516609287498 9.848943173349242E-4
0.47448758660920404 0.2028913909286957 0.018459566262980988 0.007440521544716897 0.19893629069532262 0.08789096321260596 0.0070080983602247675 0.002885582386248867
0.5258273387792862 0.2268667669612832 0.01973863301361343 0.0079921155381457 0.14766992161314818 0.06599444871012423 0.0049296963385288585 9.81079045870226E-4
0.5273005063603073 0.22565387715323162 0.02731219704700506 0.011015173783230544 0.1383720893627701 0.06118648347015119 0.006486979883077895 0.0026726929402262904
0.5288397756470022 0.22552111526547833 0.02774064976068042 0.011153153799512362 0.1371220088345667 0.06041301984109945 0.006528414487667893 0.0026818623639926604
