0.125 0.125 0.125 0.125 0.125 0.125 0.125 0.125
0.125 0.125 0.125 0.125 0.125 0.125 0.125 0.125
0.12326388888888887 0.12326388888888887 0.13715277777777776 0.12326388888888887 0.12326388888888887 0.12326388888888887 0.12326388888888887 0.12326388888888887
0.12138310185185185 0.12138310185185185 0.13662229938271606 0.12138310185185185 0.12138310185185185 0.13507908950617284 0.12138310185185185 0.12138310185185185
0.11954049318415638 0.11954049318415638 0.13472074867112482 0.11954049318415638 0.1330275045010288 0.13454928090706447 0.11954049318415638 0.11954049318415638
0.11794716648091193 0.11794716648091193 0.13291613855548134 0.11794716648091193 0.13272800031435955 0.14462002872559948 0.11794716648091193 0.11794716648091193
0.125 0.125 0.125 0.125 0.125 0.125 0.125 0.125
0.11740830548006204 0.11740830548006204 0.1312971943689509 0.11740830548006204 0.1312971943689509 0.15036408386178815 0.11740830548006204 0.11740830548006204
0.12291160994636405 0.12291160994636405 0.12291160994636405 0.12291160994636405 0.12291160994636405 0.1396187303754516 0.12291160994636405 0.12291160994636405
0.1156459220519506 0.1156459220519506 0.14001174859721907 0.1156459220519506 0.12930276760154658 0.15245587354148143 0.1156459220519506 0.1156459220519506
0.12122216996817861 0.12122216996817861 0.12122216996817861 0.12122216996817861 0.12122216996817861 0.15144481022274972 0.12122216996817861 0.12122216996817861
0.11433040617925522 0.11433040617925522 0.14629017392664104 0.11433040617925522 0.1277995361757195 0.1542582590013633 0.11433040617925522 0.11433040617925522
0.11991629900280018 0.11991629900280018 0.11991629900280018 0.11991629900280018 0.11991629900280018 0.16058590698039887 0.11991629900280018 0.11991629900280018
0.11338444715423318 0.11338444715423318 0.1506469682044383 0.11338444715423318 0.12670848037676652 0.15572231564762926 0.11338444715423318 0.11338444715423318
0.11895139973354357 0.11895139973354357 0.11895139973354357 0.11895139973354357 0.11895139973354357 0.1673402018651952 0.11895139973354357 0.11895139973354357
0.11272249890740571 0.11272249890740571 0.15360707259936254 0.11272249890740571 0.12593932110002168 0.1568411117635872 0.11272249890740571 0.11272249890740571
0.12244165202104394 0.10991692992022108 0.16271294319423243 0.10991692992022108 0.12391018782022348 0.15126749728361563 0.10991692992022108 0.10991692992022108
0.11850101474872993 0.11850101474872993 0.11850101474872993 0.11850101474872993 0.11850101474872993 0.1704928967588907 0.11850101474872993 0.11850101474872993
0.12316154056776199 0.10999476115123644 0.1507245338224183 0.10999476115123644 0.12316154056776199 0.16297334043711204 0.10999476115123644 0.10999476115123644
0.12111621332672519 0.10743159770808498 0.1592368587142803 0.10743159770808498 0.13184697015200367 0.15807356697465086 0.10743159770808498 0.10743159770808498
0.11776004469852708 0.11776004469852708 0.11776004469852708 0.11776004469852708 0.11776004469852708 0.17567968711031068 0.11776004469852708 0.11776004469852708
0.1209236138747299 0.10783916446378244 0.14831425963903813 0.10783916446378244 0.13118375188184234 0.16822171674925981 0.10783916446378244 0.10783916446378244
0.11696971529616823 0.11696971529616823 0.11696971529616823 0.11696971529616823 0.11696971529616823 0.18121199292682227 0.11696971529616823 0.11696971529616823
0.12033070949774141 0.10733407446483384 0.15019287883437543 0.10733407446483384 0.1305219880817784 0.16961812572676946 0.10733407446483384 0.10733407446483384
0.11668044066632202 0.11668044066632202 0.11668044066632202 0.11668044066632202 0.11668044066632202 0.18323691533574588 0.11668044066632202 0.11668044066632202
0.12913132051774706 0.10600075230094701 0.1487535637240387 0.10600075230094701 0.12913132051774706 0.16898078603667932 0.10600075230094701 0.10600075230094701
0.11656176372704385 0.11656176372704385 0.11656176372704385 0.11656176372704385 0.11656176372704385 0.1840676539106929 0.11656176372704385 0.11656176372704385
0.12885785676106948 0.10575081489559324 0.1502646465885182 0.10575081489559324 0.12885785676106948 0.16901638030697 0.10575081489559324 0.10575081489559324
0.11477029383407454 0.11477029383407454 0.11477029383407454 0.11477029383407454 0.12908783347419336 0.18229040352135928 0.11477029383407454 0.11477029383407454
0.1278813156900552 0.10512941232363704 0.14895909866092616 0.10512941232363704 0.13071960482790293 0.17192233152656744 0.10512941232363704 0.10512941232363704
0.11449638569052122 0.11449638569052122 0.11449638569052122 0.11449638569052122 0.1290207862269549 0.18400089962991767 0.11449638569052122 0.11449638569052122
0.12761992725141386 0.10492232305427733 0.1498495721987895 0.10492232305427733 0.13049922420553545 0.172341984127152 0.10492232305427733 0.10492232305427733
0.11440868679004126 0.11440868679004126 0.11440868679004126 0.11440868679004126 0.1289086005906563 0.1846392786690961 0.11440868679004126 0.11440868679004126
0.12652860748998646 0.10384838860086304 0.1487412255643461 0.10384838860086304 0.137834654781376 0.17150195776083949 0.10384838860086304 0.10384838860086304
0.11284844683578535 0.11284844683578535 0.11284844683578535 0.11284844683578535 0.14017259702628018 0.18273672195900767 0.11284844683578535 0.11284844683578535
0.1325089281999937 0.10275686096285654 0.1470374752022132 0.10275686096285654 0.13971283730516929 0.16971331544119783 0.10275686096285654 0.10275686096285654
0.11284688404534078 0.11284688404534078 0.11284688404534078 0.11284688404534078 0.1405433625261824 0.18237533320177288 0.11284688404534078 0.11284688404534078
0.13241284778088358 0.10266119256755082 0.1477422313093058 0.10266119256755082 0.13971491983503448 0.16948523080457303 0.10266119256755082 0.10266119256755082
0.11171621018505984 0.11171621018505984 0.11171621018505984 0.11171621018505984 0.14855152166269206 0.18115121722694894 0.11171621018505984 0.11171621018505984
0.13112618467209092 0.10167262735604958 0.14630197483020044 0.10167262735604958 0.14783319309254558 0.168048137980965 0.10167262735604958 0.10167262735604958
0.11149150661182528 0.11149150661182528 0.11149150661182528 0.11149150661182528 0.15046717020399214 0.1805837901250561 0.11149150661182528 0.11149150661182528
0.13563116613196322 0.10098654612125715 0.14552612708943766 0.10098654612125715 0.1477423761770207 0.16715414611654997 0.10098654612125715 0.10098654612125715
0.11151985642081047 0.11151985642081047 0.11151985642081047 0.11151985642081047 0.15047157647584652 0.18040928499929076 0.11151985642081047 0.11151985642081047
0.13529616320082263 0.10064273383423364 0.1451936402266648 0.10064273383423364 0.14739993308500315 0.1695393281505749 0.10064273383423364 0.10064273383423364
0.1113942140960345 0.1113942140960345 0.1113942140960345 0.1113942140960345 0.1502556503218795 0.1813790651019133 0.1113942140960345 0.1113942140960345
0.1351636715713775 0.10054928401820915 0.14558357733925742 0.10054928401820915 0.14723938686153118 0.16981622815499733 0.10054928401820915 0.10054928401820915
0.1113757472494829 0.1113757472494829 0.1113757472494829 0.1113757472494829 0.15019485606924174 0.18155066043386092 0.1113757472494829 0.1113757472494829
0.13510880548182855 0.10050015627502412 0.1458865703279819 0.10050015627502412 0.1471713680490129 0.1698326310410802 0.10050015627502412 0.10050015627502412
0.11137076983396046 0.11137076983396046 0.11137076983396046 0.11137076983396046 0.15017194575043022 0.1816034352458071 0.11137076983396046 0.11137076983396046
0.1350758029392112 0.10046870040331157 0.14609527300183092 0.10046870040331157 0.14713279307636015 0.16982132936935132 0.10046870040331157 0.10046870040331157
0.11136833910210532 0.11136833910210532 0.11136833910210532 0.11136833910210532 0.15015934487257646 0.1816306205147915 0.11136833910210532 0.11136833910210532
0.109773942153569 0.109773942153569 0.109773942153569 0.109773942153569 0.15643411925817377 0.1849222278204123 0.109773942153569 0.109773942153569
0.10871526805493881 0.10871526805493881 0.10871526805493881 0.10871526805493881 0.16248296049970126 0.18522543117066584 0.10871526805493881 0.10871526805493881
0.11900924743926142 0.10692977321093489 0.10692977321093489 0.10692977321093489 0.16277650210288627 0.18356538440317796 0.10692977321093489 0.10692977321093489
0.1291561490472844 0.10556392141595344 0.10556392141595344 0.10556392141595344 0.16151154296939477 0.18151270090355373 0.10556392141595344 0.10556392141595344
0.12961056004851063 0.1040068247600846 0.11573614936185722 0.1040068247600846 0.15951966946326274 0.1791063220860308 0.1040068247600846 0.1040068247600846
0.1371759595026075 0.10300462435948653 0.115864196510804 0.10300462435948653 0.15783284576837026 0.17710850078027196 0.10300462435948653 0.10300462435948653
0.1378333715913334 0.10166744742598487 0.12463620453705927 0.10166744742598487 0.15591589366775283 0.17494474049991526 0.10166744742598487 0.10166744742598487
0.13694290572549442 0.10060365734333374 0.13346352242383622 0.10060365734333374 0.1541932313936251 0.17298571108370925 0.10060365734333374 0.10060365734333374
0.14226464480686188 0.09971131427792909 0.13489846841428493 0.09971131427792909 0.15270879514688174 0.1712828345202549 0.09971131427792909 0.09971131427792909
0.14302208596129168 0.09881509019925723 0.14073313687621766 0.09881509019925723 0.15130235813034668 0.1696820582351151 0.09881509019925723 0.09881509019925723
0.1472706803965012 0.09811281402283734 0.14184391245499461 0.09811281402283734 0.15011667799252382 0.16831747306463107 0.09811281402283734 0.09811281402283734
0.14820081353915981 0.09758267034098896 0.1416589286782669 0.09758267034098896 0.15258683375539556 0.1672227426632217 0.09758267034098896 0.09758267034098896
0.15137500549630975 0.09707283284590029 0.1410916097404421 0.09707283284590029 0.1529820845759889 0.16625996880365815 0.09707283284590029 0.09707283284590029
0.15449692357597597 0.09668824514041661 0.14053073462416713 0.09668824514041661 0.1527423204904809 0.1654770407477094 0.09668824514041661 0.09668824514041661
0.15503421353161895 0.09603330420049092 0.14433487264438352 0.09603330420049092 0.15199952773344497 0.16449816928858887 0.09603330420049092 0.09603330420049092
0.1565592798521718 0.09572538806378521 0.1453344700095812 0.09572538806378521 0.15141944534088142 0.1637852525422249 0.09572538806378521 0.09572538806378521
0.156690982680258 0.09525866995367183 0.14851058736255093 0.09525866995367183 0.15074017958355745 0.16302357055894634 0.09525866995367183 0.09525866995367183
0.15637384702712653 0.0948898554136062 0.1516046397399199 0.0948898554136062 0.15012247567811754 0.1623396159004113 0.0948898554136062 0.0948898554136062
0.1559819533608307 0.09462240264048721 0.15411056359842099 0.09462240264048721 0.14962869038145157 0.1617891820973477 0.09462240264048721 0.09462240264048721
0.15674439681411578 0.09443139152414332 0.15490285221550593 0.09443139152414332 0.1492567516858896 0.1613704331879154 0.09443139152414332 0.09443139152414332
0.15687329581506954 0.09425570309101126 0.15613761982279978 0.09425570309101126 0.14894478141476053 0.16102149058332538 0.09425570309101126 0.09425570309101126
0.15679554085866762 0.09412645445886528 0.1572495477596384 0.09412645445886528 0.14870122393963253 0.16074786960660029 0.09412645445886528 0.09412645445886528
0.15667401486963914 0.09403599068508149 0.15811630673694482 0.09403599068508149 0.14852151841508604 0.1605441972380042 0.09403599068508149 0.09403599068508149
0.15656316809260967 0.0939736921499098 0.15875105841125972 0.0939736921499098 0.1483933740846915 0.16039763081179997 0.0939736921499098 0.0939736921499098
0.15647631280754593 0.09393111888372442 0.1592009473243028 0.09393111888372442 0.1483038475300114 0.1602944168032423 0.09393111888372442 0.09393111888372442
0.15708810246926458 0.09382808285373967 0.15928288122438028 0.09382808285373967 0.148168008127947 0.16014867676344946 0.09382808285373967 0.09382808285373967
0.15729444858910854 0.09378709552543102 0.15943253074084307 0.09378709552543102 0.14807724796447316 0.1600473906038512 0.09378709552543102 0.09378709552543102
0.1573559139007 0.09376513952324847 0.15957796319728312 0.09376513952324847 0.14802203658434065 0.15998352822468212 0.09376513952324847 0.09376513952324847
0.15736708524063875 0.09375146175505587 0.15969551100862933 0.09375146175505587 0.1479881288469284 0.15994342788357993 0.09375146175505587 0.09375146175505587
0.15736260059607302 0.09374246077718078 0.15978301684517204 0.09374246077718078 0.14796670375499366 0.15991783569503815 0.09374246077718078 0.09374246077718078
0.15735476279656416 0.09373643602335344 0.15984544209600057 0.09373643602335344 0.14795282864587134 0.15990122236815016 0.09373643602335344 0.09373643602335344
0.15779478601532793 0.09367159408295707 0.1598064281276102 0.09367159408295707 0.14788290273492774 0.1598295067903059 0.09367159408295707 0.09367159408295707
0.1579579005863763 0.09365539604337941 0.15979579507984001 0.09365539604337941 0.14784108318357753 0.15978363697668851 0.09365539604337941 0.09365539604337941
0.1583214582624336 0.09360898811107503 0.15974498636071663 0.09360898811107503 0.14777935217413643 0.1597182507584132 0.09360898811107503 0.09360898811107503
0.15845879635610613 0.09359738325746336 0.15972694926119396 0.09359738325746336 0.1477451284977768 0.15967959285506966 0.09359738325746336 0.09359738325746336
0.1585113010879035 0.09359362307782271 0.15972553989733534 0.09359362307782271 0.14772882844107316 0.15965983826239716 0.09359362307782271 0.09359362307782271
0.15853113820332002 0.09359194996249653 0.15972988728027337 0.09359194996249653 0.14772118283158725 0.15964999183483336 0.09359194996249653 0.09359194996249653
0.15853832833548434 0.09359101319037492 0.1597351930884988 0.09359101319037492 0.14771744463620481 0.15964498117831236 0.09359101319037492 0.09359101319037492
0.15874415299120526 0.09356178762450477 0.15970816465893006 0.09356178762450477 0.1476868493603701 0.15961368249147534 0.09356178762450477 0.09356178762450477
0.15882224451154145 0.09355525520530826 0.15969342764400135 0.09355525520530826 0.14766910654420623 0.15959420047901773 0.09355525520530826 0.09355525520530826
0.15898985535892213 0.09353426287650218 0.15966633243850975 0.09353426287650218 0.1476416130805978 0.15956514761596155 0.09353426287650218 0.09353426287650218
0.15914670491367838 0.09351661506893076 0.15963746399374112 0.09351661506893076 0.14761389140924674 0.1595354794076108 0.09351661506893076 0.09351661506893076
0.159207405488083 0.09351256905716153 0.15962347196640328 0.09351256905716153 0.14759968791623357 0.159519158400634 0.09351256905716153 0.09351256905716153
0.159231380264205 0.09351148698834962 0.15961794658895928 0.09351148698834962 0.14759340155392672 0.15951132363951065 0.09351148698834962 0.09351148698834962
0.15930317661085602 0.09350234940092463 0.15960652072189546 0.09350234940092463 0.1475819605841978 0.15949894447935214 0.09350234940092463 0.09350234940092463
0.15933077923137717 0.09350028287587626 0.15960063111385006 0.09350028287587626 0.14757570198018133 0.1594917561710865 0.09350028287587626 0.09350028287587626
0.1593416468284584 0.0934997439571034 0.15959826434859906 0.0934997439571034 0.14757286985000329 0.15948824314452562 0.0934997439571034 0.0934997439571034
0.15938785728745883 0.0934936383774968 0.15959117857436475 0.0934936383774968 0.1475657265512492 0.15948068407694 0.0934936383774968 0.0934936383774968
0.15940561197897798 0.09349228317425892 0.15958729998078733 0.09349228317425892 0.14756175397612933 0.15947620136706972 0.09349228317425892 0.09349228317425892
0.15944081432391222 0.09348795663977155 0.1595813671187449 0.09348795663977155 0.14755597185273608 0.15947002014552053 0.09348795663977155 0.09348795663977155
0.15815600624160325 0.10257613459315226 0.15827953722728305 0.09218858385539985 0.14625448044394337 0.15816808992781833 0.09218858385539985 0.09218858385539985
0.157777783906328 0.10371780682028785 0.15787225636096067 0.09232045853215982 0.1459094764214875 0.15776130089445675 0.09232045853215982 0.09232045853215982
0.15768284676017247 0.10390626012837902 0.15776545459113156 0.09238205937056926 0.14584466453958117 0.15765459586902802 0.09238205937056926 0.09238205937056926
0.15765984155306975 0.10394348659421043 0.15773769336037435 0.09239834657994613 0.14583720406554776 0.15762673468695926 0.09239834657994613 0.09239834657994613
0.15765419767132313 0.10395150034047024 0.15773019707420624 0.09240222405222462 0.14583834794993736 0.15761908480738931 0.09240222405222462 0.09240222405222462
0.15737055649452744 0.10367108545962209 0.15744578714707144 0.0921209187551254 0.14781520020251185 0.157334614430891 0.0921209187551254 0.0921209187551254
0.15721938263741225 0.10359176787988542 0.15727983676905183 0.09207275838437186 0.14852198095172064 0.15716875660881424 0.09207275838437186 0.09207275838437186
0.15714914504988017 0.10357529860710937 0.1572035342190541 0.092065102176011 0.1487842376059324 0.157092477989991 0.092065102176011 0.092065102176011
0.1571193010642591 0.1035727009273823 0.15717122105644127 0.09206433441548129 0.1488836231734981 0.1570601505319755 0.09206433441548129 0.09206433441548129
0.15710712270764843 0.10357258844208816 0.15715805200357522 0.0920645105612679 0.148921753724622 0.1570469514382626 0.0920645105612679 0.0920645105612679
0.15711070668095836 0.103571544787662 0.15715156679375936 0.09206347940520776 0.1489352842642742 0.1570404592577228 0.09206347940520776 0.09206347940520776
0.15711772908529228 0.10357047144848885 0.15714792352197088 0.09206252202763754 0.14893949407142676 0.15703681578990844 0.09206252202763754 0.09206252202763754
0.15712428795998593 0.10356963348042487 0.15714569592776353 0.09206180331948166 0.1489403830486821 0.1570345896246985 0.09206180331948166 0.09206180331948166
0.1569313874226943 0.10337392380418126 0.15694915678563132 0.09186618675080072 0.15030891973797117 0.15683805199711975 0.09186618675080072 0.09186618675080072
0.15681999363607516 0.1033177287174178 0.15683330918191787 0.09183173718361987 0.15081147043007612 0.15672228648365347 0.09183173718361987 0.09183173718361987
0.15676774201846091 0.10330536347572672 0.1567792339360441 0.09182561584045808 0.1510025450072552 0.15666826804113873 0.09182561584045808 0.09182561584045808
0.15674692760570538 0.10330284069099087 0.15675568942363105 0.09182446697146565 0.15107637191223444 0.1566447694530413 0.09182446697146565 0.09182446697146565
0.15673939431620773 0.10330232011570982 0.15674569803234736 0.09182422670559973 0.15110510059358526 0.15663480682535053 0.09182422670559973 0.09182422670559973
0.15673629296327427 0.10330228075735129 0.15674159543788196 0.0918242451889391 0.151116391927302 0.15663070334737317 0.0918242451889391 0.0918242451889391
0.1567358213732009 0.10330219670664603 0.15673981664153083 0.09182416551138475 0.151120742857404 0.15662892588706395 0.09182416551138475 0.09182416551138475
0.15673562082997877 0.10330218213143988 0.15673908608988404 0.09182416027514588 0.1511224448830977 0.15662818524016192 0.09182416027514588 0.09182416027514588
0.1567355400455027 0.10330218278160198 0.1567387934550186 0.09182416254477535 0.15112311501077288 0.15662788107277756 0.09182416254477535 0.09182416254477535
0.15673603406679879 0.10330210999652598 0.15673859940084736 0.09182408968745907 0.15112330510492747 0.156627682368523 0.09182408968745907 0.09182408968745907
0.15673622445635535 0.10330208770018276 0.15673850997450275 0.09182407547834653 0.15112336548688077 0.1566275859470388 0.09182407547834653 0.09182407547834653
0.1567362999809974 0.10330208189771511 0.15673847307818253 0.09182407215325038 0.15112338585506577 0.156627542728288 0.09182407215325038 0.09182407215325038
0.15673633028514722 0.1033020802786541 0.1567384591539604 0.09182407117890799 0.1511233928729977 0.1566275238725167 0.09182407117890799 0.09182407117890799
0.15673669598715373 0.10330202942624021 0.15673840271462344 0.09182402050638977 0.1511233449542465 0.1566274653985667 0.09182402050638977 0.09182402050638977
0.15673683731799834 0.10330201365057393 0.15673837078243086 0.0918240103809917 0.1511233160260045 0.15662743108001728 0.0918240103809917 0.0918240103809917
0.1567371312826761 0.10330197569248223 0.1567383213522389 0.09182397417575178 0.1511232684696086 0.15662738067573895 0.09182397417575178 0.09182397417575178
0.15673740571660788 0.1033019414421388 0.15673827084758424 0.09182394414297412 0.15112321977617157 0.15662732978857505 0.09182394414297412 0.09182394414297412
0.15673751314610665 0.10330193140786764 0.15673824475674356 0.09182393791429665 0.15112319444067115 0.15662730250572118 0.09182393791429665 0.09182393791429665
0.15660346370569025 0.1031678363600716 0.1566041400181531 0.09168984398141966 0.15206183068705484 0.1564931972847712 0.09168984398141966 0.09168984398141966
0.15652375484159484 0.10312874528791252 0.15652440864149378 0.09166565235901566 0.15241261350320637 0.1564135206487456 0.09166565235901566 0.09166565235901566
0.15648614402135844 0.10311980283726402 0.1564867887838808 0.0916610533608293 0.1525481482256685 0.1563759560493404 0.0916610533608293 0.0916610533608293
0.15646986822994885 0.10311798743651551 0.15647038644795203 0.0916602315657084 0.15260147100109434 0.15635959218736392 0.0916602315657084 0.0916602315657084
0.15646302799683665 0.10311768620484066 0.15646349409983346 0.09166013204522781 0.15262267331916363 0.15635272224364227 0.09166013204522781 0.09166013204522781
0.15646027894121167 0.1031176540697922 0.15646064091827516 0.09166013338036545 0.15263114473772788 0.15634988119189686 0.09166013338036545 0.09166013338036545
0.15645915475113067 0.10311766484780012 0.1564594738162532 0.09166014772893433 0.15263454332106513 0.15634872007694778 0.09166014772893433 0.09166014772893433
0.15636730781088523 0.1030262846954925 0.1563676091024962 0.09156876637907028 0.153275640929297 0.1562568583246184 0.09156876637907028 0.09156876637907028
0.15631245035285668 0.10299925739282897 0.15631268870270312 0.09155189242666313 0.15351794899968005 0.15620197727194177 0.09155189242666313 0.09155189242666313
0.15628641528628334 0.10299290156575493 0.1562865902214346 0.09154853963321838 0.15361255616586372 0.15617591786100846 0.09154853963321838 0.09154853963321838
0.15627500862846508 0.10299154621590036 0.15627513219646924 0.09154789048637206 0.15365015466865306 0.15616448683139597 0.09154789048637206 0.09154789048637206
0.15627017813779073 0.10299128927836261 0.1562702805728012 0.09154778414326258 0.1536652485943977 0.15615965098686024 0.09154778414326258 0.09154778414326258
0.15626816968256596 0.10299125285621097 0.15626826346101816 0.09154777626972624 0.15367134287154183 0.15615764231948426 0.09154777626972624 0.09154777626972624
0.15626734267722386 0.10299125361982103 0.15626743293536235 0.09154778108024202 0.15367381146769246 0.1561568160591743 0.09154778108024202 0.09154778108024202
0.15626701871471066 0.10299125537672031 0.15626709063910088 0.09154778275229576 0.1536748111402621 0.15615647587231885 0.09154778275229576 0.09154778275229576
0.15626689601887678 0.1029912556960264 0.15626694899867902 0.0915477828763908 0.15367521541055168 0.15615633524669376 0.0915477828763908 0.0915477828763908
0.15626685240800564 0.10299125530033107 0.15626688990608176 0.09154778244521704 0.1536753784171916 0.15615627663273887 0.09154778244521704 0.09154778244521704
0.15626683445703043 0.10299125536714879 0.15626686558730615 0.0915477825560009 0.15367544442806635 0.15615625249244539 0.0915477825560009 0.0915477825560009
0.1562668271187957 0.102991255470865 0.15626685564144552 0.0915477826522929 0.15367547121114025 0.15615624260087485 0.0915477826522929 0.0915477826522929
0.15626682412856335 0.10299125553133992 0.15626685159118756 0.09154778270124382 0.15367548208791387 0.15615623855726377 0.09154778270124382 0.09154778270124382
0.1562668229115749 0.1029912555594973 0.15626684994859594 0.09154778272268174 0.15367548650659832 0.15615623690568844 0.09154778272268174 0.09154778272268174
0.15626682241618917 0.10299125557126476 0.15626684928596685 0.09154778273132064 0.15367548830161662 0.15615623623100064 0.09154778273132064 0.09154778273132064
0.15626682221423188 0.10299125557578262 0.1562668490208142 0.09154778273453099 0.15367548903051437 0.156156235955064 0.09154778273453099 0.09154778273453099
0.15626682213163495 0.10299125557732974 0.15626684891612724 0.09154778273557612 0.15367548932623726 0.15615623584194246 0.09154778273557612 0.09154778273557612
0.15626682659218719 0.10299125493605613 0.15626684823132486 0.0915477820941306 0.15367548880434614 0.15615623515369378 0.0915477820941306 0.0915477820941306
0.15626682831461985 0.10299125473986591 0.15626684782551767 0.09154778196919298 0.15367548846841916 0.1561562347439985 0.09154778196919298 0.09154778196919298
0.15626682900047514 0.10299125469056422 0.15626684763179424 0.09154778194169023 0.1536754883051083 0.15615623454698746 0.09154778194169023 0.09154778194169023
0.15626682927802094 0.10299125467858004 0.15626684754629874 0.09154778193518401 0.15367548823257907 0.15615623445896945 0.09154778193518401 0.09154778193518401
0.15626682939130543 0.10299125467558538 0.1562668475100629 0.09154778193352095 0.1536754882015939 0.15615623442088958 0.09154778193352095 0.09154778193352095
0.15626683246086662 0.10299125424297562 0.15626684706277852 0.0915477815012439 0.15367548775679024 0.15615623397285724 0.0915477815012439 0.0915477815012439
0.15620481427960164 0.10292923474236161 0.1562048274249862 0.09148576204869764 0.15410962307201673 0.15609421433494108 0.09148576204869764 0.09148576204869764
0.1561675051376428 0.10291071982840158 0.15616751767754095 0.0914741381903614 0.15427491246147884 0.15605693032385154 0.0914741381903614 0.0914741381903614
0.15614968210091887 0.10290629143318754 0.15614969438873352 0.09147176700780958 0.15433989788800895 0.15603913316572238 0.09147176700780958 0.09147176700780958
0.15614181764024015 0.1029053164696851 0.15614182982309716 0.09147128408821982 0.15436589699479156 0.1560312868075265 0.09147128408821982 0.09147128408821982
0.15613846978750745 0.10290511741161687 0.15613848192670918 0.09147119335942963 0.15437640108807518 0.15602794970780243 0.09147119335942963 0.09147119335942963
0.15613707017698653 0.10290508222124178 0.15613708229807102 0.09147118028661769 0.15438066850844773 0.15602655593539996 0.09147118028661769 0.09147118028661769
0.1561364926615796 0.1029050781326756 0.1561365024530399 0.09147118010809319 0.15438240733426437 0.15602597909416102 0.09147118010809319 0.09147118010809319
0.1561362560789596 0.10290507871606175 0.15613626334362185 0.09147118114576447 0.15438311695589968 0.15602574146816378 0.09147118114576447 0.09147118114576447
0.15613615885734392 0.10290507954169609 0.1561361650755867 0.0914711819065781 0.15438340689260802 0.15602564391303117 0.0914711819065781 0.0914711819065781
0.15613611897768495 0.10290508001882027 0.15613612476259545 0.09147118229196517 0.15438352542927863 0.15602560393572523 0.09147118229196517 0.09147118229196517
0.15613610263561775 0.10290508024622051 0.15613610824109467 0.09147118246635157 0.15438357390820662 0.15602558756980586 0.09147118246635157 0.09147118246635157
0.15613609594257594 0.10290508034663245 0.15613610147376233 0.09147118254149686 0.15438359373886199 0.15602558087367668 0.09147118254149686 0.09147118254149686
0.15613609412154128 0.1029050802580689 0.15613609857130134 0.0914711824417764 0.15438360172027552 0.15602557800348377 0.0914711824417764 0.0914711824417764
0.15613609397338374 0.10290508014753007 0.15613609726852729 0.09147118234107796 0.15438360487206018 0.15602557671526485 0.09147118234107796 0.09147118234107796
0.15609412857102153 0.10286311479424635 0.15609413138797218 0.09142921700007633 0.15467736340525842 0.15598361084127244 0.09142921700007633 0.09142921700007633
0.15606880318155233 0.10285050686775472 0.15606880580008137 0.09142127189061622 0.15478976580763998 0.15595830267112304 0.09142127189061622 0.09142127189061622
0.15605666451084355 0.10284745601262059 0.1560566670469699 0.09141962191620343 0.15483416504685976 0.15594618163409588 0.09141962191620343 0.09141962191620343
0.15605128957685663 0.10284676941447386 0.15605129207874957 0.09141927430196045 0.15485200699092366 0.15594081903311488 0.09141927430196045 0.09141927430196045
0.15604899321543128 0.10284662283280441 0.15604899570310102 0.09141920400897396 0.15485924621691913 0.15593853000482213 0.09141920400897396 0.09141920400897396
0.15604802962194714 0.10284659400744024 0.1560480321037081 0.09141919147046197 0.154862199457228 0.1559375703982907 0.09141919147046197 0.09141919147046197
0.15492753330971037 0.11068725994012972 0.15492753578901522 0.09029909423755308 0.153743312112996 0.15481707613548926 0.09029909423755308 0.09029909423755308
0.15447230902951795 0.11225042015352384 0.1544723114973834 0.09030793174539743 0.15351884640591854 0.15436231767746392 0.09030793174539743 0.09030793174539743
0.1543272284519678 0.11260375276524649 0.15432723091086348 0.09035138565128713 0.15347001218259285 0.15421761873546794 0.09035138565128713 0.09035138565128713
0.15428340154958528 0.11269005621634999 0.15428340400341808 0.09036764493704467 0.15346619348329382 0.15417400993621877 0.09036764493704467 0.09036764493704467
0.15427010155730053 0.11271201566431588 0.15427010353887688 0.09037249570894032 0.15346947421307067 0.15416081789961508 0.09037249570894032 0.09037249570894032
0.1542659398690207 0.11271771547610372 0.15426594165492633 0.0903738423103162 0.1534721696726641 0.15415670639633647 0.0903738423103162 0.0903738423103162
0.15426458032943766 0.11271920913715107 0.15426458171833116 0.09037420604860504 0.15347364163780194 0.15415536903146318 0.09037420604860504 0.09037420604860504
0.15426411455637126 0.11271960252869608 0.15426411578083418 0.0903743033388622 0.15347434412032035 0.1541549129971914 0.0903743033388622 0.0903743033388622
0.15426394780740754 0.11271970645594528 0.15426394875124558 0.09037432928071885 0.1534746588849031 0.15415475025834197 0.09037432928071885 0.09037432928071885
0.15426388581621778 0.11271973398450405 0.154263886500877 0.09037433620688436 0.15347479522519988 0.15415468985254815 0.09037433620688436 0.09037433620688436
0.1542638620089891 0.1127197413086062 0.15426386258630786 0.09037433807376329 0.15347485314781706 0.15415466672699002 0.09037433807376329 0.09037433807376329
0.15426385265727477 0.11271974326875063 0.15426385319013794 0.09037433858198794 0.15347487747068164 0.1541546576671912 0.09037433858198794 0.09037433858198794
0.15426384900885592 0.11271974378582911 0.15426384942714713 0.0903743387104901 0.153474887599427 0.15415465404727058 0.0903743387104901 0.0903743387104901
0.1542638475353749 0.11271974392587253 0.15426384790621547 0.09037433874802862 0.15347489180135648 0.15415465258709452 0.09037433874802862 0.09037433874802862
0.15426384693623785 0.11271974396475047 0.15426384728742648 0.09037433875914452 0.15347489354007804 0.15415465199407374 0.09037433875914452 0.09037433875914452
0.15426384669150026 0.11271974397585705 0.15426384703455 0.090374338762544 0.15347489425834548 0.15415465175211535 0.090374338762544 0.090374338762544
0.1542638465912259 0.11271974397914432 0.15426384693090495 0.09037433876362953 0.15347489455474364 0.15415465165309244 0.09037433876362953 0.09037433876362953
0.15426384655006037 0.1127197439801598 0.15426384688834344 0.0903743387639933 0.1534748946769703 0.15415465161248626 0.0903743387639933 0.0903743387639933
0.15426384653313913 0.11271974398048887 0.15426384687084407 0.0903743387641211 0.15347489472735107 0.15415465159581354 0.0903743387641211 0.0903743387641211
0.1542638465261779 0.11271974398060092 0.15426384686364344 0.09037433876416794 0.15347489474811174 0.15415465158896213 0.09037433876416794 0.09037433876416794
0.15426384657991046 0.11271974397255553 0.15426384685259364 0.09037433875610028 0.15347489474857978 0.15415465157805983 0.09037433875610028 0.09037433875610028
0.15426384660069362 0.11271974396949005 0.1542638468465467 0.09037433875462976 0.15347489474730164 0.1541546515720785 0.09037433875462976 0.09037433875462976
0.1542638466470604 0.11271974396313178 0.15426384683829178 0.09037433874887915 0.1534748947410256 0.15415465156385322 0.09037433874887915 0.09037433874887915
0.15426384666519596 0.11271974396080377 0.15426384683380537 0.0903743387478116 0.15347489473737763 0.15415465155938246 0.0903743387478116 0.0903743387478116
0.1542638466724767 0.11271974396011206 0.15426384683171704 0.09037433874758138 0.15347489473564754 0.15415465155730249 0.09037433874758138 0.09037433874758138
0.15426384667543688 0.11271974395991977 0.154263846830797 0.0903743387475262 0.15347489473488105 0.15415465155638677 0.0903743387475262 0.0903743387475262
0.15426384667664877 0.1127197439598675 0.15426384683040184 0.09037433874751209 0.1534748947345518 0.15415465155599378 0.09037433874751209 0.09037433874751209
0.1542638466771469 0.1127197439598534 0.15426384683023442 0.09037433874750835 0.1534748947344127 0.15415465155582742 0.09037433874750835 0.09037433874750835
0.15426384670296114 0.11271974395619117 0.15426384682650565 0.0903743387438489 0.1534748947306961 0.15415465155209918 0.0903743387438489 0.0903743387438489
0.15426384671298352 0.1127197439547964 0.1542638468242926 0.09037433874318013 0.15347489472849923 0.15415465154988786 0.09037433874318013 0.09037433874318013
0.1542449433241346 0.11270084056152016 0.15424494343037626 0.09035543535018037 0.1536072184774546 0.1541357481559732 0.09035543535018037 0.09035543535018037
0.1542337008308979 0.11269367964389573 0.154233700915349 0.09035202181493819 0.15365833967954728 0.15412451348549544 0.09035202181493819 0.09035202181493819
0.15422833360981603 0.11269154901382199 0.15422833368523942 0.09035131075521113 0.15367869725905073 0.15411915416643832 0.09035131075521113 0.09035131075521113
0.1542259476744546 0.11269096357945022 0.1542259477461377 0.09035114769398078 0.1536869241902424 0.15411677372777266 0.09035114769398078 0.09035114769398078
0.15422492035631727 0.11269080835831566 0.15422492042645067 0.09035110852854154 0.15369027559932327 0.1541157496739685 0.09035110852854154 0.09035110852854154
0.15422448540852454 0.11269076811107209 0.15422448547801584 0.09035109905211974 0.15369164734294222 0.15411531650308594 0.09035109905211974 0.09035109905211974
0.15422430303861592 0.11269075789943692 0.1542243031078412 0.09035109681904209 0.15369221044812428 0.15411513504885532 0.09035109681904209 0.09035109681904209
0.15422422701955762 0.1126907553858787 0.15422422708867267 0.09035109632982424 0.15369244203208635 0.15411505948433182 0.09035109632982424 0.09035109632982424
0.15422419544661983 0.1126907547985094 0.15422419551568922 0.09035109624073921 0.1536925373859633 0.15411502813100078 0.09035109624073921 0.09035109624073921
0.1542241823748754 0.11269075467325113 0.15422418243068664 0.09035109623192024 0.15369257667544617 0.15411501514997988 0.09035109623192024 0.09035109623192024
0.15422417696564367 0.11269075465294756 0.15422417701596391 0.09035109623644769 0.15369259287239295 0.15411500978370885 0.09035109623644769 0.09035109623644769
0.15421143631517173 0.1126780162387238 0.15421143636321785 0.0903383578262489 0.15378176845088357 0.1541022691532563 0.0903383578262489 0.0903383578262489
0.15420385201749756 0.11267318332974345 0.1542038520645996 0.09033605016278091 0.15381627194882638 0.15409469015099034 0.09033605016278091 0.09033605016278091
0.15420022757827279 0.11267174190518943 0.15420022761607818 0.09033556680737902 0.1538300314371885 0.15409107104113393 0.09033556680737902 0.09033556680737902
0.15419861467363047 0.11267134434274198 0.15419861470758514 0.09033545499092963 0.15383559945770353 0.15408946184555006 0.09033545499092963 0.09033545499092963
0.15419791944633904 0.11267123829955814 0.1541979194786987 0.09033542775997225 0.15383787067330945 0.15408876882217784 0.09033542775997225 0.09033542775997225
0.15419762477259133 0.11267121053745921 0.15419762480429036 0.09033542101972654 0.1538388014776884 0.15408847534879094 0.09033542101972654 0.09033542101972654
0.15419750108379585 0.11267120338045689 0.15419750110923186 0.09033541936624405 0.1538391840548531 0.1540883522729302 0.09033541936624405 0.09033541936624405
0.15418887050528882 0.11266262260978108 0.154188870528131 0.09032684001436246 0.15389939431436314 0.15407972199934877 0.09032684001436246 0.09032684001436246
0.1541837384975477 0.11265936397963894 0.15418373851931494 0.09032528242426043 0.15392271803142374 0.1540745936992935 0.09032528242426043 0.09032528242426043
0.15417551075594033 0.11265261571052097 0.15417551077726194 0.09031918014144802 0.15397245271053459 0.15406636962139805 0.09031918014144802 0.09031918014144802
0.15417097671047023 0.11265015147734077 0.1541709767316066 0.0903180536757487 0.15399189354721965 0.1540618405061164 0.0903180536757487 0.0903180536757487
0.15416885871032132 0.11264942277532411 0.15416885872735253 0.09031781347988908 0.1539996929240256 0.15405972642330956 0.09031781347988908 0.09031781347988908
0.15416792504459212 0.11264922183807843 0.15416792505992302 0.09031775699951736 0.15400286180157396 0.15405879525728047 0.09031775699951736 0.09031775699951736
0.15416752436093673 0.11264916800543974 0.15416752437556341 0.09031774300039866 0.1540041582615539 0.15405839599531043 0.09031774300039866 0.09031774300039866
0.15416735486698868 0.11264915378587052 0.1541673548813237 0.09031773945253686 0.1540046908523566 0.15405822725584992 0.09031773945253686 0.09031773945253686
0.15416728376971026 0.11264915006418166 0.15416728378121497 0.09031773854971559 0.15400491019738416 0.15405815653836225 0.09031773854971559 0.09031773854971559
0.1541672540984254 0.11264914909875322 0.15416725410693538 0.09031773832206957 0.15400500067778308 0.1540581270518944 0.09031773832206957 0.09031773832206957
0.1541672417549523 0.1126491488512501 0.15416724176099603 0.09031773826595167 0.1540050380389715 0.15405811479597495 0.09031773826595167 0.09031773826595167
0.15416723663038323 0.11264914878893192 0.15416723663458087 0.09031773825269815 0.1540050534760813 0.15405810971192818 0.09031773825269815 0.09031773825269815
0.1541633474883083 0.11264526175688118 0.15416334749174135 0.09031385123300124 0.15403226897531982 0.15405422058874566 0.09031385123300124 0.09031385123300124
0.15415841370766925 0.11264116813324442 0.15415841371078562 0.09031052816919011 0.1540402061170046 0.1540702138237257 0.09031052816919011 0.09031052816919011
0.15415574472785162 0.11263973100075397 0.1541557447308368 0.09030990255095385 0.15404286443067927 0.1540762074570168 0.09030990255095385 0.09030990255095385
0.15415450374510903 0.1126393105005104 0.15415450374803982 0.09030976694585563 0.15404382868261426 0.15407855248615968 0.09030976694585563 0.09030976694585563
0.15415395750536873 0.112639194862973 0.15415395750772232 0.09030973466770147 0.15404419535635297 0.15407949076447855 0.09030973466770147 0.09030973466770147
0.1541519633559445 0.11263740401893489 0.15415196335805906 0.0903079667474879 0.1540425791446057 0.1540921898799921 0.0903079667474879 0.0903079667474879
0.1541508147702983 0.11263672631015303 0.15415081477194073 0.09030764405313649 0.15404158775495533 0.15409712423324307 0.09030764405313649 0.09030764405313649
0.15415027073089368 0.11263652361790538 0.15415027073234058 0.09030757570893484 0.15404110923083772 0.15409909856121803 0.09030757570893484 0.09030757570893484
0.15415002934938496 0.11263646737289291 0.15415002935075087 0.09030755964535153 0.15404089518154596 0.15409989980937083 0.09030755964535153 0.09030755964535153
0.15414992537429592 0.11263645221780015 0.15414992537562833 0.09030755564019181 0.15404080261512224 0.15410022749657784 0.09030755564019181 0.09030755564019181
0.15414988128406606 0.11263644818529452 0.15414988128538457 0.09030755461201066 0.15404076328828842 0.15410036212093442 0.09030755461201066 0.09030755461201066
0.15414986275637016 0.11263644711849365 0.1541498627576829 0.09030755434460809 0.15404074674970794 0.15410041758392112 0.09030755434460809 0.09030755434460809
