Action: 0
[0.25662917277949576, 0.09878443252138165, 0.13420627172631186, 0.09878442558094912, 0.11524242064901018, 0.09878442558095316, 0.09878442558094912, 0.09878442558094912]
[0.20384843106864411, 0.10192421553432206, 0.1700861961461436, 0.10192421553432206, 0.11644429511360199, 0.10192421553432206, 0.10192421553432206, 0.10192421553432206]
[0.2312113338841978, 0.10082777422107767, 0.1638110878429194, 0.10082777422107767, 0.1008387071674944, 0.10082777422107767, 0.10082777422107767, 0.10082777422107767]
[0.125, 0.125, 0.125, 0.125, 0.125, 0.125, 0.125, 0.125]
[0.12837410834499358, 0.10094558330893942, 0.26595239253259423, 0.10094558316269456, 0.10094558316269456, 0.10094558316269456, 0.10094558316269456, 0.10094558316269456]
[0.25553008230584157, 0.0987559446504208, 0.1197221066372378, 0.0987559446504208, 0.13096808780481656, 0.0987559446504208, 0.0987559446504208, 0.0987559446504208]
[0.125, 0.125, 0.125, 0.125, 0.125, 0.125, 0.125, 0.125]
[0.125, 0.125, 0.125, 0.125, 0.125, 0.125, 0.125, 0.125]

Action: 1
[0.10365452466248107, 0.10361127306063206, 0.10361127306063206, 0.10361127306063206, 0.20722922312193662, 0.171059886912422, 0.10361127306063206, 0.10361127306063206]
[0.10364267070504975, 0.10364267070504975, 0.10364267070504975, 0.10364267070504975, 0.2072853414100995, 0.17085863435960208, 0.10364267070504975, 0.10364267070504975]
[0.1030269527673551, 0.10302695180495573, 0.10302695180495573, 0.10302695180495573, 0.10740467403695197, 0.2744336141709144, 0.10302695180495573, 0.10302695180495573]
[0.125, 0.125, 0.125, 0.125, 0.125, 0.125, 0.125, 0.125]
[0.10212738500544208, 0.1020828812974984, 0.1020828812974984, 0.1020828812974984, 0.2167806465259758, 0.17067756198109008, 0.1020828812974984, 0.1020828812974984]
[0.10246431840988626, 0.10782219122839455, 0.10246431840988626, 0.10246431840988626, 0.2742477757878352, 0.10560844093433897, 0.10246431840988626, 0.10246431840988626]
[0.125, 0.125, 0.125, 0.125, 0.125, 0.125, 0.125, 0.125]
[0.125, 0.125, 0.125, 0.125, 0.125, 0.125, 0.125, 0.125]

