0.125 0.125 0.125 0.125 0.125 0.125 0.125 0.125
0.09106475716064757 0.15177459526774598 0.10927770859277709 0.18212951432129515 0.0793897882938979 0.13231631382316314 0.09526774595267748 0.1587795765877958
0.10295965991432002 0.15862782318049162 0.08565902451746547 0.14276504086244246 0.11897086738536872 0.19828477897561453 0.10707378064683185 0.08565902451746547
0.07295173961840627 0.1290684624017957 0.09118967452300783 0.16133557800224463 0.08754208754208752 0.15488215488215484 0.10942760942760942 0.19360269360269358
0.1045515041676174 0.07719829214276654 0.19605915464829596 0.15439658428553307 0.08546168279541105 0.07680726596678161 0.1709233655908221 0.13460215040277243
0.06988054446591216 0.10616892296772311 0.0677599369621966 0.09555203067095079 0.1274027075612677 0.22746935922490713 0.11466243680514093 0.19110406134190158
0.07068087473011868 0.1250507783686715 0.08835109341264835 0.1563134729608394 0.08481704967614241 0.18118925120339432 0.10602131209517802 0.18757616755300727
0.10177085204484755 0.07515536167543818 0.20670944015945975 0.15031072335087636 0.08320007478925187 0.08541328060855083 0.16640014957850374 0.1310401177930717
0.0984701812727205 0.14957931282268525 0.10922109475354408 0.13462138154041672 0.11218448461701394 0.2141846799140569 0.10096603615531256 0.08077282892425004
0.06915231639672781 0.12234640593267228 0.08644039549590976 0.15293300741584034 0.08298277967607337 0.19889701158867645 0.10372847459509171 0.1835196088990084
0.11193255202907876 0.08266279865952995 0.14459934713700776 0.09919535839143594 0.14165666973900545 0.13850612622697123 0.15745294982767608 0.1239941979892949
0.0696795171888641 0.12327914579568268 0.08709939648608013 0.15409893224460333 0.08361542062663693 0.1927895931813126 0.10451927578329617 0.18491871869352397
0.10412737969703985 0.07321910511271755 0.2138301285361123 0.1464382102254351 0.08759491314899136 0.08501306420926612 0.16211311836108402 0.1276640807093537
0.10311969953406598 0.14512995089194536 0.11780055341032615 0.13061695580275084 0.1183020898333689 0.20869786019382897 0.09796271685206313 0.07837017348165051
0.0573148198173923 0.10140314275384793 0.049966765994649706 0.08840273983668795 0.12756560285382842 0.29860791708091833 0.09993353198929941 0.1768054796733759
0.09074931828436981 0.0732554737958166 0.18149863656873963 0.1465109475916332 0.09204483042715067 0.12073216758795449 0.16334877291186564 0.13185985283246987
0.10234647033025701 0.06940016669114582 0.25189774093062245 0.13880033338229164 0.08940209399301816 0.07349010110135773 0.15365767472520686 0.1210054188461004
0.08054170932132772 0.11311251318156505 0.14011681099198023 0.13573501581787803 0.09867340813607764 0.16035051091541522 0.10180126186340854 0.16966876977234757
0.07715226650242517 0.11226671833747232 0.11287541385732838 0.13472006200496678 0.09919589087420022 0.1943495244136735 0.10104004650372508 0.16840007750620845
0.112488017998456 0.07768654955515855 0.15646192516732282 0.09322385946619027 0.1528904180945216 0.14274502528054908 0.14797438010506392 0.11652982433273784
0.10325656275565917 0.08335168318830317 0.14855551931671526 0.10418960398537898 0.14218631574091325 0.13854794609708676 0.15488484413348874 0.12502752478245477
0.13092359489998048 0.0960329491569222 0.1702116789126452 0.12004118644615275 0.12188859408869918 0.1190279641040985 0.13383696458996433 0.10803706780153746
0.10551698362319319 0.06681083646975088 0.25395590081560804 0.13362167293950175 0.10026926901946571 0.0754099631675405 0.14792468473563072 0.1164906892293092
0.079089911411619 0.10993547245863447 0.1448948273708484 0.13192256695036136 0.10689607358380887 0.1634160143240051 0.09894192521277102 0.16490320868795166
0.06379800910629216 0.09266449123448277 0.07347860443441016 0.08339804211103449 0.14593932219223527 0.2738477961662348 0.10007765053324137 0.16679608422206899
0.08318219871645302 0.13195978388361537 0.0698614354128721 0.11504186287289546 0.10272901769160891 0.281147072026508 0.07802839394857257 0.13805023544747455
0.10160499725929445 0.07119455155844119 0.18901641412387835 0.14238910311688238 0.08773000993853838 0.12116150727491866 0.15875322392285246 0.12815019280519416
0.13553298896295507 0.0896554255995258 0.22054898211386148 0.10758651071943096 0.12483864298321981 0.10894139137197441 0.11910268992952876 0.09379336831950391
0.0812187724586078 0.11543758642347517 0.11404650451394392 0.14429698302934396 0.08819140636425953 0.18578137039003678 0.09787099718512025 0.17315637963521274
0.0747858696551775 0.10825502466518078 0.10856782180215709 0.1299060295982169 0.10211144120785483 0.21656175387497895 0.09742952219866269 0.16238253699777114
0.0609147850186723 0.0948293702974212 0.05598609607087077 0.08267175872082874 0.12717556089661114 0.3196238799564798 0.09345503159745858 0.16534351744165748
0.06729755008718623 0.10669742140478694 0.08341494436830484 0.1333717767559837 0.09565989660371674 0.26305142139486964 0.09046085727797155 0.1600461321071804
0.10050432073638187 0.06952172371131142 0.19905262257190035 0.13904344742262284 0.09590840453005184 0.11580731084782016 0.15502306749955114 0.12513910268036055
0.09274888064556278 0.12978800016524009 0.15879521199879548 0.1557456001982881 0.08934647534335216 0.1563306867567903 0.08146692933448917 0.13577821555748193
0.0794158277216781 0.1071856811941653 0.12030166426650608 0.12862281743299836 0.1041003302828048 0.20312804423585046 0.09646711307474878 0.16077852179124794
0.07489597338827493 0.11069647680627567 0.10155379024010813 0.1383705960078446 0.09447355232429856 0.22011353525324642 0.09385136077053807 0.16604471520941352
0.11333781431383583 0.07712171670381143 0.14959128032071364 0.09640214587976428 0.14158849330735918 0.16296770979753714 0.14330826462126153 0.11568257505571715
0.1386896145617493 0.08684915112361702 0.1857971455263402 0.10856143890452126 0.13804326413305915 0.12331618795802085 0.12103790277862297 0.09770529501406913
0.11479268646258062 0.06523188457358617 0.23887220491899455 0.13046376914717234 0.1031708804218552 0.08459381574643404 0.14545736649692198 0.1174173922324551
0.10692607721654213 0.0641720080154916 0.2731491037424555 0.1283440160309832 0.09373416950151274 0.07507101110222783 0.14309399996290215 0.11550961442788488
0.13730828605447162 0.08361171310928081 0.24860667094806535 0.10451464138660102 0.11983223491370813 0.09553725079397543 0.11652602554595666 0.09406317724794092
0.14944955720194478 0.08179876580574787 0.23556462542030954 0.10224845725718483 0.12536754474747389 0.09954803867599647 0.11399939935987623 0.09202361153146635
0.11528268251490477 0.061133687821571615 0.28437859247894753 0.12226737564314323 0.09515445073264316 0.0754235733188743 0.13631899941108655 0.11004063807882891
0.09772443574547164 0.12359118726749348 0.18279847828790513 0.15448898408436681 0.0815868571856719 0.14218209724067868 0.07858787451248227 0.13904008567593013
0.10708241120479407 0.06399888655954357 0.2669620146205357 0.12799777311908714 0.08906873109143396 0.08698422264226563 0.14270796495516133 0.11519799580717843
0.10495820207662068 0.06077405704255806 0.30900693768578624 0.12154811408511612 0.0865953890916938 0.07220692089149845 0.13551707645012198 0.10939330267660452
0.12103410993340871 0.07018539817028022 0.24545592251829884 0.08773174771285025 0.13295657185889898 0.10693901714487432 0.13041913540596844 0.1052780972554203
0.08781328306828917 0.10518818640340136 0.14952045602221153 0.1314852330042517 0.10176303566425075 0.17726623776004458 0.08918128847244898 0.15778227960510202
0.10576981807514688 0.06407431551417943 0.25277641745020857 0.12814863102835886 0.09621409559616229 0.09480679414447447 0.14287616026594638 0.11533376792552298
0.10565272211863481 0.06051905099060746 0.30518902201442455 0.12103810198121492 0.09008133899052764 0.07363702110662028 0.13494845101487693 0.10893429178309343
0.10281582588152562 0.05864448658740128 0.33126797682828435 0.11728897317480257 0.08621835268474667 0.06743585680445824 0.13076845218145897 0.10556007585732231
0.10061677988401607 0.05770230757633334 0.3443685929443124 0.11540461515266669 0.08412375798379464 0.06525225921096661 0.12866753361051048 0.10386415363740002
0.09928837974857385 0.05722065224210319 0.35108816968416984 0.11444130448420638 0.08303243340883841 0.0643383722922897 0.12759351410403308 0.10299717403578575
0.09854240826090459 0.056966148907458686 0.3546283222823555 0.11393229781491737 0.08246141050433874 0.06390433454325128 0.12702600965334815 0.10253906803342563
0.09415189544400084 0.11950021054939684 0.2138109640874452 0.14937526318674607 0.07882515516945737 0.13391222776945044 0.07598654692543169 0.13443773686807145
0.08277354486478537 0.10688878617009351 0.14228630294349812 0.13361098271261687 0.09217392896730522 0.19131017376843792 0.09062310131812276 0.16033317925514026
0.1055451273254382 0.0641540647086677 0.25156429368070254 0.1283081294173354 0.09400703750252094 0.09789004182294286 0.14305398906679037 0.11547731647560189
0.14236568131096425 0.08040337112748794 0.2562920945830506 0.10050421390935992 0.11913569202484384 0.09879045633140385 0.11205469819446545 0.09045379251842392
0.11636470781547396 0.05847660590015781 0.3065336358241721 0.11695321180031562 0.09332160388087264 0.07269824085299868 0.130394103305725 0.10525789062028404
0.12675356028716467 0.06865344545443082 0.2467840709660632 0.08581680681803851 0.1361805652619917 0.10525893588026745 0.12757244715039756 0.10298016818164621
0.14912164090634739 0.07801077338365824 0.2504153040993019 0.09751346672957281 0.12977757387214736 0.09867888267326586 0.10872023827909086 0.08776212005661552
0.15767283780275387 0.07724636694314821 0.2509424207848705 0.09655795867893527 0.12685196302088483 0.09617137184916459 0.10765491810920097 0.08690216281104174
0.12164313870909008 0.05813279318613042 0.30291998651314017 0.11626558637226084 0.0948539165560336 0.07191809865953565 0.12962745226877437 0.10463902773503475
0.10914827979149017 0.05786913895372275 0.33112216303464853 0.1157382779074455 0.08649674520644017 0.06642140230766858 0.12903954268188325 0.10416445011670095
0.1042006654820964 0.05722430022183496 0.34523253063932374 0.11444860044366992 0.08366201626031042 0.06462649799910138 0.12760164855436032 0.10300374039930292
0.10206828490413014 0.056826512125127265 0.3520987579626324 0.11365302425025453 0.08248929474509596 0.06386176371747074 0.1267146404700599 0.10228772182522909
0.10110488227667774 0.05662016235035784 0.3554076544555894 0.11324032470071568 0.08195478021106758 0.0635013925041495 0.12625451127079795 0.10191629223064413
0.1006580570860817 0.05651812573958845 0.35699878666952983 0.1130362514791769 0.08170184230052284 0.06332732553571392 0.12602698485812708 0.10173262633125921
0.13607965087268423 0.07649958259005428 0.30292301909073294 0.09562447823756784 0.11051979915501897 0.08567728256033481 0.10661415707979581 0.08606203041381105
0.1329030121700175 0.06709659436342477 0.24308804264032807 0.08387074295428096 0.14020740248593472 0.10750982132973697 0.12467949251114006 0.10064489154513716
0.15150899051397412 0.07734263903522003 0.24771452501147576 0.09667829879402505 0.13324638213460074 0.0987096072391614 0.10778908835692046 0.08701046891462252
0.11989016970949178 0.05804821609299526 0.3012092355617947 0.11609643218599051 0.09842875196740251 0.07240154754040384 0.1294388579745297 0.10448678896739147
0.10865984911780249 0.057752652683983705 0.3301834629112813 0.11550530536796741 0.08873263866755422 0.0664315207338645 0.1287797956863756 0.10395477483117067
0.1040560843078091 0.057094796636189445 0.344653898291485 0.11418959327237889 0.08539757563039364 0.06452454302933867 0.12731287488726423 0.10277063394514101
0.08562233514445057 0.10429199673202373 0.18448426349327163 0.13036499591502965 0.09405519870931796 0.1563217394176768 0.08842147549019402 0.15643799509803558
0.10489910663504531 0.06247460814338181 0.27357276382569173 0.12494921628676361 0.09376561370447664 0.08857534515519191 0.13930905159136184 0.11245429465808728
0.08637393951697235 0.10563905627775604 0.1617530246211558 0.13204882034719503 0.09701129466560984 0.1691517324409273 0.08956354771374968 0.15845858441663405
0.10629535138872717 0.06321740164881726 0.26158291515935234 0.1264348032976345 0.09554365674162027 0.09216917855219688 0.14096537024378053 0.11379132296787105
0.12560808668699355 0.06985661541091114 0.2285328324953177 0.08732076926363891 0.1411847188210578 0.1129038658675287 0.1298081883381856 0.10478492311636668
0.1309508931686451 0.06833750845427396 0.21120950386564447 0.08542188556784244 0.15688668314605847 0.1177018929287053 0.1269853701874195 0.10250626268141093
0.1058490169479138 0.11898866966877188 0.16195564658851036 0.14873583708596483 0.0989399630647933 0.15600733961859972 0.07566127364807777 0.13386225337736835
0.12815916502917202 0.07177802668770576 0.18624780752718276 0.0897225333596322 0.14731564128048905 0.13573121410486608 0.13337857197939354 0.10766704003155864
0.13270289933012908 0.06885882207233403 0.19277144029976953 0.08607352759041752 0.1626790310831751 0.1256719666946948 0.1279540798209789 0.10328823310850102
0.1168525968614403 0.05963165099794779 0.2726701262645458 0.11926330199589558 0.11143334808641919 0.0798423225184395 0.13296968147900595 0.10733697179630601
0.10909064952313503 0.05849719433759881 0.31592939626964195 0.11699438867519762 0.09501439119957596 0.06873901773885537 0.13044001244831735 0.10529494980767787
0.10479590035873977 0.05737471783333862 0.3375458090207186 0.11474943566667724 0.08902260681802751 0.06529998082486496 0.12793705737762373 0.10327449210000952
0.08581577293626189 0.104142721655546 0.18214460286066161 0.13017840206943251 0.09667862386268651 0.15653087794586865 0.0882949161862238 0.156214082483319
0.1049215217590307 0.062363154032572185 0.2719880341638484 0.12472630806514437 0.0961149922976464 0.08857178686392986 0.13906052555919823 0.11225367725862992
0.10597499605271304 0.05903199405051637 0.316602029582699 0.11806398810103275 0.09148084842852683 0.07095601850631153 0.13163253598727084 0.10625758929092949
0.13983351950179995 0.07731436001853642 0.2842942556104298 0.09664295002317053 0.11863816727387624 0.08854841543594781 0.10774967711538565 0.08697865502085346
0.1145678759523301 0.05703662147329051 0.31989913945240966 0.11407324294658101 0.0953651806766179 0.06920886788998816 0.1271831529568597 0.1026659186519229
0.10607351843685088 0.05704012487666587 0.3391192573690307 0.11408024975333174 0.08873518471306309 0.06508847504956855 0.12719096502349075 0.10267222477799856
0.1386570189260961 0.07644339454137783 0.29407925216633 0.09555424317672229 0.11659155624077479 0.08613986586127348 0.10653585022837543 0.08599881885905004
0.15160018761487465 0.07564198173512726 0.270639421531243 0.09455247716890908 0.1258513340446415 0.09119841256486531 0.105418955888321 0.08509722945201816
0.11861773133542061 0.05711148231383447 0.3124242879452042 0.11422296462766894 0.09756226583548247 0.06991051831947434 0.12735008145801296 0.10280066816490203
0.0893691640362835 0.10411055731707074 0.17406134430761677 0.13013819664633844 0.09916035496188748 0.15872690033420225 0.08826764642099476 0.1561658359756061
0.106384168705288 0.06254736665615299 0.26755063509940186 0.12509473331230597 0.0970802902883967 0.08928625374201704 0.13947129221536203 0.11258525998107538
0.10663934380986712 0.059155898681244726 0.3143562848287456 0.11831179736248945 0.09191167886029439 0.07123555401055143 0.1319088248205666 0.10648061762624052
0.10425011056088129 0.057531037861614426 0.33699340313587206 0.11506207572322885 0.0883826877983397 0.06593918905982649 0.12828562770933127 0.10355586815090596
0.12202291560788331 0.06767910796768511 0.2590911123651132 0.08459888495960638 0.1374144871193368 0.10191290552173098 0.12576192450711637 0.10151866195152766
0.11042086117032565 0.05794038705434194 0.30766601312945513 0.11588077410868387 0.10170880173531098 0.07289205079184763 0.12919841531221918 0.10429269669781548
0.14153509072642353 0.07713322032160311 0.27959780681763907 0.09641652540200388 0.12211453334745118 0.08893071996293107 0.10749723056014461 0.08677487286180349
0.09444830197775904 0.10255590316436988 0.16254651634439082 0.12819487895546236 0.10534680622278766 0.16612416851453574 0.0869495700741397 0.1538338547465548
0.10833335032508415 0.06266877433849609 0.26093714596751305 0.12533754867699218 0.09906902911746661 0.09110834453871759 0.13974201322643753 0.11280379380929297
0.10753050949415419 0.05932120615150111 0.31097360249057276 0.11864241230300222 0.09268523560899897 0.07179142707258711 0.13227743580648157 0.10677817107270202
0.10468045060616235 0.057627949680456404 0.3353333188252383 0.11525589936091281 0.08871917115712485 0.06615117434438554 0.1285017266008983 0.10373030942482152
0.10259180334148883 0.05683460559191816 0.3470192694326427 0.11366921118383631 0.08662611947694725 0.06422401321469044 0.12673268769302348 0.10230229006545269
0.1013904971161027 0.05646636308290889 0.3525963924526312 0.11293272616581777 0.08559268554243557 0.06347032023136666 0.12591156185950128 0.101639453549236
0.13625811777505203 0.07612630931970651 0.3002530784840314 0.09515788664963316 0.11507463957361048 0.08539392793378035 0.10609394227951637 0.08564209798466983
0.11266780951609803 0.05656755364034945 0.32786233070324333 0.1131351072806989 0.09374076925865045 0.06806763134880543 0.12613720169952547 0.101821596552629
0.10511633257576662 0.05680027661716221 0.34298781038576187 0.11360055323432441 0.08798332624771482 0.06461506382533279 0.12665613920304528 0.10224049791089199
0.09799043560516957 0.11870073128950777 0.2098926948326858 0.14837591411188472 0.08243587013116409 0.1335878489328461 0.07547818239604571 0.13353832270069624
0.10746802958767006 0.061510628748882655 0.2863527589437292 0.12302125749776531 0.09101018401984087 0.08275848803497284 0.13715952141915028 0.11071913174798878
0.12499467220249733 0.06901906742920672 0.23841798523005484 0.08627383428650838 0.140626996102872 0.10888699442689799 0.12825184917815277 0.10352860114381005
0.09023409692710468 0.10306643374819843 0.14906664086671012 0.12883304218524805 0.11081144172841985 0.1760062827007227 0.08738241122129868 0.15459965062229764
0.12222024672773546 0.07162651296747832 0.18006931157661923 0.08953314120934788 0.15408109988594296 0.14193289035403106 0.1330970278276276 0.10743976945121746
0.08926002300799972 0.10305068551851491 0.12992487238864758 0.12881335689814363 0.11569509962642635 0.19131087482114575 0.08736905946134961 0.1545760282777724
0.08159814993301615 0.1051277568797297 0.11462772976442516 0.1314096960996621 0.10497703210953212 0.2154379451481825 0.08913005474585778 0.15769163531959451
0.09287928662160022 0.12271612507697023 0.12799888920495828 0.15339515634621279 0.08900631547322302 0.1979171374675879 0.07803144909785607 0.1380556407115915
0.14387722985126833 0.08387777737091007 0.19873808262346693 0.10484722171363757 0.1271673440704072 0.1302330170368611 0.11689682779117504 0.09436249954227381
0.13802202164312374 0.06843329565832114 0.19790649113662181 0.08554161957290142 0.156858597257326 0.12342466841644821 0.12716336282777585 0.1026499434874817
0.11812109896819573 0.059285413252756027 0.27501184251985333 0.11857082650551205 0.1110629783652796 0.07903647354893861 0.13219762298450372 0.10671374385496084
0.08937773956557703 0.10451724872317357 0.16203324566211014 0.13064656090396695 0.10453151572999693 0.1635053663259853 0.08861245000442977 0.15677587308476035
0.10682601763630462 0.06278962648691083 0.26086868771334965 0.12557925297382166 0.10024469882896424 0.09065889320444137 0.1400114954797683 0.11302132767643949
0.08675596269437146 0.10530226504942204 0.1575401742767589 0.13162783131177758 0.1017621237314577 0.1697802380375692 0.08927800732451 0.15795339757413307
0.08142209057411341 0.10579791845143814 0.1238307075101283 0.13224739806429767 0.10186584167549406 0.2064409308385433 0.08969823520882798 0.15869687767715718
0.10623106293954161 0.0640766134977986 0.24043449419170482 0.1281532269955972 0.10145614967434563 0.10142926397854012 0.1428812844264345 0.11533790429603749
0.12561407914965914 0.06980215983617737 0.21882981654138012 0.08725269979522171 0.1482994612121939 0.11579154520954826 0.12970699850155346 0.10470323975426604
0.11340283902083796 0.0589826096253135 0.2866691578788555 0.117965219250627 0.10830682206390184 0.07698223874502165 0.13152241608987816 0.10616869732556429
0.10724216275170396 0.057969040619057825 0.32274958257021147 0.11593808123811565 0.09486361641887837 0.06763093480284453 0.12926230848488415 0.1043442731143041
0.10378412585883627 0.057042788070486516 0.3406770446234922 0.11408557614097303 0.08977346990437642 0.06476307332674063 0.1271969035482192 0.10267701852687575
0.12145763184989015 0.06737142823653088 0.2602363798996864 0.08421428529566358 0.13930687996432373 0.10116606112376421 0.12519019127534467 0.10105714235479629
0.12769045820852357 0.06700172287656415 0.22343984518583496 0.08375215359570519 0.1608084848318852 0.11230154952198024 0.12450320146466023 0.10050258431484621
0.1302066165076743 0.06710740751838262 0.2068812825759653 0.08388425939797828 0.17055083576530805 0.11600890134460075 0.12469958561251696 0.10066111127757393
0.11494383394864106 0.05883153112233437 0.2794269285163961 0.11766306224466874 0.11501607311255475 0.07703628145793799 0.13118553357726498 0.10589675602020186
0.10151019488844712 0.11969257646700042 0.1874504979752017 0.14961572058375053 0.0912779831597902 0.13969001184261357 0.07610886655782093 0.13465414852537547
0.10949158190724981 0.062026707159229005 0.2742716056214649 0.12405341431845801 0.09549322470595138 0.08470509415344041 0.13831029924759422 0.11164807288661223
0.10709828841988067 0.058780885618703343 0.3173769595898055 0.11756177123740669 0.0923554959536037 0.06994840340373597 0.1310726016631982 0.10580559411366601
0.10408767302289511 0.057289714168051356 0.3382197668067339 0.11457942833610271 0.08949144069625149 0.06546297957632569 0.12774751189114733 0.10312148550249242
0.09770866133733999 0.11870890778591221 0.20820906911459292 0.14838613473239023 0.08399634382061134 0.13395998036874268 0.07548338158125939 0.1335475212591512
0.10733890642228831 0.06145067622568016 0.2852774829202077 0.12290135245136032 0.09258312325098299 0.08281140528270983 0.13702583624054648 0.11061121720622429
0.10590797699963311 0.05845316544903874 0.3228699192269837 0.11690633089807748 0.09108742224302356 0.06921765277666937 0.13034183459830426 0.10521569780826973
0.09849980895254265 0.11919556260979171 0.20283643185161113 0.14899445326223962 0.08465008367427479 0.13593582114099412 0.07579283057253058 0.13409500793601561
0.14291570124075972 0.08165321515465487 0.23394211654639752 0.1020665189433186 0.12323285165124755 0.11053317769723348 0.11379655171740147 0.09185986704898673
0.09479139234377715 0.1029378194515637 0.14763579579080302 0.12867227431445466 0.10757466641744545 0.17670795383915427 0.0872733686654562 0.15440672917734558
0.10902050015292486 0.06297929499302773 0.2526063664448194 0.12595858998605547 0.10181101689341208 0.09382707260263363 0.14043442793967678 0.11336273098744992
0.10800496360402166 0.05943802247369584 0.30655156429843666 0.11887604494739168 0.09509474877495053 0.07250829667914727 0.13253791876970383 0.1069884404526525
0.10488980242837823 0.05762440966595856 0.33296234872414837 0.11524881933191712 0.09073763554119764 0.06631921401274617 0.12849383289692845 0.1037239373987254
0.10262210944528301 0.056771791919534714 0.3456795932394459 0.11354358383906943 0.08838285100008494 0.06421822252263612 0.12659262257878337 0.10218922545516249
0.10131987229941661 0.05637543578683085 0.35176649452872016 0.1127508715736617 0.08720246370734219 0.06340027012724728 0.1257088075604855 0.10147578441629554
0.10063775762629297 0.056190117666312614 0.3546735685305896 0.11238023533262523 0.08662966789863277 0.06305086533503322 0.1252955758111508 0.10114221179936271
0.10029563214404219 0.05610283797379035 0.35606094026449475 0.1122056759475807 0.08635542361806407 0.06289342657555944 0.12510095512364594 0.10098510835282265
0.10012781518924753 0.05606151137389953 0.3567229056223417 0.11212302274779906 0.0862247629913017 0.06282045862835277 0.12500880297403863 0.10091072047301915
0.08433449025013795 0.10353897606457685 0.1881043222178034 0.12942372008072106 0.09684136240105719 0.1546656199645231 0.08778304492431516 0.15530846409686527
0.10401229742639383 0.0620337412304444 0.27487408716182754 0.1240674824608888 0.09717457715719556 0.08785109617190676 0.13832598417654318 0.11166073421479993
0.10540320726159683 0.05879531524613502 0.31780326481759286 0.11759063049227005 0.09287539635499685 0.07059584080567032 0.1311047775786951 0.10583156744304303
0.10355916390886835 0.057288061471233005 0.3384653274488504 0.11457612294246601 0.08965981530066928 0.06558917165578002 0.1277438266239136 0.10311851064821942
0.08539173458758395 0.10390837450578537 0.18233430303218728 0.1298854681322317 0.09811474986712079 0.15640657755716011 0.08809623055925282 0.15586256175867802
0.10462390952028008 0.06221120462232104 0.2718154328774721 0.12442240924464208 0.09779362057414749 0.08843155378760466 0.13872170105335466 0.11198016832017785
0.10574164089501605 0.05889003550794029 0.3162763165887416 0.11778007101588057 0.09317990001549036 0.07081398243747015 0.13131598962516833 0.10600206391429252
0.13948430520358163 0.07709281350476932 0.2838153647979048 0.09636601688096165 0.12075630223161772 0.08831486485982418 0.10744091732847515 0.08672941519286548
0.11430649785703345 0.056870570562282376 0.31937050344854684 0.11374114112456475 0.09750078881191925 0.06903058697451535 0.12681288420902964 0.10236702701210827
0.10586291403179926 0.056903828805061396 0.33863264772279467 0.11380765761012279 0.0905362960254254 0.064942718829176 0.12688704512651003 0.1024268918491105
0.08594877267152466 0.1038147181113754 0.182389477948437 0.12976839763921924 0.09833868935206401 0.1560010408854548 0.08801682622486175 0.15572207716706307
0.12020608918155785 0.0713493297517075 0.1948853784494592 0.08918666218963438 0.14965465306749415 0.13511192923874094 0.13258196349384455 0.10702399462756125
0.11301421029568037 0.05980925977231123 0.2743899978146336 0.11961851954462246 0.11019799415799633 0.08194762828753172 0.13336572253706416 0.10765666759016022
0.10775431270687899 0.0583727969445159 0.316724912769899 0.1167455938890318 0.09611515362018808 0.06905357074084009 0.13016262482851754 0.10507103450012863
0.12350616102679632 0.06780919074030649 0.25014590430701167 0.08476148842538311 0.1429933388632969 0.1030664850466241 0.12600364548012177 0.10171378611045973
0.0896486937658924 0.10254147090136545 0.15267901501380746 0.1281768386267068 0.11348120578827772 0.17272323552683133 0.08693733402507071 0.15381220635204818
0.09514604135528787 0.1223148634710088 0.14179284836071826 0.15289357933876097 0.09178932058052038 0.18068282643388398 0.07777629905493494 0.13760422140488487
0.1098657276665986 0.063566872316981 0.2502443028886444 0.127133744633962 0.09783125740835849 0.0951930872409053 0.14174463767398449 0.1144203701705658
0.12666427581679132 0.06958604366452807 0.22295253521854694 0.08698255458066008 0.14658302408410104 0.11354709164255453 0.12930540949602604 0.10437906549679209
0.0905295957368985 0.10284654615282307 0.14394847211950712 0.12855818269102884 0.11468242005239494 0.1779689792363715 0.08719598478174131 0.1542698192292346
0.10778068834685124 0.0630657946771603 0.2505577780889617 0.1261315893543206 0.1040892197139272 0.09422919007499872 0.14062730932489176 0.11351843041888854
0.1077109003667578 0.05949686548701222 0.30551685018591584 0.11899373097402444 0.09586197067496305 0.07265619452784446 0.13266912990686006 0.107094357876622
0.10484557174871406 0.05765340271611145 0.3324550257465447 0.1153068054322229 0.09102498978943868 0.0663795966065191 0.12855848307144851 0.10377612488900062
0.08577417225939339 0.10401623913547682 0.18043785517441926 0.13002029891934602 0.09863270844761887 0.15690668635436533 0.08818768100616513 0.1560243587032152
0.10483104687140034 0.06226467523581592 0.2707974792566662 0.12452935047163184 0.09805613657974861 0.08860396361950873 0.13884093254075966 0.11207641542446865
0.10585119538269017 0.05891760543812775 0.3157607505924133 0.1178352108762555 0.09332686177103765 0.07087921969627421 0.1313774664545714 0.10605168978862993
0.10379019219504462 0.05734685584830635 0.33746529836272743 0.1146937116966127 0.08989780021886229 0.06570687184198805 0.12787492930950697 0.10322434052695142
0.10207232280848617 0.05663386879916545 0.3478479198692306 0.1132677375983309 0.08799562867681954 0.06395648380356936 0.12628507460590027 0.10194096383849782
0.12061827915827822 0.06721251545534318 0.26320478193401853 0.08401564431917896 0.13852130209622826 0.10071380573169596 0.12489489812224218 0.10081877318301476
0.1022369395142952 0.11782736140314544 0.1804583961178462 0.14728420175393178 0.0967492142375771 0.1479652723285351 0.07492283306613053 0.1325557815785386
0.1098602149253979 0.06203690889213584 0.2702300535106245 0.12407381778427168 0.09726063982526924 0.08653888146712659 0.13833304758932977 0.11166643600584451
0.08746923344072072 0.10510695359152672 0.16053946014868697 0.1313836919894084 0.10108110348825991 0.16764670977868226 0.08911241717542484 0.15766043038729008
0.10634856824435739 0.06289243379691867 0.26020873136099054 0.12578486759383734 0.09968311064140413 0.09163516709132737 0.14024074043671117 0.11320638083445361
0.10685098253336597 0.059254853964679645 0.3104773777193093 0.11850970792935929 0.09426648552721933 0.07185237485646184 0.1321294803331812 0.10665873713642336
0.1043523556012522 0.057510293797911345 0.334893830987482 0.11502058759582269 0.09039577426704376 0.06606925737084544 0.12823937154340231 0.10351852883624042
0.10236414279222716 0.056710886682466655 0.3466085381487904 0.11342177336493331 0.08825124515599574 0.06410700483669117 0.1264568129904555 0.10207959602843997
0.10119358798270318 0.05634345267404162 0.3522062105341958 0.11268690534808325 0.08716761388047246 0.06334652477466411 0.12563748999256444 0.10141821481327493
0.1005741923749662 0.05617255199868853 0.35487755902406953 0.11234510399737706 0.08664037591643586 0.06302321609673296 0.12525640699409055 0.10111059359763937
0.10026200571490024 0.05609225931809549 0.3561519938617977 0.11218451863619099 0.08638775420948151 0.06287803518661206 0.12507736630035024 0.10096606677257189
0.08437076422097788 0.10354227531138213 0.18792184887211308 0.12942784413922764 0.09694077425071768 0.15469723812668454 0.08778584211182397 0.15531341296707318
0.10402622107945726 0.06203366556196903 0.2747667344059356 0.12406733112393806 0.09725931273039416 0.08786032163962472 0.1383258154471369 0.11166059801154427
0.10540659408447677 0.058792965312664994 0.31774044334987384 0.11758593062532999 0.09295055802494645 0.07059663346211774 0.13109953757779327 0.10582733756279698
0.12278216482848357 0.06791912064703086 0.25078345796014195 0.08489890080878856 0.14184625490972144 0.1036835016580434 0.12620791821724392 0.10187868097054627
0.11084423522276171 0.05797180867042072 0.3030632742676082 0.11594361734084144 0.10520129824671476 0.07335802981861446 0.12926848082628142 0.10434925560675731
0.14156699933658226 0.07698448219669186 0.27710115321996476 0.09623060274586481 0.12528156428373197 0.08893771507251115 0.10728994067337466 0.08660754247127835
0.11520773232646167 0.05698417422745052 0.31584370901308784 0.11396834845490104 0.09905694453580226 0.06930137440630206 0.1270662034265837 0.10257151360941094
0.12581997731097821 0.06746153817141354 0.24924485224912876 0.08432692271426692 0.14386342567949578 0.1027333422542982 0.12535763436329828 0.1011923072571203
0.14791546240820544 0.07665118930049016 0.24983354944578975 0.09581398662561269 0.13994801734231346 0.09677976212448816 0.10682544479004878 0.08623258796305142
0.136997964498043 0.06659511417881894 0.21818717992227082 0.08324389272352366 0.16086213146856335 0.1104734083993137 0.12374763754123817 0.0998926712682284
0.11650798213175353 0.058465663117214656 0.28526273513672146 0.11693132623442931 0.11175829328146236 0.07546610395441923 0.13036970253301297 0.1052381936109864
0.10812750506483881 0.057875068332389264 0.32179272314837093 0.11575013666477853 0.09597161636439606 0.06725506311559809 0.1290527643113277 0.10417512299830069
0.13994618188541386 0.07669789337714628 0.28591842686753355 0.09587236672143284 0.12139795971664494 0.08699150714237436 0.10689053424016468 0.08628513004928956
0.11430182108060617 0.05676831582698861 0.3203447050066485 0.11353663165397722 0.09761883701215653 0.06866184951981802 0.12658487141122535 0.1021829684885795
0.088098338329774 0.10377263037403968 0.17646894291650242 0.1297157879675496 0.10055475484967222 0.15774945685819514 0.08798114314320755 0.15565894556105953
0.13937445604097745 0.08218062958511826 0.22132395324854096 0.10272578698139782 0.13020980907172053 0.11720057040823453 0.11453158638075252 0.09245320828325804
0.15505037160578647 0.07761234849924649 0.23710578939780128 0.09701543562405812 0.13604925013782623 0.10168794191068677 0.1081649707629424 0.0873138920616523
0.12127124770206225 0.05790831303085792 0.29497113392244534 0.11581662606171585 0.10367282283033036 0.07299799797002635 0.1291268950270175 0.10423496345554427
0.10911468215125365 0.05756413070642244 0.32652431635718127 0.11512826141284488 0.09325988459444129 0.06643386969227348 0.12835941981402255 0.10361543527156038
0.10412144869765905 0.056874325809814205 0.34239785149020935 0.11374865161962841 0.08930147312073465 0.06436120495374789 0.12682125785054094 0.10237378645766557
0.1019033659390989 0.05644930527152503 0.3501466365184569 0.11289861054305006 0.0876121378645023 0.06350766888856464 0.12587352548605732 0.10160874948874506
0.136296124598182 0.07596934491360621 0.29882646564303456 0.09496168114200776 0.1173353011973287 0.08527038169731765 0.10587518778071611 0.08546551302780699
0.11256222657316173 0.05642710546237201 0.32686678779579725 0.11285421092474401 0.09595804617521428 0.0679388100113907 0.1258240232250504 0.10156878983226961
0.08759716128715532 0.10366301725169573 0.17852391879815338 0.12957877156461967 0.099976230438853 0.15727816450336762 0.08788821027861159 0.1554945258775436
0.10544185861822897 0.062263180225808706 0.2696555693914483 0.12452636045161741 0.09849428716785028 0.08870742084701136 0.1388375988915794 0.11207372440645566
0.14171604351227485 0.0787367274950561 0.2631449317455087 0.09842090936882011 0.12491959967527935 0.09475100066887103 0.10973196910225168 0.0885788184319381
0.11607544467288865 0.05750138040864199 0.3089969766449049 0.11500276081728399 0.09967966914440805 0.07102178756062859 0.12821949601568827 0.10350248473555561
0.14339731443351272 0.07674623217005486 0.2796411275062272 0.09593279021256859 0.12290924374252941 0.08807587882023016 0.10695790192356526 0.08633951119131171
0.11563949414218709 0.05689719158461732 0.3170836300562207 0.11379438316923464 0.09826432952846872 0.06903378155141066 0.12687224511554965 0.10241494485231117
0.10635341734295996 0.05694545313389428 0.33746564991485095 0.11389090626778856 0.09087192547087704 0.06499097106139855 0.12697986116722096 0.10250181564100969
0.10277080970630452 0.05655507843535661 0.3477033057794786 0.11311015687071321 0.08820492079171122 0.06374720337843172 0.12610938385436235 0.10179914118364189
0.10124731028521144 0.056292758606241784 0.35269663921853983 0.11258551721248357 0.08709965699171868 0.0632267024069199 0.1255244497876496 0.10132696549123522
0.10056282376418722 0.056153229998989924 0.35510298841203175 0.11230645999797985 0.0866046779036898 0.06298068410629634 0.1252133218186432 0.10107581399818187
0.1355435934810219 0.07583126074488329 0.3010602664410002 0.09478907593110411 0.11678768098037369 0.08499520823207855 0.10568274585154444 0.0853101683379937
0.1318136342900993 0.06620656214041022 0.2407772681023522 0.08275820267551277 0.14990050901188903 0.10620835390522458 0.12302562666389659 0.09930984321061533
0.15029954561251876 0.07647624654252838 0.24528554346489287 0.09559530817816048 0.1421231067687993 0.09760283743232914 0.10658163464042666 0.08603577736034441
0.11925650823054398 0.05759193511699309 0.2990707548435442 0.11518387023398619 0.10497945336878568 0.0718305754958761 0.1284214194996831 0.10366548321058756
0.10827394755539954 0.057425812149524094 0.3285302731096634 0.11485162429904819 0.09344141752599638 0.066059473414525 0.12805099007669998 0.10336646186914338
0.10376554106807524 0.05681124904986445 0.3433678565960049 0.1136224980997289 0.0892690163792822 0.06422298442699352 0.12668060609029475 0.10226024828975601
0.10174895799308042 0.05641977414587574 0.35061273945963994 0.11283954829175148 0.08756529587695794 0.06345041528662813 0.12580767548349006 0.10155559346257632
0.12040552639158753 0.0671411486224501 0.26433320242840713 0.08392643577806262 0.13825344180307814 0.10046623840848502 0.12476228363425428 0.10071172293367514
0.10215759999445122 0.11779691286688697 0.18085565802798195 0.1472461410836087 0.0966830063806531 0.14783568290255178 0.07490347176861835 0.1325215269752478
0.08537322754477926 0.10568357929889252 0.13140561671994455 0.13210447412361567 0.10079506970598778 0.19651136816590212 0.08960129549253931 0.15852536894833877
0.12112590488081935 0.0721519606330847 0.1728021871084734 0.09018995079135587 0.152227923259772 0.14920071299150878 0.13407341938535888 0.10822794094962705
0.11444055169305632 0.06047111957214933 0.2626094693358534 0.12094223914429866 0.1121272741511281 0.08571975976798701 0.13484157110565836 0.1088480152298688
0.12712230241735956 0.06863991067600288 0.22702278756548955 0.0857998883450036 0.15152119216566076 0.10938675611256368 0.1275472967039158 0.10295986601400431
0.13035824187654765 0.06740205381313615 0.20897979426305036 0.08425256726642019 0.16721848872409947 0.11543867334099053 0.1252470999960515 0.10110308071970421
0.09122722586848955 0.1023157573192483 0.13921167894837588 0.1278946966490604 0.12080241855679368 0.17832861851718848 0.0867459681619714 0.15347363597887245
0.0821449791655348 0.10508572302105985 0.11763816200807314 0.13135715377632481 0.10742240965208275 0.20962857050139289 0.08909441734394205 0.15762858453158976
0.09180064201636316 0.13493466372495766 0.12752419649293478 0.15071761825366828 0.08916918975323987 0.1935384362188861 0.07666939711164865 0.13564585642830143
0.1087855625024115 0.07298019931977569 0.24118624274953693 0.1266430376566448 0.09712310539883053 0.09810558246762072 0.14119753601419952 0.11397873389098034
0.1082552533324115 0.06455434766123982 0.3004720008420825 0.11908601678974794 0.09410049341287789 0.07358245114647677 0.13277202170439062 0.10717741511077315
0.10493720934324817 0.06184496775762408 0.329611021420338 0.11498130193165221 0.09047457176078179 0.06647218508825053 0.1281955709596182 0.10348317173848699
0.12174941790605971 0.07210394432218858 0.25526827373799504 0.08398493641569284 0.13972751647180584 0.10153473868618754 0.12484924876123892 0.10078192369883142
0.1273700389204267 0.07232698326720387 0.22077110007551648 0.08320937347532809 0.16079950869481552 0.11197542503597717 0.12369632236033846 0.09985124817039367
0.11305893263789535 0.0631728496086487 0.28632867424146047 0.11624824676832099 0.11144976152150873 0.07550999322629515 0.12960811990438176 0.10462342209148888
0.10669966019455197 0.061823176366984096 0.3219745946513391 0.1150734580510488 0.0955753403274522 0.066989340007257 0.12829831815542306 0.1035661122459439
0.10326897459012498 0.06083722150956987 0.33985669971335064 0.11338285152550266 0.0898414134921572 0.06435485475223703 0.1264134180441052 0.1020445663729524
0.10142378133472281 0.060255486511722064 0.34858080687207427 0.1123952987255945 0.08755893243921796 0.06331755489345568 0.12531237037017776 0.10115576885303505
0.10046551126863247 0.05995541903304682 0.35279027750658726 0.11189306581219408 0.0865849957127591 0.06285455328400119 0.12475241815180445 0.10070375923097467
0.09998207378239746 0.05980802413583647 0.35481209260398056 0.11164780062828168 0.08615019258058519 0.06263782992835129 0.12447896577511405 0.10048302056545352
