Action: 0
[0.10032473679973199, 0.10435561503722844, 0.29859853836147204, 0.09934366098175242, 0.09934610586112494, 0.09934402099518534, 0.09934366098175242, 0.09934366098175242]
[0.22422515936343887, 0.09718550449127702, 0.19266181368889893, 0.09718550449127702, 0.09718550449127702, 0.09718550449127702, 0.09718550449127702, 0.09718550449127702]
[0.22406554158645975, 0.09717811534186953, 0.19277603053983994, 0.09717811534119457, 0.09726783378873721, 0.09717813271950984, 0.09717811534119457, 0.09717811534119457]
[0.125, 0.125, 0.125, 0.125, 0.125, 0.125, 0.125, 0.125]
[0.19892925134753986, 0.0973554769288619, 0.19722736050827847, 0.0973554769288619, 0.09741059784785179, 0.1170108825808824, 0.0973554769288619, 0.0973554769288619]
[0.1683700502399039, 0.0950333727418492, 0.25184603353485985, 0.0950333727418492, 0.10425628752282823, 0.09539413773501124, 0.0950333727418492, 0.0950333727418492]
[0.125, 0.125, 0.125, 0.125, 0.125, 0.125, 0.125, 0.125]
[0.125, 0.125, 0.125, 0.125, 0.125, 0.125, 0.125, 0.125]

Action: 1
[0.09855733176087857, 0.09895734473936513, 0.09762851732728785, 0.09762851732728785, 0.2947453331265739, 0.11722592106403094, 0.09762851732728785, 0.09762851732728785]
[0.1111111111111111, 0.1111111111111111, 0.1111111111111111, 0.1111111111111111, 0.2222222222222222, 0.1111111111111111, 0.1111111111111111, 0.1111111111111111]
[0.10118212798902208, 0.0992528074529388, 0.09925218284401309, 0.09925218284401309, 0.10394025046612, 0.2986160827158667, 0.09925218284401309, 0.09925218284401309]
[0.125, 0.125, 0.125, 0.125, 0.125, 0.125, 0.125, 0.125]
[0.09638589178345013, 0.09638589178345013, 0.09638589178345013, 0.09638589178345013, 0.1428734454151269, 0.2788112038841723, 0.09638589178345013, 0.09638589178345013]
[0.10179819102549041, 0.09919439056959165, 0.09919439056959165, 0.09919439056959165, 0.10361444287167822, 0.2986154132548732, 0.09919439056959165, 0.09919439056959165]
[0.125, 0.125, 0.125, 0.125, 0.125, 0.125, 0.125, 0.125]
[0.125, 0.125, 0.125, 0.125, 0.125, 0.125, 0.125, 0.125]

