Action: 0
[0.09544046746429168, 0.13611817795118136, 0.29516831180525743, 0.09460309072137155, 0.09486063404722235, 0.09460313656793248, 0.09460309072137155, 0.09460309072137155]
[0.22279383775878045, 0.09500369521957838, 0.20718399092374917, 0.09500369521957838, 0.09500369521957838, 0.09500369521957838, 0.09500369521957838, 0.09500369521957838]
[0.123081239034282, 0.0921795603007392, 0.29510933936070477, 0.09217823067570609, 0.09218816659105053, 0.12090700268610534, 0.09217823067570609, 0.09217823067570609]
[0.125, 0.125, 0.125, 0.125, 0.125, 0.125, 0.125, 0.125]
[0.14271253775229067, 0.09039541837945722, 0.27064268361267607, 0.09039541814559308, 0.1346676876731963, 0.09039541814560043, 0.09039541814559308, 0.09039541814559308]
[0.09553077296098729, 0.09517652005878434, 0.2946671913266476, 0.09436820039469436, 0.13714747878123673, 0.09437343568826091, 0.09436820039469436, 0.09436820039469436]
[0.125, 0.125, 0.125, 0.125, 0.125, 0.125, 0.125, 0.125]
[0.125, 0.125, 0.125, 0.125, 0.125, 0.125, 0.125, 0.125]

Action: 1
[0.1123620945622438, 0.09222643731916329, 0.09222643731916329, 0.09222643731916329, 0.13375018932500732, 0.29275552951693234, 0.09222643731916329, 0.09222643731916329]
[0.1111111111111111, 0.1111111111111111, 0.1111111111111111, 0.1111111111111111, 0.1111111111111111, 0.2222222222222222, 0.1111111111111111, 0.1111111111111111]
[0.09467910473059554, 0.0940165612352009, 0.0940165612352009, 0.0940165612352009, 0.26212716880456255, 0.17311092028883743, 0.0940165612352009, 0.0940165612352009]
[0.125, 0.125, 0.125, 0.125, 0.125, 0.125, 0.125, 0.125]
[0.11168926350992067, 0.09463622487336747, 0.09463622487336747, 0.09463622487336747, 0.20212754896950733, 0.21300206315373466, 0.09463622487336747, 0.09463622487336747]
[0.10490531647140039, 0.09612181588594378, 0.09612181588594378, 0.09612181588594378, 0.19961978652011914, 0.21486581757876155, 0.09612181588594378, 0.09612181588594378]
[0.125, 0.125, 0.125, 0.125, 0.125, 0.125, 0.125, 0.125]
[0.125, 0.125, 0.125, 0.125, 0.125, 0.125, 0.125, 0.125]

