0.125 0.125 0.125 0.125 0.125 0.125 0.125 0.125
0.125 0.125 0.125 0.125 0.125 0.125 0.125 0.125
0.1232638888888889 0.1232638888888889 0.1232638888888889 0.1232638888888889 0.1371527777777778 0.1232638888888889 0.1232638888888889 0.1232638888888889
0.12160137801974788 0.12160137801974788 0.12160137801974788 0.12160137801974788 0.1487903538617647 0.12160137801974788 0.12160137801974788 0.12160137801974788
0.11962409288029693 0.11962409288029693 0.11962409288029693 0.11962409288029693 0.14912008561350512 0.13313535710471336 0.11962409288029693 0.11962409288029693
0.1182365293242474 0.1182365293242474 0.1182365293242474 0.1182365293242474 0.15755147727418903 0.13302934678032666 0.1182365293242474 0.1182365293242474
0.125 0.125 0.125 0.125 0.125 0.125 0.125 0.125
0.1177830494418013 0.1177830494418013 0.1177830494418013 0.1177830494418013 0.15073882782352743 0.14256287552566474 0.1177830494418013 0.1177830494418013
0.11561228619677394 0.11561228619677394 0.11561228619677394 0.11561228619677394 0.16245253053025085 0.14387375228910548 0.11561228619677394 0.11561228619677394
0.1230017534404291 0.1230017534404291 0.1230017534404291 0.1230017534404291 0.1230017534404291 0.13898772591699637 0.1230017534404291 0.1230017534404291
0.11564189027906123 0.11564189027906123 0.11564189027906123 0.11564189027906123 0.1538631785017665 0.15228547982386623 0.11564189027906123 0.11564189027906123
0.12074793530103287 0.12074793530103287 0.12074793530103287 0.12074793530103287 0.13784384402345135 0.13766854417035132 0.12074793530103287 0.12074793530103287
0.1268482478082294 0.11343181055255908 0.11343181055255908 0.11343181055255908 0.15626509662191235 0.14972760280706282 0.11343181055255908 0.11343181055255908
0.11904822804374393 0.11904822804374393 0.11904822804374393 0.11904822804374393 0.15002600338189678 0.13568462835563982 0.11904822804374393 0.11904822804374393
0.12547649839219516 0.11224891749844583 0.11224891749844583 0.11224891749844583 0.15886766036813307 0.15441125374744252 0.11224891749844583 0.11224891749844583
0.11723700299247446 0.11723700299247446 0.11723700299247446 0.11723700299247446 0.14873070694665544 0.1478472750984979 0.11723700299247446 0.11723700299247446
0.1232500033604128 0.1102236696945823 0.1232500033604128 0.1102236696945823 0.1564399150632142 0.15616539943763086 0.1102236696945823 0.1102236696945823
0.1159746493907391 0.1159746493907391 0.1159746493907391 0.1159746493907391 0.15721944275777386 0.14693266089779158 0.1159746493907391 0.1159746493907391
0.1215875389149139 0.10870146676038733 0.13169211989670376 0.10870146676038733 0.15755548280307946 0.1543589913437533 0.10870146676038733 0.10870146676038733
0.11472061571596434 0.11472061571596434 0.11472061571596434 0.11472061571596434 0.15625952430863754 0.15541678139557646 0.11472061571596434 0.11472061571596434
0.11380865235268303 0.11380865235268303 0.11380865235268303 0.11380865235268303 0.16236438549542853 0.1547837003884734 0.11380865235268303 0.11380865235268303
0.11201171394857606 0.11201171394857606 0.12465711976554085 0.11201171394857606 0.16246445792615458 0.1528198525654243 0.11201171394857606 0.11201171394857606
0.11125230774522332 0.11125230774522332 0.12510309883028342 0.11125230774522332 0.1670926771505831 0.1515426852930168 0.11125230774522332 0.11125230774522332
0.1097268690178108 0.1097268690178108 0.13452713327034524 0.1097268690178108 0.16715799540768314 0.14968052623291742 0.1097268690178108 0.1097268690178108
0.10845201825756434 0.10845201825756434 0.1439195893806558 0.10845201825756434 0.16590559506922084 0.14791472426230168 0.10845201825756434 0.10845201825756434
0.10674820543873705 0.11879842968957753 0.14469206217808037 0.10674820543873705 0.1637713219611965 0.14574536441619737 0.10674820543873705 0.10674820543873705
0.10589051546860523 0.11909034098966939 0.1508518014451046 0.10589051546860523 0.16218006478328695 0.1443157309075181 0.10589051546860523 0.10589051546860523
0.10530247382227324 0.11853473393223654 0.15217782332483182 0.10530247382227324 0.16472677567328567 0.14335077178055317 0.10530247382227324 0.10530247382227324
0.10454667183057811 0.11771719782304885 0.15685144038263057 0.10454667183057811 0.16490411251623563 0.14234056195577258 0.10454667183057811 0.10454667183057811
0.10393731211684076 0.11701700076384619 0.16140915584509682 0.10393731211684076 0.1643597306904948 0.14146486423319915 0.10393731211684076 0.10393731211684076
0.11389709743062909 0.11535039616918524 0.16149034075723095 0.10234850719542456 0.16257145914549417 0.13964518491118683 0.10234850719542456 0.10234850719542456
0.11471420663626686 0.1148756842738842 0.16373060259134103 0.10205897358841917 0.16162668601676528 0.1388758997164851 0.10205897358841917 0.10205897358841917
0.11454703516432291 0.11456497712405816 0.16604728103531147 0.1018010122047377 0.16102255086840234 0.13841511919369212 0.1018010122047377 0.1018010122047377
0.11431698828105502 0.1143189818321367 0.1679235284364774 0.10158953992946357 0.16058971778985626 0.13808216387208375 0.10158953992946357 0.10158953992946357
0.11413459939818968 0.11413482090386542 0.16932059536516142 0.10143271181140577 0.1602742955588599 0.13783755333970643 0.10143271181140577 0.10143271181140577
0.12277256172567624 0.1128283243068639 0.16859936531038555 0.10014667753976775 0.15887268761366158 0.13648702842410948 0.10014667753976775 0.10014667753976775
0.12320538187130073 0.12123405008110219 0.16702822996895475 0.09886712005183954 0.15707956778548188 0.13485141013764199 0.09886712005183954 0.09886712005183954
0.13033884229341777 0.12188947762194238 0.1653821417819974 0.09785620821032556 0.15541163996566523 0.13340927370600064 0.09785620821032556 0.09785620821032556
0.13210858278994864 0.1219084392361252 0.16513964509675397 0.09774523878072763 0.15468952608768563 0.13291809044730363 0.09774523878072763 0.09774523878072763
0.13253309945268552 0.12187012941810112 0.16535786989516119 0.0977031700386898 0.15438286802566442 0.13274652309231832 0.0977031700386898 0.0977031700386898
0.13234175267215115 0.12155926593609116 0.1651440036168789 0.09739990104170336 0.15635725364026432 0.1323980210095044 0.09739990104170336 0.09739990104170336
0.13220327941403112 0.1214096153905577 0.16521013655233055 0.09731187564033016 0.15702322737321303 0.13221811434887693 0.09731187564033016 0.09731187564033016
0.1375932294697303 0.12058075299529428 0.1644381309506239 0.09651267976100013 0.15647836054410064 0.1313714867572506 0.09651267976100013 0.09651267976100013
0.1391526052084928 0.12030095524818687 0.16416726869731318 0.09639719454190938 0.15615479585237113 0.13103279136790794 0.09639719454190938 0.09639719454190938
0.13885277071854388 0.11946109713224737 0.16327124652858 0.09561280314206567 0.1552468381665612 0.1363296380278704 0.09561280314206567 0.09561280314206567
0.13866228738781913 0.1191972913921913 0.16291291298566105 0.09551548970639445 0.15480278430488648 0.13787825481025864 0.09551548970639445 0.09551548970639445
0.13858748345095542 0.11912938133423576 0.16282206111676165 0.09549987613130702 0.15461759077296625 0.13834385493116005 0.09549987613130702 0.09549987613130702
0.13836134809715472 0.1189130279921318 0.1625816265142995 0.09529698518460691 0.15596739832373854 0.1382856435188547 0.09529698518460691 0.09529698518460691
0.13824759873585737 0.11882665783655692 0.16248758623418266 0.09525350461455204 0.15645356888428444 0.13822407446546242 0.09525350461455204 0.09525350461455204
0.13819811651452643 0.11879539993645172 0.1624673696692131 0.0952393686139187 0.15663020140240078 0.138190806635652 0.0952393686139187 0.0952393686139187
0.1381763527104804 0.11878281560394548 0.16247468557291875 0.09523298080403927 0.156693122445378 0.1381740812551595 0.09523298080403927 0.09523298080403927
0.13816607630726346 0.11877680733568209 0.16248904569515016 0.09522946723634297 0.15671429847252977 0.13816537048034574 0.09522946723634297 0.09522946723634297
0.142147962813291 0.11820529589548961 0.16192466997956587 0.09465914686689154 0.156152287366659 0.13759234334431997 0.09465914686689154 0.09465914686689154
0.14330012902865766 0.11787555936080824 0.16147459469582404 0.09444270596495344 0.1568237577409299 0.13719784127891982 0.09444270596495344 0.09444270596495344
0.1465063383551375 0.11736730950880904 0.16084539387642993 0.09399982262481746 0.15664911913092122 0.13663237125424998 0.09399982262481746 0.09399982262481746
0.1476088776374413 0.11719430877994325 0.16052256425952072 0.09392757663946916 0.15650710701946133 0.13638441238522583 0.09392757663946916 0.09392757663946916
0.14999958287232024 0.1168615896517806 0.16009047906927382 0.09362915293509594 0.15615195110176486 0.13600893849957257 0.09362915293509594 0.09362915293509594
0.15086054581273212 0.11674360716765425 0.1598661767838189 0.09357712822801476 0.15595804567001426 0.13584023988173607 0.09357712822801476 0.09357712822801476
0.15108562884654111 0.11661650793936601 0.15966958885382931 0.09347341768322723 0.15652391300272236 0.13568410830785957 0.09347341768322723 0.09347341768322723
0.15253968021253858 0.11637306827706065 0.15936994353012587 0.09325517399510089 0.15653443734935238 0.13541734864561997 0.09325517399510089 0.09325517399510089
0.15401773320411977 0.11614951178507925 0.15907057132037736 0.09307987664307021 0.15636339476510291 0.13515915899611006 0.09307987664307021 0.09307987664307021
0.15457354446567115 0.11607054026359406 0.15891637967005692 0.09304522264951479 0.1562595919205772 0.13504427573155636 0.09304522264951479 0.09304522264951479
0.15478710426939454 0.11604640462455991 0.15884702151036895 0.09303674221502448 0.15620914622078236 0.13500009672982083 0.09303674221502448 0.09303674221502448
0.1548699584215564 0.11603915946363881 0.15881783744512112 0.09303428166960488 0.15618629156010477 0.13498390810076427 0.09303428166960488 0.09303428166960488
0.1549022262924771 0.11603689177834396 0.1588062644005335 0.09303345025493061 0.15617622049594726 0.13497804626790655 0.09303345025493061 0.09303345025493061
0.15485186893525213 0.11597319423318606 0.15873822353783615 0.0929702022525505 0.1566131297633062 0.13491297677276795 0.0929702022525505 0.0929702022525505
0.15546866359587916 0.11585573649020706 0.15860521466687272 0.09286537182229933 0.15668634298619896 0.13478792679394427 0.09286537182229933 0.09286537182229933
0.15569766193287965 0.1158120933057193 0.15853067497596982 0.09284501329735738 0.1566958193735285 0.13472871051983062 0.09284501329735738 0.09284501329735738
0.15578535039748226 0.11579855088647062 0.15849552124218752 0.09284012264227949 0.15669479041410417 0.13470541913291711 0.09284012264227949 0.09284012264227949
0.15581943114303387 0.11579449643480189 0.15848000087641298 0.09283875282096066 0.1566930012844563 0.13469681179841309 0.09283875282096066 0.09283875282096066
0.1562730086512427 0.11573041522010799 0.15841029561897912 0.09277547535512452 0.15662899473548492 0.13463085970881178 0.09277547535512452 0.09277547535512452
0.15549955247726716 0.12232907042872648 0.15742313478783992 0.09181718310057431 0.15564461935417276 0.1336520736502707 0.09181718310057431 0.09181718310057431
0.15514552930639164 0.1240299467332848 0.15697573866919334 0.09177834885575137 0.15520464509688647 0.13330909362698956 0.09177834885575137 0.09177834885575137
0.1550221141632432 0.12449922818617967 0.1568114826963995 0.09179920068826421 0.15504620427092577 0.13322336861845918 0.09179920068826421 0.09179920068826421
0.15443349194736303 0.12408462280882199 0.1562051256074215 0.09126087102642447 0.154443308838642 0.13705083771847815 0.09126087102642447 0.09126087102642447
0.15413491566142887 0.12391660514481527 0.15589541377754784 0.09120216250587435 0.1541389161148786 0.1383076617837063 0.09120216250587435 0.09120216250587435
0.15401152085735464 0.12387058509079513 0.15576550424261915 0.09120043967504798 0.15401315107076424 0.13873791971332286 0.09120043967504798 0.09120043967504798
0.15425673425281375 0.1238190362824449 0.15567228559821725 0.09116102388030896 0.15392248512052434 0.1388463871050731 0.09116102388030896 0.09116102388030896
0.15395712192608035 0.12340537385233347 0.15523360672998707 0.0907609520990282 0.15348546631567944 0.1416355748788351 0.0907609520990282 0.0907609520990282
0.15378056827381117 0.12324250536535025 0.15499817225318127 0.09070714415101777 0.15325357007721574 0.14260375157738817 0.09070714415101777 0.09070714415101777
0.1537022987826273 0.12319362702242988 0.15489476381521422 0.09070120547019649 0.15315313201967956 0.14295256194945954 0.09070120547019649 0.09070120547019649
0.15367034275573688 0.12318084998746547 0.1548520709230009 0.09070131502592768 0.1531123123481904 0.1430804789078233 0.09070131502592768 0.09070131502592768
0.15365773715303924 0.12317796756893098 0.1548348922826094 0.0907018012244545 0.15309616423846364 0.1431278350835931 0.0907018012244545 0.0907018012244545
0.153849695647102 0.1231493711763255 0.1547999411721749 0.0906739647706204 0.15306174731435368 0.14311735037818274 0.0906739647706204 0.0906739647706204
0.15392373697898504 0.12313695025157013 0.1547805955713344 0.09066908317688283 0.1530428405777402 0.14310862708972172 0.09066908317688283 0.09066908317688283
0.15395314606434177 0.12313264282550083 0.1547715583181044 0.09066805048076179 0.1530341032511451 0.1431043980986224 0.09066805048076179 0.09066805048076179
0.1539649739904873 0.12313124369354633 0.15476755706577736 0.09066778698543877 0.15303027923270687 0.14310258506116583 0.09066778698543877 0.09066778698543877
0.15396975977106359 0.12313079759628828 0.1547658261183092 0.09066770976404168 0.15302864369643002 0.14310184352578398 0.09066770976404168 0.09066770976404168
0.15393010604331783 0.1230890586031744 0.15472348785249315 0.0906260883827868 0.15331913191366683 0.14305995043898728 0.0906260883827868 0.0906260883827868
0.15387839274107384 0.12304264443587476 0.15467054331062813 0.09059067854354266 0.15362719330326824 0.1430091905785269 0.09059067854354266 0.09059067854354266
0.1538505515904026 0.12302382807133 0.15464203879695715 0.09058409909908827 0.15374727200049607 0.14298401224354956 0.09058409909908827 0.09058409909908827
0.15397026104404105 0.12299842613523039 0.15460979237101866 0.09056365802650777 0.15377620077808138 0.1429543455921052 0.09056365802650777 0.09056365802650777
0.15410513858592942 0.12297517913515878 0.15457988740179687 0.09054710815104867 0.15377154484757535 0.1429269255763937 0.09054710815104867 0.09054710815104867
0.15415766492154795 0.12296589982017614 0.15456435325475715 0.09054395781992525 0.15376648025025175 0.14291372829349122 0.09054395781992525 0.09054395781992525
0.15417861177904454 0.12296271765469852 0.15455718500468366 0.09054322211083242 0.1537636622533195 0.14290815697575654 0.09054322211083242 0.09054322211083242
0.15346324092609162 0.12802836284707916 0.1538301986270362 0.08981920451663704 0.15303848605156484 0.14218209799831705 0.08981920451663704 0.08981920451663704
0.1531761570196035 0.12954220310448578 0.1534688649390323 0.08975895758002887 0.15268008597663177 0.14185581622016005 0.08975895758002887 0.08975895758002887
0.1531058481026182 0.13001496156367354 0.15332156707882683 0.08976130872238519 0.1525350824390377 0.1417386146486881 0.08976130872238519 0.08976130872238519
0.15308248962421608 0.1301675825679116 0.15326628038533555 0.08976702582628912 0.15248118194973154 0.1417013879939379 0.08976702582628912 0.08976702582628912
0.15307544652917493 0.1302176242565173 0.15324600004229966 0.0897696424072955 0.1524616375717806 0.14169036437834098 0.0897696424072955 0.0897696424072955
0.15307351348031145 0.13023415365422972 0.15323858065882623 0.08977062196323857 0.15245458153911975 0.14168730477779715 0.08977062196323857 0.08977062196323857
0.1530730588103495 0.13023963468606506 0.15323585280163565 0.08977096668720475 0.15245202520500256 0.1416865284353332 0.08977096668720475 0.08977096668720475
0.15253623184254225 0.13399876056146146 0.1526980840961222 0.08923432774382559 0.15191433523562745 0.14114960503276983 0.08923432774382559 0.08923432774382559
0.1522605422548123 0.13523711310604772 0.1524216734567048 0.08918063783061594 0.15163957635817568 0.1408991813324118 0.08918063783061594 0.08918063783061594
0.15214748068096587 0.13566369227981964 0.15230814327736777 0.08918158505739801 0.15152755763075698 0.14080837095889562 0.08918158505739801 0.08918158505739801
0.15210403587835652 0.1358136217810364 0.15226443471497256 0.0891848957907432 0.15148481233654607 0.14077840791685886 0.0891848957907432 0.0891848957907432
0.15211457915857698 0.1358629509583753 0.15224412966762066 0.08918269296631647 0.15146503496460006 0.14076522635187766 0.08918269296631647 0.08918269296631647
0.1521370272579733 0.1358773297698033 0.1522331441505258 0.08918011693408064 0.15145432754926136 0.14075782047019417 0.08918011693408064 0.08918011693408064
0.1521459971232965 0.13588195097150407 0.15222827354671645 0.08917979602012113 0.15144960432662316 0.1407547859714965 0.08917979602012113 0.08917979602012113
0.1521618451123061 0.13588177283998942 0.15222448987376844 0.08917802954360257 0.15144589591702792 0.14075190762610043 0.08917802954360257 0.08917802954360257
0.1521681115723616 0.13588141748931676 0.1522226287412316 0.08917773541819546 0.15144407709464883 0.14075055884785503 0.08917773541819546 0.08917773541819546
0.15189827656951108 0.13560886622563945 0.1519494288127571 0.0889053062914648 0.15117090016676432 0.14265660935093377 0.0889053062914648 0.0889053062914648
0.1517494408692737 0.13547805590075565 0.15179914885458476 0.0888681740758728 0.15102145240886738 0.14334737973890008 0.0888681740758728 0.0888681740758728
0.15169179626158558 0.13542773687428092 0.1517315508606185 0.08886281563312685 0.15095464915046866 0.14360581995366584 0.08886281563312685 0.08886281563312685
0.1516676705948301 0.1354101828021361 0.1517032956575063 0.08886255662392893 0.15092692426319348 0.14370425681054713 0.08886255662392893 0.08886255662392893
0.15165787322145918 0.1354043407250852 0.15169178496765948 0.08886274802574257 0.15091571669447998 0.14374204031408855 0.08886274802574257 0.08886274802574257
0.1516539431047641 0.1354024590552972 0.1516871440367017 0.08886287432585016 0.15091123504995724 0.1437565957757293 0.08886287432585016 0.08886287432585016
0.1516337882891833 0.13538328468469507 0.1516666943357411 0.08884434670061872 0.15103956584532022 0.1437436267432042 0.08884434670061872 0.08884434670061872
0.1516278628613828 0.13537284413085537 0.1516543747764301 0.08884049653553977 0.1510886047970653 0.14373482382764705 0.08884049653553977 0.08884049653553977
0.1516246962507108 0.13536854257212105 0.15164855948961617 0.08883978348096591 0.1511081022215151 0.14373074902313915 0.08883978348096591 0.08883978348096591
0.1516232248898608 0.13536690393625597 0.15164599089365133 0.08883962332619025 0.1511159775624798 0.14372903273918147 0.08883962332619025 0.08883962332619025
0.15162257139281912 0.1353662964765157 0.15164488284538524 0.088839579079064 0.15111917898859298 0.14372833305949492 0.088839579079064 0.088839579079064
0.15162228655807947 0.13536607344795804 0.15164440970059012 0.08883956483941143 0.15112048415632992 0.14372805161880822 0.08883956483941143 0.08883956483941143
0.1516096384011221 0.13535346657645608 0.15163168352943554 0.08882703462465774 0.1512086936944866 0.14371541392452644 0.08882703462465774 0.08882703462465774
0.15160230799902719 0.1353470403416971 0.1516243197433403 0.08882494147524371 0.15124301293063847 0.14370849455956575 0.08882494147524371 0.08882494147524371
0.15159886886820748 0.1353444277783499 0.15162086616400514 0.08882453766159726 0.15125677589855785 0.14370544830608803 0.08882453766159726 0.08882453766159726
0.15160103838724645 0.13534290707996513 0.15161881309980219 0.0888239149227063 0.15126183443297225 0.14370366223189507 0.0888239149227063 0.0888239149227063
0.15160430203559974 0.13534191344214225 0.1516174918468547 0.08882344396141612 0.1512634516053391 0.14370250918581592 0.08882344396141612 0.08882344396141612
0.15160556732002867 0.13534148566655846 0.15161685838648659 0.08882335770731828 0.1512640329106116 0.14370198259435993 0.08882335770731828 0.08882335770731828
0.15160774150817555 0.1353410809701389 0.15161633836777497 0.08882310004088258 0.15126401520361968 0.14370152382764317 0.08882310004088258 0.08882310004088258
0.15160859647985725 0.13534089644453 0.15161607757031975 0.08882305461275908 0.15126396246615265 0.14370130320086308 0.08882305461275908 0.08882305461275908
0.15161006393499413 0.13534066302213493 0.15161579955970653 0.08882288461333229 0.15126377069700547 0.14370104894616217 0.08882288461333229 0.08882288461333229
0.15161139753443692 0.13534044536844572 0.1516155469950703 0.08882274718883867 0.1512635541113205 0.14370081442421048 0.08882274718883867 0.08882274718883867
0.15161243371793248 0.13534027372971147 0.15161534556419395 0.08882265035946617 0.1512633678766339 0.14370062803312966 0.08882265035946617 0.08882265035946617
0.15161284552033547 0.13534019740360198 0.15161524480781344 0.08882263302700028 0.15126327366756986 0.1437005395196784 0.08882263302700028 0.08882263302700028
0.15161335412710417 0.135340118605054 0.15161515051417962 0.08882258046236338 0.15126318221397794 0.14370045315259422 0.08882258046236338 0.08882258046236338
0.15161378545967494 0.1353400494553201 0.1516150693957516 0.08882253839633808 0.15126310239644053 0.1437003781037989 0.08882253839633808 0.08882253839633808
0.15160552133587704 0.13533158292616623 0.15160659303813523 0.08881409563451605 0.15132210911471963 0.14369190668155393 0.08881409563451605 0.08881409563451605
0.15141209715418144 0.13513867134711027 0.15141308092880945 0.08862409407111253 0.1511564915067102 0.14500737684985102 0.08862409407111253 0.08862409407111253
0.1513043422330329 0.13504471849106445 0.1513052889030446 0.08859644651023445 0.1510604040717981 0.14549590677035654 0.08859644651023445 0.08859644651023445
0.15125591202707814 0.13500862302662445 0.151256842946261 0.08859264341457007 0.15101689377337504 0.14568379798295114 0.08859264341457007 0.08859264341457007
0.1512354521816477 0.13499581442734843 0.15123637640508197 0.0885922411230731 0.15099851127204983 0.1457571223446528 0.0885922411230731 0.0885922411230731
0.1512270007774866 0.13499143412512424 0.15122792215499636 0.08859226324168772 0.15099093699985644 0.14578591621747317 0.08859226324168772 0.08859226324168772
0.1510941862152548 0.13486061419818496 0.1510951063840055 0.08846294886062242 0.15085849262409406 0.14670275399659338 0.08846294886062242 0.08846294886062242
0.15101976484907717 0.13479605846217774 0.15102050790249114 0.08844335700864944 0.15078416941533693 0.1470494283449686 0.08844335700864944 0.08844335700864944
0.1508979126507733 0.13468283990537575 0.15089858217228375 0.08835232678886522 0.15066242584866718 0.1478012590563045 0.08835232678886522 0.08835232678886522
0.15083333006949734 0.13462969053928014 0.15083385051568682 0.08833809157123061 0.15059788128006757 0.14809097288177625 0.08833809157123061 0.08833809157123061
0.15080425426469427 0.13460909410805968 0.15080471286619535 0.0883357630139459 0.15056888030432666 0.14820576941488633 0.0883357630139459 0.0883357630139459
0.15079180775803966 0.1346016103505276 0.1507922406992698 0.08833535841909629 0.15055649133685856 0.14825177459801556 0.08833535841909629 0.08833535841909629
0.15078657961227138 0.13459896476811425 0.1507870019060652 0.08833528506565208 0.1505512983624808 0.14827030015411202 0.08833528506565208 0.08833528506565208
0.15078440193574968 0.1345980430498169 0.15078481981141156 0.08833527265577296 0.150549140006186 0.1482777772295168 0.08833527265577296 0.08833527265577296
0.1507835685733484 0.13459771524675498 0.150783905079935 0.08833526165486498 0.15054823708542295 0.1482807890499438 0.08833526165486498 0.08833526165486498
0.15078322245138562 0.13459760159845735 0.15078352525747182 0.08833526067517379 0.15054786298246287 0.1482820056847009 0.08833526067517379 0.08833526067517379
0.15078307940927335 0.13459756284307556 0.15078336825767713 0.08833526098164589 0.15054770869450643 0.14828249785052997 0.08833526098164589 0.08833526098164589
0.15077737225387838 0.13459190160892637 0.15077765532145018 0.08832961306803996 0.15058718270260488 0.1482770489090205 0.08832961306803996 0.08832961306803996
0.15077407788864702 0.13458902508523615 0.1507743585558606 0.08832868235705377 0.15060257609132935 0.1482739153077655 0.08832868235705377 0.08832868235705377
0.15077254094476208 0.1345878638385658 0.15077282061428018 0.08832850979521648 0.15060876931864114 0.14827247589810125 0.08832850979521648 0.08832850979521648
0.15077186608319867 0.13458742638193932 0.15077214533784883 0.08832847146861428 0.1506112921421486 0.1482718556490217 0.08832847146861428 0.08832847146861428
0.1507715762088066 0.1345872656482638 0.1507718552909053 0.08832846109237655 0.1506123250555202 0.1482715945193745 0.08832846109237655 0.08832846109237655
0.15077145288569493 0.13458720713296662 0.1507717318960164 0.08832845782256464 0.1506127489371855 0.14827148568044282 0.08832845782256464 0.08832845782256464
0.15077140068579845 0.13458718589592267 0.15077167966625948 0.08832845669770925 0.15061292310455157 0.14827144055434008 0.08832845669770925 0.08832845669770925
0.15077137866286627 0.13458717819255892 0.150771657630904 0.08832845629369203 0.1506129947257881 0.14827142190680662 0.08832845629369203 0.08832845629369203
0.15077136939383917 0.13458717539675796 0.15077164835670792 0.08832845614560052 0.15061302419597616 0.14827141421991705 0.08832845614560052 0.08832845614560052
0.15077136550017234 0.13458717438097717 0.1507716444608904 0.08832845609075947 0.15061303632825043 0.1482714110574313 0.08832845609075947 0.08832845609075947
0.15076756246322626 0.13458337260748546 0.15076784142304936 0.08832465466639998 0.15063965115249234 0.14826760835454658 0.08832465466639998 0.08832465466639998
0.1507653602214732 0.1345814387165709 0.15076563917680344 0.08832402747627945 0.15065003564316348 0.14826544381315057 0.08832402747627945 0.08832402747627945
0.15076177370146135 0.13457809957460917 0.15076205265254378 0.08832135302851872 0.15067212069813496 0.1482618942876946 0.08832135302851872 0.08832135302851872
0.15075811901774056 0.13457478258013794 0.15075839796317614 0.08831918372458253 0.15069285927850667 0.14825828998669113 0.08831918372458253 0.08831918372458253
0.1507562353206635 0.13457327241501305 0.15075651425979902 0.08831881363771817 0.1507010743331905 0.14825646275817966 0.08831881363771817 0.08831881363771817
0.15075538233535202 0.13457268051851004 0.15075566126983656 0.08831874079737993 0.15070440227564555 0.14825565120851597 0.08831874079737993 0.08831874079737993
0.15069517955134817 0.1345126275640367 0.1506954584829819 0.08825889128259917 0.150645930427828 0.1486741301260076 0.08825889128259917 0.08825889128259917
0.1506607686772474 0.13448250935697856 0.15066104754244464 0.08824941376953942 0.15061224734808537 0.14883518576662594 0.08824941376953942 0.08824941376953942
0.15064491311562508 0.13447055339965686 0.15064519191600806 0.08824780968751049 0.15059669949545176 0.14889921301072662 0.08824780968751049 0.08824780968751049
0.15063804487816365 0.13446614248181524 0.15063832363451693 0.08824750813046048 0.15058996160027086 0.14892500301385195 0.08824750813046048 0.08824750813046048
0.1506351359563132 0.13446456201492546 0.15063541468698652 0.08824744373228406 0.15058710791841018 0.14893544822651253 0.08824744373228406 0.08824744373228406
0.15063396267073584 0.13446399681056173 0.15063418794004219 0.08824742174737944 0.15058590459600465 0.1489396827405171 0.08824742174737944 0.08824742174737944
0.15063347184670364 0.13446379764515043 0.15063367497373575 0.08824741684735309 0.1505854015570993 0.1489414034352515 0.08824741684735309 0.08824741684735309
0.150633267472297 0.1344637280939843 0.1506334614285853 0.08824741575097565 0.15058519221791405 0.14894210353429232 0.08824741575097565 0.08824741575097565
0.15063202565759645 0.13446254701699276 0.15063221581560468 0.08824625857929155 0.15059320411395374 0.14894123165797754 0.08824625857929155 0.08824625857929155
0.15063054232940057 0.13446117204872507 0.15063073091341772 0.08824528955689252 0.15060177869803834 0.14893990733974075 0.08824528955689252 0.08824528955689252
0.15062976438316822 0.13446053584481216 0.15062995231422385 0.08824512594087343 0.15060516558061252 0.14893920405456282 0.08824512594087343 0.08824512594087343
0.15062888704556351 0.13445976203028723 0.15062907470562306 0.08824457079486199 0.1506102015191318 0.1489383623148084 0.08824457079486199 0.08824457079486199
0.15062846144979658 0.13445939787273498 0.1506286130464184 0.08824447260372162 0.15061218871119078 0.14893792110869422 0.08824447260372162 0.08824447260372162
0.1506282663769989 0.13445925389940575 0.15062840303747368 0.08824445379433588 0.15061299279845444 0.14893772250465956 0.08824445379433588 0.08824445379433588
0.15062818123777996 0.13445920006611026 0.1506283117122438 0.08824444944585687 0.15061332142268033 0.14893763722361514 0.08824444944585687 0.08824444944585687
0.1506281659184122 0.13445917732239338 0.15062826964845666 0.08824444520508615 0.1506134532652706 0.1489375982302085 0.08824444520508615 0.08824444520508615
0.150628158683401 0.1344591686148037 0.1506282513370422 0.08824444431469884 0.15061350697092765 0.14893758144972893 0.08824444431469884 0.08824444431469884
0.1506278032414101 0.13445881317637348 0.15062789130767493 0.08824409186913876 0.1506159945011219 0.14893722216600333 0.08824409186913876 0.08824409186913876
0.15062736094998322 0.13445839592663753 0.1506274471162351 0.08824379678651244 0.1506186249749191 0.14893678067268765 0.08824379678651244 0.08824379678651244
0.15062712791000823 0.13445820265260444 0.15062721328920983 0.08824374692464276 0.15061966447511685 0.14893655089913235 0.08824374692464276 0.08824374692464276
0.15058653708294228 0.13441764191080957 0.15058662213610435 0.08820325261272154 0.15057960065297493 0.14921984037900432 0.08820325261272154 0.08820325261272154
0.1505632381465367 0.13439721289062795 0.15056332305127593 0.08819676465284372 0.15055652100221492 0.14932941095081345 0.08819676465284372 0.08819676465284372
0.15055246241242626 0.13438906495277197 0.15055254724800862 0.08819563833712035 0.15054583667603208 0.14937317369939987 0.08819563833712035 0.08819563833712035
0.1505476180371563 0.13438588291037068 0.1505477028405419 0.08819525680792407 0.150542304818249 0.14939072096990993 0.08819525680792407 0.08819525680792407
0.15054554846318133 0.13438470971653016 0.1505456169938023 0.08819517730820853 0.15054076263506358 0.14939783026679718 0.08819517730820853 0.08819517730820853
0.15054468219875947 0.1343842864087413 0.15054473305359212 0.08819515723678462 0.15054010388394432 0.14940072274460886 0.08819515723678462 0.08819515723678462
0.1505443182008685 0.1343841356861441 0.15054436173501395 0.08819515200855335 0.15053982584054548 0.14940190251176788 0.08819515200855335 0.08819515200855335
0.15054417240518964 0.1343840814821773 0.15054420555131917 0.08819514960918193 0.15053970829228971 0.14940238344147833 0.08819514960918193 0.08819514960918193
0.15054411144167756 0.1343840622706557 0.15054414028551918 0.08819514902800918 0.15053965902968605 0.14940257988843408 0.08819514902800918 0.08819514902800918
0.15054409037314695 0.13438405489933772 0.15054411248704744 0.08819514825984909 0.15053963785991284 0.14940265960100788 0.08819514825984909 0.08819514825984909
0.1505440844201417 0.13438405181003962 0.15054410041839014 0.08819514770413359 0.1505396285369481 0.14940269170207957 0.08819514770413359 0.08819514770413359
0.1505440818590873 0.13438405065264875 0.15054409532449312 0.08819514760855984 0.15053962458036207 0.14940270475772927 0.08819514760855984 0.08819514760855984
0.1505440807806676 0.13438405023710373 0.15054409319707787 0.08819514759081958 0.1505396229240414 0.1494027100886505 0.08819514759081958 0.08819514759081958
0.15054408033059644 0.1343840500908417 0.15054409231255744 0.0881951475873838 0.15053962223465703 0.1494027122691959 0.0881951475873838 0.0881951475873838
0.15054408014359294 0.134384050039967 0.15054409194562357 0.08819514758678057 0.1505396219485522 0.14940271316192236 0.08819514758678057 0.08819514758678057
0.15054408202512015 0.13438404974257828 0.1505440915137525 0.08819514730687787 0.15053962155016207 0.14940271324775342 0.08819514730687787 0.08819514730687787
0.15054397560872013 0.13438394244471502 0.15054398413924158 0.08819504011122957 0.15054037138636597 0.14940260608726852 0.08819504011122957 0.08819504011122957
0.15054391520115537 0.13438388772512203 0.15054392182886167 0.08819502227079401 0.1505406640873417 0.14940254434513725 0.08819502227079401 0.08819502227079401
0.15054388689615616 0.13438386563078547 0.15054389273579633 0.08819501898403129 0.15054078202141846 0.14940251576374974 0.08819501898403129 0.08819501898403129
0.15054380237661985 0.13438378523996738 0.15054380788987604 0.08819494618721825 0.15054133467421799 0.1494024312576637 0.08819494618721825 0.08819494618721825
0.15054375531156572 0.134383745548315 0.15054376068964587 0.0881949341265507 0.15054155149442694 0.1494023845763944 0.0881949341265507 0.0881949341265507
0.15054373357066456 0.13438372965740447 0.15054373889275957 0.0881949318779873 0.15054163904184306 0.1494023632033666 0.0881949318779873 0.0881949318779873
0.1505437240654798 0.13438372369453702 0.1505437293643877 0.08819493137695643 0.15054167479853012 0.14940235394619614 0.08819493137695643 0.08819493137695643
0.15054372087976767 0.1343837213829539 0.15054372515604575 0.08819493111485986 0.15054168934504736 0.14940234989160572 0.08819493111485986 0.08819493111485986
0.15054367101408245 0.13438367204214466 0.15054367486683085 0.08819488256856076 0.15054203468704486 0.14940229968421487 0.08819488256856076 0.08819488256856076
0.1505436423598024 0.13438364708126296 0.15054364603714215 0.0881948745665207 0.1505421697091076 0.14940227111312276 0.0881948745665207 0.0881948745665207
0.15054359640122858 0.13438360441080968 0.15054360000592118 0.08819484047532757 0.15054245243918343 0.14940222531687447 0.08819484047532757 0.08819484047532757
0.15054357167122087 0.13438358404869757 0.15054357524582548 0.08819483477940096 0.15054256383699272 0.14940220085906042 0.08819483477940096 0.08819483477940096
0.15054356035153266 0.13438357597249853 0.15054356391367577 0.08819483370182718 0.15054260889524523 0.14940218976156644 0.08819483370182718 0.08819483370182718
0.15054355601497896 0.13438357286679922 0.1505435588905392 0.08819483337198392 0.15054262722644848 0.14940218488528229 0.08819483337198392 0.08819483337198392
0.1505435322003258 0.1343835497807073 0.15054353479153262 0.08819481135334631 0.15054278829847526 0.14940216086892008 0.08819481135334631 0.08819481135334631
0.15054351910200142 0.13438353815215212 0.15054352111707592 0.08819480765967065 0.1505428513135797 0.14940214733617896 0.08819480765967065 0.08819480765967065
0.15054351299361812 0.13438353347170626 0.1505435147700831 0.08819480697605478 0.15054287672798233 0.1494021411084459 0.08819480697605478 0.08819480697605478
0.15054351031292135 0.13438353171213366 0.15054351199056437 0.08819480682518988 0.15054288710261854 0.1494021384061924 0.08819480682518988 0.08819480682518988
0.15054350916225664 0.1343835310669197 0.15054351079897185 0.08819480678475547 0.15054289135889126 0.14940213725869406 0.08819480678475547 0.08819480678475547
0.15054350894288138 0.1343835307940115 0.15054351025432222 0.08819480673361262 0.15054289307050495 0.14940213673744207 0.08819480673361262 0.08819480673361262
0.15054350902286065 0.13438353066364875 0.1505435099921896 0.08819480669705067 0.1505428937428163 0.1494021364873327 0.08819480669705067 0.08819480669705067
0.1505435090490185 0.1343835306118759 0.1505435098766593 0.08819480669008457 0.15054289401429125 0.1494021363779013 0.08819480669008457 0.08819480669008457
0.15054350905825303 0.1343835305924822 0.15054350982721265 0.08819480668848562 0.150542894125125 0.14940213633147031 0.08819480668848562 0.08819480668848562
0.15054350906163252 0.13438353058537134 0.1505435098062889 0.08819480668804054 0.15054289417058228 0.14940213631200333 0.08819480668804054 0.08819480668804054
0.15054350906288955 0.13438353058278468 0.1505435097974805 0.08819480668789793 0.150542894189266 0.1494021363038854 0.08819480668789793 0.08819480668789793
0.1505435090633607 0.13438353058184616 0.15054350979378303 0.08819480668784847 0.15054289419695455 0.14940213630051022 0.08819480668784847 0.08819480668784847
0.15054350906353797 0.13438353058150576 0.15054350979223383 0.08819480668783064 0.15054289420012093 0.14940213629910962 0.08819480668783064 0.08819480668783064
0.15054350906360486 0.1343835305813822 0.15054350979158568 0.08819480668782409 0.15054289420142578 0.14940213629852928 0.08819480668782409 0.08819480668782409
0.15051616794932524 0.13435618946703237 0.15051616867700993 0.08816746557351675 0.15051555308765882 0.14959352409842339 0.08816746557351675 0.08816746557351675
0.15050042937364 0.13434237704936897 0.15050043010112465 0.08816305052155861 0.15049981457760647 0.14966779733358423 0.08816305052155861 0.08816305052155861
0.1504931318724733 0.13433685021423208 0.15049313246036272 0.0881622711278902 0.15049251700181268 0.14969755506744864 0.0881622711278902 0.0881622711278902
0.15048993629024981 0.13433477732717894 0.15048993682031095 0.08816209785949597 0.15048943941788528 0.14970961656588713 0.08816209785949597 0.08816209785949597
0.1504885721919632 0.1343340242344785 0.15048857269806823 0.08816205723511172 0.15048812419441507 0.14971453497573983 0.08816205723511172 0.08816205723511172
0.15046955591865818 0.13431531406837033 0.15046955641483906 0.08814360591315401 0.15046912816509195 0.1498456276935785 0.08814360591315401 0.08814360591315401
0.1504586829671914 0.13430588600862134 0.15045868345922586 0.08814060869126611 0.15045826362839354 0.1498966578627695 0.08814060869126611 0.08814060869126611
0.15045364425652094 0.13430210990922248 0.15045364474681744 0.08814007309348766 0.15045322842024797 0.1499171533867281 0.08814007309348766 0.08814007309348766
0.15045144619142264 0.13430070078684392 0.15045144668098975 0.08813996184750636 0.1504510318138503 0.14992548898437422 0.08813996184750636 0.08813996184750636
0.15045050835298648 0.13430018887252312 0.1504505087484634 0.08813993426012799 0.15045009448929736 0.14992889675634555 0.08813993426012799 0.08813993426012799
0.15045010209073145 0.13429999507380175 0.15045010244723908 0.08813991641056583 0.15044976780080382 0.14993028335572642 0.08813991641056583 0.08813991641056583
0.15044992976175994 0.13429992432803672 0.15044993003904353 0.08813991227501411 0.15044962836516104 0.14993085068095646 0.08813991227501411 0.08813991227501411
0.1504498505961143 0.13429989221780256 0.15044985084058646 0.08813990448068076 0.15044961620443822 0.1499310766990162 0.08813990448068076 0.08813990448068076
0.15044981641015587 0.13429987973989368 0.15044981659860482 0.08813990303932329 0.15044960972663668 0.14993116840673903 0.08813990303932329 0.08813990303932329
0.15044980196625413 0.13429987513705482 0.15044980210295691 0.08813990272524423 0.15044960672973315 0.14993120588826822 0.08813990272524423 0.08813990272524423
0.1504497959211865 0.13429987347280165 0.15044979601725803 0.08813990264302461 0.1504496054063261 0.14993122125335395 0.08813990264302461 0.08813990264302461
0.15044979340534442 0.1342998728756362 0.15044979347167298 0.08813990261787666 0.15044960483308023 0.1499312275606362 0.08813990261787666 0.08813990261787666
0.15044979236342454 0.13429987266173254 0.15044979240874726 0.08813990260922369 0.15044960458701373 0.1499312301514107 0.08813990260922369 0.08813990260922369
0.15044979192933441 0.13429987258564077 0.15044979196595742 0.08813990260665235 0.15044960448253236 0.14993123121657823 0.08813990260665235 0.08813990260665235
0.15044979174875306 0.1342998725586877 0.15044979178177303 0.08813990260585268 0.15044960443846095 0.14993123165476718 0.08813990260585268 0.08813990260585268
