0.125 0.125 0.125 0.125 0.125 0.125 0.125 0.125
0.633114487751492 0.15973024491536092 0.04866626730655438 0.011600115766372434 0.10833877481215785 0.028709304525776542 0.007867904606756952 0.0019729003155288926
0.5374474596838651 0.16771399254881067 0.05099683330881474 0.015436905295667765 0.1592571242539017 0.050308953547363255 0.014435218270875655 0.004403513090701202
0.5991212033937103 0.13722385454061822 0.04728513392020912 0.010436954716836035 0.15468394685810158 0.03679188543878567 0.011768572802157604 0.002688448329581299
0.6887213263699636 0.07005471519047855 0.1265464977283204 0.012464625949955474 0.07855520310812694 0.008272515591996495 0.013966258023446653 0.0014188580377115462
0.5493590164368498 0.1706881444359376 0.05762228177498317 0.017573429565336217 0.14161063247622818 0.04441135421729438 0.01433502317383726 0.00440011791953337
0.7056094521508381 0.07324779820180435 0.08052590279465292 0.00805983795494586 0.10783024984614839 0.011617967430072755 0.011878922596323878 0.0012298690252134648
0.5516987501280135 0.15268897206576598 0.05585540056059703 0.01514606068509454 0.16001483389926333 0.0447504105624129 0.015588821458628978 0.0042567506402237465
0.634566309395241 0.14357474994738517 0.07236566193415243 0.015799763912940294 0.09760998692425372 0.02292037415992404 0.010738270875269462 0.0024248828508339204
0.5433807733965667 0.15493778207991396 0.05298918402013723 0.01465235119115352 0.16619632085820474 0.04795951088290515 0.015550557971841737 0.004333519599277176
0.6337396826883891 0.14410540381226467 0.07194632364122522 0.015778235861202725 0.09809890417384835 0.02315905586744975 0.01073619389846944 0.002436200057150828
0.5630051989157276 0.16058936478305208 0.03291521814183765 0.00910383973368879 0.17229198651489327 0.049737828600405376 0.009663015980154274 0.0026935473302407862
0.5987052886583255 0.13705934217979346 0.046969253387922315 0.010385691583730492 0.15550575652803153 0.036906371126583334 0.011778215057661854 0.0026900814779514115
0.6887041035558524 0.07006759964918706 0.12650429414401468 0.01246314063539247 0.07859463574466473 0.008278393958250032 0.013968443117101404 0.0014193891955374951
0.5816308085109666 0.16652292848092384 0.03660282342603412 0.010274485317246689 0.14993518677120243 0.04335395223345594 0.009106137857718882 0.0025736774024513413
0.4120969846531295 0.25428919376008585 0.022565717452532833 0.013430161359227269 0.1741299838713901 0.10910585591317641 0.008983225590968615 0.005398877399489634
0.6205739226143009 0.15525836525606246 0.0657763319852757 0.015745685964451684 0.10283187857658559 0.026774311936738092 0.010443170501716679 0.0025963331648691836
0.3891676934924964 0.2665410182765052 0.02246981735035785 0.014937956010648849 0.17191411852462016 0.11910535880467989 0.009500962579823111 0.0063630749608685954
0.6187811187915593 0.1567534600518934 0.06503600991378394 0.015749512881455444 0.10339695179941202 0.02726263976755055 0.010402689173440694 0.0026176176209045535
0.5431026770712706 0.16910483250090494 0.052178244703902664 0.015752897939275663 0.15322499713577684 0.04831881196460288 0.014043032411533839 0.004274506272732471
0.6534265400731987 0.14935615498289823 0.05170082792698648 0.011391178842235396 0.10076878817998877 0.023913250109381935 0.007690125515498582 0.0017531343698119497
0.5444323045621401 0.17567236210971074 0.052327858642300856 0.016424846704126188 0.14587175512806 0.04763482010705409 0.0133983434999745 0.00423770924663355
0.6335387208687357 0.14502806358240883 0.07191517873079509 0.015866943860823907 0.0974012641917138 0.02314610765287027 0.010668499684123993 0.002435221428528527
0.5337067628935585 0.17179143797351043 0.05199767219880282 0.016270813506849176 0.15620263765650647 0.05085404779743821 0.014580461572177668 0.004596166401156715
0.6328586133769795 0.1452316508723876 0.07159583826488394 0.01582762509112506 0.09799687895972313 0.023357896168322168 0.01068601709448505 0.0024454801720935307
0.5691776816734508 0.1692140661179605 0.033250803911833535 0.009593005373834347 0.1593148947068293 0.04795891476546539 0.008901566911467302 0.002589066539158916
0.7047842773425834 0.07365525279121876 0.07944500016613586 0.00801940515556402 0.10914661302990696 0.011822223737416038 0.011888093510760893 0.001239134266414008
0.5520415496909423 0.15937780934850143 0.05581665271810788 0.015797278226814468 0.153162858710921 0.04468724986512406 0.014876479384241212 0.004240122055347361
0.5826821917165047 0.13211814052893425 0.06645311204652338 0.014536322853809906 0.14902974448571793 0.035068993944264756 0.016400943446765907 0.0037105509774791757
0.6887541944113313 0.0695669505898697 0.12764623949251255 0.012471314142147895 0.07801037422642908 0.008166710019226815 0.013974151925890785 0.0014100651925918264
0.5182917608843924 0.14221997826225705 0.0326491598118073 0.008778777049003868 0.22005829385721326 0.06093964765645456 0.013428738712181773 0.0036336437666896976
0.5947521589660506 0.13728486135486642 0.04603499881396552 0.010248359463145092 0.15900613641639066 0.03810601138637803 0.01183974926673303 0.002727724332470836
0.7308175791780842 0.07448640773038072 0.08375125241119753 0.008264090321569372 0.08363869902388905 0.008827543413560384 0.00927070438004065 9.437235412779982E-4
0.3975341318192796 0.26262868014330404 0.024440722206542715 0.015866489345585752 0.1697528376717932 0.11305476653019025 0.010118290375008611 0.006604081908295901
0.5823580596591121 0.14663990320313725 0.04292243807522335 0.010334945953937606 0.16125327919711296 0.04226262737438815 0.0113814967410075 0.002847249796081048
0.6882037058523971 0.07075753441867227 0.12545757769686633 0.012473735193383441 0.07926425991151403 0.00844491614312989 0.013964879194844071 0.0014333915891928826
0.5290449717350163 0.15791881388965218 0.03325726584432381 0.009737672405559382 0.19569225970524354 0.05898081991234286 0.011869546686784492 0.0034986498210774516
0.5957530105151517 0.13775694840945368 0.04627237991378626 0.0103165573896844 0.15757240471255557 0.03782478418924396 0.011785395606541583 0.0027185192635828842
0.7066997916711187 0.07200863382976157 0.08102331792630935 0.007992973681499505 0.10774236537480082 0.011367874992019923 0.01194903325827021 0.0012160092662196766
0.5361318014531308 0.16111377887992567 0.05433050980705354 0.016019283207604564 0.16252171205339921 0.04930354497237871 0.01587036376398174 0.004709005862525816
0.6333582872977436 0.1445367302186753 0.07183157598746796 0.015799151019458498 0.09807081322215654 0.023243654957861605 0.01071931949024329 0.0024404678063934576
0.5488525166452461 0.15658216196396058 0.05346405694448515 0.014789276553456243 0.16071122727859027 0.04642254765183425 0.01499630986815404 0.004181903094273293
0.6341067280819491 0.14398180929880933 0.07212391321507201 0.01579821542351672 0.09778495527094132 0.023046235594385952 0.01072750521958232 0.002430637895743182
0.40636379697572933 0.27673112626216795 0.023765734575734276 0.015734924900146698 0.15562972274646658 0.10728097903566781 0.008692691305073325 0.0058010241990141004
0.6202868426312673 0.15618280483822325 0.06575183148750152 0.015839002493415577 0.10218746206039127 0.026769696469831444 0.010384646146377184 0.0025977138729924862
0.5327355219120213 0.17244403975166314 0.05125770867541864 0.016103903167134257 0.1570149865182851 0.05143167198101877 0.014440532634022932 0.004571635360435972
0.6525519330167424 0.14989431843838064 0.05144312161836041 0.011382586306597596 0.10114914925673703 0.02413315458910215 0.007685333518023509 0.001760403256056031
0.554717035563377 0.16535721305162862 0.053279964577460606 0.015422976506539494 0.14870088760785008 0.044892977578469995 0.013646528636738481 0.003982416477935662
0.6544104655429988 0.14875455754752784 0.051992859599802065 0.011401347153245905 0.1003348477745306 0.023665698521829523 0.007695281308547766 0.0017449425515175746
0.5493647192935425 0.163653678847187 0.05284258770145019 0.015289388621345575 0.1540668932220923 0.04645842690678509 0.01418733900566135 0.00413696640193604
0.6340061476395146 0.14431784146992718 0.07209143027792185 0.01582692767625107 0.09757070078810791 0.02305194576080767 0.01070426176949671 0.0024307446179729422
0.5496880910548729 0.17003834758525377 0.05357566975866671 0.01609911223343644 0.14680770231201343 0.045984941557954594 0.013666013572667952 0.004140121925134373
0.6340383041938873 0.14454519451143583 0.07214234694766133 0.0158587869053186 0.09728428458581542 0.023018692371808935 0.010683280153650552 0.0024291103304220425
0.5316955664909954 0.151661313683306 0.03109531367133005 0.00860061414898474 0.20356372915860318 0.05883990776467023 0.011371120298033924 0.0031724347840764618
0.6503710933061605 0.15012917499748402 0.05046907095071963 0.011238444848587043 0.10348455605833044 0.02479341452706771 0.007733076648738435 0.0017811686629119557
0.5441462189774268 0.1757289268350718 0.052157892742254366 0.016381320066823794 0.14618681734702044 0.04778540056770623 0.013378945304475202 0.00423447815922147
0.6335025260519614 0.1450503522401389 0.07189565054656344 0.015865704163189824 0.09742471258522785 0.02315687392163777 0.01066846326317274 0.0024357172281078937
0.5387841778693686 0.16671224063574414 0.05249043459238551 0.01577616611109052 0.1576927816436495 0.04936782245436061 0.014718892770765398 0.0044574839226356085
0.6332767509838413 0.1448136492302628 0.07177284834423409 0.015817861349057452 0.09792511299427918 0.023253416427485667 0.010699856246470152 0.002440504424369387
0.5336682171510833 0.1717822673674556 0.05197996281577065 0.01626544022221862 0.15625539475890676 0.05087329535438738 0.014579465763308565 0.0045959565668690725
0.5807811389380078 0.133283390409924 0.06570259800310703 0.014525084248169945 0.14989406334415656 0.03572857130799047 0.016344630538468626 0.003740523210175703
0.6886899379364189 0.06965695154327271 0.1275033213836788 0.012472489488722963 0.0781025117367653 0.008188665726290612 0.013974177253955463 0.0014119449308953838
0.5482315030689625 0.15044468023172672 0.0575501915912616 0.01547492649266532 0.1623573958770154 0.04496389984954132 0.016509833463565302 0.004467569425261905
0.600966106031464 0.13588428635779562 0.04781241256049895 0.010430861531171117 0.15421009516247283 0.036194037629874866 0.01183186764333151 0.0026703330833909122
0.7070389852876938 0.0718243318911293 0.08126727149791249 0.007995626911718474 0.1074173531264451 0.011295993122175645 0.01194811145086896 0.001212326712056076
0.5462083494217407 0.15105937860239688 0.05537167419036708 0.015007575860824629 0.1655293414515654 0.04623986633700534 0.016171346750184896 0.004412467385915186
0.6542219678764953 0.14823294430662776 0.05193641979758915 0.011352871342555564 0.10101544589084667 0.023759671661032888 0.0077320806299931676 0.0017485984948594651
0.5383157185668405 0.16034973096683797 0.05177200776956016 0.014978699341002448 0.16513907621599533 0.049755551683178835 0.015246061664388896 0.004443153792195733
0.6332440062621765 0.1445841228867779 0.0717214195719354 0.015785929681015498 0.09821462748932645 0.023286486612809465 0.010721213191683744 0.0024421943042752577
0.40843524046522084 0.2569253570815162 0.023867639499249558 0.014570924376853556 0.17150159014241678 0.10919257666894785 0.009599946631676556 0.005906725134118468
0.6387499810245654 0.15998194922482442 0.047228227093243355 0.011315986405018014 0.10578893779131693 0.02757627111428218 0.00749365095804444 0.0018649963887051142
0.5431901924715412 0.16941914772107677 0.05159901847750874 0.01561741084436404 0.15352157368320304 0.04848068731137204 0.013924262623371082 0.004247706867563092
0.7048441162581852 0.07353582318297935 0.07993170768155411 0.008038501161216552 0.1087402231423434 0.011778020797006036 0.011893999882731883 0.0012376078939834163
0.5138032587336471 0.16088549805789765 0.031184668690269885 0.009583565934618779 0.20432557551789132 0.06461778559413175 0.011913941606384372 0.003685705865159055
0.5940689317946192 0.13838483250442818 0.04584325727238309 0.010287513355008597 0.1585507196951684 0.038359969829553225 0.011770366365982065 0.002734409182857397
0.6885610170889876 0.07022821401976108 0.126211279988985 0.012461257933991422 0.07881713489856934 0.008324803608024695 0.013972981763788785 0.0014233106978920902
0.5086294029718343 0.1517761831909489 0.03199899240215914 0.00936703070016271 0.21612740659075705 0.06505393334069615 0.013169031489311086 0.00387801931413036
0.6294929651074276 0.1463429902832776 0.06959883248328833 0.0155893330811196 0.10126189436489164 0.02445197679876447 0.010765338949882325 0.0024966689313483258
0.3952662459646376 0.2696279212288092 0.02300825066733878 0.015251844977914392 0.16648719063263778 0.11489120064628956 0.009273732815608893 0.006193613066763693
0.6193273432710196 0.1565255869824328 0.06529615898637409 0.015779813607977183 0.10297720717848775 0.027085574459210365 0.010397832003019114 0.002610483511479075
0.5427700836165074 0.16234267857607426 0.05217420586770691 0.015118042981256645 0.16009922310418248 0.04849310924866761 0.014706525019440492 0.004296131586164117
0.6335372125685795 0.14451100097776798 0.07186497396567418 0.01580472437995678 0.09793815566562836 0.023194281184198837 0.01071203661309746 0.0024376146450967974
0.40210944992389624 0.2632948534331744 0.023504593284442526 0.014949746425890165 0.1688011952386094 0.111830096434956 0.009452276454033692 0.006057788804997653
0.6199292014145623 0.15594753078366502 0.0655524908333858 0.01577156311576876 0.10285079131824922 0.02692712685397987 0.010417635368261319 0.0026036603121277354
0.5486199725889822 0.17074363857431968 0.05276560363784135 0.015924931036378206 0.14771554922181196 0.04657850697084675 0.0135328195579084 0.004118978411911489
0.6338827414176208 0.1446586641576426 0.07205841903895352 0.015855420378197913 0.09736845938673007 0.023063408924994748 0.010681710479817192 0.0024311762160430387
0.5489142538465933 0.15658373132734232 0.05349548703154212 0.014796994140876969 0.1606341249612737 0.04639377113504188 0.01499927289743233 0.00418236465989729
0.634113778530065 0.14397797589561034 0.07212772700121058 0.015798507123317054 0.09777989862938714 0.023044106491030128 0.010727467885066094 0.002430538444313757
0.5391173234181769 0.17347103287581206 0.052549835489042435 0.016439393640830635 0.15082225995623783 0.04910369305267242 0.014063291542061238 0.004433170025166518
0.6332415641265409 0.1450950212193359 0.07178158329796855 0.01584816698882082 0.09767630036145782 0.023239661360160202 0.010677922537634731 0.002439780108081146
0.4505867358750887 0.2950942102097769 0.02633248193610537 0.01675068711897667 0.12037732776588872 0.07983173397059251 0.006718207089653527 0.004308616033917636
0.3851508640493972 0.2714478163865323 0.01932422771902526 0.012993697903345884 0.1733418156748557 0.12408008297752958 0.008136270557456365 0.005525224731857714
0.6180094710225917 0.1573913672285778 0.06461798744016524 0.015731352255289856 0.10374571467392606 0.02749499648741331 0.010382968886952478 0.0026261420050835904
0.5484638552000526 0.17083348875408338 0.05265086526525624 0.01589963782723355 0.14785679144731895 0.04666452602203737 0.013514757973566487 0.00411607751045143
0.6538440950547707 0.14923561944612812 0.051831891082330106 0.011406386536927042 0.10045103813260425 0.023797169004611565 0.007684540513486061 0.0017492602291421457
0.5264184892632456 0.15685417907315666 0.030368043492696156 0.008788048923360886 0.2021680732796978 0.061004922386747436 0.011146478652525564 0.0032517649285698394
0.6303904661141995 0.1460971887435726 0.06997984477116868 0.015637426321212355 0.10049385835043985 0.024178044593595214 0.01074015581756312 0.0024830152882485846
0.542996136764713 0.1551036385737058 0.05272183824510835 0.014597208982734956 0.1665839720212215 0.04816666386831642 0.015503958146322933 0.004326583397876956
0.5998119495872442 0.13643607831926652 0.047476686848292274 0.010415108265622051 0.15480730893767217 0.036559444220724144 0.011812196205910673 0.0026812276152681238
0.6887421704523454 0.0700159902636802 0.12659227752843674 0.01246284200965114 0.0785353679489613 0.00826525128603108 0.013967855113350266 0.0014182453975436638
0.5436126751721218 0.16219146145365945 0.05702225750016092 0.01669022851391979 0.15392436410816474 0.04633703387760028 0.015621371932033948 0.0046006074423388865
0.6340819089142012 0.14418760063596367 0.07221100831569634 0.015831698229338696 0.09752221406629691 0.023024308706084122 0.010711275062724696 0.002429986069694474
0.5600077556119499 0.15971995521118743 0.054589907452234 0.015097702969382816 0.14955270409078908 0.043223721869914716 0.013923917852226077 0.003884334942315938
0.6015641051647924 0.13617032183606195 0.04790919141027803 0.010467023903017236 0.15340456835118033 0.03602380475340281 0.0117965979076067 0.002664386673660467
0.6887965907047211 0.06996104161101935 0.12670301260975517 0.012464390096860343 0.07844525028444019 0.008247788256849088 0.013965162583418221 0.0014167638529365306
0.41767270997525413 0.24263160791190128 0.026290093407337137 0.014964339027128083 0.17741516649294084 0.10401310991427934 0.01081688156922377 0.0061960917019353474
0.584493024304623 0.14507209764103576 0.0434645084577637 0.010323831191741285 0.1608144649913698 0.04154732231099042 0.011457906121716405 0.0028268449807596677
0.6354257270648038 0.14297588763551883 0.07247064845174868 0.01577191645375442 0.09747221339986693 0.022724490365745042 0.010745226589641563 0.0024138900389206928
0.40229302796159255 0.26321631551977237 0.0235503201632221 0.01497108704407172 0.16874206627788768 0.11169824694573058 0.00946583618468732 0.006063099903035544
0.5826523021920744 0.14655106371120105 0.042974749973680185 0.010338199368565155 0.16108940630271298 0.04216891392777953 0.011381234485482259 0.002844130038504283
0.7302026842455387 0.07506422197882413 0.08320650725248822 0.00827179818325334 0.08408676684425642 0.008957206023082748 0.009260440145106116 9.503753274505746E-4
0.5234182473083803 0.16343779420062685 0.0321565063034815 0.00986581802922023 0.19466835835452628 0.061334850841618764 0.011552604782338051 0.0035658201798081045
0.6303028067740736 0.1463861525298225 0.07000657415755607 0.015668916928558346 0.10025581830271525 0.02417663341206225 0.010720106579878246 0.002482991315333622
0.5490169672626547 0.1633822684842218 0.053305707941878964 0.015390074759877075 0.1540306105831187 0.046420589482347674 0.01429319782912096 0.004160583656779915
0.6340300698628694 0.1442917626482876 0.07211019698380497 0.0158271536052446 0.0975600896864774 0.02304521386071628 0.010705085263245472 0.002430428089354312
0.40315207649042034 0.2535335638956934 0.023576769708522936 0.014390621711620236 0.17682237144704707 0.11250147935260894 0.009921468316564565 0.006101649077522592
0.6200395268327505 0.15554703387224292 0.06557417436235406 0.015733432782846526 0.10312854825267091 0.026929515234023205 0.01044433289845572 0.0026034357646560835
0.44963201727119667 0.2731502125386263 0.025948842245450448 0.015258480771027661 0.1385731388221686 0.08524615975968079 0.007653929025870719 0.004537219565978735
0.34940053590116255 0.22724492183673428 0.013109815085416598 0.008111562638512738 0.23396322784519497 0.15493476411590415 0.008140203890172015 0.0050949686869028454
0.5746784265037205 0.14781745420757067 0.04093903055059482 0.010055947509107896 0.16740500022486016 0.04480877767856775 0.011387764693994733 0.0029075986315835133
0.6879594685112495 0.07100822611478262 0.12495523938413042 0.012466621456167202 0.0796699045502945 0.008524240158484141 0.01397625392113886 0.0014400459037524412
0.42752900097157737 0.2592194338003108 0.026861650638269743 0.01596552424334417 0.15820809846874245 0.09688729761208736 0.009589767984457613 0.005739226281210496
0.6223061046685429 0.15438769508807199 0.06666588457322097 0.015835038274078884 0.10157329867122798 0.02621847209271191 0.010439285468811092 0.0025742211633343294
0.4126042861120704 0.26085832735861103 0.02386483096447086 0.014621946921017839 0.1665252750804783 0.10664922421769499 0.009195084307072592 0.005681025038583994
0.5837228114200006 0.14608128020054506 0.04323242084628379 0.010352276241774844 0.16056414560590757 0.04181512218592689 0.011397595823005419 0.0028343476765556796
0.6882454826560266 0.07070618329714205 0.12554302286331245 0.012473668866506872 0.07920382373581313 0.00843124710940736 0.013964324562180165 0.0014322469096113702
0.543853802987525 0.16904525895503936 0.05698540184845644 0.01738436190117681 0.14712087426286596 0.04614488476466239 0.014893485781281423 0.004571929498992681
0.65405405048589 0.14904805148359979 0.05195272418314367 0.011412114026844805 0.10035254660527167 0.023742347398296892 0.007690245161372071 0.001747920655581174
0.5107693013658445 0.1460837887945848 0.029471845577606775 0.008179310561632033 0.22458382254755488 0.06499205643161803 0.012441155018422235 0.0034787197027365525
0.5935716929965893 0.13782130208447493 0.045709350804601395 0.010230798001253146 0.1596216593489273 0.03848655426984098 0.01182012872135113 0.0027385137729618674
0.636286539503439 0.14224001406024694 0.07287694158165468 0.015770867788157623 0.09716532341959207 0.02249431814220026 0.010762989869339578 0.002403005635369727
0.5318783882533815 0.15155109590997162 0.031161376242703313 0.008612486197291528 0.2034829012532075 0.05874854923946725 0.01139000455033561 0.0031751983536418625
0.595680289370915 0.1374853234791614 0.046230287614119035 0.010293254841709577 0.15795048835703837 0.037837133152058354 0.011804614546556643 0.002718608638441634
0.6364686184965317 0.14213199325913195 0.0729680416565603 0.015776174628534232 0.09705044282171381 0.02244167282432059 0.010762607541039469 0.0024004487721680005
0.5585452741074087 0.1725981206580561 0.03272946474119789 0.009827872883679927 0.16330216490182195 0.05105086834304915 0.009171458434736018 0.002774775930050204
0.6325242524988319 0.14557954490523659 0.07104379225668188 0.01578240819484919 0.09844812808257876 0.023494992006372097 0.010676484376013142 0.0024503976794364784
0.5487742170209351 0.15664569895824484 0.053393784529837895 0.014776074842679577 0.16077859755520169 0.04646887891273979 0.014982783515415222 0.0041799646649458115
0.6004124174551181 0.1363427718835193 0.047625368494747904 0.01043281871178428 0.154328346400902 0.036375762093511524 0.011807052691318225 0.0026754622690986257
0.7070036199727661 0.07185106128001106 0.08124015480712356 0.00799592189620937 0.10744508144072638 0.011304025710926957 0.011947394944046964 0.0012127399481895807
0.5419710722417068 0.16955007030879526 0.05493994713712541 0.01687333500227955 0.15009989365457022 0.04741990363332865 0.014624623470938769 0.004521154551255298
0.6001239718465993 0.13702252106640306 0.047570714804120784 0.010468718306907935 0.15388771579467286 0.03648098772538009 0.011765995647333582 0.0026793748085825277
0.6887531766931652 0.07002099492577862 0.12661296451209317 0.012465397791078164 0.07850253039251075 0.00826214957487822 0.01396481077488736 0.0014179753356086673
0.5591198469410834 0.16681756123022343 0.03519007615326478 0.010299988442871506 0.16564917298210438 0.049851553461512314 0.010098393553639808 0.0029734072353000277
0.598732557560055 0.13732671615525519 0.04700124433356324 0.010407385121425208 0.15517544616866055 0.036905630409759305 0.01176051776811722 0.002690502483164483
0.6887058497455045 0.07007262214017665 0.1265077955260436 0.012464167219107024 0.07858499489056982 0.008277972707442974 0.013967249764416384 0.0014193480067390104
0.5651619373837741 0.17560049235410075 0.03556653485683634 0.010847059412071607 0.1527819673866977 0.047899643381272144 0.009291116190716299 0.0028512490345310934
0.6530432472217302 0.14986353136840955 0.0513741467573268 0.011382085458115742 0.10090682380077556 0.024004400408546917 0.007670528586626999 0.0017552363984683168
0.5575094467930481 0.16617736113474182 0.032134496367371215 0.009301724801696337 0.17107326499051748 0.051578937990969104 0.009464999011330043 0.0027597689103258417
0.6324634234395723 0.14537049498905896 0.07098202034111208 0.015750643779965053 0.09874806505096811 0.023535733175576747 0.01069719819123811 0.0024524210325086084
0.538967736480084 0.1735562888668093 0.05243482237759333 0.01641277271576857 0.15096325376836361 0.04919085509013915 0.01404436833660917 0.004429902364632825
0.5995014373759884 0.13738364035098774 0.047389374620033765 0.010464158059530179 0.15414489178666033 0.03668038575761616 0.011750818053126832 0.002685293996056547
0.6368079748517197 0.14195113807650916 0.07314291733221896 0.01578859324939394 0.09681201088830606 0.022341885056572888 0.010759947152284852 0.002395533392994113
0.5221539460889872 0.16133226682234555 0.03060717148884172 0.009189774476094021 0.19968101372559238 0.06246610680244774 0.011184376881480856 0.003385343714210493
0.7021692467142675 0.0744588973419666 0.07785390762802018 0.007956505782485204 0.11200997368639978 0.01233306347262286 0.011954136201965396 0.001264269172272425
0.5513119664575504 0.15277862604886674 0.0556024711168854 0.015091845748429037 0.16046296046874314 0.04494366944874365 0.01555603592472735 0.004252424786054402
0.5825732543761674 0.13185019671982076 0.06641654449673072 0.014504845725084498 0.14941536174291162 0.035096157832466945 0.01643194673292481 0.003711692373893479
0.7074077313498487 0.07144804793729216 0.08193526468593654 0.008004979773043604 0.10684983368768645 0.011185427502613077 0.011961746715322125 0.0012069683482573612
0.5630003433887649 0.15565949462130674 0.05711716249185784 0.015477227917230958 0.14872925422003286 0.04157888230563272 0.014483627858065503 0.003954007197108448
0.6555258839811883 0.14784071283669453 0.05234837801849238 0.01139855252412199 0.10003401338825013 0.02340127370467789 0.007714797300132129 0.0017363882464426883
0.39036009344821204 0.26637545413751557 0.02254904900414454 0.014971515900766875 0.17154490385837462 0.11832256469950528 0.009515410054375223 0.00636100889710584
0.6369800256644871 0.16125964577706497 0.04672014230339039 0.011307411898610715 0.10636103664214425 0.028025473534653754 0.0074682184497649635 0.0018780457298839721
0.4117550370438016 0.26132985975733647 0.023435280086567215 0.0144179884147845 0.16700161582807865 0.10736008258725363 0.009072757096998299 0.005627379185179614
0.6389605933933756 0.16002620680611662 0.04728776908626365 0.011331785042826246 0.10553939705340261 0.027505524330150938 0.007485794617145002 0.0018629296707191908
0.5373268115523475 0.16102079509032716 0.051050639038689546 0.014832720761741481 0.16592871669282025 0.050321228275799185 0.015098871533675402 0.004420217054599381
0.6331007639228752 0.14469032028412143 0.0716445518715904 0.015782997537800252 0.09829010596631395 0.023327638278236473 0.010719547881801943 0.002444074257260397
0.5547656160984786 0.16490066136272957 0.05402340847866947 0.015584075520551442 0.1482791321762376 0.04464886328316125 0.013787386169624988 0.004010856910546868
0.6010572143172216 0.13654994774035284 0.04777989650255896 0.010471607745076893 0.15350503142818706 0.036187034042570745 0.011779627819784106 0.002669640404247801
0.6887812386175991 0.06998432591596826 0.12667048710179077 0.012465012401396474 0.0784640313760104 0.008252952558582181 0.013964751836553633 0.001417200192099464
0.525147576800485 0.1441454331624702 0.03305390036415001 0.008889855321823448 0.21318971343843213 0.05907582780711297 0.012982946572272122 0.0035147465332542684
0.6307885912137945 0.1453472839893858 0.07017140749244942 0.015597837901295649 0.10073448538991774 0.0240947197514519 0.010785276444721758 0.002480397816983238
0.5485678435556174 0.15665031251558742 0.05328310753909973 0.0147495426106822 0.1610329292670562 0.04656679895599832 0.01497127104328599 0.004178194512672654
0.6540694678470736 0.14854697597642957 0.05187405311685661 0.011364911696829986 0.1008935051971137 0.02378434756136626 0.007717691213183701 0.0017490473911465332
0.41237873325845875 0.27064324056223904 0.023792847513416558 0.01517920915424329 0.15840787891083316 0.10524747836140352 0.008734422830438172 0.005616189408967575
0.620750594373994 0.15570130459755624 0.06593659078631636 0.015826074822646228 0.10213643960385635 0.026654200916506988 0.010402307971493484 0.0025924869276301764
0.5378364323220317 0.16734386526760356 0.051769696794496146 0.015621496069038891 0.15849194442807965 0.04991825660898105 0.014583156605987675 0.004435151903781363
0.6530241329196684 0.14946810585831605 0.05157503617272389 0.011376290103093468 0.10107841858386016 0.024025357719353015 0.007695773816040955 0.0017568848269439987
0.533618968127991 0.17220169520895173 0.05127201756558343 0.016094609928103656 0.15668772166357378 0.05113266406695276 0.01443026476199868 0.004562058676844955
0.6327779281559118 0.14529457217913364 0.07154641396095766 0.015825597961941055 0.09804253173563164 0.023381453568253035 0.010684944354508195 0.002446558083662997
0.4138045057783818 0.26037434724317154 0.024171949627704057 0.01475958895551991 0.16608260576569453 0.10581642607385155 0.009278732600096274 0.005711843955580486
0.639248909073084 0.15984252814061137 0.047381858622916107 0.011336853290182941 0.10541139971432328 0.027428701535129302 0.007488925140347275 0.00186082448340557
0.5486596511037487 0.17110128766532764 0.052139893688403105 0.01577960898965052 0.14804916659891887 0.04676540220674998 0.01341261755835675 0.004092372188844423
0.6338219698986408 0.14470812627384091 0.07202002640397297 0.015854040654740796 0.09740204769512313 0.023080994175642314 0.010680799908673207 0.0024319949893660533
0.5696145615004761 0.17622533132059465 0.03330550897737727 0.010009013101076795 0.15212099890687392 0.04765551502651307 0.008495204160446163 0.002573867006642201
0.6332576906115633 0.1453341051659251 0.07139747473846159 0.01582364297384016 0.09782047108653198 0.023266755664462183 0.010660330792222197 0.0024395289669933893
0.5441875141021647 0.1684174833690824 0.05298464314407159 0.01592736310187458 0.1522950064451977 0.0477071844515945 0.014183528761924554 0.004297276624089965
0.6336491740975241 0.14468571168317168 0.07195300729619881 0.015838155024171515 0.09760911644199398 0.02313844855476575 0.010691469005753407 0.0024349178964207987
0.5745378777067979 0.16390399479520215 0.03358836865860228 0.009291050982771493 0.16073570794345807 0.04644667711961143 0.00898899070804311 0.0025073320855136345
0.6535805389158832 0.14916976263826692 0.051477283384843094 0.011353711045561318 0.1010707022932768 0.02390257589379322 0.007693682418338444 0.0017517434100371252
0.5336406310066548 0.17218605503816636 0.05128308381732041 0.01609698266839966 0.15667674337732757 0.05112117259701409 0.014432828461153752 0.004562503033963286
0.6327806600330291 0.1452924518605733 0.07154782507555292 0.015825640138584156 0.09804123575309436 0.02338067734239249 0.010684986495899069 0.0024465233008745743
0.5748531587689978 0.17090752623519825 0.033579525813015966 0.00968809921374558 0.15363690601090976 0.046272074016855125 0.008569422216131757 0.0024932877251455697
0.6336634255332452 0.14492468008730963 0.07156787765383053 0.015813941049912753 0.0977554156314262 0.023165818156965903 0.01067409329300002 0.002434748594309912
0.5199037726078166 0.15453516114647947 0.03038308868813588 0.008764724333734791 0.20858551274395398 0.06277623697371756 0.011660439132204463 0.0033910643739571587
0.6300028010285497 0.1462061788967995 0.06979796406391352 0.015614290270373353 0.10084019371029776 0.024299149502993993 0.010750550476340255 0.0024888720507320146
0.5213050397324057 0.16149860961654142 0.030358314083420795 0.009132258908595378 0.20033996394535858 0.06285984045516876 0.011130086893933768 0.003375886364575643
0.5946023401517202 0.1382632727280238 0.045957884559728136 0.01029880645059428 0.1581862879110351 0.038194381628794606 0.011767926503644855 0.0027291000664588037
0.6885772323534303 0.07021088976132113 0.12624379245096232 0.01246156071999996 0.07879166538235464 0.008319608591371517 0.013972377640354524 0.001422873100205714
0.4176144980527025 0.24264303493461356 0.026273936553000886 0.014957236330163048 0.17744898309065518 0.10405491495969217 0.010812731059314941 0.006194665019857674
0.6399427621965328 0.1588409735078734 0.047586051310661015 0.011303204788126194 0.10564730277518379 0.027295645701828235 0.00752696889970283 0.0018570908200917465
0.5381347003190916 0.17447967800059505 0.05116773656425766 0.016115108581490355 0.152028774414635 0.04988915617455208 0.013804045651222036 0.004380800294156072
0.5992451690033098 0.13750025939121568 0.04731259308350795 0.010459991898913444 0.15428620109166322 0.03676131813650042 0.011746784733163849 0.002687682661725615
0.6887255886687049 0.07005798369544936 0.12655395773356923 0.012465781245114452 0.07854164689802597 0.00827137491836912 0.01396490712877598 0.0014187597119909758
0.534142534209834 0.15292467283459252 0.03361599410068505 0.00943596869150552 0.19741838317499547 0.057082786371597756 0.011990747593625365 0.0033889130231640942
0.6312837569574357 0.14544551184065338 0.070438197237351 0.015655450975716446 0.10003398953082834 0.023920698557260534 0.01075086873798032 0.002471526162774379
0.40071888207348294 0.2731767595508436 0.023365135019277877 0.015481608886791549 0.16112497647455853 0.11115599189231272 0.008980309237077277 0.00599633686565548
0.6197966993796286 0.15636032757529678 0.06551884770754049 0.015808999860854923 0.10258884490044025 0.026930861434082104 0.010391191067602194 0.0026042280745549634
0.5486250723529428 0.17076553909074657 0.05276123742394418 0.015925016676370203 0.14769631232397815 0.04657778815993648 0.013530429913877776 0.0041186040582037765
0.5820618518423576 0.13283356818364367 0.06616743373090492 0.014559296197794521 0.14901319732454907 0.03529660058812278 0.0163473435966118 0.0037207085360154786
0.6375515940248324 0.1412203543814248 0.07382139270692621 0.015816071574101857 0.09631388424570843 0.022112793595763864 0.01077878132168798 0.0023851281495544064
0.5155032891663828 0.159212099323252 0.030247923908330514 0.009079066112838513 0.20636085979272245 0.06449965124545166 0.011590902061915221 0.0035062083891069153
0.7017922717916942 0.07454714221756055 0.07762965422734809 0.007945327793463434 0.11244637355528596 0.012404709818322637 0.011966726459149899 0.0012677941371750064
0.42482294436415147 0.2491846967806918 0.025698055160063186 0.014763276754701378 0.16948101248694347 0.10051565302893892 0.009839666515490468 0.005694694909019204
0.6219723721043919 0.15424406943478014 0.06645984567143248 0.015777941631470584 0.10214183607934754 0.02635991530930357 0.01046444576446845 0.0025795740048052676
0.401788080950182 0.25403621655565856 0.023230427074972256 0.014233871653866512 0.17734031039286427 0.11349182475400522 0.009817027050237247 0.006062241568213927
0.6198853124671565 0.1556578583948539 0.06549852852904073 0.015729602583053975 0.10320584744346938 0.02697560262691687 0.010441980086274559 0.002605267869233958
0.5377368679495748 0.16734877390274708 0.05171459457637205 0.015607176666556963 0.15861221399879924 0.04996950964232177 0.01457684400008859 0.004434019263539435
0.6331248779395914 0.14492312925110526 0.07169090782225954 0.015814368154993246 0.09800850567398686 0.0232973267905858 0.010698369600194473 0.0024425147672834115
0.5599260482503432 0.15976691481060057 0.0545291556995464 0.015085683712566944 0.14962807266485104 0.04326653812558102 0.013914538551733502 0.0038830481847772894
0.6348622308095185 0.14371854424061076 0.07249073960732175 0.015838609285828687 0.09714580908272585 0.022814440709029597 0.010710393340370931 0.0024192329245938584
0.5497573638237999 0.17000121104874713 0.053625207979567734 0.01611007892551317 0.14674397289790783 0.04594730374629236 0.01367355392150552 0.004141307656666448
0.6540589342876797 0.14910008570842706 0.05190639475974586 0.011409734597498769 0.10034894431651366 0.02374227058371875 0.007686112401977669 0.0017475233444386087
0.40174239269076095 0.26369363551102337 0.023179870900039368 0.014789409155542986 0.16901857109950846 0.11221748862304687 0.009349655138080037 0.006008976881997927
0.582533937600144 0.1466084188483869 0.04294086001354385 0.010336200847630404 0.16114845906727637 0.04220834445423712 0.011378656830015429 0.0028451223387658347
0.688208703015349 0.07075252322442684 0.12546678215871968 0.01247383238751578 0.07925681582068522 0.008443375744680822 0.013964703464462698 0.0014332641841599968
0.5438477259488457 0.1690483785537723 0.056980239301579014 0.01738317089972574 0.14712745901386592 0.04614849807069755 0.014892722421192349 0.004571805790321513
0.6340281612662876 0.1444853377787058 0.07220985880981369 0.015861952934705197 0.09728063559715981 0.02301570797811778 0.01068885508025783 0.002429490554952301
0.4011211510633236 0.2731899770141114 0.02346035509292393 0.015533857311526624 0.16084758294009704 0.1108420546909999 0.009000140414720428 0.00600488147229715
0.6380552684638849 0.1609274026558381 0.0470538786808239 0.011351017246714452 0.10557493437178002 0.027707896011875635 0.007460342090238679 0.0018692604788442871
0.5458904538714962 0.17714110036938838 0.03109722556258248 0.00979977883518179 0.1686151450393869 0.05533778903754411 0.009198872780131748 0.002919634504288297
0.7035343660622732 0.0743639812467616 0.07861321065603374 0.008013891235662323 0.11024808151117536 0.012089588593502565 0.011884488781000523 0.0012523919135911034
0.5463978340477658 0.15782783642576773 0.05517510537127765 0.015621265091751714 0.1588135601463026 0.04634625279125253 0.01542190088548834 0.004396245240393668
0.6341154318442015 0.14401391567342695 0.07217068196605897 0.01580859202700088 0.09770231742913867 0.023034369336773435 0.010724372950766288 0.0024303187726333027
0.5530815008966987 0.17796417397546707 0.03234801429296277 0.010119544153437968 0.16187580934999465 0.052681707023629384 0.009070672268332561 0.002858578039477082
0.6320845297119498 0.14601294069995746 0.07085648613754421 0.015791157459430192 0.09853079621264209 0.023606305380720845 0.010662205516465942 0.002455578881289343
0.4257068963234086 0.2572330634030499 0.0248420797806237 0.01455193189460485 0.16323633408962382 0.09996196174802353 0.009094078937038091 0.005373653823627389
0.6219011813400727 0.15456373744767626 0.066426332935436 0.015805460750239232 0.10192499549989203 0.026357067575504982 0.01044185785471941 0.0025793665964593438
0.5433503577273184 0.1689697496011983 0.052355312791538426 0.01579215618886061 0.15299955551320515 0.04818105758547016 0.01407248932130134 0.00427932127110772
0.7049024394230038 0.07349699353466826 0.07998627151660101 0.008039115953508797 0.10867927381681057 0.011764381625435234 0.011894585127761764 0.0012369390022104537
0.5410207930545641 0.15617117407118344 0.05473172507770956 0.015488065174332922 0.16417374756206418 0.047858754068357365 0.015998626189287306 0.004557114802501214
0.6537254329672704 0.14867387877011068 0.05179606746411204 0.011358739420748921 0.10109824004635681 0.023873860745898708 0.007721468311675082 0.0017523122738276212
0.5742383618057695 0.1642359492634897 0.033123487768480064 0.009192706492333697 0.16114962945528657 0.04667382844861543 0.008896954809232511 0.002489081956792716
0.6336435425258663 0.1446851621976605 0.0715270929497113 0.015782816999306167 0.09803477657749998 0.02319512773326807 0.010695252937087618 0.0024362280796000084
0.5315875703324258 0.15166443312090386 0.031064279458674543 0.00859364462887054 0.20366796146633323 0.05888486014843438 0.011365684800442583 0.0031715660439148143
0.6308681585120703 0.14563532516266864 0.07018959486920053 0.01563060207830333 0.10038988026000598 0.02405339007807309 0.010755570669761053 0.0024774783699172366
0.400661425365007 0.2731788680275229 0.02335135689612117 0.01547417408782705 0.16116150614185806 0.11120035634704133 0.008977274972740283 0.0059950381618818814
0.6197902985716878 0.15636429559968187 0.06551567184411522 0.015808763365389094 0.10259267986010465 0.026932842673420332 0.010391141997224542 0.002604306088376557
0.5380751660703567 0.17420055689219763 0.05174632359135854 0.01625926806431901 0.1516784822667203 0.0497130447058484 0.013918894406908184 0.004408264002291063
