Action: 0
[0.20110337269546713, 0.09320600566481295, 0.23924886909328152, 0.09320586701847854, 0.09361640553925395, 0.09320774595174881, 0.09320586701847854, 0.09320586701847854]
[0.09555984812492649, 0.09555984812492649, 0.22050827644690976, 0.09555984812492649, 0.20613263480353142, 0.09555984812492649, 0.09555984812492649, 0.09555984812492649]
[0.10237353296375719, 0.09656478459491412, 0.22165953211242012, 0.09656478459491392, 0.19314301177282314, 0.09656478477134363, 0.09656478459491392, 0.09656478459491392]
[0.125, 0.125, 0.125, 0.125, 0.125, 0.125, 0.125, 0.125]
[0.12567454828177693, 0.10131312417524627, 0.3081885509730826, 0.09261152304049707, 0.09329839248899555, 0.09369081495940752, 0.09261152304049707, 0.09261152304049707]
[0.2725292601923861, 0.09260087661591965, 0.09301486705162555, 0.09260087661591965, 0.16117042908141777, 0.10288193721089194, 0.09260087661591965, 0.09260087661591965]
[0.125, 0.125, 0.125, 0.125, 0.125, 0.125, 0.125, 0.125]
[0.125, 0.125, 0.125, 0.125, 0.125, 0.125, 0.125, 0.125]

Action: 1
[0.09300739872969437, 0.09585843602187674, 0.09254417226176373, 0.09254417226176373, 0.17341064597544617, 0.26754683022592773, 0.09254417226176373, 0.09254417226176373]
[0.1111111111111111, 0.1111111111111111, 0.1111111111111111, 0.1111111111111111, 0.1111111111111111, 0.2222222222222222, 0.1111111111111111, 0.1111111111111111]
[0.09660872672006726, 0.0925439315308201, 0.0925439315308201, 0.0925439315308201, 0.1753655585068785, 0.2653060571189538, 0.0925439315308201, 0.0925439315308201]
[0.125, 0.125, 0.125, 0.125, 0.125, 0.125, 0.125, 0.125]
[0.09398971050787126, 0.09398971050787126, 0.09398971050787126, 0.09398971050787126, 0.2140048854176011, 0.22205685153517135, 0.09398971050787126, 0.09398971050787126]
[0.10181465682093314, 0.09151280513496722, 0.09151280513496722, 0.09151280513496722, 0.15258978374267626, 0.2880315337615545, 0.09151280513496722, 0.09151280513496722]
[0.125, 0.125, 0.125, 0.125, 0.125, 0.125, 0.125, 0.125]
[0.125, 0.125, 0.125, 0.125, 0.125, 0.125, 0.125, 0.125]

