Action: 0
[0.14963573651054485, 0.10374402823518515, 0.2274967782924646, 0.10374402823518515, 0.1037522493379382, 0.10413912291831168, 0.10374402823518515, 0.10374402823518515]
[0.10465504240758594, 0.10748608252339033, 0.25812482808029014, 0.10465504240758594, 0.11111387735838987, 0.10465504240758594, 0.10465504240758594, 0.10465504240758594]
[0.11111913735060283, 0.10266359298601242, 0.12284014330834958, 0.10266359298601221, 0.25266319318770714, 0.10272315420929139, 0.10266359298601221, 0.10266359298601221]
[0.125, 0.125, 0.125, 0.125, 0.125, 0.125, 0.125, 0.125]
[0.2274271245170735, 0.10467933260797727, 0.14970563671860163, 0.1036342354931067, 0.10365096418392082, 0.1036342354931067, 0.1036342354931067, 0.1036342354931067]
[0.12124090381919007, 0.10398256958058044, 0.25486367869732696, 0.10398256958058044, 0.1039825695805808, 0.10398256958058044, 0.10398256958058044, 0.10398256958058044]
[0.125, 0.125, 0.125, 0.125, 0.125, 0.125, 0.125, 0.125]
[0.125, 0.125, 0.125, 0.125, 0.125, 0.125, 0.125, 0.125]

Action: 1
[0.10398478575465742, 0.10398478575465742, 0.10398478575465742, 0.10398478575465742, 0.12121524662041386, 0.25487603885164156, 0.10398478575465742, 0.10398478575465742]
[0.10589369613864927, 0.10589369613864927, 0.10589369613864927, 0.10589369613864927, 0.21178739227729854, 0.15285043089080586, 0.10589369613864927, 0.10589369613864927]
[0.10398451720577653, 0.10398229818721338, 0.10398229818721338, 0.10398229818721338, 0.12123984594757174, 0.25486414591058476, 0.10398229818721338, 0.10398229818721338]
[0.125, 0.125, 0.125, 0.125, 0.125, 0.125, 0.125, 0.125]
[0.10589497022044549, 0.10589457394443177, 0.10589457393844368, 0.10589457393844368, 0.10594378616835116, 0.258688373912997, 0.10589457393844368, 0.10589457393844368]
[0.10518083659620486, 0.10517257967783, 0.10517257870713695, 0.10517257870713695, 0.11064743399888124, 0.2583088348985362, 0.10517257870713695, 0.10517257870713695]
[0.125, 0.125, 0.125, 0.125, 0.125, 0.125, 0.125, 0.125]
[0.125, 0.125, 0.125, 0.125, 0.125, 0.125, 0.125, 0.125]

