0.125 0.125 0.125 0.125 0.125 0.125 0.125 0.125
0.09592326139088728 0.15987210231814547 0.08633093525179857 0.14388489208633093 0.11990407673860912 0.19984012789768185 0.10791366906474821 0.08633093525179857
0.07295173961840629 0.12906846240179573 0.09118967452300786 0.16133557800224466 0.08754208754208755 0.15488215488215487 0.10942760942760943 0.19360269360269358
0.13460148464200197 0.10599866915557653 0.16152178157040234 0.12719840298669186 0.12656578917787076 0.09240909618691287 0.1408138608562482 0.11089091542429544
0.08339895027873998 0.12374963735251432 0.08909973889381032 0.14849956482301715 0.10356593231524099 0.1546870466906429 0.11137467361726289 0.18562445602877148
0.0792576448805361 0.1366534887344412 0.08832712955362972 0.14721188258938284 0.10078037803263713 0.15334571103060715 0.11040891194203714 0.18401485323672853
0.06790446458595831 0.11879641560595926 0.05692155638592851 0.09486926064321419 0.14710608951351178 0.21082057920714264 0.11384311277185702 0.18973852128642837
0.07509846166045014 0.13089641466408886 0.08461119886673295 0.14101866477788824 0.10976076582810551 0.17657716464695775 0.1057639985834162 0.1762733309723603
0.07591838326251248 0.132820876798499 0.08500651760161076 0.14167752933601793 0.10875841171620493 0.17246322261311892 0.10625814700201347 0.17709691167002242
0.06346256572882031 0.11120435295745272 0.05320175868915417 0.08866959781525698 0.1453651059105324 0.2543539058899611 0.10640351737830835 0.17733919563051395
0.07041428290524239 0.12457911590927497 0.08801785363155297 0.15572389488659372 0.08449713948629085 0.18427761495926906 0.10562142435786358 0.18686867386391245
0.11106835564113351 0.09178157640486125 0.12473372926275579 0.09822781179442017 0.15320104399700019 0.14228555657835915 0.1559171615784447 0.1227847647430252
0.06136994347849439 0.10857759230810547 0.05350200200689255 0.09465738816604066 0.14002184445101928 0.24555244924358113 0.1070040040137851 0.18931477633208132
0.09332494069718832 0.07533459068327249 0.18664988139437663 0.15066918136654497 0.09514975181051127 0.09528449756327687 0.16798489325493896 0.13560226322989047
0.12158639129824939 0.08883654209825452 0.12625463802431522 0.09942552744414823 0.1576322060515984 0.12416448824785493 0.15781829753039403 0.12428190930518528
0.07034751893251673 0.1054317015088469 0.05231535434179255 0.08719225723632092 0.15988003812983437 0.24581790669446166 0.1046307086835851 0.17438451447264183
0.05764260684532054 0.10198307364941328 0.05276827857505694 0.08890832061743721 0.13292316575186325 0.28745285523675757 0.10050505808927684 0.17781664123487442
0.10247464094435234 0.082720493292429 0.13469712026671354 0.10340061661553625 0.13893917322484334 0.15997525430095352 0.15371196141652851 0.1240807399386435
0.09967692298781636 0.07320971200800465 0.20500395115023765 0.1464194240160093 0.09258650149771078 0.08807927577065038 0.1632467309551626 0.1317774816144084
0.1102288267459102 0.07963517353412693 0.18894806950250784 0.14879660473322492 0.0999276397502271 0.07801961075926167 0.16472395802782733 0.12972011694691404
0.12134978582275921 0.08667439027466246 0.1452747337998853 0.09643674419005095 0.1576745135914418 0.11896970495657176 0.153074197127065 0.12054593023756367
0.08976941190113957 0.14202688146665568 0.08722477517934245 0.12381830691964855 0.11113337000134213 0.21346417370887952 0.08398111251941379 0.14858196830357825
0.11484107427052533 0.08930709160127658 0.12942969905862262 0.09358156424667978 0.15887766059413555 0.14844378944949022 0.14854216547092028 0.11697695530834973
0.07405867268165771 0.11774619894022884 0.10159153090520769 0.14718274867528605 0.09232449673126832 0.19064875455450966 0.09982829910149837 0.17661929841034327
0.13729986005506783 0.10705382630254166 0.16076151282427426 0.11487193146520587 0.1309395145580666 0.12176064385311385 0.12716795017719165 0.10014476076453845
0.0829216908313909 0.12311349151776012 0.10286977935170345 0.13303506125072706 0.11168304197467696 0.18030681257228723 0.09977629593804531 0.16629382656340883
0.0760064482188875 0.12428618792996357 0.09402991047415687 0.13246053644392944 0.10680538483901145 0.20149045920619235 0.09934540233294707 0.16557567055491176
0.07476061244787434 0.1237038485998017 0.09225462013782791 0.1316556539781841 0.10518133302564056 0.2091326238543031 0.0987417404836381 0.16456956747273013
0.07445705664428062 0.12337698482380624 0.09181367659202737 0.13135567180901783 0.10479539483364757 0.2114898716791847 0.0985167538567634 0.1641945897612723
0.09128952642282395 0.15129570724905053 0.08441181506713805 0.12083852900604425 0.12854094074148634 0.2604914673552971 0.09062889675453319 0.07250311740362655
0.1090737800272332 0.0806679272395053 0.14330112070966916 0.10083490904938162 0.1353650310670707 0.15985747625208482 0.14989786479579717 0.12100189085925796
0.09719513286345029 0.07074875025560295 0.21895769780757982 0.1414975005112059 0.09744266009831837 0.08905135444872647 0.15775915355503106 0.1273477504600853
0.11616875469010185 0.08370285128202341 0.16493527770640545 0.09372931707848696 0.1553710983819114 0.12015436073758601 0.14877669377537614 0.1171616463481087
0.07327065679958931 0.11607160055848978 0.1116317318199728 0.14508950069811222 0.10013294703619831 0.1812876313416182 0.09840853090828482 0.17410740083773465
0.10343499752114915 0.07833570354646287 0.2131870308670194 0.14002212681369428 0.0979075645907649 0.0900317542888372 0.15501025027808238 0.12207057209398989
0.08237701403025427 0.12040216216056751 0.11863922402945988 0.13367414293853772 0.10521349271051439 0.17234567825359084 0.1002556072039033 0.16709267867317212
0.07792928185860533 0.12319435025987172 0.09996078114793162 0.13145424045298204 0.1051465682365794 0.19940629713806576 0.09859068033973654 0.16431780056622755
0.06491363175205293 0.10374887274065171 0.0608955581443054 0.0827896817521243 0.14135671995655327 0.2813685540475146 0.09934761810254915 0.1655793635042486
0.07935434014177901 0.131676389118526 0.07366194118679413 0.11479480076999705 0.11172119860942553 0.2731767478576576 0.07786082139182407 0.13775376092399644
0.06866678621509605 0.11241589258854394 0.09238069716970927 0.14051986573567993 0.0913205237172757 0.23076326936580932 0.09530912632506987 0.1686238388828159
0.10189973243120118 0.07757014690545906 0.21325341806065473 0.13893412425391138 0.09563977753955877 0.09777495704750676 0.15380578671983675 0.12112205704187144
0.07063405104398056 0.1033657434395647 0.07909387569797995 0.08608487150419183 0.14413290104905951 0.24121696845180954 0.10330184580503018 0.17216974300838367
0.06769287930383523 0.12351966701805057 0.0928528234158352 0.1395755058223899 0.09525158181474587 0.21894833168917605 0.09466860394909925 0.16749060698686788
0.1354180790068209 0.10434530155252728 0.1734891226377154 0.11097140592549498 0.12842813567779257 0.1277537445322672 0.122849908065668 0.09674430260171356
0.11104653498544018 0.08714033304867302 0.169003503992741 0.09843288020878005 0.14378605363665503 0.12614415028322692 0.14632708759394764 0.11811945625053606
0.12495771715648234 0.0986483415085479 0.1931726077695815 0.11319009449566074 0.13339547737663157 0.10856616830631685 0.12619850834068444 0.10187108504609466
0.09450067987611277 0.0744475024533665 0.24742042082320484 0.13512531269713499 0.0979320597246159 0.0783066033193974 0.15065463967874604 0.1216127814274215
0.12157428023359 0.09629805143773407 0.22627487662864518 0.1118327702651541 0.12156872488118668 0.09711661019852871 0.12468519311652257 0.10064949323863868
0.09279036864537633 0.07315534190179233 0.26318310456567007 0.1329936116126154 0.09454869759117378 0.0753566731803411 0.14827795205167715 0.11969425045135386
0.0899436378494144 0.07126396553973229 0.2781193606780914 0.13253440925078042 0.08956320365629905 0.07152847901291583 0.14776597568706415 0.11928096832570238
0.07052554079148587 0.12257347864471162 0.14012094815741832 0.1427136309792632 0.09303594376688097 0.16297702903831948 0.09679707144680463 0.17125635717511584
0.07616183637939386 0.12341548489533098 0.10742109277990075 0.13139995145040348 0.10249340589571845 0.1963083256984455 0.09854996358780262 0.16424993931300436
0.06774951639167896 0.1358457363943051 0.10094123573910915 0.13885254264734212 0.09280006873977999 0.20300960259364634 0.09417824631732771 0.16662305117681056
0.11229359958773524 0.08749989755434748 0.14741358606113533 0.09201936442303786 0.1518775942682523 0.1478092693655232 0.1460624832111712 0.11502420552879733
0.08335176782921866 0.1529858263289557 0.09076269745548148 0.1150462059816977 0.12047932408517568 0.22128739143210813 0.0780313397093254 0.13805544717803725
0.09225808138255463 0.08767368539551598 0.21126820062285867 0.13691236128309858 0.09744124464836577 0.09857823602255697 0.15264706549026064 0.12322112515478872
0.1183563333798327 0.08265893361735555 0.17892425708311963 0.09087025614649748 0.15165028912728 0.11971360864295554 0.14423850181983727 0.11358782018312184
0.07113864248765883 0.12884793099095673 0.11720993423295892 0.1399778179172367 0.10221934906475728 0.1776914673053607 0.09494147650038666 0.16797338150068405
0.07695862951943387 0.12355026888060544 0.10231206278357256 0.1307330600019793 0.10405931177670237 0.20092054703374784 0.09804979500148449 0.16341632500247413
0.07976682601565215 0.15986163136659184 0.08197831703166335 0.11392579596858948 0.10949860496103683 0.24098646005459406 0.07727140943956502 0.13671095516230736
0.06659078568592951 0.14058790580495895 0.09385387289199083 0.13582315205313553 0.09226379923421095 0.21576917264736314 0.09212352921864846 0.1629877824637626
0.10212612515225133 0.07906201114218175 0.21788439872920884 0.13791038972335248 0.09522099987331445 0.0948940343398297 0.15267247051181063 0.12022957052805089
0.08296460140043854 0.11917415285428024 0.12518133955655095 0.13206698959343052 0.1037250627079836 0.1727538747004552 0.0990502421950729 0.16508373699178813
0.06702285689147032 0.1040097740656405 0.06653812018441102 0.08323918747341703 0.14193830069277746 0.2708863607773492 0.09988702496810042 0.16647837494683407
0.06552371360690772 0.12900625578781347 0.09033503530492781 0.13529265635560359 0.09988303025143441 0.22584440632104902 0.09176371474553982 0.16235118762672426
0.06637640903491669 0.13570950047780297 0.0965038346187139 0.1373778181481844 0.09397784661480375 0.2120232109315972 0.09317799839615984 0.16485338177782122
0.10194332812298469 0.0786064490119362 0.2195711027498881 0.13772599577709763 0.0954468437166703 0.09416912495669029 0.15246833883341698 0.12006881683131589
0.10296473727086419 0.1478764465382602 0.11723039663552659 0.12295228887128173 0.12884218231222583 0.214148358395611 0.0922142166534613 0.07377137332276903
0.057767293040765715 0.11743759264967253 0.06000466778467953 0.08024115681652039 0.14054772461208026 0.29281185680108746 0.09070739466215348 0.16048231363304077
0.08999159508246748 0.08337827505202279 0.19747941708004735 0.13682681906448158 0.10541424639528799 0.11121381786740883 0.15255169230025034 0.12314413715803343
0.12060881866122822 0.10245304854772647 0.21057971196724368 0.11129723411849719 0.1268649383282888 0.10394062739198394 0.12408811027838419 0.10016751070664748
0.12211799455117237 0.10390547388114087 0.21288105012166036 0.10929128877389878 0.13066700176138243 0.10092340009766558 0.12185163091657072 0.0983621598965089
0.08828969013094749 0.15188510348279943 0.14262515976766724 0.15905038176333852 0.0877325944347094 0.14636348915392186 0.08090823767961133 0.14314534358700468
0.10505652817726342 0.07851567793932814 0.2376434029014545 0.13555551299452373 0.09269418937956583 0.08229256236473287 0.1500655251709827 0.11817660107214889
0.06937095583450094 0.11311309559880425 0.08014558505648667 0.08617906506630135 0.13951850278742647 0.2418948528402326 0.09741981268364501 0.1723581301326027
0.0826798976063709 0.15244941171440646 0.10859491688070114 0.15738456043969887 0.08835039960910349 0.18883386773901303 0.08006084161497724 0.14164610439572897
0.1048827999071844 0.07933269050398079 0.2243997541968151 0.1368676006854536 0.09374462523329122 0.08993399689994352 0.1515180601808847 0.11932047239244672
0.05821023158461386 0.09507897814194329 0.0943286187712563 0.1037473794072154 0.11737289113188516 0.20648749586223772 0.1172796462864174 0.2074947588144308
0.07069484391228165 0.1295505209353667 0.09783986941778593 0.1380098556820879 0.09844883218850602 0.2062375663219634 0.09360668472350311 0.16561182681850548
0.0720623509321424 0.13576229112262073 0.09806290142435037 0.13710760607553718 0.09421784949194906 0.20526314954195635 0.09299472412079914 0.16452912729064462
0.09807651689731833 0.08917623345643177 0.21318379691768746 0.13570118747700244 0.0950927953305361 0.09534170410915332 0.15129669708256838 0.12213106872930218
0.0998838907861652 0.0792794853484907 0.25752550639836624 0.13151279059506057 0.09225931612292917 0.07455055208729897 0.1466269471261347 0.1183615115355545
0.09878764324381493 0.0766525824679663 0.2735262210064809 0.12951363276663277 0.09038686581700472 0.07017274986981034 0.14439803533832044 0.1165622694899695
0.09805993006820009 0.075847044703887 0.2792151491832385 0.12877098673541143 0.08954168660718743 0.06910127420535116 0.14357004043485422 0.1158938880618703
0.09774006043472852 0.07558118196002168 0.2812319316256751 0.12850735283886472 0.08920759391601338 0.06879915335534226 0.14327610831437604 0.11565661755497823
0.07715771075718504 0.1307790844824833 0.13928581312048147 0.13904042437933106 0.09388420937237539 0.15869856948870456 0.09430567914424194 0.16684850925519726
0.10285874353426155 0.07717395277268077 0.23682831362294063 0.13583542569721432 0.09410889825016962 0.0843986385525841 0.15037540003924416 0.11842062753090479
0.06878016707218926 0.11585298087417296 0.07976278528462498 0.08571556383205438 0.13962493452744615 0.24193658597873324 0.09689585476667018 0.17143112766410876
0.08194398994128159 0.15878638391261501 0.10770155240081027 0.1560019225298621 0.08803833450928594 0.18776858670755672 0.07935749972171248 0.14040173027687589
0.14018606115350177 0.10680466357946965 0.17997714721634558 0.1099316491011722 0.12540502329676984 0.12015875319856954 0.12169885451981619 0.09583784793435525
0.08386593361548261 0.13615056685450908 0.11546625461574295 0.13576079356700954 0.0995119534280195 0.17425031174120106 0.09208123389762386 0.16291295228041142
0.09578742242988042 0.14963282800175104 0.12358200490103 0.1571890989781342 0.08685024043257045 0.16769976463072359 0.08222199023471635 0.1370366503911939
0.1005889890608704 0.15454640620751767 0.09616472542869421 0.1202390217690222 0.12365407940346451 0.24248409874225116 0.09017926632676665 0.07214341306141332
0.07511788183286075 0.14399174135469697 0.09442031789951821 0.13116847947627522 0.09615005027456523 0.21278290684142767 0.0889664469491258 0.15740217537153023
0.11231376386091527 0.10154025445487573 0.14832354773647877 0.09501462844658162 0.14285832601437304 0.14468629858551155 0.14124562676536612 0.11401755413589794
0.1377077916024333 0.1066925465721067 0.1883652150945385 0.10760364092953525 0.13412352707077196 0.10869397238005812 0.1199700295139744 0.09684327683658173
0.14435685381143054 0.10622081346459838 0.20065665671053753 0.10587351033837913 0.1300272893986098 0.09953765395284492 0.11804106301905852 0.09528615930454122
0.1109981889931704 0.08052775430963745 0.24918905589165205 0.1284917307933902 0.09785088635566483 0.07404113504293759 0.14325869089949622 0.11564255771405117
0.0812942709263831 0.13175038875442227 0.13218662336700868 0.13863273186916625 0.09549473660532641 0.16025281296691157 0.09402915726778233 0.16635927824299948
0.11753104048140985 0.08662038726558831 0.15720223115754653 0.09137776004739892 0.1518601665354215 0.13614215088608628 0.14504406356729987 0.11422220005924864
0.08111346344677613 0.13114698799271357 0.1106631159579713 0.13608087206358152 0.10512212178711663 0.18027806165850527 0.0922983306170379 0.1632970464762978
0.0748802616397792 0.14215647668277048 0.10035931008437846 0.13617368732565144 0.09521133696380651 0.19544921893543388 0.09236128357739837 0.16340842479078171
0.13979035897265538 0.10535271972175259 0.177455183535529 0.11008117320258881 0.1275258179385859 0.1219621605031306 0.12186438384657776 0.09596820227918
0.09993036640152456 0.16010261723559707 0.09453623911875529 0.11160586098176895 0.11793089053646716 0.20626910422969488 0.07569788831806935 0.13392703317812274
0.07658531277560228 0.14704611959146782 0.09522330323757658 0.1331172765494504 0.09615139639844919 0.20184761984152955 0.09028823974658377 0.15974073185934048
0.0739043586483507 0.14532300923569505 0.09651229086050664 0.13528275612217544 0.09283098732097092 0.20205029066108465 0.09175699980460596 0.16233930734661053
0.07363137120285787 0.1450253017436144 0.09688291611666307 0.1354741288851038 0.09225577269808023 0.20227475423035504 0.09188680046120085 0.16256895466212457
0.0735913653876983 0.14495933095611974 0.09696770564718643 0.1354885462904419 0.09214619766405052 0.20236401928289047 0.09189657922308234 0.16258625554853026
0.07358401174524816 0.14494136892456555 0.09698467143915628 0.1354874029663495 0.09212784827709421 0.20239400933687782 0.09189580375108923 0.1625848835596194
0.10059881586444894 0.09040818790531226 0.21215622553246427 0.13522209138332678 0.09446075769321319 0.09469149868468077 0.15076254069155987 0.12169988224499412
0.10334419686866711 0.0792072408203233 0.2565055798919856 0.1309605934801884 0.09189013374556983 0.07421643250930404 0.1460112885517921 0.11786453413216955
0.13624054201827598 0.10154932294780132 0.22647499409610508 0.1071573363715206 0.11974885691674736 0.09291491167708266 0.11947243323809834 0.09644160273436854
0.10933286794301908 0.07927212126243428 0.25902491007013645 0.1276147105535658 0.09515227826902477 0.07246899362224674 0.14228087878136367 0.11485323949820922
0.10356468393967683 0.07615327675149898 0.2730632593798792 0.1284858027521936 0.09045003949680157 0.06939363362702251 0.14325208157595315 0.11563722247697424
0.08054584291180027 0.1306134433372706 0.1373897592751123 0.13860005060945385 0.09397976650526557 0.15854408578160142 0.09400699084815133 0.16632006073134464
0.1046612793759925 0.07707761376711605 0.23582109668882104 0.13565188199806041 0.09404122393970613 0.08431407953572945 0.15017220961934238 0.11826061507523215
0.07126634659074807 0.11555381310581427 0.0795457804880294 0.08543811197877414 0.13937665543404198 0.2413608549038209 0.09658221354122294 0.17087622395754828
0.0998373885154677 0.08560385962103122 0.20359959519795562 0.134519667786406 0.10412597335534053 0.10126642371536905 0.14997939080066458 0.12106770100776539
0.10342086416004688 0.07860644472710732 0.25317090168405426 0.13115159191890488 0.0939841843267861 0.07540534289873997 0.14622423755734618 0.11803643272701439
0.0805622581119695 0.1313416028167075 0.1330830652117465 0.13875997247257563 0.09476820127138139 0.16085747355843402 0.09411545959009478 0.16651196696709072
0.11748090968913844 0.08657484070981578 0.15747633405998485 0.09136201337478793 0.15160376218965155 0.13628055440926676 0.14501906884886973 0.11420251671848491
0.09600407327602697 0.15675282738360513 0.09080483738113791 0.1114745680640547 0.12356040854107643 0.21202496620770048 0.07560883746953274 0.13376948167686561
0.10443004836014029 0.09371449977756507 0.20655030253191511 0.1326820695762414 0.09979299941151655 0.09548561179347848 0.14793060593052587 0.11941386261861726
0.08033575996179587 0.1369927512240412 0.12241467820871747 0.13806117275259308 0.0954957582462152 0.16738498121915796 0.09364149108436748 0.16567340730311167
0.10516792077048871 0.07789983472993355 0.2299725567873951 0.136311786460663 0.09479246495025394 0.08611676891349858 0.15090275098616332 0.11883591640160363
0.07117694132212152 0.11723279580078735 0.07860699495745008 0.08520947231296844 0.13927734250662013 0.24175375716380354 0.09632375131031214 0.17041894462593687
0.12905328941882396 0.11345997353526806 0.16417801722325215 0.10863381446786569 0.13465689902206746 0.13112897718105293 0.12111859613059055 0.09777043302107911
0.09577455155328238 0.1612939001357282 0.12845312950668503 0.1552958224807371 0.08721919110564358 0.1531988552885376 0.07899830969672278 0.13976624023266337
0.14528060214915708 0.10636192246516572 0.1866189143340345 0.10920080290214247 0.12439417123804344 0.1120531092109209 0.12088977773456552 0.09520069996597035
0.07526177792064005 0.12084247531482334 0.07105504477209208 0.08231136659880307 0.14424263212114724 0.24861633826754528 0.0930476318073426 0.16462273319760615
0.13005469847122242 0.11407183395685909 0.16099431605942005 0.10833018329389336 0.1357854363442051 0.13248629687924166 0.12078007003065425 0.09749716496450402
0.12490282713511364 0.09587155147570117 0.16611301874791223 0.09218477175712793 0.1516634179741727 0.12160383206992717 0.1370388547314917 0.1106217261085535
0.10877778261107222 0.08130313726424171 0.23621713414441983 0.1299741221800485 0.10335287052716732 0.07848679664160949 0.14491144666939734 0.11697670996204364
0.08129487395476187 0.13373360279874058 0.1291276039102811 0.13824998226024907 0.09643080223513915 0.16149360294331688 0.0937695531852124 0.16589997871229886
0.10516723921621376 0.0774825858371063 0.23255426767992568 0.13597760661843009 0.0947592027506848 0.08498171760508465 0.15053280016366696 0.11854458012888776
0.08079500207848075 0.1328844443148527 0.12843858356066037 0.13860032818317816 0.09480291685806944 0.16415115206939793 0.09400717911554693 0.16632039381981378
0.10509275409464452 0.07745346258646935 0.2323242350750021 0.13603503646088935 0.0944668903484979 0.08543659690342474 0.1505963773600403 0.11859464717103176
0.08077892174739865 0.1328712901675936 0.12838263559307042 0.13859656759196967 0.09473875776009297 0.16431131757582726 0.09400462845368378 0.16631588111036358
0.10509090838071726 0.07745388516601664 0.23230305087623257 0.13603730827161092 0.09445562332496715 0.08546370390859054 0.15059889234789647 0.11859662772396849
0.08077835969140033 0.13287102700107 0.12837763480071998 0.13859622150938664 0.09473614563351973 0.16432075183322933 0.09400439371941008 0.16631546581126397
0.10509091571562876 0.07745396551634821 0.23230125483956876 0.13603747326119128 0.0944552200643359 0.08546532404374431 0.15059907499814418 0.11859677156103855
0.07122039345134885 0.11714930123856974 0.07894082807378659 0.0852246126170367 0.13921095468104921 0.24146381826748536 0.09634086643665019 0.1704492252340734
0.0996889260633478 0.08758712204182602 0.20297217647788426 0.13419957001405539 0.10395458331892568 0.1011955033989241 0.1496225056723871 0.12077961301264985
0.10331606105337486 0.08014085648494713 0.2526948676512275 0.13091580730750926 0.0938417557582946 0.0753050698563817 0.14596135531150659 0.11782422657675835
0.10255048024480606 0.07768558593305819 0.2708963151632183 0.12883411104401138 0.09041900987541117 0.07002337847171074 0.1436404193281739 0.11595069993961026
0.08025985386444727 0.13276161914133472 0.13671751047993544 0.13828034829074912 0.09379569797234844 0.15845840302682138 0.09379014927546461 0.1659364179488989
0.14070228386715491 0.1038066003069977 0.18994255574167684 0.10940000450520239 0.12635340476000378 0.11331048581925192 0.12111030209774135 0.09537436290197132
0.08538350712521371 0.1376214525091854 0.11735447875459529 0.1351205950356247 0.0994887392096731 0.17123950103792576 0.09164701228503241 0.16214471404274963
0.10245484314855408 0.09061332977865513 0.2195498512375928 0.13385119679851465 0.09511597903827998 0.08871462734467997 0.14923409553506037 0.1204660771186632
0.13690511586925053 0.10623154119743279 0.21413250850383492 0.10777233048203425 0.12127476160110547 0.09653053913627317 0.12015810577623819 0.09699509743383082
0.10980248964107263 0.0817794935893503 0.2541625584158125 0.12782095583926467 0.095674956713181 0.07320985866250206 0.14251082688347866 0.1150388602553382
0.10375133249885689 0.07777057779412261 0.2710999645913892 0.12845498883612036 0.09057554547437446 0.06952037449355068 0.14321772635907748 0.11560948995250833
0.11895978351282314 0.0895628145902598 0.202196039998545 0.09326265300524107 0.1387084088921954 0.10675391879282518 0.13864119760182106 0.11191518360628928
0.1064835329324999 0.07952541822115138 0.25028324304706545 0.1288638546075765 0.09981940559874951 0.07537349526425824 0.14367358118188006 0.11597746914681885
0.11981490390557877 0.09002014768521617 0.19578060426168253 0.09339450131391715 0.1417311440158356 0.10834809827291778 0.13883719896815147 0.11207340157670058
0.10685945214208653 0.07974086024505335 0.24782983367435452 0.1290923184455192 0.10060215853989667 0.07576398904047651 0.14392830131164602 0.11618308660096728
0.10334349963751627 0.0776192548042748 0.26887448684212134 0.1287920461411533 0.09176726587793577 0.07009708506930167 0.14359352010065896 0.11591284152703796
0.10200901212187996 0.07684477272894935 0.2766625572956464 0.12807978662786643 0.08952223457237914 0.06881042479115966 0.14279940389703916 0.1152718079650798
0.08014965515430368 0.13248687446252155 0.1379573439548117 0.1382251858159869 0.09358750991688052 0.15797047298894634 0.09375273472736503 0.16587022297918427
0.10464001936007249 0.07719164316861976 0.23604268391010066 0.13561703352546187 0.09394031246966625 0.08420444228288992 0.15013363092765822 0.11823023435553087
0.0806978278887291 0.13278632469537488 0.1291862159506667 0.1385754815489278 0.09462419239834402 0.16384905304344968 0.0939903266157945 0.16629057785871332
0.10505564686052633 0.07742748980467012 0.23261670100367166 0.13600065210970408 0.09440804132282608 0.08536848535876396 0.15055831246983925 0.11856467106999842
0.08077299988578873 0.13286222265407835 0.12844512076889822 0.13859391183261288 0.09472576104745135 0.1642844624560019 0.09400282715603307 0.1663126941991354
0.1050971954971568 0.07745080161773082 0.23232571218809048 0.13603268548920291 0.09445017617792421 0.08545705668618105 0.1505937747377419 0.11859259760597177
0.08078056455912175 0.13286976788106697 0.1283823708264763 0.1385956421632079 0.0947350058537236 0.16431787734898695 0.0940040007715671 0.16631477059584948
0.11767974400234323 0.08672261012706217 0.1560620662019952 0.09138988092512743 0.15163881308925173 0.13720623144205324 0.14506330305575782 0.11423735115640926
0.08152551836745382 0.13302046232131717 0.11014852480305327 0.13559172348559337 0.10483072903494732 0.18020641352773792 0.09196656027718508 0.16271006818271205
0.10181318438436292 0.09003226249617301 0.21675974777669665 0.13417766254830077 0.09644384110365799 0.09041532491438185 0.1495980804829562 0.1207598962934707
0.1194437428746398 0.09269842846047821 0.18617327987213142 0.09416238884601948 0.14167930995027828 0.11286926802207209 0.13997871535915735 0.11299486661522339
0.12233802768899905 0.09188568373990609 0.1743617327558861 0.0924659212346843 0.1536637785487189 0.11686894823713116 0.1374568023130531 0.11095910548162118
0.12291968249915453 0.09159514280292697 0.1703695694569601 0.09229175053474997 0.1571687161395882 0.11770715205535168 0.13719788586956863 0.11075010064169998
0.1416122383569826 0.1053297279393478 0.19456605974707122 0.10619112627276334 0.13657200058204788 0.10176165237308485 0.11839518108321523 0.095572013645487
0.11131249138841434 0.081954276086354 0.24644674135626593 0.1282845700431005 0.09916093567103502 0.07435715029335897 0.14302772212268072 0.11545611303879047
0.13836606685861783 0.1034271070693266 0.22240181236755074 0.10673953570235126 0.1213282706950875 0.09266500850382105 0.11900661667112894 0.09606558213211613
0.12638609248578672 0.09330231593669788 0.18497647433671688 0.09165026414639539 0.1464093721422857 0.11105089070807009 0.13624427326837288 0.10998031697567448
0.10851140280400765 0.08041397277338971 0.24341635899416422 0.12922847520399508 0.10171925834107602 0.07632479826337721 0.1440801059363945 0.11630562768359556
0.10382765236606395 0.07782113652292416 0.2672278152982832 0.1289450775045419 0.09209518774516069 0.07026842215835198 0.14376413865058624 0.1160505697540877
0.0804889345834655 0.13281236633018037 0.1359328486616376 0.1382956398413852 0.09415200153445787 0.1585629203033152 0.09380052093589605 0.16595476780966223
0.07954584780829145 0.1241298868513189 0.1071482662106545 0.13081232702935214 0.1024347765556055 0.19430424148607314 0.09810924527201412 0.1635154087866902
0.0640006984758636 0.12247081970767593 0.059279782916103446 0.08094987181097928 0.13462980067260816 0.285260732051965 0.09150855074284615 0.16189974362195855
0.07014652091748448 0.13892743443779892 0.08669566493916533 0.13144663445647342 0.09835858058424367 0.22753409472919717 0.08915510858786894 0.15773596134776807
0.07237597787576637 0.14565268963092862 0.09394396886793908 0.13401006711227692 0.09253654795057223 0.20977488337771835 0.09089378465006609 0.16081208053473228
0.13037420722987986 0.12058023278014252 0.17106316363601826 0.10962323554613405 0.12278511422484427 0.12469140779599454 0.12222172679546588 0.09866091199152065
0.10979304452914318 0.08532646676543545 0.23800574679684317 0.12961388390933898 0.09726773829146215 0.0788308163083627 0.14450980788100928 0.11665249551840509
0.10429251817501987 0.0787761288812642 0.26527868302423196 0.1291859139168714 0.09137093685439202 0.07079584334556915 0.1440326532774671 0.11626732252518428
0.10233291531856305 0.0771244077970607 0.27537091640168215 0.12823686001550447 0.08954579710427599 0.06900140034659867 0.14297452900236096 0.11541317401395401
0.10159322828084665 0.07661407641532252 0.27901474990852243 0.1278185483118424 0.08891230590072823 0.06850225503201061 0.14250814267006903 0.11503669348065815
0.09179256822856816 0.1517906619633066 0.15873175578835702 0.15843643463448046 0.08034948844881397 0.13571037432094477 0.08059592544449658 0.1425927911710324
0.10655035057767273 0.07797550925598913 0.2438898923378092 0.1345825551754241 0.09059921147885215 0.08008567886944536 0.14898842086982236 0.11732838143498513
0.08103086064798994 0.13300658338627627 0.1309067854999332 0.13854893374575838 0.09393465154498261 0.1623411444004177 0.09397232027973179 0.16625872049491008
0.10508312283764201 0.07740312649679645 0.2332938103867527 0.13593059446866715 0.09422072747769712 0.08508426737328315 0.15048075578134903 0.11850359517781239
0.071232322738859 0.11715528514355784 0.0790869635258795 0.08523662000665119 0.1391629722234284 0.24129815634080312 0.09635444000751872 0.17047324001330239
0.0996894367091314 0.08758494330263598 0.20303284410630576 0.13419509414378533 0.10394105302085645 0.10116352857682205 0.14961751541105617 0.12077558472940678
0.0795824215083379 0.1352948064432861 0.12166478318301996 0.13813400458225247 0.09637516890666827 0.16949711981324797 0.09369089006448429 0.16576080549870298
0.07925819738907318 0.12421355158112551 0.10396890041431829 0.13060884042094054 0.10275643240254594 0.1979763969501156 0.09795663031570542 0.16326105052617568
0.0874423413154273 0.1674668465141496 0.08049706606240617 0.11066739389744885 0.11051377059362312 0.23555034612260622 0.07506136281740008 0.1328008726769386
0.1149150632998909 0.10717661037083245 0.14138179131825288 0.09296397638216283 0.14511174674777555 0.148696845481245 0.13819719474124503 0.1115567716585954
0.12152128176449194 0.09495184711901883 0.16043703827991707 0.09270367086528729 0.15517433786209248 0.1261571859636445 0.1378102331072032 0.11124440503834475
0.08215660214397834 0.13528010837053855 0.11106712555430436 0.1354428811232504 0.10553763570057964 0.176118583432374 0.09186560632707418 0.16253145734790045
0.10191558470846243 0.09038494575122673 0.2170917339228371 0.13411939331528147 0.09654996943298016 0.08969780424886882 0.14953311463658991 0.12070745398375332
0.08008586188850905 0.13629327351396703 0.124872135224038 0.13834281326704395 0.09499548410428744 0.1655665392570981 0.09383251682460372 0.16601137592045273
0.10507965988880348 0.0777963794968997 0.2309577063416975 0.1362188097798854 0.09462622799510131 0.08576653471096123 0.15079982197854627 0.11875485980810523
0.09610544179486816 0.15820075521419102 0.10628066672241071 0.11500849756725845 0.11275501211341489 0.19563366593978884 0.0780057635673579 0.13801019708071013
0.1042247803979613 0.09368755178601892 0.21315057440546759 0.13242452006671235 0.09726379151923316 0.09242325631705202 0.14764345744751362 0.11918206806004111
0.10394277173649184 0.08085887613794822 0.2563451417224309 0.13038148547296521 0.09215491240170007 0.07360784926204125 0.14536562634075376 0.1173433369256687
0.08051706959627063 0.13370230975071476 0.13355390768416356 0.13835815175373808 0.09417699497804341 0.15981886381265706 0.0938429203199267 0.16602978210448568
0.07954575275458509 0.1242226363163115 0.10663572433593964 0.1308071362252279 0.10243219737706429 0.19474228054041573 0.09810535216892094 0.16350892028153485
0.0875795425505437 0.16762130342805034 0.08103086056241908 0.11077300880344255 0.11053712911686742 0.23439754769916735 0.07513299727537842 0.13292761056413108
0.07424251283046159 0.1517559722617861 0.09142572107695951 0.13159902417886454 0.09372665807376795 0.21007281399003191 0.08925846857349073 0.15791882901463744
0.13057263568756078 0.12310417134927722 0.16967050286041238 0.10924011282555529 0.12278507565874325 0.12451682652218286 0.12179457355326838 0.09831610154299976
0.10978391541890055 0.08658129441948191 0.23728473363809507 0.12947938026725458 0.09721753030245482 0.07876185735561335 0.1443598463576704 0.11653144224052914
0.10424952191038801 0.07954729968103941 0.26491064156108296 0.12909699786167753 0.0913226213162209 0.07075210108262901 0.14393351851145242 0.11618729807550979
0.10227864241858925 0.07775941836287321 0.27515109872956517 0.1281479840620052 0.08949476659481162 0.06895946522960782 0.1428754389467431 0.11533318565580467
0.10153340038433517 0.07721063949681126 0.27885290634246845 0.12772665426314722 0.088858096347394 0.06845862666547264 0.14240568766353875 0.1149539888368325
0.10125411475183099 0.07702661100134937 0.2801820031591342 0.12756809432002494 0.08863014876212252 0.06829883795772655 0.14222890515978903 0.11481128488802247
0.10115110716805922 0.07696260104354717 0.28065837622339174 0.12751066906021255 0.08854826506390867 0.06824449900612421 0.14216488028056534 0.1147596021541913
0.07991113711233691 0.13327166992012998 0.13871390400867903 0.13802001309931303 0.09327657378260754 0.1575691122556151 0.09361357410214274 0.16562401571917562
0.10456736049271702 0.07722926826405005 0.2363395754729293 0.13558469979544138 0.0938573560745556 0.0841218577654122 0.15009783615938158 0.11820204597551301
0.08061767179642249 0.1335893275922498 0.12916506433175493 0.1384262934259416 0.09452582762191736 0.1636751249708148 0.0938891381497691 0.1661115521111299
0.10504479393842849 0.07748536597733255 0.2326092396989485 0.1360023233394463 0.09439037718133457 0.08534160923512912 0.1505601625898632 0.1185661280395173
0.08070429175615434 0.13367529685228302 0.12835897931528334 0.13844708614910622 0.09464188826462884 0.16413271324335335 0.09390324104026336 0.16613650337892744
0.10509111724165895 0.07751098372771299 0.23229267984420307 0.13603720089693097 0.09443733124051906 0.0854353794539898 0.15059877347971193 0.11859653411527317
0.0599689308532487 0.09932608548117602 0.09531902820209237 0.10286652024149216 0.11720974000487139 0.20329276228723095 0.11628389244690418 0.20573304048298433
0.09788348572612715 0.0857665023263633 0.2120198649859178 0.1357719413219783 0.09993804493485522 0.09504983117539897 0.1513755823395788 0.12219474718978046
0.11848487956789965 0.09260291814424712 0.18471806416703945 0.09420978007211694 0.14281454225144527 0.11406891411096722 0.14004916559974398 0.11305173608654033
0.08178005863364518 0.13595263144137668 0.11649153556992946 0.13570659363166854 0.10316699686066651 0.17200979930236224 0.0920444722023491 0.16284791235800222
0.11489232480130804 0.1032235093298935 0.15485687999637218 0.09455116860816841 0.14451999923006353 0.13393805311672682 0.14055666258766528 0.11346140232980209
0.08085720567979186 0.13857491334002478 0.10964396485877426 0.13521687461882087 0.10312962068293655 0.1786048563182143 0.09171231495885242 0.16226024954258503
0.07479792212840403 0.14836105062442706 0.0995816870292194 0.13518278767301226 0.09427664108727613 0.19389137113269908 0.09168919511734744 0.1622193452076147
0.07352483954388496 0.15069046462324595 0.09712633393694989 0.1347289070286094 0.09216855834265478 0.19870486245352786 0.09138134563679594 0.16167468843433128
0.10030690705284447 0.09449810355683375 0.211500770022164 0.13456352141593733 0.09414622572334345 0.09384901862960039 0.1500282843249331 0.12110716927434359
0.13641676655935228 0.10806884350211396 0.2114099877721439 0.10787432723341965 0.12114396495349108 0.09772739092706625 0.12027182454233505 0.0970868945100777
0.10971762475630824 0.08285692864764001 0.2530317177247674 0.12780164306188194 0.09566691081846096 0.07341440165729865 0.14248929457794896 0.11502147875569373
0.08133914866297746 0.13493463936170141 0.13264149813957768 0.13793977135971608 0.09469231942523793 0.15936574814906185 0.09355914927006831 0.1655277256316593
0.07968746844460484 0.12435765736045783 0.10644117512053122 0.13079917943827685 0.10254266718660132 0.19457349357297435 0.09809938457870764 0.16349897429784604
0.07455316269903116 0.1441346981851578 0.09883802533395018 0.13512112717155392 0.09409460711876523 0.19946565367366673 0.09164737321201048 0.16214535260586468
0.11525272598963016 0.09548175384541702 0.14591537556837916 0.09051685771171876 0.15044633719818368 0.14556332562365984 0.1436775519233631 0.11314607213964845
0.05941034474691179 0.1000649843914805 0.07909373576769742 0.09926308743912181 0.1276921193833895 0.2237391067228439 0.1122104466703116 0.19852617487824362
0.12729014024557556 0.1118925544574672 0.16651003779010262 0.11041699213424729 0.13303739519415758 0.12837088110198142 0.12310670615564584 0.09937529292082255
0.109186081748981 0.08470812556877304 0.23615330280280386 0.12969148512351492 0.09944000934760296 0.07950233135348081 0.14459632744368003 0.11672233661116341
0.093288381951819 0.15557752954850745 0.14806365741875166 0.15845613229192582 0.08222120234043573 0.13917663182863013 0.08060594555719705 0.14261051906273323
0.1064762077932102 0.08603175039904999 0.23833409800092217 0.13366537395730016 0.09059168711038651 0.0803990316278599 0.14797306355875312 0.1165287875525181
0.0808195985950129 0.1364135239010341 0.1294436561694762 0.13813414485080855 0.09369689121795825 0.16204022624158265 0.0936909852031571 0.16576097382097024
0.10440198431279057 0.08431860046149059 0.2314508109430554 0.1347962449049267 0.09363230884632492 0.0846603913015568 0.14922498418453423 0.1175146750453207
0.09568673704834749 0.16161869959782582 0.10611012444324451 0.11459841016409784 0.11217649308145125 0.19456382613942325 0.07772761732869245 0.1375180921969174
0.13486549943887852 0.12433054867808174 0.17249091373972383 0.1071167561142509 0.12583149019868928 0.11953252204793009 0.11942718927962004 0.0964050805028258
0.08395486534761284 0.14483945794177022 0.11303855469811674 0.13433371672021935 0.09887994908845987 0.17263969262497422 0.09111330351458355 0.16120046006426317
0.14079897412743014 0.11433204233869311 0.1798694627662978 0.1082599156817791 0.12681627207992743 0.11569471678901852 0.11984817690453366 0.09438043931232025
0.08511405126582139 0.14206296289126452 0.11481334063364947 0.13454375571951832 0.0992437469048039 0.17151387097262977 0.09125576474889069 0.16145250686342197
0.14110301777402898 0.11382204007477648 0.18046002200942002 0.10821226344001517 0.12686227913172854 0.11540605732365163 0.11979542391405829 0.09433889633232091
0.08517297492711057 0.14191989034771701 0.11494971352108706 0.13455200134081 0.09926073016805297 0.17142093065509237 0.0912613574311581 0.161462401608972
0.10568803313817626 0.08522496596350981 0.22531195869914108 0.13506904455801605 0.0950122727305048 0.08641423991224989 0.1495269846144907 0.11775250038391144
0.07110845056518597 0.12001680290729468 0.0778219214034208 0.0849340329503241 0.13897592604562262 0.2412624151532242 0.09601238507427941 0.1698680659006482
