0.125 0.125 0.125 0.125 0.125 0.125 0.125 0.125
0.09106475716064757 0.15177459526774598 0.10927770859277709 0.18212951432129515 0.0793897882938979 0.13231631382316314 0.09526774595267748 0.1587795765877958
0.111530955914626 0.08783062778276798 0.14699730779545098 0.10539675333932158 0.1394136948932825 0.10978828472845997 0.16729643387193902 0.13174594167415196
0.0641953330371957 0.10699222172865949 0.06557317187868127 0.09629299955579354 0.1448242317638116 0.21398444345731898 0.11555159946695225 0.19258599911158708
0.053497942386831275 0.09465020576131689 0.0668724279835391 0.1183127572016461 0.10699588477366255 0.18930041152263377 0.1337448559670782 0.2366255144032922
0.09644909867738423 0.07595366520844009 0.20484662649407515 0.15190733041688018 0.09241709301590272 0.07782649530947013 0.16816765923236227 0.13243203164548528
0.07208921960622253 0.12014869934370423 0.11602066242376145 0.14417843921244505 0.0979785558605469 0.16122754512842968 0.1081338294093338 0.18022304901555633
0.07085682525815995 0.11809470876359993 0.1015664402564071 0.1417136505163199 0.09682286527727305 0.18751820889560036 0.10628523788723994 0.17714206314539988
0.05972669895301429 0.09954449825502382 0.06300976390595019 0.08959004842952144 0.13906107247059382 0.26237976301142796 0.1075080581154257 0.17918009685904288
0.08393784694602409 0.14850542151988877 0.07317658451704663 0.12946626491477484 0.10072541633522891 0.22101704644885098 0.08781190142045596 0.15535951789772978
0.0927837244310434 0.07306718298944667 0.20895052525807578 0.14613436597889334 0.09491822098260559 0.09497003921651653 0.1617767502900244 0.1273991908533942
0.06003668587319356 0.10006114312198928 0.07926172519876182 0.09005502880979036 0.13981780780583714 0.2425915169990988 0.10806603457174842 0.1801100576195807
0.06870439336693972 0.12155392672612411 0.08588049170867464 0.15194240840765513 0.08244527204032766 0.20408602761068312 0.10305659005040958 0.18233089008918615
0.09172555131699565 0.07223387166213407 0.2186947378867162 0.14446774332426815 0.09139971186248298 0.09560041567609967 0.1599317305014283 0.12594623776987482
0.06854988162985677 0.11424980271642797 0.1285275630055856 0.13709976325971354 0.09944748297055314 0.1779259798984359 0.10282482244478518 0.17137470407464192
0.08359284855673317 0.13932141426122197 0.10017928299931804 0.12538927283509976 0.12280452073391376 0.2594371422863285 0.09404195462632484 0.07523356370105987
0.07337952519371961 0.12031368845446079 0.08500423640804296 0.150392110568076 0.08160406695172123 0.20683075605263657 0.10200508368965155 0.1804705326816912
0.0909070385102205 0.07158929282679864 0.22146321474414835 0.14317858565359728 0.09058669277478162 0.09894823880026639 0.1585045799665383 0.12482235672364891
0.05875781414935641 0.09792969024892735 0.0853364173825091 0.08813672122403463 0.13640484002943398 0.25139700904882767 0.10576406546884153 0.17627344244806925
0.06021430563342721 0.1008679111776851 0.04970302869625063 0.0879361276933665 0.11402459524433967 0.3119757187756965 0.09940605739250126 0.175872255386733
0.06856662958323345 0.11452810237890657 0.08091659407205355 0.14316012797363323 0.07767993030917142 0.24625654922817783 0.09709991288646427 0.17179215356835986
0.08052881905435692 0.13421469842392822 0.11836368709947499 0.16105763810871385 0.0799082874347519 0.20127211313226026 0.08424553377994264 0.14040922296657107
0.05318335121730712 0.08193162410674433 0.07853508248068357 0.0983179489280932 0.11239892188193559 0.26101563481533785 0.11798153871371185 0.1966358978561864
0.08095696564641552 0.147054502011214 0.06709295328113879 0.11870291734355325 0.09235147686933222 0.2708861400987157 0.08051154393736655 0.1424435008122639
0.09788597320268888 0.08383347025772939 0.18115400230669007 0.14623274884997872 0.08151930103801053 0.11472642830390055 0.16303860207602106 0.13160947396498088
0.10916164239469277 0.07823348587156567 0.17924516152360467 0.0938801830458788 0.14219852397749455 0.13091461081452807 0.14901616356488698 0.1173502288073485
0.07417972277321447 0.1276906786708526 0.09840874321925316 0.1483874219225056 0.08051630546055956 0.19210683982090845 0.10064538182569946 0.17806490630700672
0.11268556057668087 0.0783554660896236 0.15218348514900995 0.09402655930754832 0.14226497874131733 0.15370224416400624 0.14924850683737828 0.1175331991344354
0.073112564923162 0.12540254402031237 0.09460194032268819 0.14548246465920572 0.09004373036882574 0.19810273512851537 0.09867506298624387 0.17457895759104686
0.10364189118023626 0.06977317842815617 0.22432999752406096 0.13954635685631234 0.0897619244268177 0.09680729992166094 0.15448355337776537 0.12165579828499024
0.08267600684898663 0.11064389948342937 0.1326400364117504 0.13277267938011525 0.09665502271351166 0.1790669964019762 0.09957950953508643 0.165965849225144
0.06668256514846486 0.0930500712119922 0.06986733379586918 0.08374506409079298 0.13133268440731066 0.2873380762550325 0.10049407690895157 0.16749012818158596
0.06656201650867381 0.12076327782823454 0.08345850512905428 0.13772174781499527 0.09259567770408235 0.24022140520592503 0.09341127243104029 0.16526609737799433
0.12339168350697693 0.10473815031988512 0.15671734601775833 0.11662745744712548 0.12126111926359798 0.14226862023029888 0.13003091151194437 0.10496471170241291
0.1068782902729317 0.07820059899764271 0.2029690264565375 0.1414070305068231 0.09589068898747073 0.08972975107081636 0.15765828625163708 0.12726632745614075
0.1443308843622349 0.09085342046853181 0.22108119192343523 0.10902410456223818 0.11814062765857401 0.10082895035685317 0.12069416540874556 0.09504665525938713
0.07088889568860343 0.10867704885315888 0.06862347389891002 0.08663913179659123 0.13643652538736867 0.25751677266429973 0.09793988811788573 0.17327826359318246
0.0972588270003551 0.07731969624356319 0.19379508693229314 0.1387685458980128 0.10261728560316179 0.11063229419975229 0.1547165728146501 0.12489169130821151
0.10648146338910473 0.06649226108129004 0.2658042386201651 0.13298452216258008 0.08746323379704499 0.077619723866191 0.1472193326341953 0.1159352244494288
0.06773461278802335 0.10723600899705535 0.08039520312148273 0.08746239693740394 0.13678143134109325 0.24659501727176383 0.09887053566836966 0.1749247938748079
0.10693967998368778 0.08533731055585062 0.14163289068214013 0.09580681851358758 0.15141787360028944 0.16147397394137322 0.14242327050676604 0.11496818221630509
0.10007146332514813 0.0734140860234383 0.2237605770860985 0.13464555278563423 0.10615904618425187 0.09064853390795706 0.15011974318040114 0.12118099750707081
0.12896437621479426 0.09462099481535881 0.21837194037435145 0.10982893458525497 0.12607895270809186 0.10083769430200802 0.12245106587341113 0.09884604112672946
0.0819758351857392 0.12145937712177789 0.12513267913550696 0.13778817117431505 0.1009553881198857 0.17388641905710533 0.09345632479649194 0.165345805409178
0.10028234954067537 0.0763169880607151 0.22469279163432535 0.1353059857376408 0.09753534490621928 0.09323507632070023 0.15085607663584727 0.12177538716387673
0.07828959556395136 0.12055416479346782 0.1305256108837034 0.139402260077112 0.0971990551120843 0.17219550333788827 0.09455109813925858 0.1672827120925344
0.09902875562026192 0.07585002129341685 0.23001868219768953 0.13454973705209824 0.09695532538372025 0.0924897993179885 0.1500129157879364 0.12109476334688843
0.09940266884550938 0.06993362090614458 0.2722869396198869 0.12939798241994815 0.09337639761507159 0.07487511258309594 0.14426909383238995 0.11645818417795334
0.07778034762518304 0.11901217983139332 0.14460930613194894 0.13835067419305674 0.09655466804968904 0.16383416655394412 0.09383784858311675 0.16602080903166808
0.12905110801152403 0.09878305302849821 0.1962444098732371 0.10962030867323831 0.1263295458934869 0.11909483316349048 0.12221846355061049 0.09865827780591448
0.14235723267623165 0.09328258918588024 0.21163274492726294 0.10520140524812639 0.13086540216996007 0.10468764506870208 0.117291716000523 0.09468126472331374
0.11005867359835546 0.0697063175279336 0.2636148083193672 0.12638824105137478 0.09945968071497041 0.07610940502776585 0.14091345681399545 0.1137494169462373
0.13630769116053734 0.09045659846228751 0.2397611895997711 0.10511295029493078 0.12259135377546383 0.09397546611274604 0.1171930953288258 0.09460165526543769
0.08642211829873213 0.11876803973711472 0.13589644884394414 0.13491146676584156 0.10157318797826444 0.16902980949417443 0.09150516876291863 0.16189376011900986
0.10301522241402178 0.07468470625786834 0.23444735680285875 0.13248491658238296 0.0971806965015959 0.09123988146184393 0.14771079505528367 0.11923642492414464
0.11992148000955609 0.08007239137527662 0.20036414940470876 0.09261536644840763 0.14366170319883448 0.11454750716450923 0.1376789626606179 0.11113843973808916
0.10813636005647471 0.06897996515430664 0.2594489469055814 0.12674146233685352 0.10316621271448234 0.07815246454162655 0.14130727218750683 0.11406731610316817
0.10402619638743167 0.06758408877104972 0.2857848089603596 0.1257049200345549 0.09293783291051724 0.07067612003064026 0.14015160487434702 0.11313442803109941
0.0940857918693647 0.13502904562972662 0.17077345117740078 0.15717194373134363 0.08279583327526474 0.13873650053883285 0.07995268441985742 0.14145474935820926
0.10475095050372103 0.07488604049788536 0.2498100637783718 0.13078922756378936 0.09171204289877766 0.08452114160653595 0.1458202283435084 0.1177103048074104
0.08258726180343667 0.11884162554662753 0.13982027393080307 0.13738585457381405 0.09604785499262965 0.16727065447491646 0.09318344918919562 0.16486302548857684
0.1030168640127734 0.07460828123615565 0.23655214273691177 0.1323473446490638 0.09600414273061592 0.09080120183412702 0.14755741261619498 0.11911261018415742
0.10431844338150512 0.06877053622593521 0.27699250720237306 0.1272521749055463 0.09252115220924106 0.07374155007168655 0.14187667858872102 0.11452695741499168
0.10298289796751173 0.06719160854842644 0.2932099085629896 0.12499465049878611 0.09027069907936702 0.06949534254685756 0.13935970734715408 0.1124951854489075
0.11974952729237938 0.07820974833155846 0.21985308789188934 0.09105817013142331 0.1396141529742942 0.10688142347313884 0.13536408574760836 0.10926980415770796
0.08452286009702302 0.11701294676227504 0.13093761160206124 0.1345739794552284 0.10613962535880134 0.17404793705218186 0.09127626432615492 0.16148877534627407
0.11771007972822399 0.08441476710007083 0.16444108528988458 0.09370964418956419 0.14869614353016697 0.13927102711549902 0.13930568001911336 0.11245157302747705
0.10983784299298267 0.07008452108624379 0.24406385189793922 0.1282116425845893 0.10580956927028588 0.08365568039304036 0.14294641344878836 0.11539047832613038
0.10581414109124299 0.06795569389614986 0.2794499493675495 0.1262558050062582 0.09414679351531606 0.07198159211087374 0.14076580050697743 0.11363022450563239
0.10358104848342492 0.06698086712059331 0.29402364751546645 0.12468750888257625 0.09045427158521661 0.0690366310523076 0.1390172673660962 0.11221875799431864
0.12031511142246702 0.07811285085914906 0.22003313840724026 0.09095796797211692 0.139559187040396 0.10665705422428677 0.13521512850780365 0.1091495615665403
0.10834394659486085 0.06816291914095045 0.2676559170933094 0.12543460256628036 0.10164629275649732 0.07601495846828282 0.13985022107016631 0.11289114230965232
0.08344121003410657 0.11750862099941521 0.14417151285046684 0.1366788901210347 0.09831463948080729 0.1631665155042261 0.09270394286470182 0.16401466814524165
0.09035757329772043 0.14238975789436165 0.13020125019707515 0.15803136164637227 0.08427699839395696 0.17212496651214576 0.08038986657663286 0.14222822548173505
0.10570563609739156 0.07647841302341493 0.23220647253384186 0.13268370223911477 0.09362116527875437 0.09195685258449027 0.14793242622778915 0.1194153320152033
0.08312416116950443 0.11901133922633231 0.13537191688866287 0.1373775325214067 0.09676627193091998 0.1703179345707925 0.09317780466669323 0.164853039025688
0.10365291692853167 0.07468414537415799 0.23450455659251235 0.13244904937752647 0.09636936523644621 0.09146501625252573 0.14767080579852576 0.11920414443977381
0.08269674218225499 0.11874287823978186 0.1359176728944504 0.13730629984741688 0.09738575471427889 0.1700536019736253 0.09312949033129145 0.16476755981690025
0.09021136682661465 0.14256964438006367 0.12784734159465239 0.1580631919496977 0.0840850605500226 0.17456046343067919 0.08040605851354186 0.1422568727547279
0.10576975242007614 0.07655443328957012 0.2311688760277607 0.13279446795689598 0.09365328127821995 0.09248824612925383 0.14805592173701682 0.11951502116120637
0.08314898131830496 0.11902059601320043 0.13510827804323536 0.1373791130904974 0.09677216305331439 0.17053705606799138 0.09317887670485911 0.16485493570859688
0.11773500379928845 0.08481989814130687 0.16635791211922119 0.09401433003826773 0.14593173777780724 0.1385653060810011 0.13975861599718606 0.11281719604592126
0.12485623690969228 0.0796364781533274 0.17396159545920842 0.0910174417002203 0.15951561307324863 0.12648816446490505 0.1353035401991335 0.10922093004026437
0.08551998439079396 0.11681695033798109 0.1191228458755875 0.13414943287358227 0.11070451172635196 0.18171864435488783 0.09098831099251667 0.1609793194482987
0.10457678746671184 0.07470415516795521 0.22674443667887248 0.13269787871847705 0.09997943054248233 0.09392098863453995 0.14794823194433188 0.11942809084662934
0.08286948352911208 0.11872233056632599 0.13395271416143795 0.1372819099107037 0.09828043262362797 0.17104188972434028 0.09311294759160774 0.16473829189284442
0.13481125217299816 0.10550903535185376 0.19034449433650336 0.10744317151362553 0.12598813240748705 0.11941394176470442 0.11979111809056459 0.09669885436226297
0.11269526685503081 0.07600429222112136 0.2540560520785501 0.1257700646500576 0.09929517358534086 0.07876185616575346 0.14022423625909405 0.11319305818505185
0.10582761899925808 0.07172853521665917 0.28291057612752446 0.12499947494182218 0.09214289663581275 0.07052628439017726 0.13936508624110622 0.11249952744763997
0.10315757075127978 0.0705509015870292 0.2948826057565252 0.12381802766779597 0.08970437911513233 0.0684024295229472 0.138047860698274 0.11143622490101637
0.10206274573100843 0.07010035645397021 0.29973501373389083 0.12325053396234656 0.0887817072496029 0.06772901473609474 0.13741514756697443 0.11092548056611191
0.13588474615046914 0.0934991339100065 0.2521498254418139 0.10281371576310787 0.11824157720737537 0.09024903692992035 0.11462962041050982 0.09253234418679708
0.12792749023340588 0.08427084506006115 0.20261628436463458 0.08879207429063746 0.14717572889972988 0.11067170592295295 0.13199538207981332 0.10655048914876496
0.11036344776731254 0.07297093777046545 0.2591469058292149 0.12505721405757472 0.10373299000511711 0.07674755087221677 0.13942946104628107 0.11255149265181724
0.10500967761775062 0.07118971086181909 0.28493069704243584 0.12467862656606099 0.09297219376600496 0.07000096599043253 0.13900736424604113 0.11221076390945489
0.13729024834087106 0.09398789560453728 0.24664218708748728 0.10318220716347493 0.11990631894203042 0.09108669559191075 0.11504046082256085 0.09286398644712744
0.11101638598434861 0.07296084395600821 0.2776069500172114 0.1229089355773605 0.09589910413976431 0.07195544744555066 0.13703429086013177 0.11061804201962447
0.10447750727765467 0.07069027426671602 0.29243979102077994 0.12376494973917404 0.09058907815281667 0.06866126200870189 0.1379886827689 0.11138845476525663
0.10245396128830597 0.07015868320001764 0.2987036949317441 0.12332229474704752 0.08906015248938894 0.06781599258451955 0.13749515548663355 0.11099006527234276
0.1194740589823943 0.08213720691751324 0.22110534521201022 0.09031139761081124 0.13862144141905633 0.10572291448588589 0.1342539582393552 0.10837367713297347
0.09691887134416832 0.14279207196629334 0.15037937011930974 0.15354466812736225 0.09117008740063934 0.1488972246367253 0.07810750509087559 0.138190201314626
0.10525676380292144 0.08770682040867518 0.23841924123471453 0.12909480765921516 0.09336433912394092 0.08604162427808416 0.1439310765991548 0.11618532689329364
0.10450073313702751 0.07663682906273109 0.2764891581830489 0.12565067979644387 0.09132214027639293 0.07222371667092414 0.14009113105663215 0.11308561181679948
0.12025474378675766 0.08629971126523432 0.21337480019508145 0.09041392950428502 0.13964267550068846 0.10711104555733668 0.13440637878547446 0.10849671540514202
0.1079304724907368 0.07597101903408889 0.26367598383151153 0.12440449650191109 0.1015925352844246 0.07575971632362559 0.13870172968198144 0.11196404685171996
0.10400689214828869 0.07390452883636277 0.2864677716522291 0.1240273906638328 0.09215186486106353 0.06953561542602268 0.13828128481475088 0.11162465159744953
0.1198188502940233 0.08557487730016211 0.2166205328721146 0.09014271068058852 0.13958825485277143 0.10608032739577401 0.13400319378785994 0.10817125281670621
0.10768848283698329 0.07575977530131221 0.2650406177186004 0.12423626933314781 0.10147082604949004 0.0754772174175563 0.13851416894307675 0.11181264239983303
0.13811473536947166 0.09815186043334648 0.23847934937725265 0.10299174637607524 0.12241791597117332 0.09232370947611117 0.1148281112581018 0.0926925717384677
0.08731420478212942 0.1323011211634732 0.13428318586345628 0.13188963340473597 0.10099055495869058 0.1654981623020975 0.08945557743973398 0.15826756008568316
0.10346311575568075 0.08659559560621206 0.2315610769379481 0.1300693857953857 0.0963351040913062 0.08989561610634662 0.14501765849127332 0.11706244721584713
0.10431621318603038 0.07666541172281964 0.2736769850948314 0.1260058618015852 0.09224699218341645 0.07319612790364513 0.140487132486245 0.1134052756214267
0.10291027931218043 0.07389227171845052 0.29086002471174105 0.12386228214094398 0.0898837658174045 0.06901812123916841 0.1380972011332614 0.11147605392684959
0.11944614867316901 0.08553299828561488 0.2181543286078977 0.09009589430245668 0.13874185652833176 0.1059801023421986 0.13393359809738334 0.10811507316294801
0.10753453473244422 0.07570972648331047 0.2656936995917621 0.12415872389047387 0.10122146599939988 0.07551128623971443 0.1384277115614686 0.11174285150142649
0.10382458886189692 0.07380127057131079 0.2872845832904276 0.12391289138517625 0.0920024583330224 0.06949897864773606 0.13815362666377112 0.11152160224665865
0.08174853230237301 0.1279895014226104 0.14807366102278494 0.1348446076441068 0.09525059811695516 0.158819749481369 0.09145982083687244 0.16181352917292816
0.1156856730683976 0.09740445046842172 0.1692063076056756 0.09225620507254156 0.14362307336071298 0.13397179918458665 0.13714504515261403 0.11070744608704988
0.10846638896848025 0.07901008981890995 0.2447797710406747 0.12652595531781302 0.10415379452613498 0.0821236425980653 0.14106699794389005 0.11387335978603175
0.08264921942655973 0.12941150267775484 0.13730147812738325 0.13493086255636907 0.09814144394434193 0.16413013403128052 0.09151832416866773 0.16191703506764288
0.10233146994245254 0.08619267641327069 0.23327941682943132 0.13027624472701074 0.09574609843529945 0.08967718263542405 0.14524829076280152 0.11724862025430967
0.13779705020415797 0.10146854933338117 0.2272848274119678 0.10432267755865585 0.12202124536908464 0.09690324011650563 0.1163120002034566 0.09389040980279026
0.11159384340342357 0.07774899595223798 0.26900278396287736 0.12321516855259719 0.09679679577036032 0.07337304288685231 0.13737571777431357 0.11089365169733748
0.08323644592687744 0.12895543986394895 0.14340017421130283 0.1347188068389845 0.0963296438061749 0.16032242607253197 0.09137449507339818 0.16166256820678138
0.10226911437669599 0.08593768540867527 0.2359815224275316 0.1299932989072739 0.09511897702875645 0.08877260554536578 0.14493282728915463 0.1169939690165465
0.1038727244812284 0.07645735589660331 0.27555779863333113 0.12583051575971815 0.091851246465119 0.07289125984516479 0.14029163473508874 0.11324746418374633
0.10273205329119513 0.07381006032383106 0.2916304388174814 0.12377389998363045 0.08974150355236972 0.06891687242268461 0.13799866162354021 0.11139650998526743
0.08152402785808587 0.12798041397601656 0.1491563702588821 0.13482862105117202 0.09470693720670176 0.1585603066312883 0.0914489777564471 0.16179434526140637
0.10164979268079292 0.08563449458156025 0.23858566408728304 0.12977476161654825 0.09457859934515177 0.08829022771502182 0.14468917451874852 0.1167972854548934
0.08132164117810313 0.13130701901093608 0.13569238285048152 0.135139764351716 0.09589716280522159 0.16681429849944898 0.09166001408203348 0.1621677172220592
0.10207409618172443 0.08657616473974437 0.23263289490678143 0.13040297402906775 0.09530222887352745 0.09025938016580907 0.1453895844771845 0.11736267662616098
0.081411313682782 0.13157869342714887 0.13420034855736304 0.13517757502096878 0.09607776352414205 0.16765555618299308 0.0916856595794397 0.16221309002516252
0.07605831783755736 0.14142883228920802 0.10794877699254304 0.1330739330697757 0.0947035206099318 0.19683905795688378 0.0902588415603696 0.1596887196837308
0.13216373032264198 0.11580495773379529 0.17892544051667672 0.10694232847752452 0.12472275583978971 0.1259599759981419 0.11923271548165794 0.09624809562977206
0.12778119261698603 0.09287190129962497 0.17702713640357592 0.08946459009932936 0.15069386380252514 0.12180868566035734 0.13299512199840605 0.10735750811919523
0.11101601225652595 0.07781931818297891 0.24760294866564633 0.1256707916166666 0.10526793787053758 0.07940572471734636 0.14011355423529842 0.11310371245499995
0.13971125998039802 0.09894040859587953 0.23190888166993437 0.10339872092361888 0.12400457743013354 0.09369544506140055 0.11528185750737806 0.09305884883125698
0.1289026155904733 0.08893845485996753 0.19508959463104456 0.08852486135946461 0.14912857911851107 0.11158790869869378 0.1315981521104877 0.10622983363135752
0.11058048606568378 0.07666454161290474 0.2553482417668989 0.12478101920519745 0.10422339624053285 0.07697787342666793 0.13912152439743655 0.1123029172846777
0.10493633007065385 0.0742010294568268 0.28296026566080673 0.12434947918621576 0.09299824514791757 0.06999972972923413 0.138640389480751 0.1119145312675942
0.1026623319454714 0.07320336833279487 0.29451643539107164 0.12330463181148196 0.08970442613019221 0.06815917512704663 0.13747546263160748 0.11097416863033376
0.10169208086957814 0.07275171860807135 0.29922745521379795 0.12277775499622166 0.08860971877657921 0.06755325773739473 0.13688803430175758 0.11049997949659951
0.08127988753732898 0.12761913133222202 0.1510394010112558 0.1347236781336394 0.0943923765231725 0.15789931262006734 0.09137779908194672 0.16166841376036725
0.10125561159728565 0.08810663982698942 0.23894828989484038 0.1292024686496846 0.09421189769887453 0.08794175997848322 0.14405111056912595 0.11628222178471613
0.10331744955340119 0.07842840877825251 0.27650093246278457 0.12532813136753054 0.09137721342012826 0.07252103255795314 0.1397315136291721 0.1127953182307775
0.10239158706709603 0.07559856819108057 0.29177625580911515 0.12341320828367447 0.08945324841881025 0.0686987274795361 0.13759651729538033 0.11107188745530704
0.10157777403395175 0.07465614897586795 0.29792462397250197 0.12263281590293952 0.08850634048372182 0.06760632428927317 0.13672643802909823 0.11036953431264557
0.10114517291286897 0.07431599344390635 0.30039639244677646 0.12232449666801051 0.0880914329619361 0.0672517794742415 0.13638268509105053 0.11009204700120946
0.0809441012967992 0.1303800546477095 0.15104422905563283 0.13422763496403733 0.09399661835680499 0.15729284731178064 0.09104135241039056 0.16107316195684482
0.11504076622526359 0.10076944566149114 0.16983247170636706 0.09181628385351318 0.1427017753216263 0.13316864389394226 0.1364910727135808 0.1101795406242158
0.10806594755670018 0.08155633321449905 0.24467620371016116 0.12608932828827832 0.10374383439981999 0.08180776598102535 0.14058019139006553 0.11348039545945049
0.12138290144638116 0.08924503512927705 0.2019449762132527 0.09041354167953815 0.14413411032103812 0.10997738293712671 0.1344058022579403 0.10849625001544579
0.10841718217763749 0.07847936129100005 0.2583896853681586 0.12449322526827775 0.10285634709224875 0.07651964042629703 0.13880065563493055 0.11204390274144997
0.12117582215275484 0.08836557108371636 0.20654423386810977 0.09013170739607072 0.14345047868717972 0.10818730127048604 0.13398683666639766 0.10815804887528487
0.10818773889577173 0.07818901263312093 0.2603536289097905 0.12427360355689965 0.10253261446895985 0.0760613645178238 0.13855579381642394 0.1118462432012097
0.104013674516829 0.07583916698180217 0.284831438275655 0.1238456710605813 0.09232778926760146 0.06960247492471806 0.13807868101828988 0.11146110395452317
0.11962498562825893 0.0876238093766215 0.2158377411182117 0.0899164639580016 0.1394360617892259 0.10599431854101916 0.1336668628390591 0.10789975674960192
0.08348849871922777 0.13250313675073716 0.12836133941860756 0.13184240217651363 0.10493044327718344 0.17123975470010486 0.08942354234580925 0.15821088261181634
0.10239631140020407 0.08951578870284957 0.22841817927879443 0.12983140325904077 0.09723678367341415 0.09100094502942083 0.14475232572313948 0.1168482629331367
0.10397121807502291 0.07896042393845004 0.2720704981980227 0.12579579554878095 0.09239259355588383 0.07334033039898225 0.1402529242909543 0.11321621599390287
0.10271626846443789 0.07581446851887447 0.2899655459147853 0.12362546094805456 0.08982444298445824 0.06895773513972737 0.13783316317641306 0.11126291485324909
0.10172476090188784 0.07474407073812415 0.29719137703876486 0.12272066148914557 0.08864796764181948 0.06769818754794989 0.13682437930207722 0.11044859534023102
0.10120840741460592 0.07435158703795906 0.3001003229221628 0.12236004267028185 0.0881467629381559 0.0672865223826844 0.13642231623089632 0.11012403840325366
0.10097292380377439 0.07420161371977521 0.3012714038384003 0.12221680820734494 0.08794029524113968 0.06713920730909449 0.1362626204938607 0.10999512738661045
0.08090525808815678 0.1303362898509047 0.15126033696383795 0.1342156983071341 0.09395507085721402 0.15723525172109193 0.09103325624309964 0.1610588379685609
0.10112996845133915 0.08858526142576516 0.23901130084971858 0.12915459125938936 0.09408452961622499 0.08779748541222607 0.14399773085188633 0.11623913213345043
0.1032826103600908 0.07851166534295174 0.27652680476401803 0.12532344970228276 0.09134563671915526 0.07249243445764797 0.13972629392179883 0.11279110473205449
0.11966562132239186 0.08837724633211469 0.21315313549004478 0.0901537296912289 0.13939371937511494 0.10705249787237052 0.13401957428725966 0.10818447562947467
0.10759768563500854 0.07804549853246852 0.26326521346421655 0.12404295160492305 0.10140264434292812 0.0757087158732223 0.13829863410280227 0.11163865644443074
0.12085253821714531 0.08821141719322305 0.2082170917463176 0.0900564802591624 0.1428395668807443 0.1078801229175978 0.13387500647481454 0.10806777631099486
0.09637793498989326 0.15272404086246766 0.14555242564652562 0.15176269522170147 0.09128467810747808 0.1485107762509283 0.07720102322147424 0.13658642569953133
0.1049133882449789 0.09252555628395062 0.23559486247591033 0.12861050303460614 0.09322101511684758 0.08599410902770914 0.14339111308485192 0.11574945273114552
0.12097508404277232 0.09193023274960382 0.19933066366695681 0.09088900988726072 0.14103759199285598 0.1116579881126858 0.13511261768315175 0.10906681186471286
0.12400296931493553 0.0904137467711587 0.18390585025440845 0.08910273276730353 0.1559077679504526 0.11728645685047782 0.13245719677049897 0.10692327932076423
0.09705211263053853 0.15341058388365433 0.13851911860085825 0.15162618418057844 0.09394424261365276 0.15185261167981584 0.07713158064838121 0.13646356576252058
0.1053141433645846 0.0928505552235702 0.23240541158473302 0.12888190151531123 0.09404825291469418 0.08681232189610655 0.14369370213722013 0.11599371136378009
0.10452421655195254 0.07941119777735682 0.27365204490221695 0.12553593723449163 0.0914947596829435 0.07243629867706301 0.13996320166293316 0.11298234351104246
0.1027901736169457 0.0758447440100048 0.2905957242674282 0.12353768871877159 0.08956387030495952 0.06874857554406694 0.13773530369092893 0.11118391984689444
0.11920375244495568 0.0875767090798191 0.2178574108567185 0.08986077011934696 0.1383894632422486 0.10569489990642679 0.133584070207268 0.10783292414321634
0.08340282560743774 0.1324850894945615 0.1288642351881263 0.1318365049410159 0.10467811438053022 0.1711098819773769 0.08941954248173252 0.15820380592921907
0.1023579891153364 0.0894986946057589 0.22864788367312505 0.12981117661735103 0.09716209087567296 0.0909623316300334 0.1447297745271063 0.11683005895561593
0.10395330575230984 0.07895106140380569 0.2721672647380998 0.12578510337074286 0.09236823772377195 0.07332743066723572 0.14024100331036554 0.11320659303366856
0.1027082656236241 0.07581015266436596 0.29000519696099053 0.12362081580386014 0.08981586662848359 0.0689529839079128 0.13782798418728884 0.11125873422347413
0.10172132353770724 0.07474222179637309 0.29720746013608695 0.12271874398054139 0.08864479390785637 0.06769634563586628 0.13682224142308122 0.11044686958248727
0.10120696689676748 0.07435082004600553 0.3001068200961451 0.1223592619906901 0.08814555804395138 0.06728579130340799 0.1364214458314112 0.11012333579162106
0.10097232821914831 0.07420129953291436 0.30127402279173654 0.12221649052983888 0.08793983751700461 0.06713891362535361 0.13626226630714872 0.10999484147685498
0.10087139433728576 0.07414283000832605 0.30174417368612244 0.12215954098378136 0.08785631707092309 0.06708338521489746 0.1361987718132607 0.10994358688540322
0.10082922816613803 0.07411965786785317 0.30193364696330066 0.12213672796316624 0.0878226094771319 0.06706173739782122 0.13617333699773906 0.10992305516684962
0.10081188373840855 0.07411040386854843 0.302010032291329 0.12212756308862549 0.08780903232391443 0.06705315906283911 0.13616311884657198 0.10991480677976295
0.10080480969157862 0.07410669204448574 0.3020408334219347 0.12212387478549215 0.08780356538237044 0.06704973070337063 0.1361590066638248 0.10991148730694293
0.10080193816033094 0.0741051995373106 0.3020532550943436 0.1221223889792118 0.08780136355039823 0.06704835449641082 0.1361573501007033 0.10991015008129061
0.10080077566696197 0.07410459857507977 0.30205826496639204 0.12212179009461673 0.08780047642591172 0.06704780079681014 0.13615668238907266 0.10990961108515504
0.10080030577375715 0.07410435640840721 0.3020602856221466 0.12212154862577257 0.08780011888044038 0.06704757775694942 0.13615641316933147 0.1099093937631953
0.10080011600563626 0.07410425878158236 0.30206110064353087 0.12212145124900042 0.08779997473830288 0.06704748785634929 0.1361563046014975 0.1099093061241004
0.10080003940631141 0.07410421941493532 0.3020614293830771 0.12212141197617155 0.08779991661757958 0.06704745160814665 0.13615626081522408 0.1099092707785544
0.10080000849641699 0.07410420353876035 0.30206156198153883 0.12212139613625908 0.08779989317930936 0.06704743699017834 0.1361562431549038 0.10990925652263317
0.08086656348310438 0.13029839088403375 0.15145514487843711 0.13420478521858378 0.09391633797794795 0.15718718097342274 0.09102585432216986 0.16104574226230053
0.10111318671015522 0.0885725149575341 0.23909771239314928 0.12914566338280684 0.09406926288316834 0.08778278569290385 0.14398777693575626 0.11623109704452615
0.10327519503883686 0.07850694148257854 0.27656281015119655 0.12531925345746125 0.09133935572063784 0.07248750061559825 0.13972161542197548 0.11278732811171514
0.10237896681252198 0.07561095738904432 0.29180209009166097 0.12341055952140365 0.08944309535704921 0.06869126313593946 0.13759356412311718 0.11106950356926328
0.0812275937756235 0.13085320852712307 0.14891003479301482 0.1343360464468303 0.09436720580542307 0.15798777123880836 0.09111488367698056 0.16120325573619637
0.10129555575693866 0.08875086014575367 0.23797006042947144 0.12926305453872516 0.09425674874810289 0.08800831198208428 0.1441186593140712 0.11633674908485266
0.08098156852137213 0.13491836751546724 0.13519398778388006 0.1345543978250968 0.09549853359349182 0.1661248844979015 0.09126298287267434 0.1614652773901161
0.10170555619489148 0.08991651278942386 0.23187090251415224 0.1298818192848437 0.09496442399927767 0.08995861203153188 0.14480853582951977 0.11689363735635935
0.1036974453154697 0.07895797917365047 0.2735648753529687 0.12567951575085323 0.0917856051247117 0.07307973411271655 0.14012328099386176 0.11311156417576791
0.11985050376488711 0.08851910872729792 0.2121563517869862 0.09021188563628522 0.13962369715040882 0.10727816316501024 0.13410602700558222 0.10825426276354225
0.1076814530855738 0.07809811554474165 0.26283782214655527 0.12408817455525491 0.10148971051355601 0.0757763127370138 0.13834905431757524 0.11167935709972941
0.10380192148916421 0.0757602973655089 0.2858676357861657 0.12373793396671365 0.09201627457459374 0.0694932340491024 0.13795856219870906 0.11136414057004226
0.1021183746768954 0.07482457889879512 0.2954830995752773 0.12287159776355987 0.08924854710310656 0.06787670201101378 0.13699266198414808 0.11058443798720388
0.10136428480447289 0.07440906629472842 0.29940264622237156 0.12243544330718979 0.08833239276849891 0.06735788531213213 0.13650638231413548 0.11019189897647082
0.0926572996977782 0.14920068127025138 0.17251718241804 0.15357361116504942 0.0807053610118683 0.1350073861001605 0.07812222828830775 0.1382162500485445
0.10316183827272202 0.09117836916911234 0.2478083285015388 0.1276964916668653 0.09005176170752172 0.08280430956243673 0.14237205861962443 0.11492684250017876
0.10343353495793028 0.07869224139242387 0.2800951607088106 0.1248305374768849 0.09010350877734245 0.07132079938243702 0.13917673357497465 0.1123474837291964
0.10228250998192555 0.07554003103951328 0.2932255227769087 0.12322770970765885 0.08904380800851448 0.06838577952228596 0.1373897002263002 0.11090493873689296
0.10149658794829176 0.07460491977932752 0.2985080853198625 0.12256049361297552 0.08836686651862241 0.06751279849626807 0.13664580407297422 0.11030444425167799
0.10110353220790028 0.07429076261892027 0.3006312774195451 0.12229580719672103 0.08804143640725924 0.06722025920103711 0.13635069847156808 0.11006622647704893
0.10092754250452034 0.07417634057329692 0.3014854414132411 0.12219102676441512 0.08789974947862693 0.06711409906894365 0.13623387610898224 0.1099719240879736
0.10085259678798296 0.07413265614166221 0.30182940715078305 0.12214930692729671 0.08784060625188497 0.06707368890180719 0.13618736160401587 0.10993437623456705
0.10082147075957273 0.07411554096822276 0.30196801354472463 0.12213260940496014 0.08781638396302835 0.06705788778233279 0.13616874511269436 0.10991934846446415
0.13465114179210125 0.09898774112983014 0.2521350872211554 0.10195294616527678 0.11728403070097289 0.08956147489644924 0.11366992654546532 0.09175765154874911
0.10963532818169831 0.07859924194556578 0.27910472054248175 0.12164408076691911 0.09469154718819797 0.07122133654627018 0.13562407213863967 0.1094796726902272
0.10364556777687624 0.07535893506780818 0.29243126385018164 0.12286926907832113 0.08990257180307228 0.0682199845793621 0.13699006567388936 0.110582342170489
0.10183156062678304 0.07456603241204515 0.2981253958688373 0.12253914254125267 0.08855395563200547 0.06747668541058216 0.13662199922136678 0.1102852282871274
0.10119527451781941 0.07428967662152706 0.30046615015170763 0.12230467830485235 0.08809045620697932 0.06721896462763559 0.13636058909511148 0.1100742104743671
0.10095535681880093 0.0741798168473987 0.30141682782313245 0.12219730462360448 0.08791506367401451 0.06711718059832342 0.1362408754534814 0.10997757416124403
0.08090103708586058 0.13032816566397643 0.151296374827976 0.13421367635459566 0.09394815695561134 0.15722429265465243 0.09103188483181272 0.1610564116255148
0.10112760673760508 0.08858267750991401 0.23902723214907 0.12915290632759466 0.09408175344329608 0.08779435585900856 0.14399585227867642 0.11623761569483518
0.10328142042298469 0.07851074574139545 0.27653342430953454 0.12532266311579407 0.09134449093414639 0.07249144173536583 0.13972541693656443 0.11279039680421465
0.10238160181269884 0.07561244577542454 0.29179009542916573 0.12341198944626167 0.08944520251189352 0.0686927161402971 0.13759515838262307 0.11107079050163549
0.1015748585110352 0.07465828485265831 0.29793040430195833 0.12263227749512212 0.0885043329353913 0.06760495441366345 0.1367258377445615 0.1103690497456099
0.13502983943477284 0.09921382099207476 0.2506494262635345 0.10206599573487432 0.11760342939636242 0.08978212363796273 0.11379596837903151 0.09185939616138689
0.08638287022480035 0.13568492171505608 0.13694735430988958 0.13118233224177203 0.09946786360865678 0.16394001647180118 0.08897584273789756 0.15741879869012643
0.08840089071653878 0.16924378962391295 0.12476670093562889 0.152384209285946 0.0822187711942056 0.16832266516269606 0.07751718472372035 0.1371457883573514
0.10367732236724152 0.09635698823411373 0.2265465288195695 0.12972289226050832 0.09184142669349388 0.09047289453300411 0.14463134405761147 0.11675060303445747
0.10437221558339906 0.08024636165684987 0.27130302553574587 0.12589327739692796 0.09122319401566878 0.07329636687729993 0.14036160927687338 0.11330394965723516
0.09354928519882534 0.15164386164202412 0.16466662512527264 0.1540889890759052 0.08148740118600095 0.13749934881287054 0.07838439879078657 0.13868009016831467
0.13577650339617442 0.12031799762288659 0.20002689897853293 0.10482279751499193 0.11849797563768101 0.10934771245385388 0.11686959663238652 0.09434051776349274
0.11193713803767796 0.0839623720328115 0.2570864986852538 0.12406210802668452 0.09672420718391889 0.07625178672615476 0.13831999208348258 0.11165589722401607
0.12227879324374671 0.08955035840025728 0.2061915364381596 0.0901764206906288 0.14136736311724823 0.10817051729931498 0.13405330598188997 0.10821170482875456
0.08400534452285213 0.1330828044556102 0.12592838785370628 0.13184180966943249 0.10537533541717212 0.17213300600646675 0.08942314047144116 0.15821017160331896
0.10261040731866958 0.08969145156928715 0.22730956182955223 0.12993108935564435 0.0974161819446775 0.09123985928049778 0.1448634682815915 0.1169379804200799
0.13767798830649888 0.10454648079813345 0.2245814493649774 0.10406015134211762 0.12233614638907699 0.09712434452776472 0.11601930306352515 0.09365413620790584
0.11145536059233123 0.08037362734031392 0.2674996880227703 0.12291678328559719 0.09676756446770014 0.07331883086508376 0.13704304046916582 0.11062510495703748
0.12189109253942056 0.08861580072401933 0.20966294791256376 0.08995576541728463 0.14109172145224805 0.10711046635578851 0.13372528709793358 0.10794691850074156
0.10825638066668551 0.07814930849724504 0.26168919532115537 0.12413167082019294 0.10187792101834599 0.07577947053121037 0.13839754940699123 0.11171850373817366
0.10398161378390178 0.07579502938904616 0.28538022452994116 0.12378106937437097 0.0921351922776954 0.0695172532489239 0.13800665495918674 0.11140296243693387
0.119605225115702 0.08760654171846176 0.21602437947762243 0.08990678315261282 0.13935601394802843 0.10596044513279168 0.13365247167164532 0.10788813978313537
0.10746641239085143 0.07781923747307763 0.2644717314936744 0.12389447609906683 0.10128623493374356 0.07542378412639165 0.1381330949940342 0.11150502848916014
0.08219437093636177 0.13146191349455133 0.14196510453446232 0.13427813945086983 0.09715110520470642 0.16073999141045825 0.0910756076275465 0.1611337673410438
0.10176110405697833 0.08904950603682048 0.2348318031219167 0.12953318250231344 0.09511063488731797 0.0887140733079021 0.14441983183466886 0.11657986425208211
0.1035929815892224 0.07871070294484865 0.2747797171621903 0.1255208947800906 0.0917135244448008 0.07276694332791873 0.13994643044884728 0.11296880530208152
0.10252373431092737 0.07569638016594038 0.29107410218590046 0.12349697404421676 0.08958495287822864 0.06878666990778251 0.13768990986720883 0.11114727663979508
0.10163639771316249 0.07469279097618542 0.29764043045078276 0.12266703738359669 0.08855867694805065 0.0676397404567959 0.13676459242618916 0.11040033364523702
