Action: 0
[0.10590169724976116, 0.10581156452645023, 0.25868473175010587, 0.10581156452645023, 0.10635574836788186, 0.10581156452645023, 0.10581156452645023, 0.10581156452645023]
[0.2544865733409804, 0.10392295627789747, 0.12197568899163488, 0.10392295627789747, 0.10392295627789747, 0.10392295627789747, 0.10392295627789747, 0.10392295627789747]
[0.10603972428674771, 0.10587870029616805, 0.15280937363987154, 0.10587870029616805, 0.21175740059254036, 0.10587870029616805, 0.10587870029616805, 0.10587870029616805]
[0.125, 0.125, 0.125, 0.125, 0.125, 0.125, 0.125, 0.125]
[0.25868460784430136, 0.10582420397473122, 0.10636994111035884, 0.10582420396942908, 0.10582443119255569, 0.10582420396976559, 0.10582420396942908, 0.10582420396942908]
[0.12180097348532995, 0.10392986963541774, 0.25457849946965655, 0.10392986963541774, 0.10397117886792472, 0.10392986963541774, 0.10392986963541774, 0.10392986963541774]
[0.125, 0.125, 0.125, 0.125, 0.125, 0.125, 0.125, 0.125]
[0.125, 0.125, 0.125, 0.125, 0.125, 0.125, 0.125, 0.125]

Action: 1
[0.10587869984924987, 0.10587869980039598, 0.10587869980039598, 0.10587869980039598, 0.10603972722681321, 0.25868807392195703, 0.10587869980039598, 0.10587869980039598]
[0.1111111111111111, 0.1111111111111111, 0.1111111111111111, 0.1111111111111111, 0.1111111111111111, 0.2222222222222222, 0.1111111111111111, 0.1111111111111111]
[0.1058275396975447, 0.10634790052509384, 0.10582740295393454, 0.10582740295393454, 0.10582999178131404, 0.2586849561803092, 0.10582740295393454, 0.10582740295393454]
[0.125, 0.125, 0.125, 0.125, 0.125, 0.125, 0.125, 0.125]
[0.10562248481171513, 0.10562248481171513, 0.10562248481171513, 0.10562248481171513, 0.21325047463918984, 0.15301461649051942, 0.10562248481171513, 0.10562248481171513]
[0.10381479735549345, 0.10381479735549345, 0.10381479735549345, 0.10381479735549345, 0.25344000666736277, 0.12367120919967646, 0.10381479735549345, 0.10381479735549345]
[0.125, 0.125, 0.125, 0.125, 0.125, 0.125, 0.125, 0.125]
[0.125, 0.125, 0.125, 0.125, 0.125, 0.125, 0.125, 0.125]

