Action: 0
[0.10713001624124414, 0.09720380006283301, 0.27658784733996966, 0.09720379668091608, 0.10981708527185632, 0.11764986104134856, 0.09720379668091608, 0.09720379668091608]
[0.16277322131497246, 0.0986063050299997, 0.24256460659143908, 0.0986063050299997, 0.0989904312339981, 0.10124652073959162, 0.0986063050299997, 0.0986063050299997]
[0.16278893867330013, 0.09892277331711383, 0.24263458438928964, 0.09892133124382961, 0.09932061822497074, 0.09956909166383698, 0.09892133124382961, 0.09892133124382961]
[0.125, 0.125, 0.125, 0.125, 0.125, 0.125, 0.125, 0.125]
[0.1019072968919003, 0.10190692591882643, 0.1815002150784508, 0.10190692587563269, 0.10515092987023458, 0.20381385461368973, 0.10190692587563269, 0.10190692587563269]
[0.09936513893611437, 0.09936019809051355, 0.2447341431127111, 0.09936019809051355, 0.15909971296197395, 0.09936021262714635, 0.09936019809051355, 0.09936019809051355]
[0.125, 0.125, 0.125, 0.125, 0.125, 0.125, 0.125, 0.125]
[0.125, 0.125, 0.125, 0.125, 0.125, 0.125, 0.125, 0.125]

Action: 1
[0.10160863647473804, 0.09964032708128878, 0.09829473506857532, 0.09829473506857532, 0.14201319314493752, 0.2635589030247343, 0.09829473506857532, 0.09829473506857532]
[0.1035827720234827, 0.1035827720234827, 0.1035827720234827, 0.1035827720234827, 0.1035827720234827, 0.27492059583562095, 0.1035827720234827, 0.1035827720234827]
[0.10003622822474842, 0.09998730137601954, 0.09998730137598733, 0.09998730137598733, 0.12224467982159103, 0.27778258507369175, 0.09998730137598733, 0.09998730137598733]
[0.125, 0.125, 0.125, 0.125, 0.125, 0.125, 0.125, 0.125]
[0.102838438822654, 0.15808592228079668, 0.09817467550662767, 0.09817467550662767, 0.24483482296938103, 0.10154211390065754, 0.09817467550662767, 0.09817467550662767]
[0.10144147385006048, 0.10193112490347073, 0.10144147385006048, 0.10144147385006048, 0.10780803489939259, 0.28305347094683436, 0.10144147385006048, 0.10144147385006048]
[0.125, 0.125, 0.125, 0.125, 0.125, 0.125, 0.125, 0.125]
[0.125, 0.125, 0.125, 0.125, 0.125, 0.125, 0.125, 0.125]

