Action: 0
[0.15994143476358658, 0.08434823901584226, 0.24061073947169892, 0.08434782468003263, 0.16925608855044785, 0.09280002415832649, 0.08434782468003263, 0.08434782468003263]
[0.2178035162720704, 0.08404850481682122, 0.22507345721292274, 0.08404850481682122, 0.13688050243090075, 0.08404850481682122, 0.08404850481682122, 0.08404850481682122]
[0.11624971170027373, 0.08219405687057266, 0.26600629593647823, 0.08219405531890603, 0.206718799699868, 0.08224896983608915, 0.08219405531890603, 0.08219405531890603]
[0.125, 0.125, 0.125, 0.125, 0.125, 0.125, 0.125, 0.125]
[0.19687788854760827, 0.07944693000670873, 0.20482827172655807, 0.07944693000670873, 0.19817324824888058, 0.08233287145011821, 0.07944693000670873, 0.07944693000670873]
[0.1556451821700565, 0.08520859010389341, 0.24091075886355634, 0.08465779037251267, 0.16931558074502534, 0.0949465169999305, 0.08465779037251267, 0.08465779037251267]
[0.125, 0.125, 0.125, 0.125, 0.125, 0.125, 0.125, 0.125]
[0.125, 0.125, 0.125, 0.125, 0.125, 0.125, 0.125, 0.125]

Action: 1
[0.17701691632919841, 0.09315235015856804, 0.09315235015856804, 0.09315235015856804, 0.18630470031713608, 0.1709166325608253, 0.09315235015856804, 0.09315235015856804]
[0.10073272687952248, 0.10073272687952248, 0.10073272687952248, 0.10073272687952248, 0.2948709118433427, 0.10073272687952248, 0.10073272687952248, 0.10073272687952248]
[0.08480402862026389, 0.08480402862026389, 0.08480402862026389, 0.08480402862026389, 0.1312608725553429, 0.35991495572307375, 0.08480402862026389, 0.08480402862026389]
[0.125, 0.125, 0.125, 0.125, 0.125, 0.125, 0.125, 0.125]
[0.08809403873252351, 0.08287474348781022, 0.08287474348781022, 0.08287474348781022, 0.23407173457867064, 0.2634605092497548, 0.08287474348781022, 0.08287474348781022]
[0.1739162788998756, 0.1329488667662817, 0.0869581394499378, 0.0869581394499378, 0.25834415708415365, 0.0869581394499378, 0.0869581394499378, 0.0869581394499378]
[0.125, 0.125, 0.125, 0.125, 0.125, 0.125, 0.125, 0.125]
[0.125, 0.125, 0.125, 0.125, 0.125, 0.125, 0.125, 0.125]

