0.125 0.125 0.125 0.125 0.125 0.125 0.125 0.125
0.07575757575757576 0.12626262626262627 0.09090909090909091 0.15151515151515152 0.0946969696969697 0.15782828282828282 0.11363636363636365 0.1893939393939394
0.0804883042432308 0.12561635187934006 0.09044377335312487 0.1507396222552081 0.09421226390950505 0.1570204398491751 0.11305471669140607 0.1884245278190101
0.06815193843608212 0.10581109869925612 0.0571379932975983 0.0952299888293305 0.12697331843910734 0.24195969804476794 0.1142759865951966 0.190459977658661
0.07295173961840629 0.12906846240179573 0.09118967452300787 0.16133557800224468 0.08754208754208756 0.1548821548821549 0.10942760942760944 0.19360269360269358
0.14045345678815294 0.10362117906269758 0.1578989395241106 0.1243454148752371 0.11471290478247351 0.11290892420892254 0.13765548573896821 0.10840369501943747
0.0889890594690282 0.12065845118116017 0.08687408485043534 0.14479014141739222 0.09049383838587012 0.1786141418613296 0.10859260606304416 0.18098767677174024
0.08122353569676688 0.1180180596309588 0.08497300293429033 0.14162167155715052 0.08851354472321908 0.20240684234331321 0.10621625366786291 0.17702708944643816
0.09837551085187057 0.1443798834995027 0.07796513708973145 0.12994189514955243 0.10828491262462701 0.26563110233282 0.09745642136216431 0.07796513708973145
0.07030256882931295 0.12438146792878442 0.08787821103664117 0.15547683491098055 0.08436308259517553 0.1855717795619595 0.10545385324396941 0.18657220189317664
0.10673346571171285 0.07525988145517172 0.19113620687027735 0.15051976291034344 0.08331578248191579 0.09518097819772986 0.16663156496383158 0.13122235740901736
0.10470011557385366 0.1481471231280232 0.09459736601843523 0.13333241081522085 0.1111103423460174 0.22811388751790151 0.09999930811141565 0.07999944648913251
0.06899403916455238 0.12206637698343883 0.08624254895569047 0.1525829712292985 0.08279284699746285 0.20073059244757022 0.10349105874682857 0.1830995654751582
0.11675994079754701 0.08235395619482215 0.1359602935245116 0.09882474743378658 0.13072056538860657 0.15498488390216497 0.1568646784663279 0.1235309342922332
0.0695572048577897 0.12306274705608947 0.08694650607223711 0.15382843382011183 0.08346864582934764 0.19420653449360553 0.10433580728668455 0.18459412058413419
0.14450478363686692 0.09909696320649355 0.16372971220337107 0.11891635584779227 0.1097044118525285 0.12873180982927399 0.13164529422303417 0.10367066920063941
0.11600668557060843 0.14366568715715927 0.09004950577958888 0.12929911844144334 0.10774926536786945 0.23867592778738206 0.09697433883108252 0.077579471064866
0.06719766204592652 0.11888817131202382 0.08399707755740815 0.1486102141400298 0.08063719445511183 0.22154093045257447 0.10079649306888978 0.17833225696803573
0.10732013845940644 0.07273974993858197 0.20007154426997786 0.14547949987716394 0.08694328194950678 0.09956571696536648 0.16105178659580213 0.1268282819441942
0.12745800248956532 0.07964895353613206 0.16353434147814785 0.09557874424335848 0.13736018234067204 0.12523405315815087 0.15171229244977535 0.1194734303041981
0.06911968592304563 0.12228867509461919 0.08639960740380703 0.15286084386827398 0.09359468375569996 0.18862396242805696 0.10367952888456844 0.18343301264192877
0.1063284312369668 0.07169411737653641 0.20945394631538578 0.14338823475307283 0.09229410460422408 0.09309936784265416 0.15873667013771184 0.1250051277334481
0.07416623110513558 0.09785174289455613 0.07757633497012266 0.08806656860510052 0.13663808091008142 0.24388802197868192 0.10567988232612062 0.17613313721020105
0.04740498630440974 0.08387036038472492 0.05925623288051217 0.10483795048090615 0.10738554685723939 0.269056556369371 0.11851246576102434 0.2096759009618123
0.06541933734822629 0.11574190453916959 0.08177417168528286 0.144677380673962 0.08673567575093728 0.23390966717132824 0.09812900602233944 0.17361285680875438
0.10441102905081256 0.07078554353515376 0.21255405383148 0.14157108707030752 0.09038639203329057 0.10014593382131012 0.15672501295532618 0.12342094770231937
0.07346966982336149 0.09711966821424957 0.08028968476526827 0.08740770139282461 0.13538891451460977 0.24661971683264752 0.10488924167138952 0.17481540278564922
0.06523165761175959 0.11540985577465156 0.08153957201469947 0.14426231971831446 0.09650234825944617 0.226091976541512 0.09784748641763938 0.17311478366197733
0.07702283353292608 0.11052409556087125 0.09563991309843231 0.1326289146730455 0.09707538522049686 0.22185102856813704 0.09947168600478414 0.16578614334130687
0.07871029282513775 0.11005507899312263 0.09812939014871218 0.13206609479174716 0.09684534296521957 0.22006161069256647 0.09904957109381037 0.16508261848968395
0.06665388719644749 0.09285898164386337 0.06241733183928733 0.08357308347947705 0.13070908497361317 0.29635376373298516 0.10028770017537243 0.1671461669589541
0.063670425204908 0.11264767536252951 0.07958803150613498 0.14080959420316191 0.09854445726010067 0.24026266561200865 0.095505637807362 0.16897151304379426
0.07674148006690057 0.13577338781067025 0.09592685008362571 0.16971673476333782 0.08538362966113809 0.19737869125206042 0.08633416507526315 0.15274506128700402
0.09626690380660123 0.13491387632073099 0.12011585797217028 0.16189665158487715 0.08121203961397484 0.17976959772171422 0.08468440236747421 0.141140670612457
0.08336326712004608 0.11110854273391459 0.10388554589223752 0.1333302512806975 0.0953804239412736 0.20627146647043573 0.09999768846052313 0.1666628141008719
0.09894283862203712 0.13530781648438023 0.09209525152190348 0.1217770348359422 0.12338715113753604 0.264090910369679 0.09133277612695666 0.07306622090156532
0.05876733249410717 0.0945178959579536 0.04657403568942641 0.08240021698898518 0.13933547992802095 0.3204565335846835 0.09314807137885282 0.16480043397797037
0.12145536183461907 0.09244141490533588 0.14314622084221784 0.11555176863166983 0.1391537950502007 0.15542324820945755 0.12883159875799607 0.10399659176850284
0.07974032780333391 0.11650155485821416 0.08231088114982522 0.1456269435727677 0.10568571915774645 0.19660918379100104 0.09877305737979027 0.17475233228732123
0.08020401092130987 0.11070192617924471 0.09601695599254767 0.13284231141509362 0.10272181182858411 0.21182836083303277 0.09963173356132023 0.16605288926886702
0.07968184596740685 0.10970477170407104 0.09800962581467318 0.13164572604488525 0.10141604960120125 0.21625052877799186 0.09873429453366395 0.16455715755610656
0.07417973313331658 0.11528994475133506 0.08145485226996499 0.14411243093916884 0.0974232057680109 0.21685909328724307 0.09774582272395799 0.1729349171270026
0.14221922140422855 0.09383883010809797 0.17202241715324004 0.11260659612971757 0.1266556318389853 0.12982731948999324 0.12466013083957339 0.09816985303616405
0.09778481510229572 0.13893489581736543 0.06846067330131049 0.12112272968693397 0.12296759956823423 0.2232292029379669 0.0821528079615726 0.14534727562432076
0.10485621583282574 0.07221994887132176 0.17893300765133452 0.1444398977426435 0.104839558062183 0.10367575698511128 0.16103970688620106 0.12999590796837918
0.0859297393047099 0.11184096562850492 0.11661316240020449 0.13420915875420592 0.10376468109861048 0.17922397530535247 0.10065686906565444 0.16776144844275737
0.08135127416795901 0.1101854254388003 0.10256694201882663 0.13222251052656034 0.10417403488787187 0.2050547919068611 0.09916688289492026 0.16527813815820042
0.09839373974597336 0.13450276139525816 0.09142496784476341 0.12105248525573233 0.1286250045030535 0.2625801861599806 0.09078936394179926 0.0726314911534394
0.08673166204203862 0.13028395040109583 0.07027324001967407 0.1135808798368528 0.1170440060676629 0.26875173950432635 0.07703746632412622 0.13629705580422335
0.10140440185923917 0.07083131059465807 0.18817070892248144 0.14166262118931613 0.10213340681862695 0.11035794075660854 0.1579432507886853 0.1274963590703845
0.10876524286064948 0.06725053317936733 0.2519816387119424 0.13450106635873466 0.09496743612454267 0.07637853346229398 0.148898209399983 0.11725733990248663
0.0860584965810962 0.11057421362135011 0.13331421501313895 0.13268905634562012 0.10444701261792161 0.16753889312963277 0.09951679225921509 0.16586132043202512
0.08123780687850589 0.109875906771257 0.10700073961140585 0.1318510881255084 0.10585000236385733 0.20048227999844861 0.0988883160941313 0.16481386015688548
0.07358369614241789 0.11380668340681185 0.09564967638642106 0.14225835425851482 0.09740244546984482 0.21010084416347477 0.09648827506229701 0.17071002511021777
0.07866390739432619 0.10946378341158425 0.09866083685431024 0.13135654009390108 0.10378108950239598 0.21536076255568018 0.09851740507042582 0.16419567511737634
0.07210874145879619 0.12436628783936225 0.09297813515882378 0.13969005702597043 0.09556892437335213 0.21291348616448125 0.0947462995480495 0.16762806843116448
0.10520006903111082 0.06940900165665986 0.21938807678420263 0.13881800331331973 0.09681431529491788 0.09567247445321998 0.15367723606521352 0.12102082340135566
0.07376288649343542 0.09555341725662386 0.08243776601903806 0.08599807553096149 0.1453084873072053 0.24174552569365904 0.10319769063715377 0.17199615106192298
0.08261448219377436 0.14167462201400835 0.07303146265108927 0.11225216351015932 0.12131680359653084 0.25827161978926905 0.07613625003297762 0.1347025962121912
0.07101983131784681 0.12535748749656883 0.08741555050426747 0.13633143181979568 0.09861281846190456 0.22519688672069613 0.09246827549516576 0.1635977181837548
0.10040926394005524 0.07881627266686388 0.2001596561276815 0.13949520067107207 0.09847300058192147 0.10157418674979783 0.15552673865864305 0.12554568060396487
0.10759651308194491 0.06661116608346176 0.26091284809814597 0.13322233216692353 0.09371342237275235 0.07431857412042539 0.14748259808466907 0.11614254599167691
0.08009247775658626 0.12155872792042714 0.1283333081472353 0.1420914728427002 0.0966922711520892 0.16434688884162937 0.09637508592809232 0.17050976741124024
0.1057832741259229 0.06856941948070623 0.23465598785083722 0.13713883896141246 0.09590060566104601 0.08657660528743882 0.15181833210217413 0.11955693653046215
0.11874708632348613 0.08269208056905931 0.18363786668816878 0.0964938555879384 0.14451346310443441 0.11467842375931728 0.14344459726206962 0.11579262670552606
0.10550104408771138 0.07256502534093684 0.23595646772768988 0.13346460003497843 0.10426390976464481 0.07932774401833584 0.14880306899422222 0.12011814003148058
0.07943864760139378 0.12164407435563923 0.1279983649164458 0.1413122461424335 0.09868499232127484 0.16550041234311152 0.09584656694878099 0.1695746953709202
0.1055786456935123 0.06852469619183871 0.23464765729884715 0.13704939238367742 0.09626849392426055 0.08673284598143331 0.1517193110637373 0.11947895746269312
0.08097510504398084 0.12090356068488359 0.12754040127142782 0.14098617557490503 0.09681756224370044 0.16796837844910667 0.09562540604210949 0.16918341068988602
0.08052226890110534 0.11022008544114167 0.10696917963207629 0.13226410252937004 0.10449803485742619 0.20099812358014063 0.09919807689702753 0.16533012816171253
0.06431371236517376 0.10526806158056014 0.05921256913685296 0.08226088223612175 0.13738979766139192 0.29404265001986624 0.09299056252778981 0.1645217644722435
0.09878572740772276 0.07597031983412533 0.1953146898927394 0.1365176072730953 0.10558880719129889 0.11275005762687121 0.15220694422836148 0.12286584654578578
0.10308032108909732 0.07170321960161823 0.25069917029955496 0.13279927243262557 0.0956255674016841 0.0785118256171445 0.14806127836891236 0.11951934518936301
0.08033204759309455 0.12080490783203184 0.1340992763616412 0.14036318050460342 0.09639932040765077 0.1643625978314622 0.0952028528639919 0.1684358166055241
0.11852174925167924 0.07662767931604882 0.15951911245297523 0.09195321517925859 0.15364554868672556 0.13883369172771773 0.14595748441152154 0.11494151897407323
0.08147904889300452 0.11906704302267945 0.11240824742375795 0.137512890500827 0.10711244585382272 0.18413524301739873 0.09326961268751743 0.16501546860099237
0.07570245734707341 0.12468030061487842 0.10236229854531578 0.13853230200832767 0.09747228881572283 0.20105055063564903 0.09396103962303966 0.16623876240999322
0.10107792235053933 0.07730566287898355 0.2167115263743347 0.13674641659205666 0.09677277396460146 0.09585187336295227 0.1524620495436811 0.12307177493285101
0.07996094877371612 0.1214725419131296 0.12694730502050672 0.14041150898754037 0.0966709011606028 0.17080735117660245 0.09523563218285348 0.16849381078504844
0.11857034350349455 0.07666875231411342 0.15731673572032986 0.0920025027769361 0.15381299781244556 0.14058982070796092 0.14603571869354937 0.11500312847117013
0.07015033200764854 0.1024974676864606 0.0673940388240374 0.08255316126067633 0.1538265044837472 0.265151208312704 0.09332096490337324 0.16510632252135266
0.0995118180722913 0.07533205940951972 0.2001253725354913 0.13570917722976025 0.10872409432928987 0.10715361385622033 0.15130560506064314 0.12213825950678422
0.10272668909568936 0.07127525903643735 0.2547176496338 0.13205554366654104 0.09593509019029775 0.07720770278047263 0.14723207629687485 0.11884998929988695
0.1354301667186521 0.09291987745245163 0.22925522100085463 0.10799086878273895 0.1222120505312667 0.09459827393687534 0.12040175967269551 0.09719178190446505
0.10923324060359992 0.07061502371786046 0.2633318263708662 0.12830967251757436 0.09656754321687794 0.07340827879900405 0.14305570950840008 0.11547870526581692
0.12055655899774767 0.08067565574036774 0.20245793691246514 0.09378471047230093 0.14188231718262725 0.10868389703756322 0.13941727109016677 0.11254165256676112
0.10698564395345175 0.07048564665940545 0.25350144153475335 0.1296809733798243 0.10157402959529636 0.07647478120150338 0.14458460763392347 0.11671287604184184
0.10328922603448555 0.06945329267984493 0.27438554470877496 0.12921075592298817 0.09263512736977805 0.0706760226930328 0.1440603502604062 0.11628968033068934
0.1360567367967994 0.09209876167487008 0.23553736224204158 0.10719147653853027 0.12057094280338822 0.09256189408315268 0.11951049697654047 0.09647232888467724
0.09903739578247368 0.13919320350713987 0.14993022883124188 0.1581708596322665 0.08666584112336041 0.14418786885893364 0.08046082859554426 0.14235377366903984
0.1476966769849374 0.0915565893819185 0.19672464083095392 0.10986790725830221 0.12540157598166948 0.1113420417600756 0.12162828967952057 0.09578227812262244
0.0768522290115703 0.10518491796699996 0.07378242636022035 0.08341338576979339 0.14709087203102822 0.25255600471146944 0.09429339260933166 0.16682677153958678
0.10203670471785349 0.0753265210552897 0.20287419217924543 0.13534508132680126 0.1070183541833126 0.10468890804319651 0.1508996653001799 0.12181057319412113
0.12056318613303746 0.08185465003708617 0.18411050442381954 0.09476394450900405 0.14646377218691384 0.11765424104415796 0.14087296825517617 0.11371673341080485
0.1083281250006141 0.07092633197030089 0.24636636326885986 0.13034180560717984 0.10304566545096498 0.07836269740403136 0.14532138625158705 0.11730762504646185
0.08231991517025943 0.12020566755694687 0.13380402794986565 0.13970483693794244 0.09781923461485606 0.16374418926060283 0.09475632418399577 0.16764580432553094
0.10619917211392638 0.06827091338074957 0.23679697156949525 0.13654182676149915 0.09580223850745569 0.0861949982552302 0.15115741505546504 0.11903646435617872
0.07220492699809004 0.10571352707990586 0.08086122941898426 0.08593884501433242 0.14139863264953775 0.2448568892290655 0.09714825958141926 0.17187769002866485
0.11265527305013416 0.08413675975613612 0.1438678958482155 0.09447259643865759 0.15739476276610692 0.1536657366339086 0.14043985978045218 0.11336711572638909
0.10779981792795511 0.07194311218317258 0.23055166940261804 0.13191288062788162 0.1065877518442717 0.08541015779374242 0.147073017655265 0.11872159256509346
0.10487601539365443 0.07004374700762973 0.26579366465968024 0.13013582146186972 0.0943020129672388 0.07263476989272695 0.14509172930151742 0.11712223931568275
0.093966182913893 0.13810637241000837 0.15886311711678217 0.1606448770033753 0.08276155721381023 0.13935815356346296 0.08171935047563005 0.14458038930303777
0.10812909796669791 0.0677636044279726 0.24681829232238647 0.1355272088559452 0.09198499974946653 0.08159067968216868 0.15003419132607693 0.11815192566928559
0.07273261212699421 0.10586924510958752 0.0824282100476899 0.08610097311866916 0.14050959516347086 0.24282588336645014 0.0973315348297999 0.1722019462373383
0.10109810439534365 0.07537187722994017 0.20692112826614015 0.13539155138330378 0.10554167369487288 0.10287179284016036 0.15095147594526556 0.1218523962449734
0.10439832413227237 0.07096235331027577 0.2572264628271777 0.1314391656816768 0.0949381609467581 0.07619542314622192 0.14654486084210827 0.11829524911350908
0.10343865766626532 0.06945079757000862 0.27589410019962246 0.12915130584272141 0.09124559010741955 0.07058930549803133 0.14399406785748192 0.11623617525844926
0.081530998864225 0.11999772287801505 0.14043185255065538 0.1396502546251298 0.09530011030309447 0.16078945209167994 0.09471930313704457 0.16758030555015577
0.11882476635487284 0.07651956189741947 0.1614179146676995 0.09182347427690338 0.15312878443315686 0.13775460905254344 0.1457515464712752 0.1147793428461292
0.07155294672333669 0.1024011885485675 0.06810349081249545 0.0824628538756862 0.1537040265792021 0.26363090741508555 0.09321887829425397 0.1649257077513724
0.10093215382045195 0.07517312940195232 0.20032712242381884 0.13540449529044216 0.10857810106755324 0.10675504479862201 0.1509659074357616 0.12186404576139792
0.10454814062689945 0.07107570527567034 0.2546763949476854 0.13167447019289405 0.0957339933252431 0.07697706464592569 0.14680720781207737 0.11850702317360463
0.10355549740992137 0.069517411613868 0.27495177571755547 0.12926317338820492 0.09148144762525463 0.07077504637343945 0.14411879182237178 0.11633685604938444
0.11989842723855712 0.08050134036472173 0.20615010415880555 0.09368004362489411 0.14018694658386716 0.10790540888764782 0.13926167679163362 0.11241605234987294
0.14184315165822609 0.09274812957877789 0.21006343653122647 0.10665411820300574 0.1332892422829016 0.10050183282935823 0.11891138253379895 0.09598870638270517
0.11212013070111601 0.07077951627160936 0.2556171665242865 0.12859078056180154 0.09918629287319318 0.07460528656287088 0.1433691239995011 0.11573170250562138
0.10506649113919282 0.06930091627956014 0.27492520524913644 0.12886758177394317 0.09196847310068476 0.07021277216670173 0.14367773669423217 0.11598082359654885
0.10298065973781928 0.06886610734731062 0.2822712093017178 0.1282468978861266 0.09006835921248615 0.0691588379380158 0.1429857204790098 0.11542220809751394
0.13665952888205035 0.09175425049187413 0.23796990306425111 0.10683478950418189 0.11955572229305704 0.09196167765914431 0.11911281755167741 0.09615131055376369
0.11015478466015857 0.07019649134780204 0.2664692987501892 0.12765606505176405 0.09565396550552414 0.07265195017727603 0.14232698596069812 0.11489045854658765
0.10429707778735127 0.06901761481221877 0.2789530449303937 0.12840470337595883 0.09094622063832195 0.069655443593749 0.14316166182364365 0.11556423303836294
0.12004196055348951 0.080364999983303 0.2072992162138998 0.09356062721234235 0.13987256346416682 0.1075037236441175 0.13908415627387014 0.11227275265481083
0.12347736750620751 0.08064470441438969 0.18306934556307497 0.09274633107830231 0.1544586697036561 0.1164343340613184 0.13787365037908822 0.11129559729396275
0.08402357515464257 0.11940169909245478 0.11828563536261312 0.13726971843533828 0.107447971942159 0.1757430592994614 0.0931046785909251 0.1647236621224059
0.1356341619047741 0.09986810996659481 0.18267492369172575 0.11088956928441689 0.12853713423462507 0.1189618941507548 0.12363359441113345 0.09980061235597518
0.11193615151155469 0.07212689447784948 0.2455870614614037 0.1302011225773545 0.09927248121313831 0.07853074326701492 0.1451645351720654 0.11718101031961907
0.1402252183071381 0.092651940965162 0.22549540500871168 0.10755228064046664 0.12278132563156961 0.09458401024601167 0.11991276662452027 0.09679705257641998
0.11138312192772007 0.07052538451406173 0.26170491107729055 0.12815160538640458 0.09666472111988528 0.0733543346736734 0.14287947645320032 0.11533644484776413
0.1047412593566797 0.06914909985736527 0.2771892009224992 0.1286125072150794 0.09128713897505628 0.0698761895832348 0.1433933475965139 0.11575125649357147
0.08180447908775515 0.11992175659802035 0.14071313458122792 0.13959640985337138 0.09528812009653381 0.1604776256237156 0.09468278233533016 0.16751569182404566
0.11888784248641189 0.07651219004007807 0.16150341614962258 0.09181462804809368 0.15311279653071708 0.13766333684671583 0.14573750483824394 0.11476828506011709
0.0830515907833516 0.11874144994644338 0.11325408614691104 0.137103845739772 0.10694028110886115 0.18339195775474135 0.09299217363219318 0.16452461488772638
0.1354396826031337 0.09987705800976118 0.1808830616670854 0.11096417157318493 0.1284928853982841 0.12075861593690947 0.12371677039577482 0.09986775441586643
0.0861357436522905 0.1216951299780968 0.11775976850647324 0.13729990935946473 0.10188407512536583 0.17734032623357515 0.09312515591337608 0.16475989123135767
0.13635426331712547 0.1001356386160582 0.18255789284984816 0.11095511553198306 0.12706337889445654 0.11936743322608523 0.12370667358565872 0.09985960397878474
0.08632117822433112 0.12175818664033802 0.11816164651740378 0.1373370321692006 0.10160567557382626 0.17686150740927134 0.09315033486258824 0.1648044386030407
0.10410123501425922 0.07642217763435785 0.22309452760206278 0.1354799279904284 0.09690825214628392 0.09101193515428187 0.15105000926694032 0.12193193519138557
0.121202695206762 0.08187545721933748 0.19060299694481414 0.09468698044475464 0.14317515743174988 0.11407378021443514 0.1407585560044412 0.11362437653370555
0.08375652310651129 0.11979506057775313 0.12011634295484583 0.13758494914489672 0.10519497946250216 0.1751317185335108 0.09331848724610387 0.16510193897387607
0.10343710668775212 0.07623334980080435 0.22387077572084166 0.1353904879758321 0.09760308759640195 0.0906634627148256 0.15095029032529342 0.12185143917824891
0.0941070370808829 0.1395037992800847 0.14840677148959308 0.161360948484741 0.08362311955620215 0.14568985754738292 0.08208361292484652 0.1452248536362669
0.10854960401481152 0.0680205934890579 0.2427829342612676 0.1360411869781158 0.0924998065382742 0.08290267932262478 0.15060318623543953 0.11860000916040864
0.08259641865240225 0.12006528326559018 0.13308314119145065 0.13997629117907562 0.09569086986495687 0.16567600545799982 0.09494044097363388 0.1679715494148907
0.1431390090546246 0.09196362218604993 0.191174346442286 0.11035634662325992 0.12846269407846644 0.11652687242431198 0.12216901213482578 0.09620809705617532
0.10357954529772218 0.14282907930453076 0.09912775269032055 0.11322222436555437 0.12058302411129514 0.20799750063962286 0.07679420435228905 0.13586666923866525
0.10767961958426699 0.07745068874418487 0.21325414401395723 0.13430473201066218 0.1005300409347496 0.09616676245188978 0.14973975345069349 0.12087425880959596
0.08233336129787971 0.12106354018570155 0.12631819112381343 0.13985542126456035 0.09727869529428725 0.1704658256759748 0.09485845964031049 0.16782650551747239
0.10647744208204186 0.06844171994821531 0.23389812525750622 0.13688343989643062 0.09593042866552277 0.08749896837639395 0.15153559483853937 0.11933428093534977
0.07233000874838541 0.10567349672996612 0.08041979491425709 0.0858924510868748 0.14136296576989987 0.24544056630474792 0.09709581427211932 0.1717849021737496
0.10109870251913133 0.07538456430705244 0.20604729966802526 0.135433827163743 0.1057722932230316 0.10337425838610143 0.1509986102855463 0.1218904444473687
0.08109470356663129 0.12072508194667923 0.12459710205238184 0.1397547550751894 0.09830669098723156 0.17302577857848736 0.09479018170317194 0.16770570609022725
0.10623529896535859 0.06847269818711003 0.23319985754920336 0.13694539637422007 0.09619142857196135 0.08796284287088565 0.15160418320629976 0.1193882942749611
0.09798285297980489 0.14323306346592607 0.10886857606290855 0.11641823222612718 0.11502624563555203 0.19980721953539016 0.07896193142293842 0.1397018786713526
0.1062531358331512 0.0774265456549041 0.21763561874572562 0.1342722798102045 0.09924167470739853 0.09462212175044277 0.1497035716689892 0.12084505182918406
0.10527487905942717 0.07084313845131243 0.2612160350052512 0.13094613118768883 0.09331217091125572 0.07456096314121406 0.14599516417493066 0.11785151806891996
0.10356547759468451 0.0693357573967602 0.27733063027550864 0.1289464955548285 0.09078559423147753 0.07021847927656387 0.14376571967083115 0.11605184599934565
0.10262296578356951 0.06883143971896823 0.2831946214771295 0.12817821962281023 0.08978088758151223 0.06912231881482563 0.14290914934065557 0.11536039766052922
0.10221072104613972 0.06865204759306928 0.28532282734395853 0.12790011717222463 0.0894005320931667 0.06880456343427208 0.14259908586216685 0.11511010545500217
0.10204621055780835 0.06858769701675942 0.28609539206931245 0.1278001106865836 0.08926005439613255 0.06870284956163071 0.14248758609384765 0.11502009961792524
0.10198335302419041 0.06856451889512717 0.2863760244960113 0.12776405393763315 0.08920874160010377 0.06866827399349408 0.1424473855095701 0.11498764854386984
0.11933811386994429 0.0802409904998551 0.20956619744859606 0.09345322233769603 0.13918909275830743 0.10714402456641783 0.1389244917139481 0.11214386680523522
0.10738102272517751 0.07021425197523004 0.25611149012207207 0.1292149765587343 0.10073669509706588 0.075983028664569 0.1440650559542903 0.11629347890286086
0.10406447332967786 0.06928687120102921 0.2752004210008341 0.12891809306549187 0.09230969984584445 0.07046010478337031 0.14373405301480957 0.11602628375894268
0.08169216134780051 0.11995356228999657 0.14026951111998257 0.13961768099830002 0.0955147470878081 0.16071391023756626 0.0946972097205861 0.16754121719795997
0.09762536090079403 0.1329833455444289 0.13252107662667983 0.15958001465331467 0.08774687579519033 0.16694966501445588 0.08347262304942614 0.13912103841571022
0.1032813125213309 0.13577110922643656 0.09997988933444629 0.1221939983037929 0.12634191744447615 0.24746987545939686 0.0916454987278447 0.07331639898227574
0.07828181901168883 0.12248698598720521 0.09713394772932814 0.1333644761757664 0.09875510193787726 0.21948439216712942 0.09045590558008507 0.1600373714109197
0.13419421228402822 0.10036828398826496 0.17499949535975684 0.11108269254607991 0.12644893081418462 0.1290830492805094 0.12384891243570402 0.09997442329147192
0.1118919925734916 0.07234969923847828 0.24265673102027244 0.1305436275378282 0.0990907822788941 0.08043149992406812 0.14554640264292187 0.11748926478404538
0.10554439578168674 0.06976156777097402 0.27023347984880053 0.1295442879896773 0.09238447185587956 0.0715097239379604 0.14443221362431186 0.11658985919070958
0.10328804579854657 0.06901642762345218 0.28057029070291306 0.12847484103214118 0.09029852475254221 0.06948465308534413 0.1432398600761335 0.11562735692892707
0.08153916200171826 0.11988992730484413 0.14145776068880914 0.13957603672392216 0.09506620800781299 0.16031069716535246 0.09466896403883418 0.1674912440687066
0.10578059425749742 0.06810140849199121 0.23994920939873504 0.13620281698398243 0.09501066958283944 0.08543226661823802 0.15078211729606517 0.11874091737065134
0.08207154901932556 0.12003095728521525 0.13239651408923134 0.13992683913922377 0.09618890244765187 0.16656613146220156 0.09490689959008221 0.1679122069670685
0.08089273543462883 0.11009612420565672 0.10799564590230695 0.13211534904678804 0.10430569395510787 0.20036375336193538 0.09908651178509105 0.16514418630848507
0.07636323091779787 0.1230083267424531 0.10134736726957959 0.13776029554014246 0.09652320926506447 0.20624779777217317 0.09343741784461837 0.16531235464817096
0.10240286809295895 0.0769879167542609 0.2165557410672969 0.13633469019475505 0.09642912165835356 0.09658543572055472 0.15200300533654032 0.12270122117527954
0.12090399882021695 0.0820329290575317 0.18865403605355519 0.09482388791996964 0.14319966776570472 0.11563473671743194 0.1409620781616265 0.11378866550396358
0.12403083163880883 0.08100659637974182 0.17734130379871382 0.09302339079533097 0.15588296777572547 0.11880132240034219 0.1382855182569398 0.11162806895439716
0.1093632327925966 0.07085021785104607 0.24336889194560718 0.13028191298773603 0.10505245802457566 0.07857495425897043 0.14525461045050572 0.11725372168896243
0.10491820451860291 0.06961512207842806 0.2704436953343166 0.12945873789098078 0.09354903972433282 0.0711655047028552 0.14433683164860095 0.11651286410188269
0.10313530063125372 0.06899696115708509 0.2806389467615657 0.1284561828871112 0.09052316490796405 0.06941982141979616 0.14321905763682397 0.11561056459840008
0.11974687266895162 0.08035778317382596 0.20783521510134503 0.09355431013222663 0.13972968218263707 0.10743619907234526 0.13907476550999662 0.11226517215867196
0.12341409219656649 0.08063922270005548 0.18323656322890652 0.09274040493487207 0.15440563875094185 0.11641075149795652 0.13786484076885458 0.11128848592184648
0.10902374805964365 0.07069079168633727 0.24565947702987884 0.13003152272211368 0.10455845131698928 0.07803219474495772 0.1449754439901775 0.11702837044990233
0.10476388419128954 0.06954918341746355 0.2712930778433132 0.129353815971709 0.09337916489605678 0.07102258776702289 0.1442198515386069 0.1164184343745381
0.13752888493384358 0.09202914625229973 0.2342944254442719 0.10709152662878461 0.12070532582815091 0.09256925666062071 0.11939906028612253 0.09638237396590614
0.0866631784423902 0.12084180305207094 0.12994098189697853 0.13731480096974 0.1003886674055127 0.16693755075970923 0.0931352563099106 0.16477776116368797
0.10381118458183491 0.07608386092692768 0.2277939039387632 0.13499221480002618 0.09630888120877673 0.089010715767499 0.1505062454561486 0.12149299332002358
0.13875124926364124 0.0937489721236118 0.2201259351529043 0.1084495675870575 0.12284207599422067 0.09756441444195621 0.12091317460825664 0.09760461082835174
0.11128172605831822 0.0707649809153357 0.25976008576258686 0.12846225252751997 0.09688109044024229 0.07400801218830742 0.1432258248329215 0.11561602727476797
0.0953641880362291 0.1380554880025689 0.15725334923982828 0.16044957873029528 0.08317081298249054 0.139681959058085 0.08162000309323716 0.14440462085726571
0.10851242676628374 0.06777514726834569 0.24617179468344286 0.13555029453669137 0.0920954336972781 0.08166310327693946 0.15005974812364692 0.11817205164737195
0.08258110904965402 0.12001205764099947 0.13383555761437727 0.13994291046825189 0.09559295338386828 0.16518611913726292 0.0949178001436839 0.16793149256190226
0.14314349334568743 0.09194516467985299 0.19143216827859502 0.1103341976158236 0.12841209813750604 0.1163995980043443 0.12214449227311362 0.09618878766507698
0.07612007616859152 0.10496082541495201 0.07288270927612323 0.08320493556075093 0.14767589688949603 0.2546879323259964 0.094057753242588 0.16640987112150185
0.11350110228110429 0.08380029629148396 0.14080129605386243 0.09412129506038654 0.15901344652579483 0.1558993830281205 0.13991762668678356 0.11294555407246383
0.0818209362299855 0.11919181803376164 0.10830183339722037 0.1366277058413818 0.10782873014360402 0.18960650277371233 0.09266922657067636 0.16395324700965816
0.07667150836967201 0.12431209624803673 0.10160430736826902 0.13804754497514893 0.09744125931355586 0.20263398185895076 0.09363224789618797 0.1656570539701787
0.1340452709726325 0.10083158438164785 0.17713851160527214 0.11147101986601984 0.12638779953878299 0.12552002733844037 0.12428186841778631 0.10032391787941786
0.11180909104521367 0.07235775755002327 0.24353296682254175 0.13050592032690111 0.09903573703193401 0.07979883701246612 0.14550436191670912 0.117455328294211
0.10549817502224161 0.06974350892488443 0.2705610645102118 0.12950936698335772 0.09234914343143308 0.07138703153453871 0.14439327930831075 0.11655843028502191
0.08197209321003297 0.12005747520084177 0.13925561130770278 0.13968230223892808 0.09555298405049915 0.16111973152583453 0.09474103977944688 0.1676187626867137
0.08093775846692491 0.11017225399593734 0.10956689685839777 0.1322067047951248 0.10423919363868275 0.19846378265468298 0.09915502859634362 0.165258380993906
0.08996392797550941 0.14491362993246223 0.08354404725427571 0.11318188208167873 0.1136859708523644 0.2421254416459477 0.07676684175974731 0.13581825849801446
0.10509258135976403 0.07807293504878382 0.20713190256907385 0.1351291601149374 0.09966025641787438 0.10263799112364785 0.15065892926247498 0.12161624410344364
0.10538167340096391 0.07114948026010044 0.25730575409590084 0.13143969559664787 0.09372849401435226 0.07615372493729647 0.14654545165775515 0.1182957260369831
0.10372845296038821 0.06945629891883497 0.2759086783852096 0.12913688459698908 0.090992872542474 0.07057562721411108 0.14397798924470273 0.11622319613729015
0.08164000730365605 0.11999026836898054 0.14043274171861764 0.13963949592403682 0.09524253125258332 0.16077555439219546 0.09471200593108586 0.1675673951088442
0.10584472709414311 0.06812540418122028 0.2395431694963376 0.13625080836244055 0.09508212796868791 0.085535761164087 0.1508352457248019 0.1187827560082815
0.0820842879727497 0.12003684174034031 0.1323071967867694 0.13993089894910937 0.09620581436405107 0.16660822824778335 0.0949096532002655 0.16791707873893122
0.14302332039039686 0.09196854482598023 0.19089519760538098 0.1103622537911763 0.12862019739617694 0.11674168748348163 0.12217555161253538 0.09621324689487162
0.0874311922765592 0.12059067714680177 0.11993896930815173 0.1370637656861948 0.10184136088228929 0.17569252697636778 0.09296498890020169 0.16447651882343373
0.11816890620462729 0.08643517608894932 0.1584747658415952 0.09586798841859392 0.14638317710179427 0.13711419656314291 0.1425142036789844 0.1150415861023127
0.10889552220964716 0.07187730998240693 0.23650578868041391 0.1315162135957138 0.10390114976898047 0.08230866001028019 0.14663076351641524 0.11836459223614243
0.08256644400528565 0.12034636126379422 0.1315903594974815 0.1397483023643619 0.0980133473993468 0.16525141755058076 0.09478580508191503 0.1676979628372343
0.10634728266377366 0.06830971737793005 0.23597689934483057 0.1366194347558601 0.09590837467687706 0.08649083827759792 0.15124333029545767 0.11910412260767293
0.08218206842113879 0.12007940283450666 0.1315190369752982 0.13995901375188502 0.09639268473601213 0.16698825440805345 0.09492872237084375 0.16795081650226198
0.10627419781865514 0.06832286261861178 0.2359812193092999 0.13664572523722357 0.09558900709572808 0.0867875104669279 0.15127243493905088 0.11912704251450261
0.09801193242842976 0.14323423046098774 0.10941185376719303 0.1164337043914097 0.11489679612361156 0.19931861197145972 0.07897242558721701 0.13972044526969163
0.13860567382379058 0.1009955149658777 0.1776362255990542 0.10946594629204504 0.12941510091429126 0.12331582572694008 0.12204636101516067 0.09851935166284052
0.11271524523911412 0.07224616090455352 0.24347162533614694 0.13025658696561326 0.09953204483917387 0.07932103462050594 0.14522637382584044 0.11723092826905192
0.08323969329148234 0.12035531307751056 0.1331571744887707 0.13969524020105736 0.09707031980523034 0.16409815580178885 0.09474981509289108 0.1676342882412688
0.10645199322353528 0.06827372354238202 0.23659941130336604 0.13654744708476405 0.0956637439362831 0.08625867980013631 0.15116363698435414 0.1190413641251789
0.082200284055225 0.12007293619367788 0.13165852590113722 0.1399556730179586 0.09633992019755745 0.1668993965311478 0.09492645648174583 0.16794680762155031
0.10627375284383658 0.0683197265538735 0.23603700209711775 0.136639453107747 0.09557380812715889 0.08676919133218498 0.15126549143389165 0.1191215745041897
0.07231953866114207 0.10568712279631569 0.08073891883886371 0.08591225238052091 0.141292500995784 0.24510696322313408 0.09711819834319756 0.17182450476104183
0.07367943665407112 0.12041710579035417 0.0939243155747449 0.13520994573583714 0.10276815463270118 0.22004149136063197 0.09170761536865477 0.16225193488300457
0.10184886284898903 0.0768463972114683 0.21325077526077035 0.13636538360356928 0.09784078228692744 0.0990817273482479 0.15203722619681528 0.12272884524321234
0.08133185991857275 0.12107644854347281 0.12632853837621313 0.13997463697565785 0.09674636157274293 0.17163327125036598 0.09493931899218533 0.16796956437078941
0.10626540461207912 0.0684516817020619 0.23393496226872523 0.1369033634041238 0.09583543203428946 0.0876998548509835 0.15155765098055218 0.11935165014718484
0.08216577716531284 0.12010009532350213 0.13105557365276055 0.1399665859968879 0.09637564899428373 0.16744255734266333 0.09493385832832399 0.1679599031962655
0.10229055343953626 0.08201286568233251 0.2274363218851237 0.13413714133566162 0.09505079984485261 0.08879598825556309 0.14955290235483468 0.12072342720209549
0.08093962330102442 0.1280732617280277 0.12892170642344103 0.13887538722795797 0.09558656563609803 0.16675925010746023 0.09419374090244106 0.16665046467354955
0.10206317996157124 0.08305326210724207 0.22657299502502934 0.1342113034737709 0.09494027449927935 0.08873322420237488 0.14963558760433857 0.12079017312639379
0.12013535822162077 0.08692291679988129 0.19115784386007048 0.09409866394403446 0.14191136298833473 0.11297147344089115 0.13988398401232588 0.11291839673284135
0.10780660579158043 0.07532433343032947 0.24839129128846052 0.12929281376631893 0.10154844292577543 0.07712114177584782 0.14415183863200037 0.11636353238968705
0.13827544951455073 0.09750562147272171 0.22570043156697783 0.10680597733660582 0.1227538140083742 0.09375263236283259 0.11908069413499187 0.09612537960294523
0.11050532766103689 0.07553183324134993 0.2610424072225951 0.12729560875518314 0.09625649606486825 0.07287717508556794 0.14192510408973405 0.11456604787966483
0.10421910914088735 0.0730688340801279 0.2764024145533813 0.1279841117573096 0.09090233222023178 0.06954476411019966 0.14269273355628395 0.11518570058157862
0.10243088473016776 0.07251496049350117 0.28229329816414395 0.1275373371270597 0.08949292246287126 0.06875238042295678 0.14219461318494567 0.11478360341435373
0.10185104156829328 0.07231825277390555 0.2844801888762846 0.12729942938489341 0.08905117855794578 0.06850105858553386 0.14192936380673934 0.11456948644640408
0.118884845121106 0.08449101037807313 0.20853186940189622 0.09298133698179295 0.13862981530877283 0.10668051599160162 0.13822300243860566 0.11157760437815155
0.10692359466068863 0.0745952378387058 0.25504674443896796 0.12851944430822568 0.1003146701697756 0.07564321930586819 0.14328958940036504 0.11566749987740312
0.13781451488785523 0.0972411878324684 0.22791881365002714 0.10663200926529832 0.12224529710311734 0.09329263620428914 0.11888673271817589 0.09596880833876849
0.11032532952182646 0.07544650911843369 0.2618880049555301 0.12720163357436198 0.09608634634850259 0.07275037748822777 0.14182032877619166 0.11448147021692578
0.1212836698325371 0.08505307221901573 0.2013977892129285 0.09312126307452263 0.14104955946841238 0.10791811852968695 0.1384310119734695 0.11174551568942716
0.10768275315237251 0.07481073988162369 0.25224823766948656 0.12877661835871204 0.10100937398632076 0.07599700115407963 0.143576319274564 0.11589895652284082
0.10390782789758012 0.07322403770989783 0.27321397664546715 0.12843196952933073 0.0921585430633769 0.07028281102808388 0.14319206154986575 0.11558877257639764
0.10247249469082471 0.072616512317533 0.28113630642566284 0.12769093130277748 0.08984590417871123 0.06895015368337173 0.14236585922861905 0.11492183817249975
0.10189989387462484 0.07235980441209973 0.2840597047628567 0.1273539009206089 0.08915743404845228 0.06856065564878726 0.14199009550402214 0.11461851082854801
0.10167603330261075 0.07225842781850796 0.2851307790114851 0.127223467850227 0.08893416357134999 0.06843133501625732 0.14184467236435755 0.1145011210652043
0.1015905524102156 0.07222011197918568 0.2855223373799199 0.12717501196924005 0.08885793841742909 0.06838588939852616 0.1417906476731676 0.11445751077231603
