Action: 0
[0.1601805418490541, 0.09858710957058875, 0.24781774204839457, 0.09858710957058875, 0.09895217227591556, 0.09870110554428091, 0.09858710957058875, 0.09858710957058875]
[0.1599326610226304, 0.0979533786271288, 0.24768453790432324, 0.0979533786271288, 0.10261590793740225, 0.0979533786271288, 0.0979533786271288, 0.0979533786271288]
[0.1038775894392506, 0.10134323458351606, 0.28754740645634796, 0.10134323458351606, 0.10149442739068906, 0.10170763837964818, 0.10134323458351606, 0.10134323458351606]
[0.125, 0.125, 0.125, 0.125, 0.125, 0.125, 0.125, 0.125]
[0.10986619261242585, 0.09812412338905757, 0.28244700540026096, 0.09807792309113017, 0.11678258124125519, 0.09854632808360995, 0.09807792309113017, 0.09807792309113017]
[0.1618880591399107, 0.09838162708995471, 0.24703963926922579, 0.0983322469279868, 0.09936109721247897, 0.09833283650446956, 0.0983322469279868, 0.0983322469279868]
[0.125, 0.125, 0.125, 0.125, 0.125, 0.125, 0.125, 0.125]
[0.125, 0.125, 0.125, 0.125, 0.125, 0.125, 0.125, 0.125]

Action: 1
[0.09721956194697202, 0.10718522177378294, 0.09721956194697202, 0.09721956194697202, 0.16028810259736218, 0.24642886589399474, 0.09721956194697202, 0.09721956194697202]
[0.1111111111111111, 0.1111111111111111, 0.1111111111111111, 0.1111111111111111, 0.1111111111111111, 0.2222222222222222, 0.1111111111111111, 0.1111111111111111]
[0.09982233745129164, 0.09982220174481041, 0.09982220166459328, 0.09982220166459328, 0.11662632207444636, 0.2844403320710785, 0.09982220166459328, 0.09982220166459328]
[0.125, 0.125, 0.125, 0.125, 0.125, 0.125, 0.125, 0.125]
[0.1007436134893836, 0.1007436134893836, 0.1007436134893836, 0.1007436134893836, 0.10865648629484378, 0.28688183276885465, 0.1007436134893836, 0.1007436134893836]
[0.10048302804426536, 0.10048302804426536, 0.10048302804426536, 0.10048302804426536, 0.18582694107127062, 0.2112748906631372, 0.10048302804426536, 0.10048302804426536]
[0.125, 0.125, 0.125, 0.125, 0.125, 0.125, 0.125, 0.125]
[0.125, 0.125, 0.125, 0.125, 0.125, 0.125, 0.125, 0.125]

