Timestep: 0
Action: 0
0.6633900000000001 0.07371 0.14661 0.016289999999999995 0.07370999999999998 0.008189999999999998 0.016289999999999995 0.0018099999999999991 
0.6260760000000001 0.11048400000000003 0.12192399999999998 0.021516 0.085374 0.015066000000000003 0.016626 0.002934 
0.6779664000000001 0.058953599999999974 0.16843360000000002 0.014646399999999995 0.058953599999999974 0.005126399999999995 0.014646399999999995 0.0012735999999999989 
0.6412770000000001 0.09582300000000002 0.141723 0.021176999999999998 0.07125299999999998 0.010646999999999998 0.015746999999999994 0.002352999999999999 
0.6260760000000001 0.085374 0.12192399999999998 0.016626 0.11048400000000003 0.015066000000000003 0.021516 0.002934 
0.5890095 0.12064050000000003 0.09989050000000002 0.02045950000000001 0.12064050000000003 0.024709500000000013 0.02045950000000001 0.004190500000000003 
0.641277 0.07125299999999998 0.14172300000000002 0.015746999999999997 0.095823 0.010646999999999998 0.021176999999999998 0.002352999999999999 
0.6047325 0.10671750000000002 0.11776749999999998 0.0207825 0.10671750000000002 0.018832500000000005 0.0207825 0.0036675000000000006 
Action: 1
0.6699399999999999 0.14706000000000002 0.03526000000000003 0.007740000000000009 0.10906 0.023940000000000006 0.0057400000000000055 0.0012600000000000016 
0.6111 0.2037 0.018900000000000014 0.006300000000000005 0.11640000000000003 0.03880000000000001 0.0036000000000000034 0.0012000000000000012 
0.687456 0.13094400000000003 0.051743999999999964 0.009855999999999995 0.093744 0.017856000000000004 0.007055999999999995 0.0013439999999999993 
0.6290899999999999 0.18790999999999997 0.03311000000000003 0.009890000000000008 0.10241 0.03059 0.005390000000000006 0.0016100000000000014 
0.56648 0.14161999999999997 0.017520000000000018 0.004380000000000003 0.20952000000000004 0.052379999999999996 0.006480000000000007 0.0016200000000000012 
0.5131169999999999 0.189783 0.005183000000000004 0.0019170000000000016 0.20958300000000002 0.07751700000000002 0.002117000000000002 7.830000000000008E-4 
0.5842499999999999 0.12825000000000003 0.030750000000000024 0.006750000000000008 0.19474999999999998 0.04275000000000001 0.010250000000000009 0.0022500000000000024 
0.531075 0.177025 0.016425000000000016 0.005475000000000005 0.19642500000000002 0.065475 0.006075000000000006 0.002025000000000002 

Timestep: 1
Action: 0
0.6633900000000001 0.07371 0.14661 0.016289999999999995 0.07370999999999998 0.008189999999999998 0.016289999999999995 0.0018099999999999991 
0.6260760000000001 0.11048400000000003 0.12192399999999998 0.021516 0.085374 0.015066000000000003 0.016626 0.002934 
0.6779664000000001 0.058953599999999974 0.16843360000000002 0.014646399999999995 0.058953599999999974 0.005126399999999995 0.014646399999999995 0.0012735999999999989 
0.6412770000000001 0.09582300000000002 0.141723 0.021176999999999998 0.07125299999999998 0.010646999999999998 0.015746999999999994 0.002352999999999999 
0.6260760000000001 0.085374 0.12192399999999998 0.016626 0.11048400000000003 0.015066000000000003 0.021516 0.002934 
0.5890095 0.12064050000000003 0.09989050000000002 0.02045950000000001 0.12064050000000003 0.024709500000000013 0.02045950000000001 0.004190500000000003 
0.641277 0.07125299999999998 0.14172300000000002 0.015746999999999997 0.095823 0.010646999999999998 0.021176999999999998 0.002352999999999999 
0.6047325 0.10671750000000002 0.11776749999999998 0.0207825 0.10671750000000002 0.018832500000000005 0.0207825 0.0036675000000000006 
Action: 1
0.6699399999999999 0.14706000000000002 0.03526000000000003 0.007740000000000009 0.10906 0.023940000000000006 0.0057400000000000055 0.0012600000000000016 
0.6111 0.2037 0.018900000000000014 0.006300000000000005 0.11640000000000003 0.03880000000000001 0.0036000000000000034 0.0012000000000000012 
0.687456 0.13094400000000003 0.051743999999999964 0.009855999999999995 0.093744 0.017856000000000004 0.007055999999999995 0.0013439999999999993 
0.6290899999999999 0.18790999999999997 0.03311000000000003 0.009890000000000008 0.10241 0.03059 0.005390000000000006 0.0016100000000000014 
0.56648 0.14161999999999997 0.017520000000000018 0.004380000000000003 0.20952000000000004 0.052379999999999996 0.006480000000000007 0.0016200000000000012 
0.5131169999999999 0.189783 0.005183000000000004 0.0019170000000000016 0.20958300000000002 0.07751700000000002 0.002117000000000002 7.830000000000008E-4 
0.5842499999999999 0.12825000000000003 0.030750000000000024 0.006750000000000008 0.19474999999999998 0.04275000000000001 0.010250000000000009 0.0022500000000000024 
0.531075 0.177025 0.016425000000000016 0.005475000000000005 0.19642500000000002 0.065475 0.006075000000000006 0.002025000000000002 

Timestep: 2
Action: 0
0.6633900000000001 0.07371 0.14661 0.016289999999999995 0.07370999999999998 0.008189999999999998 0.016289999999999995 0.0018099999999999991 
0.6260760000000001 0.11048400000000003 0.12192399999999998 0.021516 0.085374 0.015066000000000003 0.016626 0.002934 
0.6779664000000001 0.058953599999999974 0.16843360000000002 0.014646399999999995 0.058953599999999974 0.005126399999999995 0.014646399999999995 0.0012735999999999989 
0.6412770000000001 0.09582300000000002 0.141723 0.021176999999999998 0.07125299999999998 0.010646999999999998 0.015746999999999994 0.002352999999999999 
0.6260760000000001 0.085374 0.12192399999999998 0.016626 0.11048400000000003 0.015066000000000003 0.021516 0.002934 
0.5890095 0.12064050000000003 0.09989050000000002 0.02045950000000001 0.12064050000000003 0.024709500000000013 0.02045950000000001 0.004190500000000003 
0.641277 0.07125299999999998 0.14172300000000002 0.015746999999999997 0.095823 0.010646999999999998 0.021176999999999998 0.002352999999999999 
0.6047325 0.10671750000000002 0.11776749999999998 0.0207825 0.10671750000000002 0.018832500000000005 0.0207825 0.0036675000000000006 
Action: 1
0.6699399999999999 0.14706000000000002 0.03526000000000003 0.007740000000000009 0.10906 0.023940000000000006 0.0057400000000000055 0.0012600000000000016 
0.6111 0.2037 0.018900000000000014 0.006300000000000005 0.11640000000000003 0.03880000000000001 0.0036000000000000034 0.0012000000000000012 
0.687456 0.13094400000000003 0.051743999999999964 0.009855999999999995 0.093744 0.017856000000000004 0.007055999999999995 0.0013439999999999993 
0.6290899999999999 0.18790999999999997 0.03311000000000003 0.009890000000000008 0.10241 0.03059 0.005390000000000006 0.0016100000000000014 
0.56648 0.14161999999999997 0.017520000000000018 0.004380000000000003 0.20952000000000004 0.052379999999999996 0.006480000000000007 0.0016200000000000012 
0.5131169999999999 0.189783 0.005183000000000004 0.0019170000000000016 0.20958300000000002 0.07751700000000002 0.002117000000000002 7.830000000000008E-4 
0.5842499999999999 0.12825000000000003 0.030750000000000024 0.006750000000000008 0.19474999999999998 0.04275000000000001 0.010250000000000009 0.0022500000000000024 
0.531075 0.177025 0.016425000000000016 0.005475000000000005 0.19642500000000002 0.065475 0.006075000000000006 0.002025000000000002 

Timestep: 3
Action: 0
0.6633900000000001 0.07371 0.14661 0.016289999999999995 0.07370999999999998 0.008189999999999998 0.016289999999999995 0.0018099999999999991 
0.6260760000000001 0.11048400000000003 0.12192399999999998 0.021516 0.085374 0.015066000000000003 0.016626 0.002934 
0.6779664000000001 0.058953599999999974 0.16843360000000002 0.014646399999999995 0.058953599999999974 0.005126399999999995 0.014646399999999995 0.0012735999999999989 
0.6412770000000001 0.09582300000000002 0.141723 0.021176999999999998 0.07125299999999998 0.010646999999999998 0.015746999999999994 0.002352999999999999 
0.6260760000000001 0.085374 0.12192399999999998 0.016626 0.11048400000000003 0.015066000000000003 0.021516 0.002934 
0.5890095 0.12064050000000003 0.09989050000000002 0.02045950000000001 0.12064050000000003 0.024709500000000013 0.02045950000000001 0.004190500000000003 
0.641277 0.07125299999999998 0.14172300000000002 0.015746999999999997 0.095823 0.010646999999999998 0.021176999999999998 0.002352999999999999 
0.6047325 0.10671750000000002 0.11776749999999998 0.0207825 0.10671750000000002 0.018832500000000005 0.0207825 0.0036675000000000006 
Action: 1
0.6699399999999999 0.14706000000000002 0.03526000000000003 0.007740000000000009 0.10906 0.023940000000000006 0.0057400000000000055 0.0012600000000000016 
0.6111 0.2037 0.018900000000000014 0.006300000000000005 0.11640000000000003 0.03880000000000001 0.0036000000000000034 0.0012000000000000012 
0.687456 0.13094400000000003 0.051743999999999964 0.009855999999999995 0.093744 0.017856000000000004 0.007055999999999995 0.0013439999999999993 
0.6290899999999999 0.18790999999999997 0.03311000000000003 0.009890000000000008 0.10241 0.03059 0.005390000000000006 0.0016100000000000014 
0.56648 0.14161999999999997 0.017520000000000018 0.004380000000000003 0.20952000000000004 0.052379999999999996 0.006480000000000007 0.0016200000000000012 
0.5131169999999999 0.189783 0.005183000000000004 0.0019170000000000016 0.20958300000000002 0.07751700000000002 0.002117000000000002 7.830000000000008E-4 
0.5842499999999999 0.12825000000000003 0.030750000000000024 0.006750000000000008 0.19474999999999998 0.04275000000000001 0.010250000000000009 0.0022500000000000024 
0.531075 0.177025 0.016425000000000016 0.005475000000000005 0.19642500000000002 0.065475 0.006075000000000006 0.002025000000000002 

Timestep: 4
Action: 0
0.6707610000000002 0.074529 0.139239 0.015470999999999995 0.07452899999999998 0.008280999999999997 0.015470999999999995 0.001718999999999999 
0.6330324 0.11171160000000002 0.11496759999999996 0.020288399999999998 0.0863226 0.015233400000000003 0.015677399999999994 0.0027665999999999993 
0.6854993600000001 0.05960863999999998 0.16090064 0.013991359999999993 0.05960863999999998 0.005183359999999995 0.013991359999999994 0.0012166399999999989 
0.6484023000000001 0.09688770000000002 0.1345977 0.0201123 0.07204469999999999 0.010765299999999998 0.014955299999999994 0.002234699999999999 
0.6330324 0.0863226 0.11496759999999996 0.015677399999999994 0.11171160000000002 0.015233400000000003 0.020288399999999995 0.0027665999999999993 
0.59555405 0.12198095000000002 0.09334595000000001 0.01911905000000001 0.12198095 0.024984050000000008 0.01911905000000001 0.003915950000000003 
0.6484023000000001 0.07204469999999999 0.13459769999999996 0.014955299999999993 0.09688770000000001 0.010765299999999998 0.020112299999999996 0.002234699999999999 
0.6114517500000001 0.10790325000000003 0.11104824999999996 0.019596749999999996 0.10790325000000002 0.019041750000000007 0.019596749999999996 0.00345825 
Action: 1
0.6699399999999999 0.14706000000000002 0.03526000000000003 0.007740000000000009 0.10906 0.023940000000000006 0.0057400000000000055 0.0012600000000000016 
0.6111 0.2037 0.018900000000000014 0.006300000000000005 0.11640000000000003 0.03880000000000001 0.0036000000000000034 0.0012000000000000012 
0.687456 0.13094400000000003 0.051743999999999964 0.009855999999999995 0.093744 0.017856000000000004 0.007055999999999995 0.0013439999999999993 
0.6290899999999999 0.18790999999999997 0.03311000000000003 0.009890000000000008 0.10241 0.03059 0.005390000000000006 0.0016100000000000014 
0.56648 0.14161999999999997 0.017520000000000018 0.004380000000000003 0.20952000000000004 0.052379999999999996 0.006480000000000007 0.0016200000000000012 
0.5131169999999999 0.189783 0.005183000000000004 0.0019170000000000016 0.20958300000000002 0.07751700000000002 0.002117000000000002 7.830000000000008E-4 
0.5842499999999999 0.12825000000000003 0.030750000000000024 0.006750000000000008 0.19474999999999998 0.04275000000000001 0.010250000000000009 0.0022500000000000024 
0.531075 0.177025 0.016425000000000016 0.005475000000000005 0.19642500000000002 0.065475 0.006075000000000006 0.002025000000000002 

Timestep: 5
Action: 0
0.6707610000000002 0.074529 0.139239 0.015470999999999995 0.07452899999999998 0.008280999999999997 0.015470999999999995 0.001718999999999999 
0.6330324 0.11171160000000002 0.11496759999999996 0.020288399999999998 0.0863226 0.015233400000000003 0.015677399999999994 0.0027665999999999993 
0.6854993600000001 0.05960863999999998 0.16090064 0.013991359999999993 0.05960863999999998 0.005183359999999995 0.013991359999999994 0.0012166399999999989 
0.6484023000000001 0.09688770000000002 0.1345977 0.0201123 0.07204469999999999 0.010765299999999998 0.014955299999999994 0.002234699999999999 
0.6330324 0.0863226 0.11496759999999996 0.015677399999999994 0.11171160000000002 0.015233400000000003 0.020288399999999995 0.0027665999999999993 
0.59555405 0.12198095000000002 0.09334595000000001 0.01911905000000001 0.12198095 0.024984050000000008 0.01911905000000001 0.003915950000000003 
0.6484023000000001 0.07204469999999999 0.13459769999999996 0.014955299999999993 0.09688770000000001 0.010765299999999998 0.020112299999999996 0.002234699999999999 
0.6114517500000001 0.10790325000000003 0.11104824999999996 0.019596749999999996 0.10790325000000002 0.019041750000000007 0.019596749999999996 0.00345825 
Action: 1
0.6699399999999999 0.14706000000000002 0.03526000000000003 0.007740000000000009 0.10906 0.023940000000000006 0.0057400000000000055 0.0012600000000000016 
0.6111 0.2037 0.018900000000000014 0.006300000000000005 0.11640000000000003 0.03880000000000001 0.0036000000000000034 0.0012000000000000012 
0.687456 0.13094400000000003 0.051743999999999964 0.009855999999999995 0.093744 0.017856000000000004 0.007055999999999995 0.0013439999999999993 
0.6290899999999999 0.18790999999999997 0.03311000000000003 0.009890000000000008 0.10241 0.03059 0.005390000000000006 0.0016100000000000014 
0.56648 0.14161999999999997 0.017520000000000018 0.004380000000000003 0.20952000000000004 0.052379999999999996 0.006480000000000007 0.0016200000000000012 
0.5131169999999999 0.189783 0.005183000000000004 0.0019170000000000016 0.20958300000000002 0.07751700000000002 0.002117000000000002 7.830000000000008E-4 
0.5842499999999999 0.12825000000000003 0.030750000000000024 0.006750000000000008 0.19474999999999998 0.04275000000000001 0.010250000000000009 0.0022500000000000024 
0.531075 0.177025 0.016425000000000016 0.005475000000000005 0.19642500000000002 0.065475 0.006075000000000006 0.002025000000000002 

Timestep: 6
Action: 0
0.648648 0.07207199999999998 0.161352 0.017927999999999996 0.07207199999999998 0.008007999999999996 0.017927999999999996 0.001991999999999999 
0.6121632 0.10802880000000002 0.13583679999999995 0.023971199999999995 0.0834768 0.014731200000000003 0.018523199999999997 0.0032687999999999997 
0.6629004800000001 0.057643519999999976 0.18349952 0.01595647999999999 0.05764351999999998 0.005012479999999995 0.01595647999999999 0.0013875199999999986 
0.6270264 0.0936936 0.1559736 0.0233064 0.06966959999999998 0.010410399999999998 0.017330399999999992 0.002589599999999999 
0.6121632 0.0834768 0.13583679999999998 0.018523199999999997 0.10802880000000002 0.014731200000000002 0.023971199999999998 0.0032687999999999997 
0.5759203999999999 0.11795960000000001 0.11297960000000001 0.02314040000000001 0.11795960000000001 0.02416040000000001 0.02314040000000001 0.0047396000000000035 
0.6270264000000001 0.0696696 0.1559736 0.017330399999999996 0.09369360000000002 0.010410399999999998 0.023306399999999998 0.002589599999999999 
0.591294 0.10434600000000002 0.13120599999999996 0.023153999999999997 0.10434600000000002 0.018414000000000007 0.023153999999999997 0.004086 
Action: 1
0.6699399999999999 0.14706000000000002 0.03526000000000003 0.007740000000000009 0.10906 0.023940000000000006 0.0057400000000000055 0.0012600000000000016 
0.6111 0.2037 0.018900000000000014 0.006300000000000005 0.11640000000000003 0.03880000000000001 0.0036000000000000034 0.0012000000000000012 
0.687456 0.13094400000000003 0.051743999999999964 0.009855999999999995 0.093744 0.017856000000000004 0.007055999999999995 0.0013439999999999993 
0.6290899999999999 0.18790999999999997 0.03311000000000003 0.009890000000000008 0.10241 0.03059 0.005390000000000006 0.0016100000000000014 
0.56648 0.14161999999999997 0.017520000000000018 0.004380000000000003 0.20952000000000004 0.052379999999999996 0.006480000000000007 0.0016200000000000012 
0.5131169999999999 0.189783 0.005183000000000004 0.0019170000000000016 0.20958300000000002 0.07751700000000002 0.002117000000000002 7.830000000000008E-4 
0.5842499999999999 0.12825000000000003 0.030750000000000024 0.006750000000000008 0.19474999999999998 0.04275000000000001 0.010250000000000009 0.0022500000000000024 
0.531075 0.177025 0.016425000000000016 0.005475000000000005 0.19642500000000002 0.065475 0.006075000000000006 0.002025000000000002 

Timestep: 7
Action: 0
0.656019 0.07289099999999998 0.153981 0.017108999999999996 0.072891 0.008098999999999997 0.017108999999999996 0.001900999999999999 
0.6191196000000001 0.10925640000000003 0.12888039999999995 0.022743599999999996 0.08442540000000001 0.014898600000000003 0.017574599999999992 0.0031013999999999994 
0.67043344 0.05829855999999997 0.17596656 0.015301439999999993 0.05829855999999997 0.0050694399999999945 0.015301439999999993 0.0013305599999999986 
0.6341517000000001 0.09475830000000002 0.1488483 0.0222417 0.07046129999999999 0.0105287 0.016538699999999996 0.0024712999999999996 
0.6191196000000001 0.08442540000000001 0.12888039999999995 0.017574599999999992 0.10925640000000003 0.014898600000000003 0.022743599999999996 0.0031013999999999994 
0.5824649499999999 0.11930005 0.10643505 0.02179995000000001 0.11930005000000002 0.02443495000000001 0.02179995000000001 0.0044650500000000025 
0.6341517000000001 0.07046129999999999 0.1488483 0.016538699999999993 0.0947583 0.010528699999999998 0.0222417 0.002471299999999999 
0.59801325 0.10553175000000004 0.12448674999999995 0.021968249999999995 0.10553175000000002 0.018623250000000008 0.021968249999999995 0.00387675 
Action: 1
0.6699399999999999 0.14706000000000002 0.03526000000000003 0.007740000000000009 0.10906 0.023940000000000006 0.0057400000000000055 0.0012600000000000016 
0.6111 0.2037 0.018900000000000014 0.006300000000000005 0.11640000000000003 0.03880000000000001 0.0036000000000000034 0.0012000000000000012 
0.687456 0.13094400000000003 0.051743999999999964 0.009855999999999995 0.093744 0.017856000000000004 0.007055999999999995 0.0013439999999999993 
0.6290899999999999 0.18790999999999997 0.03311000000000003 0.009890000000000008 0.10241 0.03059 0.005390000000000006 0.0016100000000000014 
0.56648 0.14161999999999997 0.017520000000000018 0.004380000000000003 0.20952000000000004 0.052379999999999996 0.006480000000000007 0.0016200000000000012 
0.5131169999999999 0.189783 0.005183000000000004 0.0019170000000000016 0.20958300000000002 0.07751700000000002 0.002117000000000002 7.830000000000008E-4 
0.5842499999999999 0.12825000000000003 0.030750000000000024 0.006750000000000008 0.19474999999999998 0.04275000000000001 0.010250000000000009 0.0022500000000000024 
0.531075 0.177025 0.016425000000000016 0.005475000000000005 0.19642500000000002 0.065475 0.006075000000000006 0.002025000000000002 

Timestep: 8
Action: 0
0.6633900000000001 0.07371 0.14661 0.016289999999999995 0.07370999999999998 0.008189999999999998 0.016289999999999995 0.0018099999999999991 
0.6260760000000001 0.11048400000000003 0.12192399999999998 0.021516 0.085374 0.015066000000000003 0.016626 0.002934 
0.6779664000000001 0.058953599999999974 0.16843360000000002 0.014646399999999995 0.058953599999999974 0.005126399999999995 0.014646399999999995 0.0012735999999999989 
0.6412770000000001 0.09582300000000002 0.141723 0.021176999999999998 0.07125299999999998 0.010646999999999998 0.015746999999999994 0.002352999999999999 
0.6260760000000001 0.085374 0.12192399999999998 0.016626 0.11048400000000003 0.015066000000000003 0.021516 0.002934 
0.5890095 0.12064050000000003 0.09989050000000002 0.02045950000000001 0.12064050000000003 0.024709500000000013 0.02045950000000001 0.004190500000000003 
0.641277 0.07125299999999998 0.14172300000000002 0.015746999999999997 0.095823 0.010646999999999998 0.021176999999999998 0.002352999999999999 
0.6047325 0.10671750000000002 0.11776749999999998 0.0207825 0.10671750000000002 0.018832500000000005 0.0207825 0.0036675000000000006 
Action: 1
0.6699399999999999 0.14706000000000002 0.03526000000000003 0.007740000000000009 0.10906 0.023940000000000006 0.0057400000000000055 0.0012600000000000016 
0.6111 0.2037 0.018900000000000014 0.006300000000000005 0.11640000000000003 0.03880000000000001 0.0036000000000000034 0.0012000000000000012 
0.687456 0.13094400000000003 0.051743999999999964 0.009855999999999995 0.093744 0.017856000000000004 0.007055999999999995 0.0013439999999999993 
0.6290899999999999 0.18790999999999997 0.03311000000000003 0.009890000000000008 0.10241 0.03059 0.005390000000000006 0.0016100000000000014 
0.56648 0.14161999999999997 0.017520000000000018 0.004380000000000003 0.20952000000000004 0.052379999999999996 0.006480000000000007 0.0016200000000000012 
0.5131169999999999 0.189783 0.005183000000000004 0.0019170000000000016 0.20958300000000002 0.07751700000000002 0.002117000000000002 7.830000000000008E-4 
0.5842499999999999 0.12825000000000003 0.030750000000000024 0.006750000000000008 0.19474999999999998 0.04275000000000001 0.010250000000000009 0.0022500000000000024 
0.531075 0.177025 0.016425000000000016 0.005475000000000005 0.19642500000000002 0.065475 0.006075000000000006 0.002025000000000002 

Timestep: 9
Action: 0
0.648648 0.07207199999999998 0.161352 0.017927999999999996 0.07207199999999998 0.008007999999999996 0.017927999999999996 0.001991999999999999 
0.6121632 0.10802880000000002 0.13583679999999995 0.023971199999999995 0.0834768 0.014731200000000003 0.018523199999999997 0.0032687999999999997 
0.6629004800000001 0.057643519999999976 0.18349952 0.01595647999999999 0.05764351999999998 0.005012479999999995 0.01595647999999999 0.0013875199999999986 
0.6270264 0.0936936 0.1559736 0.0233064 0.06966959999999998 0.010410399999999998 0.017330399999999992 0.002589599999999999 
0.6121632 0.0834768 0.13583679999999998 0.018523199999999997 0.10802880000000002 0.014731200000000002 0.023971199999999998 0.0032687999999999997 
0.5759203999999999 0.11795960000000001 0.11297960000000001 0.02314040000000001 0.11795960000000001 0.02416040000000001 0.02314040000000001 0.0047396000000000035 
0.6270264000000001 0.0696696 0.1559736 0.017330399999999996 0.09369360000000002 0.010410399999999998 0.023306399999999998 0.002589599999999999 
0.591294 0.10434600000000002 0.13120599999999996 0.023153999999999997 0.10434600000000002 0.018414000000000007 0.023153999999999997 0.004086 
Action: 1
0.6699399999999999 0.14706000000000002 0.03526000000000003 0.007740000000000009 0.10906 0.023940000000000006 0.0057400000000000055 0.0012600000000000016 
0.6111 0.2037 0.018900000000000014 0.006300000000000005 0.11640000000000003 0.03880000000000001 0.0036000000000000034 0.0012000000000000012 
0.687456 0.13094400000000003 0.051743999999999964 0.009855999999999995 0.093744 0.017856000000000004 0.007055999999999995 0.0013439999999999993 
0.6290899999999999 0.18790999999999997 0.03311000000000003 0.009890000000000008 0.10241 0.03059 0.005390000000000006 0.0016100000000000014 
0.56648 0.14161999999999997 0.017520000000000018 0.004380000000000003 0.20952000000000004 0.052379999999999996 0.006480000000000007 0.0016200000000000012 
0.5131169999999999 0.189783 0.005183000000000004 0.0019170000000000016 0.20958300000000002 0.07751700000000002 0.002117000000000002 7.830000000000008E-4 
0.5842499999999999 0.12825000000000003 0.030750000000000024 0.006750000000000008 0.19474999999999998 0.04275000000000001 0.010250000000000009 0.0022500000000000024 
0.531075 0.177025 0.016425000000000016 0.005475000000000005 0.19642500000000002 0.065475 0.006075000000000006 0.002025000000000002 

Timestep: 10
Action: 0
0.6707610000000002 0.074529 0.139239 0.015470999999999995 0.07452899999999998 0.008280999999999997 0.015470999999999995 0.001718999999999999 
0.6330324 0.11171160000000002 0.11496759999999996 0.020288399999999998 0.0863226 0.015233400000000003 0.015677399999999994 0.0027665999999999993 
0.6854993600000001 0.05960863999999998 0.16090064 0.013991359999999993 0.05960863999999998 0.005183359999999995 0.013991359999999994 0.0012166399999999989 
0.6484023000000001 0.09688770000000002 0.1345977 0.0201123 0.07204469999999999 0.010765299999999998 0.014955299999999994 0.002234699999999999 
0.6330324 0.0863226 0.11496759999999996 0.015677399999999994 0.11171160000000002 0.015233400000000003 0.020288399999999995 0.0027665999999999993 
0.59555405 0.12198095000000002 0.09334595000000001 0.01911905000000001 0.12198095 0.024984050000000008 0.01911905000000001 0.003915950000000003 
0.6484023000000001 0.07204469999999999 0.13459769999999996 0.014955299999999993 0.09688770000000001 0.010765299999999998 0.020112299999999996 0.002234699999999999 
0.6114517500000001 0.10790325000000003 0.11104824999999996 0.019596749999999996 0.10790325000000002 0.019041750000000007 0.019596749999999996 0.00345825 
Action: 1
0.6699399999999999 0.14706000000000002 0.03526000000000003 0.007740000000000009 0.10906 0.023940000000000006 0.0057400000000000055 0.0012600000000000016 
0.6111 0.2037 0.018900000000000014 0.006300000000000005 0.11640000000000003 0.03880000000000001 0.0036000000000000034 0.0012000000000000012 
0.687456 0.13094400000000003 0.051743999999999964 0.009855999999999995 0.093744 0.017856000000000004 0.007055999999999995 0.0013439999999999993 
0.6290899999999999 0.18790999999999997 0.03311000000000003 0.009890000000000008 0.10241 0.03059 0.005390000000000006 0.0016100000000000014 
0.56648 0.14161999999999997 0.017520000000000018 0.004380000000000003 0.20952000000000004 0.052379999999999996 0.006480000000000007 0.0016200000000000012 
0.5131169999999999 0.189783 0.005183000000000004 0.0019170000000000016 0.20958300000000002 0.07751700000000002 0.002117000000000002 7.830000000000008E-4 
0.5842499999999999 0.12825000000000003 0.030750000000000024 0.006750000000000008 0.19474999999999998 0.04275000000000001 0.010250000000000009 0.0022500000000000024 
0.531075 0.177025 0.016425000000000016 0.005475000000000005 0.19642500000000002 0.065475 0.006075000000000006 0.002025000000000002 

Timestep: 11
Action: 0
0.6707610000000002 0.074529 0.139239 0.015470999999999995 0.07452899999999998 0.008280999999999997 0.015470999999999995 0.001718999999999999 
0.6330324 0.11171160000000002 0.11496759999999996 0.020288399999999998 0.0863226 0.015233400000000003 0.015677399999999994 0.0027665999999999993 
0.6854993600000001 0.05960863999999998 0.16090064 0.013991359999999993 0.05960863999999998 0.005183359999999995 0.013991359999999994 0.0012166399999999989 
0.6484023000000001 0.09688770000000002 0.1345977 0.0201123 0.07204469999999999 0.010765299999999998 0.014955299999999994 0.002234699999999999 
0.6330324 0.0863226 0.11496759999999996 0.015677399999999994 0.11171160000000002 0.015233400000000003 0.020288399999999995 0.0027665999999999993 
0.59555405 0.12198095000000002 0.09334595000000001 0.01911905000000001 0.12198095 0.024984050000000008 0.01911905000000001 0.003915950000000003 
0.6484023000000001 0.07204469999999999 0.13459769999999996 0.014955299999999993 0.09688770000000001 0.010765299999999998 0.020112299999999996 0.002234699999999999 
0.6114517500000001 0.10790325000000003 0.11104824999999996 0.019596749999999996 0.10790325000000002 0.019041750000000007 0.019596749999999996 0.00345825 
Action: 1
0.6699399999999999 0.14706000000000002 0.03526000000000003 0.007740000000000009 0.10906 0.023940000000000006 0.0057400000000000055 0.0012600000000000016 
0.6111 0.2037 0.018900000000000014 0.006300000000000005 0.11640000000000003 0.03880000000000001 0.0036000000000000034 0.0012000000000000012 
0.687456 0.13094400000000003 0.051743999999999964 0.009855999999999995 0.093744 0.017856000000000004 0.007055999999999995 0.0013439999999999993 
0.6290899999999999 0.18790999999999997 0.03311000000000003 0.009890000000000008 0.10241 0.03059 0.005390000000000006 0.0016100000000000014 
0.56648 0.14161999999999997 0.017520000000000018 0.004380000000000003 0.20952000000000004 0.052379999999999996 0.006480000000000007 0.0016200000000000012 
0.5131169999999999 0.189783 0.005183000000000004 0.0019170000000000016 0.20958300000000002 0.07751700000000002 0.002117000000000002 7.830000000000008E-4 
0.5842499999999999 0.12825000000000003 0.030750000000000024 0.006750000000000008 0.19474999999999998 0.04275000000000001 0.010250000000000009 0.0022500000000000024 
0.531075 0.177025 0.016425000000000016 0.005475000000000005 0.19642500000000002 0.065475 0.006075000000000006 0.002025000000000002 

Timestep: 12
Action: 0
0.6633900000000001 0.07371 0.14661 0.016289999999999995 0.07370999999999998 0.008189999999999998 0.016289999999999995 0.0018099999999999991 
0.6260760000000001 0.11048400000000003 0.12192399999999998 0.021516 0.085374 0.015066000000000003 0.016626 0.002934 
0.6779664000000001 0.058953599999999974 0.16843360000000002 0.014646399999999995 0.058953599999999974 0.005126399999999995 0.014646399999999995 0.0012735999999999989 
0.6412770000000001 0.09582300000000002 0.141723 0.021176999999999998 0.07125299999999998 0.010646999999999998 0.015746999999999994 0.002352999999999999 
0.6260760000000001 0.085374 0.12192399999999998 0.016626 0.11048400000000003 0.015066000000000003 0.021516 0.002934 
0.5890095 0.12064050000000003 0.09989050000000002 0.02045950000000001 0.12064050000000003 0.024709500000000013 0.02045950000000001 0.004190500000000003 
0.641277 0.07125299999999998 0.14172300000000002 0.015746999999999997 0.095823 0.010646999999999998 0.021176999999999998 0.002352999999999999 
0.6047325 0.10671750000000002 0.11776749999999998 0.0207825 0.10671750000000002 0.018832500000000005 0.0207825 0.0036675000000000006 
Action: 1
0.6699399999999999 0.14706000000000002 0.03526000000000003 0.007740000000000009 0.10906 0.023940000000000006 0.0057400000000000055 0.0012600000000000016 
0.6111 0.2037 0.018900000000000014 0.006300000000000005 0.11640000000000003 0.03880000000000001 0.0036000000000000034 0.0012000000000000012 
0.687456 0.13094400000000003 0.051743999999999964 0.009855999999999995 0.093744 0.017856000000000004 0.007055999999999995 0.0013439999999999993 
0.6290899999999999 0.18790999999999997 0.03311000000000003 0.009890000000000008 0.10241 0.03059 0.005390000000000006 0.0016100000000000014 
0.56648 0.14161999999999997 0.017520000000000018 0.004380000000000003 0.20952000000000004 0.052379999999999996 0.006480000000000007 0.0016200000000000012 
0.5131169999999999 0.189783 0.005183000000000004 0.0019170000000000016 0.20958300000000002 0.07751700000000002 0.002117000000000002 7.830000000000008E-4 
0.5842499999999999 0.12825000000000003 0.030750000000000024 0.006750000000000008 0.19474999999999998 0.04275000000000001 0.010250000000000009 0.0022500000000000024 
0.531075 0.177025 0.016425000000000016 0.005475000000000005 0.19642500000000002 0.065475 0.006075000000000006 0.002025000000000002 

Timestep: 13
Action: 0
0.648648 0.07207199999999998 0.161352 0.017927999999999996 0.07207199999999998 0.008007999999999996 0.017927999999999996 0.001991999999999999 
0.6121632 0.10802880000000002 0.13583679999999995 0.023971199999999995 0.0834768 0.014731200000000003 0.018523199999999997 0.0032687999999999997 
0.6629004800000001 0.057643519999999976 0.18349952 0.01595647999999999 0.05764351999999998 0.005012479999999995 0.01595647999999999 0.0013875199999999986 
0.6270264 0.0936936 0.1559736 0.0233064 0.06966959999999998 0.010410399999999998 0.017330399999999992 0.002589599999999999 
0.6121632 0.0834768 0.13583679999999998 0.018523199999999997 0.10802880000000002 0.014731200000000002 0.023971199999999998 0.0032687999999999997 
0.5759203999999999 0.11795960000000001 0.11297960000000001 0.02314040000000001 0.11795960000000001 0.02416040000000001 0.02314040000000001 0.0047396000000000035 
0.6270264000000001 0.0696696 0.1559736 0.017330399999999996 0.09369360000000002 0.010410399999999998 0.023306399999999998 0.002589599999999999 
0.591294 0.10434600000000002 0.13120599999999996 0.023153999999999997 0.10434600000000002 0.018414000000000007 0.023153999999999997 0.004086 
Action: 1
0.6699399999999999 0.14706000000000002 0.03526000000000003 0.007740000000000009 0.10906 0.023940000000000006 0.0057400000000000055 0.0012600000000000016 
0.6111 0.2037 0.018900000000000014 0.006300000000000005 0.11640000000000003 0.03880000000000001 0.0036000000000000034 0.0012000000000000012 
0.687456 0.13094400000000003 0.051743999999999964 0.009855999999999995 0.093744 0.017856000000000004 0.007055999999999995 0.0013439999999999993 
0.6290899999999999 0.18790999999999997 0.03311000000000003 0.009890000000000008 0.10241 0.03059 0.005390000000000006 0.0016100000000000014 
0.56648 0.14161999999999997 0.017520000000000018 0.004380000000000003 0.20952000000000004 0.052379999999999996 0.006480000000000007 0.0016200000000000012 
0.5131169999999999 0.189783 0.005183000000000004 0.0019170000000000016 0.20958300000000002 0.07751700000000002 0.002117000000000002 7.830000000000008E-4 
0.5842499999999999 0.12825000000000003 0.030750000000000024 0.006750000000000008 0.19474999999999998 0.04275000000000001 0.010250000000000009 0.0022500000000000024 
0.531075 0.177025 0.016425000000000016 0.005475000000000005 0.19642500000000002 0.065475 0.006075000000000006 0.002025000000000002 

Timestep: 14
Action: 0
0.6707610000000002 0.074529 0.139239 0.015470999999999995 0.07452899999999998 0.008280999999999997 0.015470999999999995 0.001718999999999999 
0.6330324 0.11171160000000002 0.11496759999999996 0.020288399999999998 0.0863226 0.015233400000000003 0.015677399999999994 0.0027665999999999993 
0.6854993600000001 0.05960863999999998 0.16090064 0.013991359999999993 0.05960863999999998 0.005183359999999995 0.013991359999999994 0.0012166399999999989 
0.6484023000000001 0.09688770000000002 0.1345977 0.0201123 0.07204469999999999 0.010765299999999998 0.014955299999999994 0.002234699999999999 
0.6330324 0.0863226 0.11496759999999996 0.015677399999999994 0.11171160000000002 0.015233400000000003 0.020288399999999995 0.0027665999999999993 
0.59555405 0.12198095000000002 0.09334595000000001 0.01911905000000001 0.12198095 0.024984050000000008 0.01911905000000001 0.003915950000000003 
0.6484023000000001 0.07204469999999999 0.13459769999999996 0.014955299999999993 0.09688770000000001 0.010765299999999998 0.020112299999999996 0.002234699999999999 
0.6114517500000001 0.10790325000000003 0.11104824999999996 0.019596749999999996 0.10790325000000002 0.019041750000000007 0.019596749999999996 0.00345825 
Action: 1
0.6699399999999999 0.14706000000000002 0.03526000000000003 0.007740000000000009 0.10906 0.023940000000000006 0.0057400000000000055 0.0012600000000000016 
0.6111 0.2037 0.018900000000000014 0.006300000000000005 0.11640000000000003 0.03880000000000001 0.0036000000000000034 0.0012000000000000012 
0.687456 0.13094400000000003 0.051743999999999964 0.009855999999999995 0.093744 0.017856000000000004 0.007055999999999995 0.0013439999999999993 
0.6290899999999999 0.18790999999999997 0.03311000000000003 0.009890000000000008 0.10241 0.03059 0.005390000000000006 0.0016100000000000014 
0.56648 0.14161999999999997 0.017520000000000018 0.004380000000000003 0.20952000000000004 0.052379999999999996 0.006480000000000007 0.0016200000000000012 
0.5131169999999999 0.189783 0.005183000000000004 0.0019170000000000016 0.20958300000000002 0.07751700000000002 0.002117000000000002 7.830000000000008E-4 
0.5842499999999999 0.12825000000000003 0.030750000000000024 0.006750000000000008 0.19474999999999998 0.04275000000000001 0.010250000000000009 0.0022500000000000024 
0.531075 0.177025 0.016425000000000016 0.005475000000000005 0.19642500000000002 0.065475 0.006075000000000006 0.002025000000000002 

Timestep: 15
Action: 0
0.656019 0.07289099999999998 0.153981 0.017108999999999996 0.072891 0.008098999999999997 0.017108999999999996 0.001900999999999999 
0.6191196000000001 0.10925640000000003 0.12888039999999995 0.022743599999999996 0.08442540000000001 0.014898600000000003 0.017574599999999992 0.0031013999999999994 
0.67043344 0.05829855999999997 0.17596656 0.015301439999999993 0.05829855999999997 0.0050694399999999945 0.015301439999999993 0.0013305599999999986 
0.6341517000000001 0.09475830000000002 0.1488483 0.0222417 0.07046129999999999 0.0105287 0.016538699999999996 0.0024712999999999996 
0.6191196000000001 0.08442540000000001 0.12888039999999995 0.017574599999999992 0.10925640000000003 0.014898600000000003 0.022743599999999996 0.0031013999999999994 
0.5824649499999999 0.11930005 0.10643505 0.02179995000000001 0.11930005000000002 0.02443495000000001 0.02179995000000001 0.0044650500000000025 
0.6341517000000001 0.07046129999999999 0.1488483 0.016538699999999993 0.0947583 0.010528699999999998 0.0222417 0.002471299999999999 
0.59801325 0.10553175000000004 0.12448674999999995 0.021968249999999995 0.10553175000000002 0.018623250000000008 0.021968249999999995 0.00387675 
Action: 1
0.6699399999999999 0.14706000000000002 0.03526000000000003 0.007740000000000009 0.10906 0.023940000000000006 0.0057400000000000055 0.0012600000000000016 
0.6111 0.2037 0.018900000000000014 0.006300000000000005 0.11640000000000003 0.03880000000000001 0.0036000000000000034 0.0012000000000000012 
0.687456 0.13094400000000003 0.051743999999999964 0.009855999999999995 0.093744 0.017856000000000004 0.007055999999999995 0.0013439999999999993 
0.6290899999999999 0.18790999999999997 0.03311000000000003 0.009890000000000008 0.10241 0.03059 0.005390000000000006 0.0016100000000000014 
0.56648 0.14161999999999997 0.017520000000000018 0.004380000000000003 0.20952000000000004 0.052379999999999996 0.006480000000000007 0.0016200000000000012 
0.5131169999999999 0.189783 0.005183000000000004 0.0019170000000000016 0.20958300000000002 0.07751700000000002 0.002117000000000002 7.830000000000008E-4 
0.5842499999999999 0.12825000000000003 0.030750000000000024 0.006750000000000008 0.19474999999999998 0.04275000000000001 0.010250000000000009 0.0022500000000000024 
0.531075 0.177025 0.016425000000000016 0.005475000000000005 0.19642500000000002 0.065475 0.006075000000000006 0.002025000000000002 

Timestep: 16
Action: 0
0.6633900000000001 0.07371 0.14661 0.016289999999999995 0.07370999999999998 0.008189999999999998 0.016289999999999995 0.0018099999999999991 
0.6260760000000001 0.11048400000000003 0.12192399999999998 0.021516 0.085374 0.015066000000000003 0.016626 0.002934 
0.6779664000000001 0.058953599999999974 0.16843360000000002 0.014646399999999995 0.058953599999999974 0.005126399999999995 0.014646399999999995 0.0012735999999999989 
0.6412770000000001 0.09582300000000002 0.141723 0.021176999999999998 0.07125299999999998 0.010646999999999998 0.015746999999999994 0.002352999999999999 
0.6260760000000001 0.085374 0.12192399999999998 0.016626 0.11048400000000003 0.015066000000000003 0.021516 0.002934 
0.5890095 0.12064050000000003 0.09989050000000002 0.02045950000000001 0.12064050000000003 0.024709500000000013 0.02045950000000001 0.004190500000000003 
0.641277 0.07125299999999998 0.14172300000000002 0.015746999999999997 0.095823 0.010646999999999998 0.021176999999999998 0.002352999999999999 
0.6047325 0.10671750000000002 0.11776749999999998 0.0207825 0.10671750000000002 0.018832500000000005 0.0207825 0.0036675000000000006 
Action: 1
0.6699399999999999 0.14706000000000002 0.03526000000000003 0.007740000000000009 0.10906 0.023940000000000006 0.0057400000000000055 0.0012600000000000016 
0.6111 0.2037 0.018900000000000014 0.006300000000000005 0.11640000000000003 0.03880000000000001 0.0036000000000000034 0.0012000000000000012 
0.687456 0.13094400000000003 0.051743999999999964 0.009855999999999995 0.093744 0.017856000000000004 0.007055999999999995 0.0013439999999999993 
0.6290899999999999 0.18790999999999997 0.03311000000000003 0.009890000000000008 0.10241 0.03059 0.005390000000000006 0.0016100000000000014 
0.56648 0.14161999999999997 0.017520000000000018 0.004380000000000003 0.20952000000000004 0.052379999999999996 0.006480000000000007 0.0016200000000000012 
