0.125 0.125 0.125 0.125 0.125 0.125 0.125 0.125
0.49443847997439977 0.22461483315302364 0.025861426115631907 0.010793132952725763 0.15886640355441853 0.07507869425348276 0.007228229725222456 0.0031188002710952423
0.5309378363689639 0.22861231443552862 0.02042490592593902 0.008261777100823852 0.14240698064568647 0.06345856327338291 0.004920269559112496 9.773526905626738E-4
0.6275816060670668 0.12674433396966567 0.032644280856591414 0.006216274562137302 0.1634932420737297 0.034106186332225355 0.0077138301424929 0.001500245996090857
0.4860492422692477 0.19557728781036368 0.020325740024961167 0.007842710767135637 0.19770313195572686 0.081938395277002 0.007580287467358854 0.0029832044282040154
0.5209031588130141 0.22327124413563196 0.026357941643392283 0.010620998957987878 0.1451662147672094 0.0644311991047213 0.006547922172865693 0.0027013204051775075
0.5277066436746777 0.22537587134561538 0.027533065910216706 0.011079260653475633 0.13812545148824854 0.06097460555004931 0.006522504193675346 0.002682597184041239
0.5359293335549632 0.2284833949844457 0.02109608731634497 0.00847986825864953 0.1388935281270071 0.06117647651296904 0.00496292318666443 9.783880589560598E-4
0.5289661936488228 0.22570790177688307 0.02762709365856963 0.011121469956304501 0.13702526609077445 0.060376003164018525 0.006502940690327045 0.0026731310143000148
0.4765092673467176 0.20308874306759891 0.01877437383348939 0.007545355602557738 0.19727061106962124 0.08685409087666636 0.007059034364528238 0.0028985238388204142
0.5261816637374804 0.22686782789206839 0.019788966754266803 0.008008822107322608 0.14740869588842362 0.06582970507226833 0.004933075174775955 9.812433733939394E-4
0.5273569789732151 0.22565117687136538 0.027323225323093513 0.011018735495768187 0.13832999492156106 0.06115940582234956 0.006487730915723812 0.002672751676923462
0.5288491809271133 0.22552043833130758 0.02774254232964854 0.011153755575629046 0.13711513027659392 0.06040852514459163 0.006528552579710049 0.0026818748354061
0.5361361366459796 0.22848915872534545 0.021125427335896604 0.008489667548478767 0.13873619957693917 0.061080374189963066 0.0049645975026513705 9.78438474745986E-4
0.5359810291647611 0.22868562156492353 0.020998682854026538 0.008452780288937863 0.13880827116039898 0.061156684419268546 0.004941892066877823 9.750384808054403E-4
0.535945355294895 0.22870199257185306 0.020991670360689392 0.008450972487785528 0.13882273798776334 0.06117137413386447 0.0049409325062753215 9.749646568739635E-4
0.6283650830517671 0.12669825896566195 0.032814332846217584 0.006242097562522829 0.16276671509251875 0.033889333561784994 0.007723868042533844 0.0015003108769930445
0.5461256455998695 0.2196982021127405 0.022851566610473373 0.008815872172642151 0.13870916066617459 0.05747133748889194 0.0053229067493859835 0.0010053085998219982
0.47771882371271746 0.20263741001642527 0.018873616690530066 0.00756390610395552 0.19697488176053612 0.08624886753624694 0.007084045236505644 0.002898448943082917
0.5197733059276686 0.22397945566039232 0.026089979943527266 0.010554819538360318 0.14548079005493028 0.06492957380488373 0.006499728161244712 0.0026923469089927617
0.5275388343660078 0.22544379947313894 0.0274946297214754 0.011068951357932701 0.13820463152194634 0.061049929436464416 0.0065174052663084505 0.0026818188567258104
0.5359016693896635 0.22848993389613867 0.021091702330022055 0.008478604843505079 0.1389087188382933 0.06118857170768143 0.00496244303636936 9.783559583264932E-4
0.5289620073100137 0.22570864435063187 0.02762623198667437 0.011121211124884038 0.1370279645767137 0.06037795800374358 0.006502860769582251 0.0026731218777565164
0.5361396164856235 0.22850364902828965 0.021123718369524976 0.008489559203601548 0.1387238008484719 0.061077283578098635 0.004963998216047443 9.783742703422158E-4
0.5359819108727778 0.22868676877630809 0.020998725400542127 0.008452826880846068 0.138806722119627 0.061156150496026844 0.004941860408000571 9.750350458712885E-4
0.5289661132168807 0.2257237754397422 0.027624431884097352 0.01112123689385352 0.13701469340565636 0.06037466682270768 0.006502116196730128 0.002672966140332146
0.5361406021293361 0.22850485942141746 0.02112377048367681 0.00848961068965942 0.1387221255476113 0.06107669652123428 0.004963964669687453 9.78370537377133E-4
0.4763363623391062 0.2032378781906346 0.018661942759479553 0.00751217916187238 0.19737548514256714 0.0869606575896677 0.007027061803380321 0.0028884330132917767
0.52614273516944 0.22688155229079437 0.019781739103346987 0.00800682399227082 0.1474273699815031 0.06584651581608644 0.004932103867344426 9.811597792137657E-4
0.6266924013576445 0.1267058572525181 0.0324688339308527 0.006186910879849331 0.1643924645466335 0.03434304673521406 0.007709721616980158 0.0015007636803077353
0.538263496564386 0.21663789405821263 0.02999289195183332 0.011574598682889643 0.13698868514459983 0.056791942594082566 0.006996480830182422 0.002754010173813378
0.477897811837869 0.20246479475323054 0.018995037302475686 0.007599130694509067 0.19687683019782157 0.0861385026375149 0.0071187011130784085 0.0029091914635009392
0.5263980517662733 0.22680101304300215 0.01982298981165698 0.008018467728029123 0.14730547115751064 0.0657347772113773 0.004937613708485122 9.816155736653265E-4
0.527389103978735 0.22564398530568247 0.0273299373546837 0.011020707464493188 0.13831049807050713 0.061144511088419784 0.006488417893985875 0.0026728388434928813
0.5288543509982228 0.22551958964697616 0.027743622934968886 0.011154082486996945 0.13711171908507314 0.060406098140231776 0.006528650512485121 0.002681886195045272
0.5291177125867743 0.22549759278514728 0.027798636523628403 0.01117141116992498 0.13691923980756507 0.06028029042005091 0.006532813899095462 0.002682302807813519
0.5291617262922428 0.2254936855151022 0.027807594634106998 0.011174230734291312 0.13688757077198688 0.060259328692050675 0.00653349548203837 0.002682367878180737
0.47656564089541953 0.20307730559097054 0.018783486260797438 0.007547886441776371 0.197240318669716 0.08682554239861451 0.00706094347796534 0.0028988762647401524
0.5196150128715641 0.2240311733528693 0.026057379692756347 0.01054553838409822 0.1455609504058844 0.06500288482398894 0.006495420453598641 0.002691640015239972
0.5344537859722838 0.2284153125395364 0.02088823653582911 0.008409747409400408 0.1400380980480138 0.06186474516650873 0.004951944680605595 9.781296478224026E-4
0.5287285428426293 0.22571373146035748 0.027581094179365936 0.011106431752825264 0.13720681631929466 0.060490395504349634 0.0065000456545701865 0.00267294228660757
0.5360985217277904 0.22850534123646327 0.02111771584562708 0.008487632075079885 0.13875278256927626 0.06109608557126696 0.004963566523827082 9.783544506689432E-4
0.5359750860751318 0.22868712394458407 0.020997742737455243 0.008452512872325842 0.13881145268802722 0.061159262024193146 0.004941787917045415 9.750317412371623E-4
0.5359444138814464 0.22870214657634924 0.020991528701676577 0.00845093002091303 0.13882330591862252 0.0611717920964739 0.004940918946494657 9.749638580235314E-4
0.5289605461837127 0.2257252936840557 0.02762323097071821 0.011120895094024768 0.13701788595387904 0.06037721253296443 0.006501986059617316 0.0026729495210279196
0.6284561776659782 0.12655945895967474 0.0330144655741385 0.006269359544611003 0.16260899750903499 0.03382808194326805 0.007758240944098791 0.001505217859195935
0.5385601982253372 0.2166264500017274 0.030055134475294294 0.011593631288746027 0.1367565190635132 0.056654716111759 0.0069995585407193195 0.002753792292903388
0.47795976161758214 0.20246927022187108 0.019002502156536857 0.007601559268454028 0.19683053627682956 0.0861073208721838 0.007119699748533258 0.0029093498380092626
0.4645860819260055 0.2001649713102765 0.01749623033119639 0.007077189764521834 0.2079984226476973 0.09281679859113548 0.006972514321870056 0.0028877911072968136
0.4618946395161921 0.1997902451407529 0.01719502175867131 0.00697320844766201 0.21014437340541073 0.09418389060609332 0.006936946457666754 0.0028816746675510035
0.5236752494604442 0.22670071537339434 0.019448997461976314 0.00789160560627078 0.14937753720395072 0.06700925229332802 0.004915827708470459 9.808148921651586E-4
0.6262867294673137 0.1267221313476717 0.03238143317340513 0.0061734197131175965 0.16477583388567327 0.0344546463123647 0.007705039264669918 0.0015007668357841252
0.4857938710131115 0.19554386128419485 0.02029568721268111 0.007832980588442303 0.19791162763154319 0.08206121994853718 0.007577664632028331 0.0029830876894615783
0.5275129388119194 0.22612170540429008 0.020014984371577834 0.008065490583457968 0.1470525932706848 0.06527409204147852 0.004973311698579174 9.848838180122217E-4
0.4744838719583552 0.20289115359308849 0.018459127065042522 0.007440378254225381 0.1989390163377266 0.08789284370612775 0.007008036879627919 0.002885572205806102
0.6178289823297343 0.12595005023317957 0.030922850151675663 0.005915975507795278 0.17350779269296923 0.036638420873721454 0.007722963504587486 0.0015129647063371453
0.5444294658782659 0.2195860008085517 0.022610902126585897 0.00873808543332828 0.1400812412846107 0.05823160066554368 0.005316337658311048 0.0010063661448027636
0.5299723327646251 0.22492005165389378 0.027879236797973918 0.011176861236930059 0.13685757289091546 0.059963668353585575 0.006549447077419902 0.002680829224656329
0.5362925162485899 0.228432908016476 0.021150019052496586 0.008496281920598092 0.13866768930252438 0.061014068300559436 0.0049678480939522604 9.786690648034412E-4
0.5290221631409269 0.22570099932252338 0.027638350052768348 0.011124954289998087 0.13698685594992369 0.06034957916515367 0.0065038720867895495 0.002673225991916342
0.5361500013471827 0.22850268898982562 0.021125268127895374 0.008490042535914798 0.1387169041518166 0.061072587884019765 0.004964125856360845 9.783811069843204E-4
0.5290018591021365 0.22570774823351192 0.027633919541385565 0.011123729244753482 0.1369974849151505 0.06035876340926524 0.00650334239670416 0.002673153157092656
0.5291274494979741 0.22551181409567925 0.027797572595473434 0.011171652236378527 0.13690276535263465 0.06027450008161528 0.0065321104628401905 0.0026821356774046055
0.5291635373159115 0.22549475702954508 0.02780783228746042 0.011174350350131203 0.13688534829794874 0.060258349757203046 0.006533465824019708 0.0026823591377800613
0.5291693701310709 0.22549308461524722 0.027809139697511722 0.01117472003380917 0.13688201619926438 0.06025568072706144 0.006533610126309856 0.00268237846972558
0.5291703059240791 0.225492901334459 0.027809338616959486 0.011174779135914444 0.1368814205874554 0.06025524440696302 0.006533629212051395 0.0026823807821180754
0.5291704581926581 0.22549287882368185 0.027809370306619185 0.011174788800482543 0.13688131808649465 0.0602551727171372 0.006533631981429649 0.002682381091496985
0.4765674287449131 0.2030773888828586 0.018783704367718854 0.007547956603313864 0.19723902712090377 0.08682463744641943 0.00706097523321337 0.002898881600658804
0.5196152985278603 0.2240311611591914 0.026057434817379096 0.010545556421027268 0.14556073764936617 0.06500274658327941 0.00649542442179947 0.0026916404200969593
0.47448165969540246 0.2027843530078046 0.01854433059149101 0.007466074245176653 0.19891856155065088 0.08787640509018894 0.007034043452622772 0.0028945723666629845
0.519277413145247 0.22402825345938665 0.025993601055280237 0.010524103552006033 0.14582615828734422 0.06516752245357342 0.006491590927129778 0.0026913571200325903
0.5343941414730752 0.22841697280953258 0.020879580908609925 0.00840694441292769 0.14008077747998748 0.06189213724385533 0.004951342847262721 9.781028247490206E-4
0.5287190907956022 0.2257143262554314 0.02757923584869909 0.01110583709637941 0.13721375300662897 0.06049491154746959 0.006499914017125335 0.0026729314326640902
0.4764579566171789 0.20308500561540482 0.018768227171136062 0.007543343875581769 0.19730884717349584 0.08688004293668976 0.0070581929088945556 0.0028983837016184053
0.4643255531095227 0.2002014032911706 0.017461862332054084 0.007067095607054414 0.20813993116795246 0.09295276428673742 0.006965049677206381 0.0028863405283020243
0.6160792254813676 0.12592608557737725 0.03057253558714433 0.005858622551870265 0.17522804149029586 0.03711188849779842 0.007710126973174728 0.0015134738409714704
0.5441449920654331 0.21957707554332379 0.022569714114996853 0.008725022068019384 0.14030348826761543 0.058358394224888074 0.005314817975789065 0.0010064957399341574
0.6290655450108543 0.12615725265634015 0.033084412328719746 0.0062674408516715865 0.16250207674711817 0.03364554774252175 0.007774075955632592 0.0015036487071417935
0.5462427415877381 0.21964992248639678 0.022872220668736367 0.008821116513714344 0.13865955750228648 0.057423393463198566 0.005325569589659415 0.0010054781882701661
0.5302620289584702 0.22491304227130807 0.02793540800347033 0.011195135467006258 0.13663574447347362 0.05982478152348259 0.006552859018625948 0.002681000284162953
0.5293134405499809 0.22543666016104344 0.027840195708368525 0.011183033834786473 0.13681468546151063 0.06019134396962986 0.006537681062690826 0.002682959251989391
0.5362158673808363 0.22847971385697463 0.02113747633857536 0.008493369794197545 0.13868488034500212 0.06104454319422437 0.004965650960419377 9.784981297704977E-4
0.4763499867296797 0.20323699959673439 0.018663696586705303 0.007512705393124143 0.19736700440098623 0.08695374640503703 0.007027374983536148 0.0028884859041970047
0.5261449785820738 0.22688135930052192 0.019782062906696582 0.008006926860496024 0.14742588949664537 0.0658454891285116 0.004932132149812345 9.811615752424246E-4
0.5342527121354501 0.228605582991543 0.020759700306619583 0.00837194163792096 0.140143560790795 0.06196234502881185 0.00492938049194592 9.747766169135757E-4
0.5286882563347454 0.22573052936193572 0.027570718523538162 0.011103669326021704 0.13722692022332375 0.06050842477268851 0.006498735941565692 0.0026727455161810105
0.5290752618065863 0.22551619346853405 0.02778699992379002 0.011168314145890056 0.1369404760517978 0.06029937810251079 0.006531315470941648 0.0026820610299493576
0.5291548676707696 0.22549553522661972 0.027806071546570506 0.011173796152760802 0.13689157354802814 0.060262478283950933 0.006533331346663471 0.0026823462246368685
0.5361898666888185 0.22848546056964486 0.021133398047637246 0.008492184609149236 0.13869945209879042 0.0610559534019255 0.004965215097896586 9.784694861376963E-4
0.4763451912709405 0.203237069184302 0.018663101428192757 0.007512520858753762 0.19737019192563002 0.08695617902186127 0.007027276917897271 0.0028884693924223605
0.4642945659742456 0.2002109068288739 0.017456529814133374 0.00706565950288999 0.2081537134847883 0.09296880529464314 0.006963742457885144 0.0028860766425405546
0.5176017681048066 0.22391302538698837 0.02568488000764714 0.010417042439461226 0.1472228264630819 0.0659916921516786 0.006477643105391192 0.002691122340945071
0.5271726053920444 0.22545622380552482 0.027422191545366275 0.011045408634645178 0.13848313197685777 0.06122633370893047 0.006512651784460548 0.002681453152170814
0.4761460252610238 0.20303933062233936 0.018733723706016964 0.0075314160917996555 0.1975596627656612 0.08703760382164649 0.007054436621114182 0.0028978011103981613
0.5195475288076582 0.22403242556336175 0.026044485817973355 0.010541266162064966 0.14561250522013955 0.06503566203088101 0.0064945637117640445 0.002691562686157205
0.53444191856736 0.22841579789748537 0.020886504737990346 0.008409190687537201 0.1400464652139606 0.06187017971518228 0.004951819427021331 9.781237534630357E-4
0.47599476939394875 0.2032025704021002 0.01862249633421104 0.007498979592691522 0.1976382314893758 0.0871332264438239 0.00702209715256121 0.002887629191287607
0.6180859510152792 0.12594863584780489 0.030975623289953163 0.005924459839492695 0.17325881610906618 0.036568251949464975 0.007725325245438046 0.0015129367035007614
0.5444713134192323 0.21958684094840578 0.02261699621127217 0.00874000653984434 0.1400489281723057 0.05821298520307319 0.005316580291403005 0.0010063492144635566
0.5370234437809697 0.22790945534738083 0.021188340331303672 0.008494386855866811 0.13867154134440784 0.060757466202740015 0.004977437971105227 9.779281662261033E-4
0.5291040201387437 0.2256527483448619 0.02765643045196297 0.011129289120923449 0.1369623219082733 0.06031465393017589 0.006506846613488345 0.002673689491570332
0.476534608658434 0.20308633564359743 0.018777722463642975 0.007546344467272055 0.1972555026187668 0.08684118495204254 0.007059667180160044 0.0028986340160841247
0.6181785269328444 0.1259356465297533 0.03099915849423901 0.0059278103400525065 0.17317689667408942 0.036541465816251534 0.007727448170718811 0.0015130470420510874
0.54448671493968 0.21958596569443334 0.02261933765408676 0.008740714284999219 0.14003797210918972 0.05820622955438457 0.005316717532558083 0.0010063482306681268
0.5370259862032195 0.22790931566413922 0.02118870789291739 0.008494503546072849 0.1386697806366154 0.060756312209756844 0.004977464588854611 9.779292584241371E-4
0.5291044194764424 0.22565271763949685 0.027656509335744404 0.011129314159396607 0.13696203325120482 0.06031446374001854 0.006506852405710255 0.0026736899919861537
0.5291427175296876 0.22550647407739363 0.02780098501865513 0.011172589654607514 0.13689491467930925 0.06026759388687562 0.006532529366142701 0.0026821957873285882
0.5291659444546545 0.22549419696005799 0.027808350341196792 0.011174501429717924 0.13688388665697077 0.06025723515628145 0.006533519039668279 0.0026823659614522853
0.5361917902295071 0.22848528989186034 0.021133685193260546 0.008492274317879318 0.1386981681323568 0.061055082987681024 0.004965238518786802 9.784707286681878E-4
0.5290081177361854 0.22570603546754628 0.02763527553583671 0.011124114924818707 0.13699389343086804 0.06035590156903007 0.006503489368884705 0.0026731719668301856
0.5291284496255919 0.22551162405375758 0.027797784149756796 0.011171715306911726 0.1369021249796484 0.060274033233567614 0.006532130560164269 0.0026821380906018387
0.476559312464421 0.2030782064270404 0.018782605778272874 0.007547634567102389 0.19724387002337204 0.08682875613449369 0.007060768637536303 0.0028988459677613348
0.5261899098982511 0.22686650785696533 0.019790207380752472 0.008009199974016435 0.14740372898014942 0.06582599131001714 0.004933202243433274 9.812523564147924E-4
0.4742689175911023 0.2029346429650143 0.018429613241440806 0.0074321599989446005 0.19904559771835872 0.08800308964720202 0.007001554415854144 0.0028844244220832117
0.5257920432727501 0.22687247336813182 0.019733390284229824 0.00799051297364005 0.1476910062813719 0.06601038442072868 0.004929149969683015 9.810394294647673E-4
0.6266357869531762 0.12670901572078708 0.032456426184238954 0.006185023541345578 0.16444528273680994 0.03435871319137447 0.007708993668842935 0.001500758003424886
0.5458435369724229 0.21969247828230593 0.02281046696051197 0.008802922551874825 0.13892710700592148 0.05759678046005912 0.0053212824788833124 0.0010054252880206279
0.5372554192121721 0.22791225757713066 0.021220927113058712 0.00850513962197466 0.13849838348416926 0.0606505742259117 0.004979324673837351 9.779740917458502E-4
0.5361304355453059 0.2286318409990061 0.02102178014065489 0.00845899340082115 0.1387433502212611 0.06109338517663924 0.004944959649839446 9.752548664720241E-4
0.528987644898957 0.22571816471938166 0.02762898250073706 0.01112254520068558 0.1370022478852259 0.06036477753388717 0.006502607591804234 0.002673029669321474
0.5291251831240437 0.22551276717906682 0.027797030510665177 0.011171509255774783 0.13690383701113198 0.06027550694319059 0.006532040449867782 0.0026821255262591322
0.4765586883775175 0.2030782468287472 0.018782524109766482 0.0075476100630141865 0.19724426012018703 0.08682907305197508 0.007060753999059519 0.0028988434497331573
0.5196139308105673 0.224031330457972 0.026057161836790015 0.01054547077978623 0.14556166873775025 0.06500340017403933 0.006495399949896314 0.002691637253198648
0.626789274319156 0.12657228306146232 0.03266265495392225 0.00621347569090296 0.16423213223930416 0.03428129197191446 0.007743296017813133 0.0015055917455247686
0.54589236632294 0.21968016023300824 0.02281982976318057 0.00880547029869213 0.1388984058333102 0.05757607460450373 0.005322216687511033 0.0010054762568541666
0.4776719286674923 0.20263191150246246 0.018868249692896712 0.007562100664329899 0.1970115963823881 0.08627244701286849 0.007083413208150979 0.00289835286941102
0.5197657538016472 0.22397948265335582 0.026088547413144588 0.010554341210187742 0.14548664795529967 0.06493324908694321 0.0064996382221255925 0.002692339657296052
0.5275375678481574 0.2254438639979865 0.027494377340259918 0.011068870093664272 0.1382055779501169 0.061050537574636965 0.006517387814230482 0.0026818173809476276
0.5359014468393989 0.22848994612638615 0.02109166958684064 0.00847859441511709 0.13890887339338995 0.06118867321126475 0.0049624405876058965 9.783558399966716E-4
0.5289619722389794 0.22570864705434066 0.027626225050552886 0.011121208923123247 0.13702798992901263 0.06037797471191898 0.0065028602589516146 0.0026731218331204087
0.529120775555756 0.22551220963918234 0.027796237030621104 0.011171224588906533 0.13690771188009762 0.06027769726563834 0.006532016408011963 0.002682127631786238
0.4765577347628445 0.2030781227320339 0.018782414122892905 0.0075475726555540214 0.1972450186714344 0.08682955456194838 0.007060741137553667 0.0028988413557381387
0.46434472023691015 0.20020209231866043 0.017464161612373977 0.007067839645653026 0.20812642416194693 0.09294294166018342 0.0069654131009567015 0.0028864072633154277
0.5240914676728077 0.2267156773112216 0.019506109797579198 0.007910992319067424 0.14906130820086969 0.06681430917038136 0.004919191236167528 9.809442919056165E-4
0.533904612516592 0.22860315299072928 0.02071087920410939 0.008355780833015759 0.14040121152599383 0.06212331232588141 0.00492637714528743 9.746734583909665E-4
0.5286328248601306 0.2257330240251142 0.027559913431699234 0.011100175879562624 0.13726835823268946 0.06053500332322103 0.006498009394589409 0.002672690852993276
0.4764407395402924 0.20308507275297558 0.018766051751037453 0.007542666710823746 0.19732053673582062 0.08688876601959236 0.00705784231312202 0.002898324176335898
0.5261701662790528 0.22686808689793156 0.01978734796909053 0.008008290225018805 0.14741688462790165 0.0658350294554218 0.004932957403405624 9.812371421772275E-4
0.5342566120445524 0.22860436808134593 0.020760330541080153 0.008372115670072186 0.14014165979066753 0.06196067474045879 0.004929457204980549 9.747819268424232E-4
0.5286888350021136 0.22573040109489798 0.027570839601452953 0.011103704830887606 0.13722656731071473 0.06050815702181177 0.006498748131780614 0.002672747006340727
0.5360918230563642 0.22850691876864557 0.021116643038480265 0.008487323676857061 0.13875648476525873 0.06109900939825234 0.004963450469958127 9.783468261835974E-4
0.5289927266570097 0.22570853837869884 0.02763210645426741 0.011123156737345898 0.13700401946691607 0.060363105985491945 0.006503205557864906 0.002673140762405082
0.4765148506382644 0.20308925771169745 0.01877503421549087 0.0075455745184068715 0.19726635579179908 0.08685126864290998 0.007059120413299176 0.0028985380681322004
0.5196070905833935 0.22403274004437876 0.026055734645543064 0.010545042486062025 0.14556590466944608 0.06500662263343418 0.006495249507271098 0.0026916154304710877
0.474480035458682 0.2027843487640008 0.018544127265985016 0.0074660105163207235 0.19891967065100818 0.08787722984873836 0.007034010762116399 0.00289456673314842
0.5258368515521418 0.22685827670817788 0.019741433035972988 0.007992773536524552 0.14766847613959042 0.06599086795530486 0.004930193319661793 9.81127752625954E-4
0.5342006572294292 0.22860538931691907 0.020752399693830612 0.008369528204906714 0.1401819346674261 0.06198640516427591 0.004928925281169081 9.747604420431686E-4
0.5356451124702298 0.22870482753371182 0.020949235873702367 0.008437070135729833 0.1390410891614721 0.06130962048489756 0.00493818255514934 9.74861785107068E-4
0.528913042550357 0.22572782115808027 0.02761393967657281 0.01111790510477329 0.13705309433795262 0.060399951822197095 0.006501346077558263 0.002672899272508752
0.5361313524173605 0.22850548278668154 0.02112240434711592 0.00848917858202601 0.1387284544883976 0.06108090306595817 0.004963859065276857 9.783652471833536E-4
0.5289989803929462 0.22570811763078263 0.02763333822646056 0.011123549904024711 0.13699945101221805 0.0603601208248164 0.006503293840298658 0.0026731481684524787
0.5291269773187833 0.2255118674978836 0.02779747592510751 0.011171622184940675 0.13690309564745454 0.06027472391413991 0.006532102639970124 0.0026821348717202776
0.5361851341264394 0.22848694253784588 0.021132606772703677 0.008491966566820613 0.13870178880283612 0.06105797865275151 0.004965119723141368 9.784628174614605E-4
0.47634434150052746 0.20323711818443962 0.018662993070470025 0.007512488173181331 0.19737072480624873 0.08695661040277029 0.007027257718022375 0.0028884661443402083
0.4642944043953379 0.20021090062782657 0.017456510583472834 0.0070656532575693615 0.20815382742163507 0.09296888821252461 0.00696373942008741 0.0028860760815461644
0.6160746908004062 0.12592698674014563 0.03057138365502964 0.005858464691331372 0.17523176908290086 0.03711323380714234 0.007710004466315796 0.0015134667567280621
0.4837977318929431 0.1952256690241418 0.020066592701007073 0.007757372068892446 0.1995904766962467 0.08301862338994291 0.007560622213548842 0.002982912013277044
0.527175922490641 0.22610823568888075 0.019968677609954768 0.008049836483746667 0.14731046263432987 0.06543129369689193 0.004970757058639133 9.848143369158297E-4
0.6268078598909542 0.12665586147610147 0.03250435088454859 0.006190969963577421 0.16431844791348188 0.03430657725224083 0.007714857122100588 0.0015010754969950464
0.538281589635704 0.21663337158300294 0.02999694934127153 0.011575721630272859 0.13697762527142246 0.056783845534441144 0.006996857099131109 0.0027540399047537843
0.4779013662646766 0.202464733157398 0.018995489734294137 0.00759926996083889 0.19687445619395016 0.08613670597437552 0.007118774975324567 0.0029092037391421272
0.5198118505512795 0.22396303205053572 0.026100039190828612 0.010557546672021138 0.1454618500931511 0.06491197428115703 0.006501115260028451 0.0026925919009981912
0.5275450174651363 0.22544214214426922 0.027495995961096725 0.01106934253439305 0.13820102554331826 0.061047083789149546 0.006517553693675396 0.002681838868961735
0.5359027175303078 0.22848976355663544 0.021091863829230374 0.00847865325688326 0.13890808085938738 0.06118810556112352 0.004962458505411905 9.783569010203097E-4
0.5359419472094545 0.22868690016282694 0.020993099716736765 0.008450976192743884 0.13883596967876274 0.06117458221790455 0.004941502752739826 9.750220688307029E-4
0.528959763100126 0.22572409492270645 0.027623191440397273 0.011120837040993896 0.1370194140928066 0.060377708361192654 0.0065020314615943835 0.002672959580182718
0.47650858840053956 0.20308997760997652 0.018774181741177287 0.007545326703646715 0.1972700110605592 0.08685444768215725 0.007058956921135986 0.002898509880807342
0.526181578521593 0.22686794169308663 0.019788948145302004 0.008008818796379503 0.1474086650539429 0.06582973479228428 0.00493307012445941 9.812428729522498E-4
0.5342585116474238 0.2286042932380677 0.02076060211198117 0.008372203208157689 0.14014032501874232 0.061959805322219785 0.004929476658110777 9.747827952966995E-4
0.4759508046710889 0.20321309662513293 0.01861546392820592 0.007497070375852283 0.19766017362210586 0.08715545266321725 0.0070205787698467675 0.0028873593445501743
0.6180794584895885 0.1259497354049718 0.030974025342038504 0.00592423654926788 0.17326429532718524 0.03657015095653883 0.0077251693198837346 0.0015129286105257252
0.5369457470039597 0.21655226160724475 0.029739029543063067 0.011492230407958222 0.1381142043120629 0.05740895046134523 0.00699079444962009 0.002756782214745939
0.5301478170337652 0.22469785141084092 0.028063680052852286 0.01123032512307598 0.13673337254806858 0.05985547970401604 0.006581069848889808 0.002690404278491069
0.5363406767593951 0.2284140837593335 0.02115951202289211 0.008498823855761055 0.1386452882036648 0.0609937753870384 0.0049690737732520016 9.787662386630841E-4
0.5290293988082523 0.22569912333238598 0.02763990737951523 0.011125400693766338 0.13698262526317928 0.0603462604640652 0.006504037245438277 0.002673246813397726
0.529131807120764 0.22551088742819703 0.027798501835351035 0.01117192606871008 0.13690005306574082 0.06027247470859094 0.006532202615175986 0.002682147157470168
0.5291642436544752 0.22549464616017853 0.027807979797495684 0.011174395122029217 0.1368848778774606 0.06025801778395124 0.006533478969333352 0.002682360635076133
0.62849871837176 0.12654489080183515 0.03302916009986825 0.006271166822303769 0.16257574166903768 0.033814970980560466 0.0077600219877718545 0.0015053292668628746
0.5461726849715628 0.21968426478031872 0.022860857338840503 0.008818351573980867 0.138683011123908 0.05745156601581482 0.005323897011894722 0.001005367183679559
0.5302521996429361 0.22491635126522555 0.027933271051627278 0.011194546743252069 0.1366408461040039 0.05982921711166023 0.006552602703574206 0.0026809653777208025
0.5363418369969376 0.22843110279199724 0.021157210369350504 0.008498595555962364 0.1386327177377088 0.06099148800298549 0.004968356838463183 9.786917065948805E-4
0.4763716875402683 0.20323483094840927 0.01866651290026941 0.007513535035003592 0.19735424942109972 0.08694269507213273 0.0070279111405992 0.0028885779422179506
0.5195750869716733 0.22404644151757888 0.026047233783562794 0.010542736763599854 0.14558176672308742 0.06502124797311695 0.006494079221045501 0.0026914070463353347
0.47447387727549106 0.20278493946443468 0.018543298274735324 0.007465766268587706 0.19892336330884125 0.0878803613053292 0.007033854639882854 0.0028945394626977887
0.6178345603558477 0.125944340482861 0.030926885340014074 0.005916400315174853 0.17350489619819973 0.036636224336275405 0.007723666599595187 0.0015130263720321288
0.5369080378415503 0.21655139280995017 0.029731598978756237 0.011489871011909004 0.13814519427468724 0.057426520166303514 0.006990544244235451 0.0027568406726082057
0.5372275940348433 0.22770147355294848 0.021328136528385003 0.008535016495934376 0.13856594550327514 0.06065862701238324 0.0050017169465849855 9.814899256453697E-4
0.5361360017318538 0.22861527414844812 0.02102462330511031 0.008459418782873714 0.1387510857560603 0.06109261128796098 0.004945664582241309 9.753204054514542E-4
0.5359687492034428 0.22869540828179086 0.02099534676284833 0.008452005224973727 0.13881085714265703 0.0611612758234726 0.004941363797390342 9.749937634244997E-4
0.528964178450962 0.22572456028478358 0.027623984308172755 0.011121118448349496 0.13701561608742324 0.06037552482094452 0.006502059348613615 0.002672958250750675
0.5361402833412975 0.22850493441980313 0.021123719930485067 0.008489596138337028 0.1387223010560519 0.06107683576130316 0.004963959176900103 9.783701758221736E-4
0.5290003855530365 0.22570800443975705 0.027633616491435597 0.01112363806716947 0.13699843908274761 0.060359451845704876 0.006503314518683766 0.002673150001465346
0.5361463756095595 0.22850338654235405 0.021124704456489868 0.008489876244252674 0.13871902172170283 0.06107418926466028 0.004964068679854331 9.783774811264775E-4
0.4763374176763719 0.2032378466969779 0.01866207507642274 0.00751221977484784 0.19737479758230164 0.08696012223218641 0.0070270841789777504 0.0028884367819138703
0.5195697368956257 0.22404707947077343 0.02604617055048692 0.010542402140215748 0.14558542401029104 0.06502380742045812 0.006493984662731196 0.002691394849417785
0.5275067370774819 0.22545107537783293 0.027487757608266283 0.011066934935826845 0.1382242278715351 0.06106484303263921 0.006516698070034431 0.002681726026383287
0.5288885245041545 0.2255028390232592 0.02775342945295041 0.011156645498124822 0.13709564105947408 0.06039084774656684 0.006529967353186437 0.002682105362283768
0.5291232239787841 0.2254959602134612 0.027799876994855446 0.011171760236950636 0.13691613103166342 0.06027777325938503 0.006532952710216597 0.0026823215746838397
0.5361842704604652 0.22848566784706406 0.02113258109634222 0.008491921753995123 0.1387034187120658 0.061058516225581304 0.004965157044840328 9.784668596460643E-4
0.5359889744642781 0.22868508277424324 0.020999834535539257 0.008453144936037342 0.1388028642804703 0.06115307554757169 0.004941980724999137 9.750427368607468E-4
0.5359466636531073 0.2287019063985736 0.020991859572444805 0.008451032485729251 0.1388218460243325 0.06117077950691671 0.004940947008759798 9.749653501362707E-4
0.5359400354606078 0.2287034886783667 0.020990823102150627 0.008450735182552585 0.13882545978351005 0.06117366521008626 0.0049408344234143165 9.749581593115282E-4
0.5289598960285337 0.22572543572107026 0.027623095106781567 0.011120855194639567 0.13701828411446426 0.06037751349008089 0.006501972471796571 0.002672947872633151
0.4765086914980648 0.20309009466452974 0.01877418556088913 0.0075453307695572975 0.19726983805101755 0.08685439731168659 0.0070589530182013594 0.002898509126053446
0.5196061325961832 0.22403287959848672 0.026055541798168054 0.010544982650532457 0.14556654016712395 0.06500707887970127 0.006495231331519672 0.002691612978284845
0.4744798437173787 0.20278434448932606 0.018544103570853378 0.007466002996165806 0.19891980487185407 0.0878773271517767 0.007034007098147888 0.002894566104497291
0.4639287549324193 0.2001496938528418 0.017417221470353766 0.00705176330689534 0.2084529956320465 0.09315458159035829 0.006959598724647851 0.0028853904904371404
0.4617674138556631 0.19978098696287547 0.017180204410480265 0.006968287969614695 0.21023798260584672 0.09424906824978382 0.0069347799517719185 0.002881275993963829
0.5171918991539343 0.223903494551518 0.025608051828881196 0.010390993515608116 0.14754931990618525 0.06619213571993117 0.00647327149689762 0.002690833827044584
0.6263726533356127 0.12659189376903668 0.03257033784342187 0.006199346534582142 0.1646257438193674 0.03439637216522544 0.007738095380943013 0.0015055571518107556
0.485836313897372 0.19553686289468267 0.020302876923106818 0.00783492864619622 0.19788631797900966 0.08204038864498484 0.007579009899670713 0.002983301114976971
0.52751999404664 0.2261207876209693 0.020016037893559786 0.0080658150481661 0.14704815744289088 0.06527090647287863 0.004973411204404228 9.8489027049102E-4
0.527544025678528 0.22557928542852007 0.027364639516079783 0.011029930788085354 0.13824007957503032 0.061075385867713466 0.006493109022290429 0.0026735441237526743
0.535884954448908 0.22850065297146288 0.02108735612869834 0.00847752548503061 0.1389142165704911 0.061195202336810986 0.004961794040198987 9.782980183989578E-4
0.47628547398730803 0.20323334875855237 0.018656011576795088 0.007510213435825628 0.1974139819768168 0.08698637843895222 0.007026285357318254 0.0028883064684314267
0.5195614043261979 0.22404725396176703 0.02604457869639995 0.010541875183052427 0.14559177136725465 0.06502785347224606 0.00649387793570107 0.0026913850573810133
0.5275053440175389 0.22545115860725976 0.027487478975555067 0.011066845641983142 0.138225259313054 0.061065510870745965 0.006516678293618641 0.002681724280244495
0.528888292147008 0.22550285707903509 0.02775338251313658 0.011156630623202478 0.13709581005257146 0.06039095866814948 0.006529963875844204 0.0026821050410528674
0.5291231853348526 0.2254959635614053 0.02779986915707163 0.011171757765696278 0.13691615887308795 0.060277791673384144 0.006532952116288788 0.0026823215182133265
0.5291626025724411 0.2254935086483601 0.02780778136503206 0.011174286038878559 0.13688701707914927 0.060258920607893035 0.006533513595833321 0.0026823700924127414
0.5361911798688428 0.2284852516688231 0.021133600147260942 0.008492245291707728 0.13869864904293824 0.06105536903046306 0.004965234303057348 9.784706469071285E-4
0.6284067338361458 0.12668452375645597 0.03282782237029495 0.006243751509637759 0.16273464628702186 0.03387665110979154 0.007725470375575081 0.0015004007550771337
0.5385298815885725 0.2166386070191335 0.030046093017977542 0.011591288262594639 0.13677370579383444 0.056668242568336274 0.006998526698925399 0.0027536550506255387
0.5304161247506001 0.22469374119984245 0.02811653395481518 0.011247564678556615 0.1365248680241922 0.0597264199476153 0.006584191873746283 0.002690555570631924
0.6286616776486224 0.12649086540425436 0.03307687106273981 0.006276984220691395 0.16245669539206153 0.03376529381484113 0.00776595614025175 0.0015056563165378471
0.538592891141614 0.21662033369735806 0.030062313107793552 0.011595675598031714 0.13673487969466164 0.056639952160650896 0.007000133237479712 0.002753821362410422
0.5304264973774387 0.22469178647062574 0.02811876014662216 0.01124822498967407 0.13651816206327538 0.05972159205008816 0.006584398015458294 0.0026905788868173764
0.4767848077371902 0.20303032814179486 0.01881460937265912 0.007556465369564829 0.19713239073641664 0.08671355239302984 0.0070677670757599825 0.0029000791735844093
0.5262263411353907 0.2268603736041505 0.019795643682042837 0.008010854450037564 0.14738214446576145 0.06580957404222733 0.004933774661226798 9.812939591627822E-4
0.527363828011566 0.22565021254772805 0.027324611633825116 0.011019161224981113 0.13832539146326706 0.06115617903010948 0.006487851230829292 0.002672764857694042
0.5358553744806664 0.22850751276836423 0.021082686726012833 0.008476176573934938 0.13893054915222305 0.06120815008698148 0.00496128600506999 9.782642067470955E-4
0.5359344333721017 0.2286885828147371 0.02099192795292628 0.00845063733264991 0.13884016003216917 0.06117786571235064 0.0049413785464720705 9.750142365930886E-4
0.6283626224143268 0.12669770434868924 0.03281397367995767 0.006242020389738358 0.1627695224906806 0.033889948054916026 0.007723893608077617 0.0015003150136137402
0.6348545744042741 0.12067302266278264 0.03541895068013768 0.006456347977498454 0.1612457341468881 0.03156723036207066 0.008250296881854469 0.0015338428844940163
0.4873509322398451 0.19518848470252761 0.02052557825774121 0.007893792065306679 0.19713826669497223 0.08128723628590882 0.007625330288296408 0.0029903794654017914
0.6194164317441497 0.12537292416478676 0.031379934348413616 0.005972088279757491 0.17241654241872043 0.03613568316908073 0.007788819217180668 0.0015175766579106152
0.48444370741411685 0.1952541114502004 0.0201473101241705 0.007782175810683807 0.19911332140203705 0.08270493074677222 0.007570530680787488 0.002983912371231808
0.5272835466159906 0.2261059078149912 0.019983856479422513 0.008054802358969765 0.14723356320289668 0.06538163153800834 0.004971826988492715 9.8486500122802E-4
0.5344162007430817 0.22853496826667005 0.02078676496842921 0.008378985888737518 0.14008067152519238 0.06189405080033568 0.004933283800683645 9.750740068696193E-4
0.5287117742911142 0.2257235335910936 0.0275757734942598 0.011105094062957179 0.1372139846184438 0.060497704170386274 0.006499312851297189 0.002672822920448008
0.536095656979495 0.22850622586110753 0.021117236181784328 0.008487499806936697 0.13875421002566263 0.061097311245548694 0.004963509387564878 9.783505119002331E-4
0.5289933140141566 0.22570845274098852 0.027632225842751417 0.011123193223854957 0.13700362640281713 0.06036282996765253 0.0065032159319007585 0.0026731418758783286
0.5291260354607055 0.22551194058750942 0.027797285941290124 0.011171561968050575 0.13690378039401305 0.060275173498433254 0.006532088573454974 0.002682133576542938
0.5361849693603076 0.22848695369152583 0.021132582397579855 0.008491958860323952 0.13870190155406437 0.0610580535754123 0.004965117837894542 9.784627228916804E-4
0.5290070850905374 0.2257062221649644 0.02763506243084795 0.011124051065306267 0.1369945567570871 0.060356383281288194 0.006503469513652217 0.0026731696963164407
0.5361475055638762 0.22850320324749485 0.021124878205065103 0.008489928336918081 0.13871833408119089 0.061073686774111506 0.004964085301600789 9.783784897424957E-4
0.4763376302506906 0.20323784941197381 0.018662101040774173 0.00751222796387939 0.19737465112600766 0.08696001451281869 0.007027088234252967 0.002888437459602486
