0.125 0.125 0.125 0.125 0.125 0.125 0.125 0.125
0.11301829483647666 0.08900190718372537 0.135621953803772 0.10680228862047045 0.14127286854559584 0.11125238397965673 0.169527442254715 0.13350286077558807
0.10466093706811239 0.15832697841412693 0.08549656834362854 0.1424942805727142 0.1187452338105952 0.19790872301765866 0.10687071042953568 0.08549656834362854
0.08769198837691987 0.1551473640514736 0.07644942576449425 0.13525667635256677 0.10523038605230386 0.18617683686176836 0.0917393109173931 0.1623080116230801
0.11933506388441062 0.08704288163474515 0.13263677201484977 0.1044514579616942 0.15136993499018891 0.10880360204343144 0.1657959650185622 0.13056432245211771
0.08156599753295504 0.12238226565089734 0.0881152312686461 0.1468587187810768 0.11438251714064952 0.15297783206362167 0.11014403908580761 0.183573398476346
0.07794055081087864 0.12070508070755721 0.08690765810944119 0.14484609684906866 0.1074684645843327 0.17243995524058436 0.1086345726368015 0.1810576210613358
0.07619808343566355 0.11825216883441884 0.08514156156078158 0.1419026026013026 0.10452792075861662 0.1901724576066117 0.10642695195097697 0.17737825325162826
0.06320319706324236 0.09814582215494848 0.052998743963672164 0.08833123993945362 0.1385132020747481 0.2761478269976837 0.10599748792734433 0.17666247987890724
0.0701984480028509 0.12419725415889005 0.08774806000356362 0.1552465676986126 0.0842381376034211 0.18677797929005036 0.10529767200427635 0.18629588123833507
0.11199353053732287 0.08261744347638696 0.12589324720211348 0.09914093217166435 0.14974590377741614 0.1493162186178739 0.15736655900264182 0.12392616521458044
0.07034326519528407 0.1244534691916564 0.08792908149410507 0.1555668364895705 0.08441191823434087 0.1851003278146324 0.1055148977929261 0.1866802037874846
0.105718179112327 0.07438698523173538 0.1889193275726613 0.14877397046347077 0.0941275895906639 0.09367466256174456 0.16469890096078163 0.12970038450661556
0.10313379333787719 0.14566685538300989 0.0931077796414815 0.1311001698447089 0.126761006229575 0.22324516627299035 0.09832512738353168 0.07866010190682533
0.058128489601535605 0.10284271237194763 0.050676119139800274 0.08965774924733895 0.11625697920307121 0.3017702136620279 0.10135223827960055 0.1793154984946779
0.09234599621581153 0.07454435839107679 0.18469199243162307 0.14908871678215357 0.08311139659423038 0.11581490129270562 0.16622279318846075 0.13417984510393818
0.08058698455668867 0.11601679562556468 0.09857354398590144 0.13922015475067762 0.09936161729819207 0.1878005942816204 0.10441511606300821 0.174025193438347
0.09546978418092562 0.13953995982811565 0.0827343491170789 0.12558596384530407 0.12764395364042389 0.2594849381969914 0.09418947288397807 0.07535157830718245
0.10363665917605629 0.0836585080095876 0.1399098105150444 0.1045731350119845 0.12436399101126754 0.1629151454975938 0.15545498876408442 0.1254877620143814
0.10380816047714506 0.08379694881890022 0.14719290132806964 0.10474618602362527 0.13944566310621423 0.13960247630197775 0.15571224071571757 0.12569542322835034
0.09957540619811034 0.0730394186658731 0.20675193889027066 0.1460788373317462 0.09242757060467885 0.08778887249162327 0.16286700221912598 0.13147095359857158
0.08161245962569628 0.11619752729191844 0.10058232707061855 0.13943703275030214 0.10467316185184151 0.17862342590901867 0.1045777745627266 0.17429629093787766
0.07730506813375766 0.11276110181562184 0.08933504701172257 0.13531332217874623 0.10649257438214774 0.20816624212051152 0.10148499163405968 0.16914165272343276
0.07594322514834419 0.1113778871505859 0.08741015471841232 0.13365346458070304 0.10694877106614513 0.2173595681744032 0.10024009843552731 0.1670668307258788
0.06316195108662605 0.09279034210845637 0.05453536947246904 0.08351130789761073 0.1428055655605557 0.29595927860192783 0.10021356947713285 0.16702261579522146
0.06803912656105603 0.11319489118038117 0.0876482073213244 0.14149361397547647 0.08778936611758904 0.2360728764206694 0.09596958165293187 0.16979233677057173
0.09502725765329412 0.07184408295869138 0.20519570336448295 0.14368816591738276 0.09235777483588584 0.1023660839441933 0.16020158200042522 0.12931934932564446
0.10581038530121575 0.07157283573932263 0.2185716972136813 0.14314567147864526 0.09809588831509627 0.07954171701546027 0.15846814262186207 0.12479366231471639
0.06989262230091405 0.09819631280943403 0.07342957704984453 0.08837668152849062 0.14818860741202244 0.23911081800812428 0.10605201783418874 0.17675336305698125
0.06874896453171171 0.11360599675557179 0.09351710994089997 0.14200749594446474 0.0972718163225312 0.21812149368739123 0.09631812768407173 0.17040899513335767
0.10081538401012508 0.07073104166318828 0.20955538848845365 0.14146208332637655 0.0985373899310537 0.09896845245347585 0.1566043413299732 0.1233259187973539
0.11572356792763301 0.07720401659944112 0.17366816406091687 0.09264481991932935 0.15477775620851983 0.12312038067177705 0.1470552697132212 0.11580602489916168
0.08672058014488761 0.13734427983234626 0.094131950968899 0.1197360388281993 0.11871113448433059 0.218460499333589 0.08121226981390908 0.14368324659383916
0.08165074959424556 0.13281247703269758 0.11370097379531403 0.16601559629087193 0.08176562405210831 0.19018913054675174 0.08445141202622616 0.14941403666178474
0.10178513507661839 0.06997852955591385 0.22343076371412973 0.1399570591118277 0.09470661295464672 0.09318983552430503 0.1549382176573754 0.12201384640518315
0.07922372679199724 0.11153894500221888 0.12622660976118152 0.13384673400266264 0.10551132075328357 0.1759591956833308 0.10038505050199699 0.16730841750332828
0.07556672542175877 0.11022745326008744 0.10491612158362207 0.13227294391210492 0.10665594612247364 0.20581492187574335 0.0992047079340787 0.16534117989013114
0.07293639052740278 0.1137847074153105 0.09939637440123456 0.14223088426913813 0.0917809634289378 0.21272397559159506 0.09646964324341543 0.17067706112296574
0.10003988957740387 0.06965127178707214 0.2216751907581666 0.1393025435741443 0.09675918884630504 0.09691503028902482 0.15421364205196272 0.12144324311592067
0.06799053782295897 0.09590252762951214 0.08286969732480035 0.08631227486656093 0.14631432277772166 0.2444113600054509 0.1035747298398731 0.17262454973312186
0.08298574393871504 0.13068780838756075 0.07670152391672501 0.11393296115838632 0.11854424750937474 0.2631518923917473 0.07727626930742722 0.13671955339006356
0.0991141559267619 0.0694939540321505 0.2027542303860111 0.138987908064301 0.10121154851369396 0.10838794055946006 0.15496114525975052 0.12508911725787092
0.08577066531140044 0.058751684419500044 0.2208754146113133 0.11750336883900009 0.10989488773098209 0.09152328668452014 0.17467664979648373 0.14100404260680013
0.09558240194375887 0.06680427658196292 0.26403929170253637 0.13360855316392584 0.09544050065112504 0.07531371211892984 0.14896356599022775 0.12024769784753325
0.0953081506986824 0.06552096383930493 0.2816933731161888 0.13104192767860987 0.09105997379544672 0.07133590584770265 0.14610197011331577 0.1179377349107489
0.1269161741824087 0.08723051907542417 0.24270791788560084 0.10903814884428022 0.12023209813037891 0.09417140913596947 0.12156939878608555 0.09813433395985219
0.09951775523618071 0.06504691039164724 0.27366901400415855 0.13009382078329448 0.09540443336388027 0.07413872583658855 0.14504490167928505 0.11708443870496504
0.09520378718783153 0.06499501637843486 0.2868263186542301 0.1299900327568697 0.09042396727068774 0.07064066249556694 0.1449291857751965 0.11699102948118273
0.09418274922332207 0.06472137619020368 0.2919252730141145 0.12944275238040737 0.08912637781420615 0.0697839852381195 0.14431900899726013 0.11649847714236664
0.09385367049650645 0.06458944879548917 0.2938623010058518 0.12917889759097834 0.08871717635805376 0.06951266732353721 0.1440248305977027 0.11626100783188051
0.07503760863358609 0.11323332025192989 0.14739879920290583 0.14154165031491237 0.09454307863037043 0.1623933997661123 0.09600216282228839 0.16984998037789484
0.09863796950981348 0.0684326400721893 0.24258977254410372 0.1368652801443786 0.0957876861031056 0.08685271102324739 0.1515154912465241 0.11931844935663775
0.07574627636722896 0.1135775949447366 0.135650072865298 0.14197199368092075 0.09711181083821939 0.16928181099856235 0.09629404788792886 0.17036639241710488
0.0989600173744944 0.06857374974149735 0.23917691630533122 0.1371474994829947 0.0965436575109513 0.08820575320039249 0.15182791965557407 0.1195644867287646
0.09065415697597454 0.1358555479368408 0.11253148178885053 0.1184381699962202 0.1169467138884068 0.20311614924689372 0.08033197617134934 0.14212580399546423
0.07342877790471099 0.11146217373078353 0.10399888348212412 0.13932771716347941 0.10054438537720613 0.20954426314768235 0.09450053859783822 0.16719326059617529
0.10850562580709326 0.08620343530136976 0.1551026418358072 0.09649608561378241 0.14744275999248815 0.14700623636765553 0.1434479123452646 0.1157953027365389
0.1299111812538052 0.09521604639432625 0.19604571883342162 0.10900424262405943 0.13879641756520295 0.11139097908667689 0.12153159588085433 0.09810381836165348
0.0776734075037179 0.12175684959187756 0.12287981522329341 0.13810518440738448 0.10525949487909043 0.17492768463815753 0.09367134246761731 0.16572622128886136
0.09619476894741268 0.07663578226737909 0.22757906992246435 0.1359624501011962 0.09854572607395287 0.09112801218518463 0.15158798541133367 0.12236620509107657
0.09576607342404905 0.07097139746375328 0.2690292756091159 0.13137311129126597 0.09390082353807923 0.0742523033853649 0.14647121512623232 0.11823580016213936
0.09426057548900171 0.0694815828948064 0.2845732726620721 0.12926905589277954 0.09156407312050864 0.07038393926135057 0.14412535037597954 0.11634215030350156
0.0744363954322796 0.12033877696922891 0.1444685560668279 0.14010762191679987 0.09614246133731813 0.16134752450338244 0.0950295174740034 0.16812914630015985
0.07155233720285674 0.12542437026544254 0.11120022871320831 0.13926709749157365 0.09627476573710016 0.1947012609534716 0.09445942264645864 0.16712051698988836
0.09567764891372392 0.07724111140754558 0.2229414108488873 0.1365807574632886 0.09705579803423926 0.09530323963762938 0.15227735197772627 0.12292268171695975
0.0747300672082116 0.1215548878141989 0.1302493181063679 0.14055020188004183 0.09747570068768584 0.17144987990271962 0.09532970214472403 0.1686602422560502
0.09562992266158676 0.07653343165108252 0.23081943726625195 0.13582640049373526 0.09677514581557328 0.09073560141543781 0.15143630025197052 0.12224376044436173
0.09556635407614683 0.07087530851567976 0.27026741230867957 0.1312017224106876 0.09345629605586458 0.07427122714872061 0.1462801293146024 0.11808155016961883
0.09417095414707644 0.06942744405670775 0.2850158979341727 0.12917519365756636 0.09145046418639412 0.0704816707379114 0.1440207009883613 0.11625767429180973
0.109531090605352 0.080796375189123 0.21279223893717228 0.09407134050723781 0.14150950109016655 0.1085704791738917 0.13984336588837143 0.11288560860868538
0.09702797532641012 0.07059269441640068 0.26130063656132796 0.12993494698787195 0.10245316430272468 0.07688136086253751 0.1448677692536423 0.11694145228908477
0.11026896230678572 0.08107818642387192 0.20515122983204032 0.09430068984062119 0.1453879998959406 0.11046779481548906 0.14018430907650553 0.11316082780874544
0.09736555445092064 0.0707797438548882 0.2582727161542175 0.13024795679472975 0.1035139148478487 0.07738020095279079 0.14521675182934793 0.11722316111525678
0.09468868404331351 0.06960074271908089 0.28027579257941826 0.12950232487070823 0.09380567615894606 0.07118925936665828 0.14438542787823738 0.11655209238363741
0.09366178683854691 0.06904813222734789 0.2886736901077573 0.12861055497457521 0.09117498038334254 0.06969018499727113 0.14339117099404133 0.1157494994771177
0.09323649101294869 0.06880183430600556 0.29180508775096053 0.1282108750121049 0.09037047753784684 0.06923988920648914 0.1429455576627498 0.11538978751089442
0.10921129327762744 0.08062120569152215 0.21486358644899833 0.09391687548829744 0.14097810145793016 0.10809494378646707 0.1396137432632004 0.11270025058595694
0.09690904705244714 0.07052717019785838 0.2621035319516637 0.1298336483948676 0.10227510085425445 0.07674638911148896 0.14475482888203894 0.11685028355538085
0.11023065475340023 0.08105894247972599 0.20539817886816178 0.09428342199938224 0.14531453888796347 0.11041551734138402 0.14015863927072345 0.11314010639925867
0.10142269130738175 0.07040886883495955 0.25757680671582545 0.12949486837616223 0.10311857721135444 0.07705569157249731 0.1443771144432734 0.11654538153854599
0.09895737595666082 0.06923459143106753 0.2792559298835403 0.12880763542252202 0.09336659487000941 0.07084009956992425 0.1436109009860059 0.11592687188026983
0.09786096855827067 0.06870129995068631 0.2875682629715695 0.12795368895761453 0.0907456732520385 0.06935297184298529 0.14265881440498218 0.11515832006185307
0.07769438953326835 0.11971786812697953 0.1449482411067935 0.1394193555133312 0.09568736904671946 0.1606668567522162 0.09456269330469423 0.16730322661599745
0.1000819090497856 0.07561626716410234 0.2358025817445895 0.13429711577486686 0.09549125729949803 0.08811220285361988 0.14973126191615752 0.12086740419738017
0.10165629311246382 0.07014278202019811 0.27100026905744645 0.12985610928459915 0.09245892726183848 0.07323524980941101 0.14477987109790383 0.11687049835613925
0.07998696221640733 0.11981433377879126 0.14109085623102657 0.1393240954722578 0.09601640143351205 0.16208035415489475 0.09449808214640094 0.16718891456670934
0.10151062853409695 0.07562855729508168 0.2340283619636537 0.13428620903057759 0.09558277081177399 0.08838678252708512 0.14971910171021113 0.12085758812751983
0.1195620209745217 0.08133158878234115 0.19590126849428396 0.09409312657576491 0.14300644328581594 0.11331804765387413 0.13987575234248037 0.11291175189091787
0.12335455945740961 0.08042472212597726 0.18098442614405383 0.09237121832169201 0.15649125425559682 0.11821233763699346 0.13731602007224664 0.11084546198603042
0.10921539953641553 0.07031442627804409 0.24650744310893494 0.1293000670638781 0.10566914478808949 0.0784635333496595 0.14415992551748796 0.11637006035749028
0.10478359986241843 0.06906865651027039 0.274124153608876 0.12845045732561827 0.09378841140712228 0.07096663562959817 0.14321267406304006 0.11560541159305644
0.08195497788233147 0.11939405693170158 0.14172147780483413 0.13893738871278702 0.09614304444046061 0.1608883936890852 0.09423579408345555 0.1667248664553444
0.10250404436790098 0.07549117109509329 0.2340719647082996 0.1340681713924227 0.09549198542781918 0.08823530274015003 0.14947600601513392 0.1206613542531804
0.10396879472615675 0.06998737167539779 0.2699317640901434 0.12955137012741422 0.09231073413040795 0.07321362245643627 0.14444010967937077 0.11659623311467278
0.10294660543303034 0.06862944671340822 0.28332938027276827 0.12767547446418284 0.09043485780908939 0.06972768228267502 0.14234862600708142 0.11490792701776453
0.10222023832446676 0.06818188780837563 0.28831034006879097 0.1269939902282024 0.0896079534386559 0.06880217698513033 0.1415888219409958 0.11429459120538217
0.10187609541983901 0.06802306955021757 0.2901640205342729 0.12674749818040956 0.08927841186429425 0.06852415438596243 0.14131400170263575 0.11407274836236861
0.10173230111942173 0.0679653254930772 0.29085495389017274 0.12665737287187825 0.08915228244469159 0.06843260988667538 0.1412135187093926 0.11399163558469043
0.10167539388762502 0.0679440756512775 0.29111278840515603 0.12662412076351368 0.0891047956970685 0.06840067181813023 0.14117644509006674 0.1139617086871623
0.10165346293511192 0.06793620163762865 0.2912090741089363 0.12661178182021152 0.08908703001174718 0.06838915775907257 0.14116268808910148 0.11395060363819037
0.10164512708055838 0.06793327246033591 0.2912450463461954 0.12660718799563708 0.08908039718153139 0.0683849334221448 0.1411575663175237 0.11394646919607336
0.08129094790918868 0.1190782352722065 0.14558870108872843 0.13870411267265936 0.09498999717347942 0.1598254986029166 0.09407757207362981 0.1664449352071912
0.06824664145106632 0.11029439267125789 0.15732646515177368 0.19592783558025212 0.0635109480222726 0.12869102700163074 0.09966763809951958 0.17633505202222693
0.11149009068586306 0.07835095891077595 0.17067014136783018 0.09402115069293113 0.14604426943025703 0.13265702881136743 0.14923992173481132 0.11752643836616392
0.07088669124925367 0.10256298182438857 0.07010704888065661 0.08242576727473451 0.15304765751980942 0.26294136439111887 0.09317695431056944 0.16485153454946902
0.08539348859584275 0.13897747067805424 0.10672293138876689 0.15634055428589877 0.09247628725550207 0.19985300871493006 0.07952976022369633 0.14070649885730888
0.10424267914397438 0.07754395541912427 0.21925479828160782 0.13516190744373976 0.09555180573692033 0.09590369718500863 0.15069544009025912 0.1216457166993658
0.10489249539060937 0.0704978107645996 0.26424656918664785 0.13024932316819665 0.09278735808656113 0.07488377731821294 0.14521827523379538 0.11722439085137701
0.10336169353265853 0.0688095937214446 0.28119469620323784 0.12795350018953297 0.09071488814221963 0.07014887409766854 0.1426586039426584 0.11515815017057968
0.10239053615746697 0.06824826038476285 0.28751258371445576 0.12709776103496195 0.08973361369951391 0.06892474143093015 0.14170451864644265 0.11438798493146576
0.10194281828722075 0.0680475726882898 0.28986601188863803 0.1267858467915413 0.0893298696352047 0.0685638610545074 0.14135675754221097 0.1141072621123872
0.13608410823391326 0.09090438393397259 0.24301312411340575 0.10587627350756942 0.11925375169444907 0.09153556861337832 0.11804414374649903 0.09528864615681247
0.1099888381484497 0.06956099144608875 0.2708098752283765 0.12652048536766614 0.09572127527993815 0.07246919834089956 0.14106089935768149 0.11386843683089952
0.0828070873017925 0.11926714601146655 0.14085089942330342 0.13870077502146422 0.09645245033394903 0.16140540360683936 0.0940753082754279 0.16644093002575705
0.07739604998118184 0.12453643148973896 0.10993883907435498 0.13824097062103274 0.09591733520760243 0.19431776793788844 0.09376344094296134 0.16588916474523926
0.1025472774120463 0.07662445922032163 0.22103877477117834 0.13543007107626115 0.09641006572888365 0.09506786529436483 0.15099442252830905 0.12188706396863502
0.10456538107209744 0.0703914600489128 0.26494070883384985 0.13016843497798752 0.09291509957854086 0.0747392330702785 0.14512809093814427 0.11715159148018876
0.10337483567701901 0.06877167824911677 0.2814314380386207 0.1278930900083715 0.09070621168023194 0.07012771424022 0.14259125109888585 0.11510378100753436
0.1024943178512588 0.06822515159803097 0.2875731063142111 0.12705657500434125 0.08970914428504949 0.06893218814731615 0.14165859929588495 0.11435091750390713
0.10207208909373214 0.06802979986908414 0.2898602434894678 0.12675296186514307 0.08930743606400897 0.06857971063655921 0.14132009330337592 0.11407766567862876
0.10189464052084585 0.06795864053434791 0.29071304435061435 0.12664187044517267 0.08915284535987904 0.06846504072797131 0.1411962346605134 0.1139776834006554
0.08142577152133236 0.11906276298887258 0.14545570889136233 0.13868051881312748 0.0949949386436964 0.15990210728390847 0.09406156928194735 0.166416622575753
0.11667008265451885 0.0858708556287519 0.16775780481051508 0.09533566676977073 0.14450997596065543 0.13372994225700105 0.14172287179506216 0.11440280012372488
0.10860021375531599 0.07122258607226861 0.2417055617429895 0.13031063797043635 0.10376106691430982 0.08183372270872602 0.1452866366625611 0.1172795741733927
0.10505409040235653 0.06926285713166712 0.2723317500451838 0.12870188890901832 0.09355522911137028 0.07176948286730732 0.14349300151498012 0.11583170001811648
0.10325790049902368 0.06845956044915161 0.28410491761490914 0.12743816436180425 0.09055631530082822 0.06940475089602084 0.14208404295263846 0.11469434792562382
0.10244293465883608 0.06812135498047779 0.28854035505613035 0.12689668750048583 0.08957858840530929 0.06873272398733424 0.14148033666098941 0.11420701875043725
0.10210199862262562 0.06798899765460445 0.2902016613389037 0.1266871821723906 0.08924029047534011 0.06851465192609484 0.14124675385488922 0.11401846395515154
0.10196598889215025 0.06793883719925561 0.2908229425344648 0.1266082476837921 0.08911930994999144 0.0684385030341976 0.1411587477907354 0.11394742291541292
0.10191318669361216 0.06792003280209091 0.2910552185514587 0.1265787175967877 0.08907523540595545 0.06841093916552277 0.14112582394746334 0.11392084583710894
0.10189300560351719 0.06791300422005007 0.29114206339558407 0.12656768637531973 0.08905900614358098 0.06840079156540807 0.14111352495875196 0.11391091773778773
0.10188536173628332 0.06791037829529492 0.29117453702802304 0.12656356538994867 0.08905299251936581 0.06839702581253079 0.1411089303675995 0.11390720885095383
0.1018824816632662 0.06790939702728296 0.29118668089395894 0.12656202537601394 0.08905075587110932 0.06839562296296733 0.14110721336698864 0.11390582283841255
0.09353274113286664 0.1366419530689169 0.1670809961682592 0.15916148789083862 0.08175273729553079 0.13761998845823264 0.08096475688360051 0.14324533910175472
0.11408930930315653 0.07690010810776221 0.1716274842220509 0.09228012972931464 0.15003170723614412 0.1332447028441908 0.1464763963957375 0.1153501621616433
0.07131731178119655 0.10214391514492482 0.07011405023067721 0.08218690257509109 0.15401929784355586 0.26293778392861716 0.09290693334575514 0.16437380515018218
0.11207071521666175 0.08295422326308084 0.13968773951022817 0.09334626994926111 0.16172877707630798 0.15943125124017657 0.13876549980517025 0.11201552393911332
0.08178102703175616 0.11831666581356311 0.10853091629375149 0.13565040527187142 0.10901515257663734 0.19191898484960096 0.09200636183657367 0.1627804863262457
0.07674102854404041 0.12352383493356657 0.10194677116691361 0.13718178572901507 0.09797318181852094 0.20497021765605425 0.0930450372770711 0.16461814287481807
0.10265043425686812 0.07667513956538055 0.21755432229387234 0.13562310898839366 0.09703021976401609 0.09719633164739244 0.1512096453945225 0.1220607980895543
0.13902256340124056 0.09347136944881704 0.21851391188430536 0.10802453975789031 0.12354785160803128 0.09975837782038424 0.12043930029722993 0.09722208578210127
0.11185539072863572 0.07031280110750143 0.26125493824878143 0.12758984106676852 0.09738242098362042 0.07452059974508438 0.14225315115951653 0.11483085696009165
0.08336842250387455 0.11939708229351555 0.1386511971079887 0.13875570774265275 0.09684030442375584 0.1623678696463603 0.09411256699066885 0.1665068492911833
0.07753581624759161 0.12449810928296318 0.1094011179802039 0.1381767182526406 0.0959633658695266 0.19489294938820134 0.09371986107570407 0.16581206190316872
0.11602859065874412 0.08659037187012518 0.15594540870611365 0.09565229589692768 0.1452913424872767 0.14351567304578308 0.14219356225871638 0.11478275507631322
0.10888578068242122 0.07154871801907421 0.23693976262395008 0.13081911860982515 0.10432063183085995 0.08389522685586355 0.14585355462916327 0.11773720674884264
0.12213352089405823 0.08048598519811259 0.19607121243770875 0.09344592914810534 0.14507545734785376 0.1117391300986543 0.1389136498977805 0.11213511497772642
0.08427170092832219 0.11893156643218519 0.12234054435245885 0.13668655420943626 0.10619024570842046 0.17484638220188797 0.09270914111596548 0.16402386505132352
0.10367153296687938 0.07574310385459984 0.2257241791854389 0.13452867106754035 0.09806674947899655 0.09120053069851593 0.14998942878724275 0.12107580396078634
0.10471683164125377 0.07016353129101274 0.2666283725553198 0.12984559626986883 0.0930634008459692 0.07395308088266066 0.14476814987103284 0.11686103664288196
0.10344031850366471 0.06869308640699295 0.28202381530498555 0.12777017204076402 0.09066268860700986 0.06996255756190906 0.14245420673798614 0.11499315483668761
0.10258414241607959 0.06819037830061513 0.28776591513194855 0.1269984217696128 0.08966645750964206 0.06890234250049415 0.14159376277895633 0.11429857959265151
0.10218192278165888 0.06800928682210955 0.28990631173808135 0.1267165296800067 0.08927866601638332 0.06858293211398542 0.1412794741357687 0.11404487671200605
0.1195211131459532 0.07960306546392379 0.21287135995466241 0.09271355295992591 0.13923747482580923 0.10697224659320831 0.13782492350460626 0.11125626355191107
0.1076221060134006 0.06961965700280755 0.2593945231460607 0.12812158118407102 0.10105626360499652 0.07603044427478911 0.14284600170821055 0.11530942306566394
0.13877137024395744 0.0914777620938494 0.23223274459205734 0.10638643666757265 0.12306399836889312 0.09370695743482957 0.11861293759802502 0.09574779300081537
0.11125162267288223 0.06979820216744403 0.26649938480428903 0.12687997847640775 0.0967994379409135 0.07311768596321201 0.14146170734608446 0.114191980628767
0.10476079704231166 0.06849915883602047 0.2816204704664396 0.1274259728829572 0.09126466353707328 0.06967511127700035 0.14207045036353586 0.11468337559466149
0.1028727247134311 0.06816115996588751 0.28755914023461443 0.12696494626859356 0.08977623756347754 0.06884089951877005 0.1415564400934916 0.1142684516417342
0.11974968418688593 0.0796470086860866 0.2121367981332768 0.09275257082631508 0.1394486601399822 0.1070792668522786 0.13788292618359674 0.1113030849915781
0.08383551642440129 0.11880983012360402 0.12605608855680608 0.13664881728297865 0.10495494601429164 0.17303267522293242 0.09268354563541162 0.16397858073957436
0.10345346314695715 0.0756515329281408 0.22727151130267936 0.13438041255200942 0.09769222445112054 0.0907843527157903 0.14982413160649408 0.12094237129680847
0.10461270438047918 0.0701196201179559 0.2672261942363105 0.1297742696759676 0.09293723762763466 0.07384450521156827 0.14468862604171315 0.11679684270837085
0.10339534530972626 0.06867524514631364 0.2822496041405779 0.12774178561188537 0.09061802864732332 0.06992982610529996 0.14242255798817668 0.11496760705069686
0.102565890004915 0.06818353909162614 0.28785057743228143 0.12698764092217865 0.089650317291056 0.06889141548937378 0.14158174293860812 0.11428887682996078
0.11966771334971205 0.0796498767411468 0.21223571101041483 0.09275402124036138 0.13940914016995373 0.10709362967848514 0.13788508232149244 0.11130482548843365
0.10767829590068559 0.06963769270856866 0.25914354767739695 0.1281494362091641 0.1011128708619847 0.076066606071496 0.1428770579824561 0.11533449258824771
0.1213541827729028 0.07998828037411927 0.202973420898385 0.09302299455997401 0.1434915247494538 0.10925707394672746 0.13828492922646884 0.11162759347196881
0.12420376714284856 0.080062429806798 0.18297609654453562 0.09205542312989491 0.1562628827503254 0.11712632356020818 0.13684656930951541 0.1104665077558739
0.10957376845932643 0.07018202614086508 0.24717649366577688 0.12908878638792468 0.10549668124874591 0.0783779730172143 0.14392436333101452 0.11617990774913221
0.10505144240416407 0.06900242542189376 0.27430051518759835 0.1283356981845582 0.09369060635073422 0.07103245790007591 0.1430847261848731 0.11550212836610238
0.08215766569812938 0.11931344368745127 0.1417177283640341 0.1388452550150337 0.09607499331475022 0.16110330450105984 0.09417330340150111 0.1666143060180404
0.10211422443640274 0.08131988774629571 0.2329153146726285 0.13291719700718221 0.09491940848256589 0.08799573487925937 0.14819275546920163 0.119625477306464
0.10373459233651315 0.07427228521903485 0.2688084335313111 0.1288205253604432 0.09184308654822802 0.07295733187521833 0.1436252723048523 0.11593847282439886
0.11993917592763473 0.08452502344385462 0.20589431171626493 0.09263123009560972 0.14005673962077492 0.10809349804347682 0.13770254503765267 0.11115747611473166
0.1075769715013595 0.07422884229682175 0.2559811802933248 0.12769265622632117 0.10111947486943515 0.07610970181940413 0.14236778238964462 0.11492339060368904
0.10395967780044081 0.07261654668593366 0.2771675781020713 0.12731847736767476 0.09220804384187396 0.07019244568504876 0.14195060088604933 0.11458662963090728
0.10250622653633568 0.07198870428854483 0.2853955245455335 0.1265470823093571 0.08980168197159599 0.06877785330739095 0.14109055296282053 0.11389237407842139
0.10190109821497481 0.07171717169420544 0.2885170431483922 0.12618753192794072 0.08906309813607952 0.06835559702360137 0.14068968111965924 0.11356877873514662
0.08104094539648632 0.12511689002365708 0.14434088655097377 0.13764596205108737 0.09440698447004499 0.15891330713353413 0.09335986991291143 0.16517515446130482
0.11581421286388402 0.09329539076468975 0.16644497550980447 0.09445825559298425 0.1433713094501722 0.13284740795671662 0.14041854115016764 0.11334990671158109
0.10804027165586051 0.07635527372628856 0.24038776460032363 0.12954451386976426 0.10318972971036346 0.08145991849085969 0.14443246546375207 0.1165900624827878
0.104636309939485 0.07329103434597362 0.2712552772569785 0.12808650341052455 0.09315055581221436 0.07149557355690145 0.1428068926084505 0.1152778530694721
0.10287387185046425 0.07222523627077933 0.28317532333409323 0.1268349051748989 0.0901847751331666 0.06914301960060755 0.1414114539785813 0.114151414657409
0.10206391689926496 0.07180290658820893 0.2876846071046052 0.12629385942615057 0.08921143072416861 0.06847057742879091 0.14080822834527532 0.1136644734835355
0.10172254178674645 0.07163873047824688 0.289380715809859 0.1260839867660365 0.0888728048785231 0.06825139619976821 0.14057423599138694 0.11347558808943284
0.10158561649009216 0.07157622129230258 0.2900177519617356 0.1260046764606496 0.08875114250800221 0.06817457155307316 0.14048581091956008 0.11340420881458464
0.11890514227897923 0.08379585867157865 0.21245133340724184 0.09220634880071035 0.1385133405977803 0.10640942722687585 0.13707093045598134 0.1106476185608524
0.12293763461936576 0.08491191212638831 0.18549624023158975 0.09139549602758885 0.1539291639952834 0.11578941441820194 0.13586554334847536 0.1096745952331066
0.10880960554656752 0.0746172285450998 0.24751212298323272 0.12824874917508094 0.10459270474519848 0.07780793021920984 0.14298778452803798 0.11542387425757283
0.10451516632893307 0.07285584233499616 0.2738844049181223 0.12766625748250493 0.09317643343206182 0.07066391400878219 0.14233834976034504 0.11489963173425444
0.10274480504558862 0.0720977083698581 0.2841494352970278 0.12669460648380393 0.09010067218917797 0.06893259537105795 0.14125503140806198 0.11402514583542353
0.08121810807818436 0.1252380925888032 0.14335145103395572 0.1377019352419967 0.09466289079419264 0.15918736563442126 0.09339783433804995 0.16524232229039604
0.07636876680718141 0.13480303666726257 0.10948485513200892 0.13646008771025686 0.09455574647846567 0.19201986420121178 0.09255553775130465 0.1637521052523082
0.07504298339604394 0.13594547144344873 0.10123396643631224 0.1356451220253046 0.09396896672318746 0.20338656512817435 0.09200277841716313 0.1627741464303655
0.10164570207237042 0.0844275762638306 0.21607476968721065 0.1345362443038255 0.09563798459901636 0.0965972308197696 0.1499978723805338 0.12108261987344295
0.13805883905748215 0.09947485613222039 0.21718058707904545 0.1073209211074338 0.12256677225723844 0.09915437735906397 0.11965481801082546 0.09658882899669043
0.1112429475713592 0.07558437125309633 0.25997758059577847 0.12678905010753647 0.0968152636138885 0.07412031276106618 0.14136032900049214 0.11411014509678281
0.10464841527054317 0.07265690861472654 0.2786313881188286 0.1270897389085589 0.09115703799708619 0.06974017149838417 0.14169557457416937 0.114380765017703
0.10261114462260604 0.07195278463626886 0.2859365538022353 0.12647159482116446 0.08953351955927367 0.0686635771725233 0.14100639004688034 0.11382443533904799
0.08118513008764576 0.12519109112725385 0.14375741825358082 0.1376791317476016 0.09452701032672374 0.15906289273996 0.09338236762011239 0.1652149580971219
0.10180168991698556 0.08198865515032043 0.23372854189038286 0.1328030151934244 0.09451205072546781 0.08757788218144441 0.1480654512678926 0.11952271367408197
0.10363763139858402 0.07433592172854699 0.26912953311589205 0.12878956396279476 0.09173587883554794 0.07287011073509267 0.1435907526570264 0.11591060756651529
0.10275664175699512 0.07243905260828731 0.28244858111462584 0.12700403077416922 0.0899911386489876 0.06945691099972817 0.14160001640045433 0.1143036276967523
0.08973608429085425 0.06317096065832742 0.25269524275537125 0.11107441633339751 0.10456220203014653 0.08035221423023808 0.16511958010158792 0.13328929960007702
0.10033803082673759 0.07172382869339804 0.27667135903563644 0.1282105904392793 0.09341557532684044 0.07130584389747066 0.14294524038528603 0.11538953139535138
0.08081017929791091 0.12523812302007725 0.1416388499874842 0.13781504816794332 0.0954411252734451 0.16020406204204568 0.09347455440956155 0.16537805780153197
0.1017827747883852 0.08205203590499983 0.23286825223635002 0.1328999587585179 0.09477614173959713 0.0878373375811066 0.1481735361083774 0.11960996288266611
0.10366369287027513 0.074366310723678 0.26879977602461275 0.1288308904477533 0.09181873757808198 0.07293596234893183 0.14363682860368912 0.11594780140297797
0.08144521787686147 0.12583890277408943 0.1398328408743895 0.1378860917183715 0.0951157983381672 0.16089509788622314 0.09352274046985197 0.16546331006204576
0.10199545298878016 0.08217501494679809 0.2321306767367914 0.13298175324548828 0.09476073455564313 0.0880080587482764 0.1482647308572832 0.11968357792093945
0.12025722261452465 0.0862468865688715 0.19454372480100968 0.09336548116985242 0.1419485261416695 0.11280552272536415 0.13879405857488508 0.11203857740382289
0.10806155577523041 0.0747344074752915 0.2515089710744504 0.12821977874306711 0.1019050270556298 0.07721697434925526 0.14295548465831512 0.1153978008687604
0.12114588452653327 0.08460660888039745 0.2001052634263385 0.09264257078735774 0.14336966033562906 0.10923952336129027 0.13771940373762437 0.1111710849448293
0.10803065881965143 0.0743538799801518 0.2536224253674171 0.12789091394260887 0.10198494320238559 0.07642653119148364 0.14258882494795347 0.115101822548348
0.10414186191703824 0.07268674444407089 0.27625655709563235 0.12741878750237084 0.09245751607301239 0.07029918501533702 0.14206243920040448 0.11467690875213375
0.10257912553936116 0.07201942056678694 0.2850497909421712 0.1265880928299595 0.08988059664301509 0.06881741329893692 0.14113627663280556 0.11392928354696354
0.1192672447012047 0.08392995761269385 0.2108991841164828 0.09229337729856645 0.1389909209913623 0.10666695835816817 0.13720030416324205 0.11075205275827975
0.1072429719524935 0.07403002594238933 0.25795569204471475 0.12746640575488527 0.10072924270956667 0.07574036641819654 0.14211552999835717 0.11471976517939675
0.1380609656467422 0.09647352637768943 0.23100295984872224 0.10574808565045712 0.1224367436687968 0.09320321787010412 0.1179012238520768 0.0951732770854114
0.08657996840306995 0.12826657091505053 0.12968092272851575 0.13508632060585882 0.10043333607986774 0.1662255312601112 0.09162376528049555 0.16210358472703057
0.10337776101801491 0.08259161350308115 0.22760079697430177 0.1330976219936688 0.09605499400241015 0.08909543684963837 0.14839391586458298 0.11978785979430193
0.10419712903106694 0.07454795122500116 0.26672481069039516 0.12903705790053466 0.0922300907590667 0.07326291835554459 0.14386668992790952 0.11613335211048119
0.10296686764800277 0.0725234673891346 0.2815323050372057 0.12711207598432617 0.09016530962560378 0.06957862718312939 0.14172047874670393 0.11440086838589353
0.11945465606325711 0.084064721654117 0.20982196617878712 0.09237110208871975 0.13918151569892032 0.10694486852560835 0.13731584728412666 0.11084532250646369
0.083239464062508 0.12591571136147553 0.12483537463174052 0.13547476485781682 0.10424337519753964 0.17183436024293297 0.09188723181660619 0.16256971782938015
0.10273694643933357 0.08243160207245383 0.22562242428596563 0.13331688509985096 0.09704156449116602 0.0902270031563063 0.1486383778650577 0.11998519658986588
0.10411796440050534 0.07458118817256691 0.2659681584176107 0.12913207337213103 0.09250209421321295 0.07350703030102253 0.14397262508803266 0.11621886603491795
0.08153833202039963 0.12590342924091474 0.1391865412315603 0.13791381305068276 0.09527859066939784 0.16114117536141456 0.09354154276481093 0.16549657566081932
0.10203833638338414 0.08219953163111843 0.23186484178951697 0.1330093261323232 0.09481495071326856 0.0880691472628719 0.14829547256842598 0.11970839351909086
0.12027356090880241 0.08625396328705566 0.1944598382721937 0.09336982143087467 0.14197179538496227 0.11282672433465689 0.13880051066440474 0.11204378571704961
0.10806820678682173 0.0747372399448158 0.2514752801380979 0.12822324826195555 0.1019125962273881 0.07722315229220439 0.14295935291295642 0.11540092343576001
0.10423439680302962 0.0727951460809333 0.27545415098318055 0.12753425784040953 0.09251708037851927 0.07049295584743094 0.14219118001012826 0.11478083205636859
0.07055210304035588 0.1085632891522525 0.19574908285131004 0.19078985216464606 0.06181407830252746 0.1037667592656675 0.0970539682750591 0.17171086694818147
0.07612398023188816 0.1127541932219523 0.12476377893042462 0.13530503186634277 0.09903041180001165 0.18141254021669506 0.10147877389975707 0.1691312898329284
0.06461598532841971 0.1132611310679489 0.06287924686794287 0.08153482329158157 0.13630568843020996 0.28616367818807653 0.09216980024265743 0.16306964658316314
0.12805544167204258 0.10543418242345254 0.15937143999325604 0.1082535011062387 0.1359906528882715 0.1447720558071532 0.12069457511397061 0.09742815099561483
0.08412901405932423 0.1292736575019471 0.112318206517897 0.13427675352398474 0.10269578487787616 0.18509981168261694 0.09107466760757228 0.1611321042287817
0.10331114068944228 0.08314078514902006 0.22033338670086478 0.13375967261400717 0.09704388648356803 0.09289537011099348 0.14913205289949752 0.12038370535260645
0.08136750375062714 0.1277339377640839 0.12851555609326196 0.13807783449824795 0.09626279583802834 0.16869617856338934 0.09365279209446384 0.16569340139789754
0.13399730081209693 0.10828818437973653 0.1861510101620963 0.10922059833082046 0.1248408213195918 0.11743073014997497 0.1217728163479446 0.09829853849773841
0.11146258006963022 0.07751573324407714 0.24784347465222886 0.12827119318475141 0.09834764492915277 0.07810249212998889 0.14301280792389448 0.11544407386627625
0.10514720689373445 0.07321807764324934 0.27405041334633007 0.12769340168620705 0.09187352125885924 0.07072470413224749 0.14236861352178606 0.11492406151758636
0.10289061820177071 0.07214113519467474 0.2842191732969639 0.12669564137577566 0.08982764675823578 0.0689435226990015 0.14125618523537975 0.11402607723819812
0.08124516290059523 0.1252474078129634 0.14336757449571172 0.13770226993074744 0.0946025914759915 0.15919420812276086 0.09339806134433305 0.16524272391689693
0.07637324209089943 0.13480415304940696 0.10948790097580685 0.13645917831277543 0.09454213734858116 0.19202745330462156 0.09255492094257814 0.1637510139753305
0.07450268937840403 0.14238938683071833 0.10055650656173472 0.13445557344357914 0.09331577663893674 0.20223742485260005 0.09119595416173194 0.16134668813229494
0.10105510852053932 0.08974812252561612 0.21486787967499388 0.1337003564680072 0.09509505391494102 0.09613723825141025 0.14906591982328565 0.12033032082120651
0.10385270372526713 0.07849363760772725 0.2614206326900452 0.12916575261868413 0.09220162151246651 0.07460629955443132 0.14401017493456272 0.11624917735681571
0.08115483116375137 0.1305610297171781 0.13769587188846286 0.13720331459288218 0.09481240726219249 0.16086892840107597 0.09305963946299836 0.16464397751145862
0.10157020534673449 0.08688500135483734 0.2304798959915792 0.1323042817137501 0.09438493760414443 0.08779242378960714 0.14750940065697213 0.11907385354237511
0.13706537903484342 0.10287976993990591 0.221526516447231 0.1063785369354716 0.12134442797736564 0.09646055643699339 0.1186041299862646 0.09574068324192443
0.08595180473048006 0.13466165691124524 0.126908328961504 0.1341885996924391 0.09966338344841892 0.16658503031185312 0.09101487631313261 0.1610263196309269
