Action: 0
[0.10315370227249329, 0.09783246381288524, 0.21782140395867847, 0.09783246381288524, 0.1314265673789754, 0.15626847113831194, 0.09783246381288524, 0.09783246381288524]
[0.13470712771682924, 0.10102630089338538, 0.2591350669228584, 0.10102630089338538, 0.10102630089338538, 0.10102630089338538, 0.10102630089338538, 0.10102630089338538]
[0.208967138586253, 0.10327633917087026, 0.17132252149306934, 0.10327633917087026, 0.10332864406408902, 0.10327633917310773, 0.10327633917087026, 0.10327633917087026]
[0.125, 0.125, 0.125, 0.125, 0.125, 0.125, 0.125, 0.125]
[0.16259874294445426, 0.10076038646117431, 0.23283893801151823, 0.10076038646117431, 0.100760386738156, 0.10076038646117431, 0.10076038646117431, 0.10076038646117431]
[0.10362539156068737, 0.10360945419491302, 0.17106170111644078, 0.10360945419491302, 0.20726563634830666, 0.10360945419491302, 0.10360945419491302, 0.10360945419491302]
[0.125, 0.125, 0.125, 0.125, 0.125, 0.125, 0.125, 0.125]
[0.125, 0.125, 0.125, 0.125, 0.125, 0.125, 0.125, 0.125]

Action: 1
[0.10163107875310422, 0.10307687669924638, 0.10163107875310422, 0.10163107875310422, 0.11684165492939631, 0.27192607460583623, 0.10163107875310422, 0.10163107875310422]
[0.10192421553432206, 0.11644429511360196, 0.10192421553432206, 0.10192421553432206, 0.10192421553432206, 0.2720104116804656, 0.10192421553432206, 0.10192421553432206]
[0.10203508327682502, 0.10203508329379127, 0.10203508327682502, 0.10203508327682502, 0.11520162134342236, 0.27258787897866116, 0.10203508327682502, 0.10203508327682502]
[0.125, 0.125, 0.125, 0.125, 0.125, 0.125, 0.125, 0.125]
[0.1073994298443734, 0.10302772195388035, 0.10302772195388035, 0.10302772195388035, 0.10302772195388035, 0.27443423843234455, 0.10302772195388035, 0.10302772195388035]
[0.10223651114662342, 0.10223651114662342, 0.10223651114662342, 0.10223651114662342, 0.11342494310032912, 0.2731559900199304, 0.10223651114662342, 0.10223651114662342]
[0.125, 0.125, 0.125, 0.125, 0.125, 0.125, 0.125, 0.125]
[0.125, 0.125, 0.125, 0.125, 0.125, 0.125, 0.125, 0.125]

