0.125 0.125 0.125 0.125 0.125 0.125 0.125 0.125
0.11178451178451179 0.09023569023569024 0.13973063973063973 0.1127946127946128 0.13414141414141414 0.10828282828282829 0.16767676767676767 0.13535353535353534
0.099626400996264 0.07845579078455792 0.199252801992528 0.15691158156911583 0.08685378548392246 0.06839735606858895 0.17370757096784492 0.1367947121371779
0.0745303753200788 0.12421729220013136 0.1056354961590544 0.1490607506401576 0.0931629691500985 0.15527161525016417 0.11179556298011822 0.186325938300197
0.09300519780673076 0.15424379812068453 0.0760041903783083 0.13446895220777624 0.10461753263837734 0.18509255774482145 0.09120502845396997 0.1613627426493315
0.11802533466902651 0.08778478356965863 0.13593539246794153 0.10973097946207329 0.13049797676922387 0.12322588674605825 0.16312247096152985 0.13167717535448795
0.09623947173073188 0.07578858398795138 0.2164459680024682 0.15157716797590276 0.09393035588087376 0.06607209886129094 0.16780215583819919 0.13214419772258187
0.09871270116595963 0.15140999180712428 0.07460782204988732 0.1319984543959545 0.10269547270396256 0.19264802614210133 0.08952938645986479 0.1583981452751454
0.09655211319261714 0.076034789139186 0.21607435377196374 0.152069578278372 0.09206167358465746 0.06628673924954677 0.1683472742845632 0.13257347849909354
0.09139635522903787 0.1523272587150631 0.11946994095797239 0.13709453284355683 0.12422521952173911 0.1904090733938289 0.10282089963266762 0.08225671970613409
0.12237081158184922 0.08588474590596616 0.1329931699663282 0.10735593238245769 0.12767344316767507 0.1353029741771806 0.15959180395959385 0.12882711885894924
0.08278310192733684 0.1217383512403657 0.0860107916372149 0.15217293905045715 0.09258403592944327 0.17889030338997575 0.10321294996465788 0.18260752686054854
0.10542518299958129 0.07477810972094383 0.18527113751756236 0.14955621944188766 0.09624544461425907 0.08737928444226079 0.16674402376580608 0.13460059749769893
0.09330233166232871 0.14020931254966607 0.11673004832608572 0.17526164068708255 0.08287077292521094 0.14473558262086614 0.08915483461038548 0.15773547661837428
0.08136994060498098 0.1200761891162951 0.09440484695306244 0.1500952363953689 0.09283695993411586 0.17929881776661416 0.10180372555511977 0.18011428367444265
0.10622189575507915 0.07297473549309444 0.19743938387856536 0.14594947098618888 0.097606234784011 0.08573098681745675 0.16272276839803446 0.13135452388757
0.07193497169063784 0.1198916194843964 0.12216513160784619 0.14386994338127568 0.10453392271779689 0.14986452435549552 0.10790245753595677 0.1798374292265946
0.07735622539809277 0.11838265229052652 0.10119578481208133 0.14797831536315814 0.0985071493145644 0.1786379935307755 0.10036790085501163 0.1775739784357898
0.10547098373421077 0.07172678750870247 0.20872805933344643 0.14345357501740494 0.09712895016526052 0.08444339607157698 0.15994003065373355 0.12910821751566445
0.07116117284798695 0.12680339529645984 0.12331108531959957 0.1423223456959739 0.10350486601472582 0.14825244343330612 0.10674175927198043 0.17790293211996733
0.09286880747504278 0.1400939626767283 0.08766085880406849 0.12213319823099392 0.11654392258311204 0.2113012431179267 0.082838169234935 0.1465598378771927
0.09231665021251284 0.08257362351730764 0.2192583176531953 0.14539872408470772 0.09636973454363233 0.07636272349297908 0.1609623644730993 0.12675786202256573
0.069772586872434 0.12572970185721932 0.12793188597257377 0.139545173744868 0.10165592500172353 0.15627437906144534 0.104658880308651 0.174431467181085
0.09132698892139818 0.13794361333867236 0.0872138477907434 0.12025853470550926 0.11460742465673064 0.22277269061833743 0.08156665832199757 0.1443102416466111
0.12252447350164894 0.1097004689277583 0.17820054213030184 0.11578562745905824 0.1280488417774145 0.1166192807557346 0.12817944920172503 0.10094131624635846
0.07342508952709714 0.09915169206264335 0.06871762699226915 0.08643993666999676 0.14482367903131568 0.25684739135842716 0.09771471101825721 0.17287987333999352
0.07443804018240024 0.1109449408454223 0.09075009601450545 0.13868117605677785 0.1002668700452547 0.22443945052290887 0.09406201506459717 0.16641741126813342
0.07556554654726179 0.1126254720138742 0.09592368051382492 0.14078184001734276 0.09563678547669674 0.21504165418103408 0.09548681322915423 0.1689382080208113
0.07299563921210285 0.12583478029017112 0.1005197861198584 0.1357749062455786 0.09897895599102417 0.19434611965010765 0.10183117968418398 0.16971863280697327
0.09469067120708834 0.15757894721986007 0.09419874020881616 0.12594848609346673 0.12313539516058682 0.23441730388400175 0.09446136457010007 0.07556909165608006
0.06653089814713796 0.09384495485435448 0.05629937648891043 0.0818135503858475 0.13955553846258886 0.30584369784459486 0.09248488304487108 0.163627100771695
0.09985625031107094 0.07701029357679587 0.20370024462578035 0.14039128025520695 0.0973109640592552 0.10391965068804193 0.1554189183126426 0.12239239817120606
0.0988451615140682 0.15081395357290095 0.11584295194164 0.12582756988355365 0.12307979451353226 0.21572334923150754 0.09437067741266524 0.0754965419301322
0.07642261828954271 0.12489752677642478 0.10184600758952785 0.12942679257048184 0.09911682355116867 0.2094366460818905 0.0970700944278614 0.1617834907131023
0.06320904750133634 0.10452552192569949 0.06347297248644902 0.08335342534158684 0.1309556504967602 0.2877524211550903 0.1000241104099042 0.16670685068317367
0.08488287286958958 0.12832781153228476 0.07252890480280692 0.11187552800250468 0.11633404629701437 0.27591940998674763 0.07588079290604664 0.13425063360300563
0.13493876053935053 0.10433341766562382 0.16749921213676838 0.11031872095902917 0.12351770375276813 0.14108953077356623 0.12212735897784263 0.09617529519505108
0.08644738803568587 0.11207271452299554 0.1099992990901714 0.14009089315374443 0.10139048058173422 0.18687198182254866 0.09501817100862665 0.1681090717844933
0.10485516040727483 0.07696890981866068 0.2262759126106247 0.13797157633735435 0.09033956049042108 0.09056576102259291 0.15274020660871135 0.12028291270436021
0.08251275727650839 0.11974160085680313 0.12901718908226942 0.13305422048022103 0.09679072849673952 0.17277506284701646 0.09979066536016577 0.16631777560027627
0.07808292840361632 0.12307714480611469 0.1064383812430514 0.1314144651416103 0.096502771366922 0.20165537875546483 0.09856084885620771 0.16426808142701282
0.09077306943855849 0.1331669522069757 0.08145959173934349 0.11609426602659423 0.11381086546346988 0.24663993806641163 0.07874219782673346 0.13931311923191306
0.09088570949168316 0.12925005077525945 0.10851453795810911 0.1615625634690743 0.08630242150848565 0.19589223608443124 0.08218617359078999 0.14540630712216687
0.0925707806745491 0.1315392703256565 0.11582507883540064 0.16442408790707058 0.08248665225301945 0.18153063225695237 0.08364181863098807 0.1479816791163635
0.10755044230178233 0.06938509828051419 0.2169571108178201 0.13877019656102837 0.09451206405403956 0.09321349789916127 0.15471841318072865 0.12489317690492555
0.08336101726051233 0.11378286697481595 0.124825016337818 0.14222858371851993 0.09706943072239226 0.17159070165376497 0.09646808286995265 0.1706743004622239
0.10457595144280445 0.06877582889277349 0.22408017072104772 0.13755165778554698 0.09698604371558477 0.09087402205345402 0.1533598333817964 0.12379649200699228
0.11985304727256335 0.08157459253009036 0.18681114925156173 0.09136277917206706 0.14212149287649745 0.1190531805320298 0.14502028440010642 0.1142034739650838
0.08426425224842411 0.11143218352573263 0.11893015656871161 0.1392902294071658 0.10586182632317907 0.1785979645185449 0.09447511211964288 0.1671482752885989
0.10561742869881036 0.07642734056194515 0.23027140801096477 0.13701390744694972 0.09039408954674945 0.08914777607765365 0.151680027780099 0.11944802187682799
0.08285070516910097 0.11343114660149785 0.12965329518025445 0.1417889332518723 0.09626422657552389 0.16969508815736434 0.09616988516213948 0.17014671990224675
0.10501375871713028 0.07636477885045774 0.2352594451026907 0.1366672809202146 0.08883129938041602 0.08742130441448613 0.1512962979662123 0.11914583464839221
0.09886257593081976 0.1355164784307618 0.1089406916307352 0.11814257093963851 0.11466169512575361 0.20197341991653528 0.0801314828981896 0.1417710851275662
0.10747633350577157 0.06805150634617865 0.21812368587216885 0.1361030126923573 0.10021589451456539 0.09579215343510397 0.1517447022107327 0.12249271142312157
0.08292349490171447 0.11297497807146603 0.1277288566354593 0.14121872258933257 0.09809842670763055 0.1718099204048681 0.09578313358232991 0.16946246710719906
0.105039916234869 0.07633647359877106 0.2346453143209832 0.13666526743852794 0.0890897702305572 0.08778510991169146 0.15129406895921693 0.11914407930538334
0.08273504720655114 0.11324007367189903 0.131579054770118 0.1415500920898738 0.09590698620642313 0.16912074699937216 0.0960078885479144 0.16986011050784852
0.10487218510637324 0.07626363550868649 0.23632696026850566 0.13650173574875105 0.08868281078995575 0.08723812670453801 0.15111303265633003 0.11900151321685991
0.08270180488565822 0.11323001776094048 0.1319480844160231 0.1415375222011756 0.09583242187782964 0.16890575933268667 0.09599936288427564 0.1698450266414107
0.07944492626193515 0.12227729682119146 0.10753065150854248 0.1313163515397796 0.09632091150450316 0.2004771592844889 0.09848726365483473 0.16414543942472454
0.09115685764496434 0.13230348273189813 0.08424861655148257 0.11534149776627017 0.1136315526850914 0.24667657072886412 0.07823162457190498 0.1384097973195242
0.1190498242549094 0.07651878029768465 0.14612457442405988 0.09564847537210582 0.15015633913979115 0.15553595327295577 0.14218788279196626 0.11477817044652697
0.11000682293882022 0.06635442317459683 0.23171204738464202 0.13270884634919367 0.1056550797403079 0.08616435866406408 0.147960460034101 0.11943796171427429
0.12281611998501356 0.07576255632958531 0.19323864283061257 0.09470319541198163 0.14612078390006278 0.11293220640607714 0.14078266064228911 0.11364383449437797
0.10928032825923994 0.06532613394446368 0.2505117819312272 0.13065226788892736 0.10323987794245268 0.07773504040674588 0.14566752852690856 0.11758704110003462
0.10514623768912647 0.0648881205692749 0.27407245111362877 0.1297762411385498 0.09343121642369294 0.07119629196566407 0.1446908240753682 0.11679861702469481
0.13834729291268028 0.08611998584868036 0.23651735085024525 0.10764998231085045 0.1213755730772312 0.09308313422471826 0.12002169669582877 0.09688498407976538
0.11121563250134428 0.06425325602397482 0.2672062045161295 0.12850651204794963 0.0966180035052416 0.07326935966695403 0.14327517089525132 0.11565586084315468
0.14012438062358168 0.08603548874281286 0.233964743283303 0.10754436092851609 0.12216508184906434 0.09347208300033892 0.11990393673671867 0.09678992483566447
0.10146079191536636 0.12798269219130243 0.15118031160706677 0.15997836523912803 0.08795963466670093 0.14607737682618557 0.08138029883903469 0.14398052871521522
0.10797160652685159 0.07654883307766736 0.24358441433051495 0.13508339969968355 0.08674513493237473 0.08275871996369288 0.14954287634641397 0.11776501512280105
0.0995609977227424 0.13520531128132973 0.11210821111111534 0.11787129701449259 0.11401405780394705 0.1998470802391522 0.07994748840982975 0.1414455564173911
0.08020349542268791 0.11088862109925106 0.10300083588309533 0.13861077637406383 0.099299505164387 0.20764956869305584 0.09401426571458243 0.16633293164887658
0.11740109845698447 0.07752029019556372 0.15432334128437372 0.09690036274445465 0.14699046715140943 0.1465351074209179 0.1440488974529505 0.11628043529334557
0.10943302917267873 0.06619868299160146 0.23607384508701276 0.13239736598320292 0.10471509361871348 0.08441117109108329 0.14761318267082477 0.11915762938488263
0.08330517362192252 0.11264734481838853 0.1325246912279394 0.14080918102298567 0.09895354210273792 0.16728369241502689 0.09550535756341638 0.1689710172275828
0.10491785632201578 0.07616025275663273 0.23669742763389742 0.1363822586155154 0.08903075019178316 0.08693333425686059 0.1509807665584867 0.11889735366480829
0.07276397080592131 0.09949452793894624 0.08152727249271534 0.08673881922882493 0.14052639885851878 0.24741879395875183 0.09805257825867165 0.17347763845764985
0.11381211264848705 0.07620413535402241 0.14518214443466204 0.09525516919252801 0.15827177658158487 0.15536525201774487 0.14160320673993715 0.1143062030310336
0.1425050190675202 0.08681230946057576 0.19016646008231797 0.10851538682571972 0.14055259191414546 0.1127978263590916 0.12098655814748152 0.09766384814314774
0.10204412774021578 0.12812955208649277 0.13992631026266433 0.16016194010811594 0.09147610843229419 0.15264253269617564 0.08147368257673723 0.14414574609730432
0.1084889797725824 0.0768392404503057 0.2391090464617601 0.13558708203293438 0.08754160515866298 0.0841294499315987 0.15010047339421306 0.1182041227979428
0.07341541676851068 0.0995981406084033 0.08196368462551487 0.08682914822271057 0.1402200536549256 0.24616057037927583 0.09815468929523803 0.17365829644542113
0.07473405153179706 0.10950544707521602 0.09528081809820335 0.13688180884402004 0.10370180907302905 0.22279632007070546 0.0928415746942049 0.16425817061282402
0.07499950595192682 0.12227351979210141 0.09823135441021233 0.13698087701167552 0.09607475013192304 0.21415417153240512 0.09290876875574512 0.1643770524140106
0.11517853412520179 0.08667394752907233 0.15173322242828666 0.0959704098372517 0.1449820325929014 0.14763090168571436 0.14266645999686972 0.11516449180470205
0.10855167155686649 0.07196828571226352 0.23422848377500813 0.13163613955579373 0.10398839349409675 0.0843900282935512 0.14676447201220585 0.11847252560021436
0.12189084339611027 0.08095894488849886 0.19394384461539993 0.09399356191125571 0.14481963836372488 0.11187314974999499 0.13972774278150848 0.11279227429350686
0.14292274726730325 0.09280946846593939 0.20613984063072097 0.10666534451591966 0.13493102522609318 0.10160886479478252 0.11892389903491339 0.09599881006432769
0.14837709858742934 0.09317693011570612 0.20953635382347294 0.10577806854633408 0.13134812475380034 0.09864850993810635 0.11793465254345009 0.09520026169170068
0.0886536476068056 0.12068832284854862 0.12458572833384253 0.13694898397562374 0.10270337231210087 0.16919402719495072 0.09288713695737959 0.16433878077074848
0.11850005458277409 0.08630046563222613 0.16011066252238926 0.09569430194251938 0.14670016581528533 0.13560518010699257 0.14225600706678998 0.11483316233102325
0.10900701643344309 0.07172289773952491 0.23747820893320737 0.13123042511920063 0.10404393593100639 0.08209800254373568 0.1463121306926013 0.11810738260728056
0.12194082314138355 0.08088555927025931 0.194931646675645 0.09392782988595093 0.14475259375896468 0.11121812369359985 0.13963002771105543 0.11271339586314111
0.14290662671026796 0.09278015149249974 0.20648222555332313 0.10663846665348412 0.13488315168031043 0.10144082569787044 0.11889393222410842 0.09597461998813571
0.14836089720372106 0.09316613980363538 0.20966085577928256 0.10576844381540824 0.13132477237067197 0.09860336990668202 0.11792392168673127 0.09519159943386742
0.13064381358600077 0.08114786965257623 0.18364478318675026 0.092081984623756 0.15134534587303702 0.1137517667752516 0.13688605475412088 0.11049838154850719
0.11072529563565825 0.07056048904517698 0.2461043354398635 0.1297008224715311 0.10398649158207075 0.07758508771142045 0.14460673788990108 0.116730740224378
0.10517802348746556 0.06940481573314727 0.2720313977095108 0.12908481454647813 0.09327867087707098 0.07092600953028926 0.14391993502420772 0.11617633309183033
0.10317896791777866 0.06882431246219228 0.28188886710721234 0.1281440568263721 0.09043708503024223 0.06932599914037813 0.14287106037208944 0.11532965114373486
0.08158107113863837 0.11970351801589771 0.14216568713672656 0.13936715309356082 0.09514642189083458 0.16026827856600165 0.09452728644606735 0.167240583712273
0.0763696534133887 0.13411775764697495 0.10880361464226207 0.13710955239092293 0.09451138409360041 0.19156053071337822 0.09299604423036513 0.16453146286910753
0.07498420604980294 0.13621217164620958 0.10083153817470782 0.1362472044589897 0.09379425871818885 0.20202282822912915 0.09241114737218432 0.16349664535078764
0.13245465685519694 0.1104825149712817 0.1756025221736309 0.11015314450224525 0.12446687502733338 0.12488992068220572 0.12281253573608537 0.09913783005202072
0.11114035302250057 0.07837005180240043 0.24245748535879827 0.12943239339082593 0.09834543947117595 0.0794576634056195 0.14430745949693577 0.11648915405174334
0.08253182130928592 0.1270236745808917 0.13262144622402428 0.1384140816731854 0.09628286699238486 0.1631483558166797 0.09388085539572574 0.16609689800782246
0.1341102165078678 0.10841741577625265 0.18696685409619135 0.10961317899225091 0.12451980721603255 0.11551015183000363 0.12221051448837525 0.0986518610930258
0.14587250196629384 0.10216086000764621 0.2025584038694368 0.10578165404833065 0.12864402258878058 0.10184041876541285 0.11793865011060146 0.09520348864349756
0.12960984181044838 0.0876485811674577 0.18087984912680902 0.09158775164326402 0.15002677892020552 0.11419055112603141 0.13615134423386713 0.10990530197191682
0.11020430115325754 0.07535445728329765 0.24433972473588378 0.12908473532870787 0.1034723506324931 0.07744832236821736 0.14391984670230562 0.11617626179583708
0.1047730970121186 0.07335395378507878 0.2708217041219101 0.12851313038160922 0.09291190916551274 0.07068183834694626 0.14328254984337624 0.1156618173434483
0.11993085718000081 0.08468448258590841 0.2048679226387296 0.09302389160835413 0.14014854411400524 0.1074293691938415 0.13828626274913539 0.11162866993002495
0.0830769842258229 0.12651499624004728 0.12289440873201984 0.13614276333154166 0.10404508254147937 0.1716141398889759 0.09234030904226305 0.16337131599784996
0.10262352477480842 0.08279543053141565 0.22407217115274783 0.13397529807715655 0.09682221353829834 0.08976113445667562 0.14937245919945663 0.12057776826944092
0.08105741625073193 0.12809347556267364 0.1284685578657868 0.13867737277512393 0.09602403085303118 0.16720686391502843 0.09405943544747536 0.1664128473301487
0.13379310935777314 0.1087039227771816 0.18554992025138078 0.10973456036991922 0.12457509957143141 0.11653643767322298 0.12234584566616365 0.09876110433292727
0.1110890979816419 0.07788904702342263 0.24631379544590573 0.12898455933083053 0.09804581329806972 0.07778342558188892 0.14380815794049315 0.11608610339774748
0.10493707597129692 0.0736349157824766 0.27161531199244937 0.12847279849715812 0.0917634692974817 0.07071332700963964 0.14323758280205537 0.11562551864744228
0.137003080019755 0.09674914758340988 0.2342467277488288 0.10622718600061082 0.1197180960578654 0.09201591020023968 0.11843538498874072 0.09560446740054973
0.11004483103411675 0.07513835056221162 0.2648817237676591 0.1267218100984687 0.09545755688370955 0.07242073715691988 0.14128536140829268 0.1140496290886218
0.10403975833144592 0.07281801753926094 0.27847945388550643 0.12757870175332156 0.09065119276300221 0.06937131249315859 0.1422407316563152 0.11482083157798942
0.10235948462597674 0.07232166803205121 0.28374934912609817 0.12720593600389957 0.08939395838527914 0.06865913575913642 0.1418251256640492 0.11448534240350962
0.10182038904406676 0.07214633447690656 0.28572176862416826 0.12699481856062245 0.08899817706596884 0.06843343005387861 0.1415897454698283 0.1142953367045602
0.08083973668267104 0.125653581391141 0.1424010000233776 0.13827377998883766 0.09423985769438174 0.15887781397968714 0.0937856942532986 0.1659285359866052
0.13338819885574732 0.10803224615708114 0.1904617739970563 0.10944292152491214 0.12376787877517012 0.11438766119953833 0.12202069011807369 0.09849862937242093
0.11082417560085335 0.07768330518820603 0.24823017629372338 0.128771778244783 0.09772547316980716 0.07729956817358676 0.14357092290873566 0.11589460042030471
0.1048107588771017 0.07356173868752384 0.27233139859684596 0.12838423186345532 0.09163956613206496 0.07058765955097138 0.14313883761492707 0.11554580867710981
0.13694369683303792 0.09672137065914198 0.2344861802767482 0.10620817120053343 0.11966557420328774 0.09197346784110122 0.11841418490566936 0.09558735408048008
0.08604039543834585 0.12877015796249697 0.12950926279983394 0.1357384326414575 0.09951440815716518 0.1654751564741369 0.09206606735681466 0.162886119169749
0.1349906374736482 0.10853852349803747 0.1855214502994076 0.10939441065987367 0.12523720182308687 0.11589620252829039 0.12196660412376958 0.09845496959388629
0.1113422186348656 0.07784700540520573 0.24624947973674916 0.12893993325524966 0.09816116502891972 0.07765585481276067 0.14375840319652464 0.11604593992972471
0.10499248957965147 0.07362772886826553 0.2715823104198469 0.1284682338011131 0.09178498752478705 0.07069034587871992 0.14323249350661416 0.11562141042100178
0.1028133752556593 0.07259519765166289 0.2812141022548126 0.12753261118481105 0.08983532985100015 0.0690406896237035 0.14218934411202067 0.11477935006632993
0.08104057631598464 0.12579027325263997 0.1414064224015863 0.138331857043294 0.09444784023229463 0.1591597166554916 0.09382508564675594 0.16599822845195278
0.11576613095835789 0.09373578179568832 0.16488916935586576 0.09494156989974097 0.1432223797551519 0.13237806402693583 0.14113702032857015 0.11392988387968915
0.10782036442176138 0.07674848543628013 0.23866053485091404 0.1302794430884434 0.10282821550087325 0.08115960122501364 0.1452518566971152 0.11725149877959905
0.08194439427742514 0.126709434895111 0.131767257769114 0.13845149081148572 0.09725871481614841 0.16382068990653398 0.09390622855039901 0.16614178897378284
0.10183465818226935 0.0865583344328234 0.2272075849741356 0.13315691460464904 0.09490697981236769 0.08803428214856641 0.14846002270100422 0.11984122314418415
0.11975432802032218 0.09017654792142128 0.1913526781064311 0.09352118135183085 0.14149529626610133 0.11244903335882533 0.13902551735287091 0.11222541762219701
0.08264983693738708 0.13190705005248024 0.11934373181436743 0.1353432470375432 0.10385305936380511 0.17269314992390097 0.09179802842546408 0.16241189644505183
0.10221406755338477 0.08757196517223945 0.22184048664966935 0.1333609276649939 0.09652036422707166 0.08977987179571302 0.1486874820384335 0.12002483489849453
0.10369386832414758 0.07817393427276778 0.26240021887453036 0.12946551683825866 0.09214622030143987 0.07325688656549874 0.14434438966892418 0.11651896515443279
0.10263112033682106 0.07567014454710352 0.27752906591916743 0.1275787446761839 0.09000181204405422 0.06952746275600079 0.14224077951210357 0.11482087020856553
0.10186701479934503 0.07489318996976017 0.28310260738870113 0.12686417039991169 0.08910128562854537 0.0685498959333177 0.14144408252049853 0.1141777533599205
0.11866163065985041 0.08724665305929047 0.20834500100089404 0.092502594879219 0.13833555863470007 0.10639412776217405 0.13751132014880915 0.1110031138550628
0.10669437857946366 0.07741363992907407 0.25501176991119195 0.12779775624992232 0.1001338366948151 0.07544567693792803 0.14248496107267458 0.11501798062493009
0.13737053816431397 0.10044539676634669 0.22791724761693025 0.10597455693829391 0.12184350503188414 0.09291793180059393 0.11815372243717245 0.09537710124446451
0.12676664110749716 0.09065658774927397 0.1885955000745361 0.09100412220111016 0.14715873246618774 0.11132972989094968 0.135283739869113 0.10920494664133217
0.10903793306281273 0.07826117213834764 0.24693163745364025 0.1282794728497333 0.10241682070097051 0.07659939909727172 0.1430220391324638 0.11545152556475996
0.12093332451577445 0.08812590003948 0.19691145127102946 0.09282685377954175 0.14301136379436144 0.10880552928164092 0.1379933527827218 0.1113922245354501
0.08288161942966608 0.1313902802621332 0.12063176700269697 0.13533911294362547 0.10420857350836403 0.17134648688983514 0.09179522443132858 0.16240693553235055
0.10222545323836384 0.0874529575945725 0.2223573694007745 0.13330312891709425 0.09655522491553208 0.0895100091604133 0.14862304074786478 0.11997281602538483
0.13728830308648718 0.1034733024757181 0.21732609351400733 0.10712645839491182 0.12200586935178678 0.09692815402316195 0.11943800659850617 0.09641381255542064
0.11041524476186639 0.0794556028977471 0.2579232159736832 0.12690088688682932 0.09618659812905157 0.0734226344893008 0.14148501866337537 0.11421079819814639
0.08203810438727122 0.13093051686207535 0.1356791264371063 0.1375532056440899 0.09537768969964039 0.16006055332526545 0.09329695687164359 0.16506384677290786
0.10170779606883931 0.08709902021392657 0.22873425246655618 0.1329453207971135 0.0943703553181244 0.08726835502185332 0.14822411139618472 0.11965078871740215
0.10336115195177788 0.07793620219366261 0.2650374426532931 0.12918118441218057 0.09150922853732228 0.0726843440481162 0.1440273802326849 0.1162630659709625
0.10246828231916653 0.07556800632831931 0.27851157754419814 0.12746094254791548 0.08979436697504317 0.06937253706194552 0.14210943893028785 0.11471484829312395
0.10179744157851311 0.07485296965493773 0.28346591887419315 0.1268196272106863 0.0890301212322416 0.06850183677117956 0.14139442018863083 0.11413766448961767
0.1186363895651012 0.08723419695120797 0.20845572289137704 0.092496213021915 0.13830483668508986 0.10637535216971646 0.13750183308929456 0.11099545562629802
0.08247344943699146 0.13115672362163344 0.12323234352541403 0.13532761518002254 0.1032020569959533 0.17042724707576887 0.09178742594818921 0.16239313821602705
0.07572873599663664 0.14206669493046298 0.1036210875365073 0.13540011294392784 0.09524905047248468 0.19361758424268982 0.09183659834457716 0.1624801355327134
0.10114853229003153 0.08968779513910297 0.21560116801425777 0.13414202872223494 0.09522354189810094 0.09391075666012688 0.14955835142613355 0.12072782585001145
0.11978751137873188 0.09090109859583777 0.18779691753952912 0.0937162839991667 0.14185340749443012 0.1141696896512597 0.13931555054204484 0.11245954079900004
0.10765687575226617 0.07850261437313685 0.24704065216869286 0.12869809983791827 0.1015234462709444 0.07726124475944475 0.14348877698347007 0.11582828985412645
0.1206118506380481 0.08820489882462464 0.19700461906328598 0.09287187512596669 0.1427808783334202 0.10901934782549036 0.13806028003800422 0.11144625015116003
0.09546615539608824 0.15147031062164684 0.13906801106187897 0.15599982566682755 0.09004308730145996 0.1481963337953502 0.07935643305660359 0.14039984310014478
0.10715761519109328 0.07857539709661963 0.2389312472959026 0.13576224161598688 0.08744375455845926 0.08347853596480015 0.15029438225294436 0.11835682602419371
0.07209132544517945 0.1157482511022414 0.08101023061503952 0.0850648067268417 0.13794949823319946 0.24184605812390694 0.09616021629990801 0.1701296134536834
0.12969735231808868 0.11065381327263893 0.1656049100492944 0.10814195398507782 0.13524635942379307 0.13275764396624878 0.12057020839828826 0.09732775858657004
0.14428480473657704 0.10699493853389745 0.19415118804076356 0.10536605241717333 0.13139125699414766 0.10550702679507673 0.11747528530690818 0.094829447175456
0.0867458243023158 0.135737467470178 0.11962920176341144 0.13452309204069937 0.10131569558269185 0.16937925900773768 0.09124174938412653 0.16142771044883925
0.10312703462778919 0.08813070905092951 0.22185693784774113 0.13326861123067768 0.09592530430621152 0.08916509672558404 0.14858455610345705 0.11994175010760992
0.10389609728125496 0.0782536155833345 0.2623911148714543 0.12945399463610083 0.09201618889706167 0.07314885028491896 0.14433154327338407 0.11650859517249075
0.10267620779662137 0.07568150680011916 0.27752277750079857 0.12757732625851775 0.08997431630261461 0.06950907362640471 0.14223919808225785 0.11481959363266599
0.13576285048262304 0.0998058564088665 0.23578890910391456 0.1056629279683059 0.11872996685585656 0.09134657461742904 0.11780627939152911 0.0950966351714753
0.10942240204146085 0.07841688279112373 0.2649929196117536 0.1260965258114732 0.0949439236634061 0.07205225675915733 0.14058821609129923 0.11348687323032589
0.1036546966290934 0.07547993437009522 0.2781532631781837 0.12712281479706367 0.09032227567615482 0.06912403031054962 0.14173245172150234 0.11441053331735732
0.08087352231903092 0.12996595598819533 0.1403102665749865 0.13763840849469575 0.09417163751022385 0.1585193722880477 0.09335474663118494 0.16516609019363487
0.1013073300152652 0.08683927130287321 0.23063354588559554 0.13278135158395127 0.09399756692514305 0.08689641990159841 0.1480412979600173 0.11950321642555614
0.08045069657495768 0.13300239813299186 0.12947534899655228 0.13785006349736445 0.09497204241704713 0.16533107024690646 0.09349830393734285 0.16542007619683732
0.10155072187590755 0.08761112723925243 0.22628267750834283 0.13324156960813843 0.0944855282098875 0.08835655619878947 0.14855440671235734 0.1199174126473246
0.11970740643310296 0.09038568228376914 0.19108590924399074 0.09354679625084678 0.1413948591948618 0.11255959547175057 0.13906359562066178 0.11225615550101613
0.10752576775665236 0.07833881629538272 0.24832180731312078 0.12855496070652947 0.10132212852839818 0.07690786723004368 0.1433291875339963 0.11569946463587653
0.10382338660266424 0.07592321851185713 0.27200435605202156 0.12794333223941878 0.0921649960575904 0.07034444408388761 0.1426472674370833 0.11514899901547689
0.10230169644008623 0.07505433874548777 0.28102223938300286 0.12708014509898244 0.08968769976528533 0.06879687178562363 0.14168487819244757 0.11437213058908419
0.11881045422700988 0.08730151450857543 0.20770373090648958 0.09253398312235683 0.1385620067026637 0.10648954990567729 0.1375579808803991 0.11104077974682819
0.10674894083593006 0.07743695958701773 0.2547605572758269 0.12782323380103203 0.10019979022467239 0.07547624121373982 0.14251336664085212 0.11504091042092883
0.1034269144794808 0.07562042522917722 0.2744107158522734 0.12764747144730143 0.09173907116357506 0.06995527279258465 0.14231740473303606 0.11488272430257128
0.11920496703228198 0.08747675921028095 0.20565187133040744 0.09262277024762239 0.13932874864269726 0.10687759033414232 0.13768996890542076 0.11114732429714687
0.09514300234141648 0.15119381042630844 0.1412601906212221 0.155931283152802 0.08937161163920795 0.14744038120379155 0.07932156577772971 0.1403381548375218
0.10700825366561169 0.07849738125844925 0.2398112544220742 0.13565729449467 0.08728708189460238 0.0832951991269914 0.15017820147558092 0.11826533366202
0.0816207214742483 0.13106974701518959 0.13175095050070587 0.138131707643001 0.09370727869868696 0.16427221335609682 0.09368933214047025 0.1657580491716012
0.07549860149633342 0.1456053168358813 0.10539418337779854 0.13522099991426015 0.0931492160767508 0.19115136941653935 0.09171511298532428 0.1622651998971122
0.10080413962549932 0.09257338396142802 0.21588228203443768 0.13364527928008096 0.09451609923796143 0.09329355163953389 0.1490045128689858 0.12028075135207288
0.10344064347591275 0.08055117938618775 0.2599370634859256 0.12948469663676754 0.09179200828266447 0.07389240804651773 0.14436577371293335 0.1165362269730908
0.10252712843817867 0.07733006144818279 0.276418112551111 0.12744880443079648 0.0898840658065709 0.06959199750191339 0.1420959058355298 0.11470392398771682
0.10175178942437452 0.0763501211275409 0.282500958629812 0.12667542077471788 0.0889919683197188 0.0684882222523894 0.14123364077420036 0.11400787869724609
0.10137009841307514 0.07602712458033695 0.28474230851073573 0.12639391903339137 0.08862809997908924 0.06816413501310536 0.14091978734021396 0.11375452713005225
0.10120883804561077 0.07591541401804286 0.2855688432372316 0.12629163456950587 0.08848788513308994 0.06805916608781312 0.14080574779615057 0.11366247111255529
0.10114498288060418 0.07587566314022062 0.28587393755475654 0.126254270149818 0.08843517930506065 0.06802303457811575 0.14076408925658812 0.11362884313483619
0.10112048525503425 0.07586128149623671 0.28598663423099363 0.12624055553702485 0.08841557887373162 0.06801016613685416 0.1407487984868023 0.11361649998332235
0.10111124083844916 0.07585602839245177 0.2860282806924549 0.12623550573326686 0.08840832168285928 0.0680054991681145 0.14074316833246323 0.11361195515994019
0.10110778341944418 0.07585409919967455 0.2860436748856082 0.1262336428983143 0.08840563893742973 0.06800379064053752 0.1407410914105086 0.11361027860848287
0.08021520410791784 0.13189866205223183 0.14183997211525098 0.1371886459853622 0.09351719338075698 0.1576642568555389 0.09304969032050654 0.16462637518243467
0.10087827591181753 0.08920870277967034 0.23083778511062983 0.1323067076413737 0.09361524133111108 0.08656514496292808 0.14751210538523304 0.11907603687723634
0.10294805225325855 0.07957835481996069 0.26558932830093446 0.12880186753545245 0.09115201577428564 0.07240423031183836 0.14360447022236264 0.11592168078190719
0.1022214723319676 0.07701679471862048 0.27851298489310256 0.1271856755356509 0.08958185880099066 0.06921156898365473 0.1418025367539272 0.11446710798208583
0.10161181253029547 0.07624314926779371 0.28327429088123673 0.12657896196350754 0.08886789624420652 0.06837672694768374 0.1411260963981196 0.11392106576715678
0.13503782146288357 0.10128489983762594 0.23744276576444492 0.10526332565898742 0.11806681312800968 0.09080662841725293 0.11736075263770687 0.09473699309308867
0.0975847736125741 0.15726663744743832 0.14842612057158822 0.1541153342053922 0.08467081713218447 0.14083471580235726 0.07839780044361255 0.13870380078485298
0.08203407067192611 0.1274112893125074 0.1113321740204553 0.13138328200947874 0.094761002589507 0.19031161737716806 0.09853746150710907 0.1642291025118484
0.08826465670422606 0.16885554337559122 0.08220114909624551 0.1101202116110474 0.10905820566757408 0.23466574912804408 0.07469023048401474 0.13214425393325688
0.10325736603796226 0.09639545280922256 0.20357683380454042 0.1321826294282607 0.09746534176304064 0.10078424223435863 0.14737376743718023 0.11896436648543464
0.10428489034591186 0.0814183611025245 0.2549978264237526 0.12978793594216553 0.09265014924204568 0.07534783168699764 0.14470386290865322 0.11680914234794898
0.1028718592652741 0.07759285068044584 0.2745532923110936 0.12764820354030273 0.09019428988006786 0.0699379001744445 0.1423182209620987 0.11488338318627246
0.08057313127049102 0.13248563461166277 0.13928002211971952 0.13730827102633517 0.09395399012990052 0.15849819830547018 0.09313082730481864 0.1647699252316022
0.0753331935941943 0.14605456527099647 0.10708469508837647 0.13523418834486137 0.09322645766894506 0.18906181583706053 0.09172405818173207 0.16228102601383365
0.1007140780683126 0.09260608207299588 0.21658034527291775 0.1335788461307516 0.09448516428362734 0.09288407778853712 0.14893044486518126 0.12022096151767644
0.10339629920400953 0.08053823246433583 0.2602024928602181 0.129453106017613 0.0917645888867621 0.07380693262112474 0.14433055253008495 0.11650779541585171
0.10250805212131277 0.07732096657679058 0.27651688129537727 0.12743663903655816 0.08987051499483216 0.06957162851340733 0.14208234232881933 0.11469297513290234
0.09226867910503368 0.1517466796877153 0.1601404077946503 0.15735825894614935 0.08069895375926651 0.13611712549608754 0.08004746215956292 0.1416224330515344
0.10552594384640965 0.07788809265168094 0.24698351782484151 0.13445208954510354 0.08827272694044111 0.08081899696999557 0.14884399005400145 0.11721464216752615
0.08116403205219791 0.13280510437736798 0.1331366309951572 0.13768310989807522 0.09368728109446411 0.16291904386113548 0.09338506584391189 0.16521973187769023
0.10138284558252647 0.0896118589756647 0.2273493376206194 0.1326875715719627 0.09391020041761136 0.0877026311716903 0.14793674024515843 0.11941881441476644
0.10318222173237321 0.0797395274701155 0.2642709387210538 0.12896207764926967 0.09131817885585422 0.07267809314370062 0.14378309254329022 0.1160658698843427
0.10231910859647095 0.0770781262266943 0.27802284263520427 0.12724602307648847 0.08965507671956209 0.06928758221832701 0.14186981975841326 0.11452142076883963
0.11871119515253298 0.08906643053937922 0.20662943076048992 0.09240617845136574 0.1384236029312534 0.10650775737026501 0.13736799065307503 0.11088741414163888
0.1402011985872761 0.10405423530403567 0.20883334000016693 0.10486530841199833 0.13160230729474817 0.09914783972088272 0.11691699311009364 0.09437877757079849
0.08585066670344371 0.1376648004624642 0.12274110749158669 0.13410344223406934 0.10116517846858242 0.1665935566176017 0.09095711734136876 0.16092413068088318
0.07601807307743448 0.14709452473009374 0.10313478139258457 0.13471643393906768 0.09445463525745812 0.19154894524824287 0.09137288562823723 0.16165972072688123
0.1009642668223806 0.09287444480422202 0.21488545725297503 0.13368157030371766 0.09483205682323972 0.09340381606806368 0.14904497465205538 0.12031341327334591
0.08013398337455611 0.13680687977317985 0.12558766446184746 0.13736038838390743 0.0948471821402255 0.16726525933650974 0.09316617646908505 0.1648324660606889
0.10135484211089008 0.09050704140171664 0.2242594172642362 0.13296506059108065 0.09435836609686019 0.0886405982099044 0.14824611979333918 0.1196685545319726
0.10327998634188505 0.07997349998820442 0.2631016403332184 0.12910186219780853 0.09150357466484418 0.07290881861278346 0.14393894188322828 0.11619167597802767
0.10238110563982558 0.07714821702456134 0.27758895571628356 0.12730007715852787 0.08972819729358121 0.0693532916985448 0.14193008602600046 0.11457006944267507
0.1187360103028823 0.08908680159479723 0.20649744003517087 0.0924139873043539 0.13845682639968793 0.10653255056036579 0.13737959903751717 0.11089678476522469
0.10662719673702342 0.07913563670692562 0.254042955272161 0.12759858434039884 0.1000889845814313 0.07540501719856957 0.1422628992571312 0.11483872590635895
0.10328979474944025 0.07710788781353452 0.2739339777098593 0.12743039219333874 0.09161652360682108 0.06985869338818929 0.142075377564812 0.11468735297400487
0.10198576133565643 0.07635808623362193 0.281541694365009 0.1267501245800438 0.08939932800135983 0.06857296342004182 0.14131692994222794 0.11407511212203943
0.08039154804193978 0.13208067888795982 0.14084229169362805 0.13723828227138965 0.09375436621464334 0.15792353749374222 0.09308335667102952 0.16468593872566759
0.10095024372783622 0.08926700526449781 0.23043495460369987 0.13234792088826422 0.09369365264641956 0.08663503898994396 0.14755805507990052 0.11911312879943778
0.1029778153455434 0.07959863111756618 0.26543627432601213 0.1288197701972582 0.0911799955644629 0.07242528991736835 0.14362443035425654 0.1159377931775324
0.10223330636412174 0.07702411008269551 0.2784559082496421 0.12719255308463753 0.08959206181361035 0.06921855792132184 0.14181020470779734 0.11447329777617377
0.08044624637156168 0.13229575458137133 0.14015119799299622 0.13727143987532175 0.09380889115951675 0.15819489599254113 0.09310584617630518 0.16472572785038608
0.10098499242426451 0.08932366843439823 0.23015758123469202 0.1323775622834855 0.09372540976190731 0.08669987678258767 0.14759110302352785 0.11913980605513695
0.10299514959377963 0.07961559470235179 0.26533139854965354 0.12883245117478467 0.09119488103777453 0.07244275018649259 0.14363856869785693 0.11594920605730623
0.08060966835350973 0.13310945319985654 0.1371951123725941 0.1373753656970809 0.09418920792146473 0.15949441862445532 0.09317633499454182 0.16485043883649705
0.1322922591492475 0.1171562469653337 0.18722771849384626 0.10834700130247131 0.12284058601495035 0.11382506604678336 0.12079882085514339 0.09751230117222416
0.12591146168938855 0.09629199294301001 0.17574916562378057 0.09135915899053183 0.1480612874436531 0.11718441661865496 0.13581152590234286 0.1096309907886382
0.12426260314596192 0.09222023785630062 0.1719543500937296 0.09147807762308971 0.1562088399722991 0.11811389172419884 0.13598830643671247 0.10977369314770764
0.108854834010558 0.0803651199440297 0.24008818802419665 0.1286735887617018 0.10471494697611901 0.07803564343518961 0.1434614489626735 0.1158062298855316
0.10423687955585513 0.0776483186750474 0.2686321979398238 0.1280053697062239 0.09295920052265788 0.07059676628188107 0.1427164345829093 0.1152048327356015
