0.125 0.125 0.125 0.125 0.125 0.125 0.125 0.125
0.06578947368421052 0.10964912280701754 0.05921052631578946 0.09868421052631579 0.13157894736842105 0.21929824561403508 0.11842105263157893 0.19736842105263158
0.08769198837691987 0.1551473640514736 0.07644942576449425 0.13525667635256675 0.10523038605230385 0.18617683686176836 0.0917393109173931 0.1623080116230801
0.09848805527924762 0.07755934353240751 0.19697611055849523 0.15511868706481502 0.08586138152549792 0.07904198308588142 0.17172276305099585 0.13523167590265928
0.07370413051744652 0.12284021752907755 0.10442072891456226 0.14740826103489305 0.09213016314680815 0.1646799767874262 0.1105561957761698 0.1842603262936163
0.07209184130889114 0.1201530688481519 0.09490461769937615 0.14418368261778228 0.09011480163611392 0.19018462265412014 0.10813776196333671 0.18022960327222784
0.0711049717317655 0.11850828621960917 0.09296178250188131 0.142209943463531 0.09643375464113363 0.19436137451501728 0.10665745759764826 0.17776242932941372
0.07053718725739594 0.11756197876232659 0.0921377151642756 0.14107437451479188 0.10226047202697242 0.19427952324465372 0.10580578088609394 0.17634296814348988
0.06959148107690157 0.11598580179483593 0.09091996867264207 0.13918296215380313 0.10189647891088813 0.20405738308332294 0.10438722161535237 0.1739787026922539
0.08541163610328911 0.14235272683881522 0.08365358653159491 0.1281174541549337 0.1251367780800786 0.2623692551821281 0.09608809061620026 0.07687047249296022
0.08393799517762533 0.14850568377579865 0.07317671374459644 0.1294664935481322 0.1007255942131504 0.22101567078942266 0.08781205649351571 0.1553597922577586
0.10333568813627103 0.08137685440731345 0.13285559142650374 0.09765222528877614 0.15125678115007693 0.15645404577568195 0.15500353220440657 0.12206528161097016
0.10884346871194062 0.08786159522530146 0.13605433588992574 0.10982699403162682 0.13061216245432875 0.13174384778101358 0.16326520306791092 0.1317923928379522
0.06934116393298378 0.11556860655497296 0.10241127061511146 0.13868232786596757 0.1058783288117606 0.1907536464872685 0.10401174589947568 0.17335290983245943
0.07274989473281555 0.1134712573867733 0.09609239898088888 0.13616550886412795 0.10060381934809291 0.2085861029590454 0.10212413164809597 0.17020688608015994
0.08936208640607103 0.13886047900772805 0.08749065514986981 0.12497443110695525 0.12690440126405783 0.2636924650709285 0.09373082333021644 0.07498465866417314
0.08016330883015463 0.14182739254565818 0.06988596154423737 0.12364439350134304 0.10780264907358376 0.24443986845032648 0.08386315385308483 0.14837327220161164
0.09290103343630668 0.0749924004847295 0.18580206687261336 0.149984800969459 0.0922364054969252 0.10187511168210127 0.167221860185352 0.13498632087251305
0.11115288474589953 0.08019649622242808 0.1611095174310676 0.0962357954669137 0.152474677348238 0.1257806535519481 0.152755230899863 0.12029474433364211
0.06837028278270184 0.12096280800016478 0.09855659175469955 0.15120351000020596 0.093940625845258 0.18296654544267002 0.10255542417405276 0.18144421200024716
0.09746071807789626 0.07187885807587881 0.2135823596274676 0.14375771615175761 0.09732531328471693 0.0915220938258947 0.15914570123434296 0.1253272397220451
0.07500570529344959 0.11387224365664171 0.12025770946802357 0.13664669238797003 0.10538834301884366 0.17553592139913138 0.10248501929097753 0.17080836548496253
0.07242356221341623 0.11224619336700814 0.10208476153816315 0.13469543204040976 0.10554294202588765 0.20361624473429527 0.10102157403030733 0.1683692900505122
0.07079441954713636 0.12246636209033755 0.09708264423435686 0.13182122393316698 0.10370240176338809 0.21049050056528018 0.09886591794987523 0.1647765299164587
0.07045175478903777 0.12322254287579414 0.09591304990698503 0.13136293725547754 0.10389823974263031 0.21242560091912024 0.09852220294160816 0.1642036715693469
0.07036692648865593 0.12320293803750051 0.09562993327339105 0.13124206910266403 0.10385785703509424 0.21321613785736618 0.09843155182699802 0.16405258637833
0.10544888606306224 0.08724453132585162 0.1432554118692941 0.09293128518478898 0.15622765618005874 0.1512181464121661 0.147509976483792 0.1161641064809862
0.07425674484903838 0.11921082831865293 0.0959028100960269 0.14901353539831613 0.09308185926668341 0.18864792949705358 0.10107005009624923 0.17881624247797936
0.12903042319845734 0.10592609452830284 0.17452157048827177 0.11338126741297962 0.12989847839673127 0.1228792346924297 0.12551772379458873 0.09884520748823863
0.09048458838799538 0.14232771282338552 0.08196944266481893 0.12408057015372072 0.1086625470765621 0.21941945930044188 0.08415899540861056 0.14889668418446486
0.10259834714610554 0.07970294295792321 0.2090636443642614 0.13882561972565483 0.09909120774514152 0.09600510696358591 0.15368566774675665 0.12102746335057088
0.07896220012348562 0.12025643233310063 0.12140351638919529 0.1333257662827987 0.10515808777312674 0.17424246453269554 0.09999432471209906 0.1666572078534984
0.06373265384870853 0.10457204577059874 0.06533075940885594 0.08370369726326153 0.14265729421601184 0.2721517182501266 0.10044443671591383 0.16740739452652306
0.06845763320400135 0.11383562057651651 0.08570104562746618 0.14229452572064563 0.09644686689363863 0.22599806836330166 0.09651280874965532 0.17075343086477474
0.10979298001851048 0.08604112182073793 0.14221129264176507 0.0923717303962671 0.1534689325187774 0.15402748532881896 0.14662179427978905 0.11546466299533387
0.07333787744714278 0.11705331246407821 0.09432138074744316 0.14631664058009777 0.1003412447979949 0.19380872339540742 0.0992408518717185 0.1755799686961173
0.07638769709932286 0.12249570764556983 0.09705275606298788 0.1311331779764213 0.1037667762726597 0.20689752899019592 0.09834988348231596 0.1639164724705266
0.07629821150916215 0.12221238581322881 0.09693604735389376 0.13005991183291277 0.10386538655459707 0.21050823327037987 0.09754493387468458 0.16257488979114093
0.07618585792770045 0.1220165905779045 0.09679277046579153 0.1298681646037149 0.1037604153154779 0.211639871901981 0.09740112345278618 0.1623352057546436
0.057393860428232656 0.09057523206212906 0.07185760508242672 0.0963948073454382 0.12326364550099649 0.2520514660753746 0.11567376881452585 0.1927896146908764
0.06835476708481374 0.114383744007011 0.08660997051437601 0.14297968000876377 0.09418858995287398 0.2249301103287446 0.09697752209290064 0.1715756160105165
0.10296941774477024 0.07753070452317475 0.21394146316861234 0.1385793704146957 0.09601151908267008 0.09674168096503903 0.15341305963694435 0.1208127844640937
0.10324171287355831 0.14786325237185266 0.1151079235366677 0.12309214439666233 0.12905556150636427 0.21546501037940047 0.09231910829749676 0.0738552866379974
0.06476443120781071 0.09700976461516199 0.05335036324377792 0.08457261530552583 0.13449593312827288 0.30105783589084795 0.09560382599755095 0.16914523061105166
0.12823538957623057 0.09282683173385425 0.15157850652155325 0.11603353966731782 0.12824266798355688 0.14928414130722004 0.12936873750968123 0.10443018570058603
0.11265579065613954 0.07101708910645822 0.20274361383791853 0.14203417821291645 0.09692714437820184 0.088433914274877 0.15835750914186356 0.1278307603916248
0.10839237098328779 0.07155094022026182 0.2584021138451923 0.13324074075356138 0.09290665700421841 0.07184560554357373 0.14750297714679972 0.1161585945031048
0.08407570548527966 0.11830833151416763 0.1339932583669239 0.1320127660714834 0.10328544968178079 0.1642989567373976 0.09900957455361258 0.16501595758935425
0.07959653851306835 0.12224442292039792 0.10620745998341956 0.13053027552081584 0.10425756725215446 0.19610318476851218 0.09789770664061187 0.16316284440101977
0.07760726588945237 0.13094113698021484 0.09892352213066648 0.12821712589663023 0.10290855480318886 0.2049681425065868 0.09616284442247268 0.16027140737078777
0.07726897699803 0.13226377137128295 0.09713065489631077 0.1277912537927731 0.10231590038622322 0.20764693496983364 0.09584344034457984 0.15973906724096637
0.0944591690783433 0.16192286971129263 0.08866914508038841 0.1170937280077159 0.12485679216676362 0.2549217631450797 0.08782029600578693 0.07025623680462954
0.07663768723877672 0.11189296761020587 0.09161224074532262 0.13986620951275733 0.09286769001157294 0.22441797657914198 0.09486577688691368 0.16783945141530882
0.11576366711129846 0.09105616615870762 0.1433685202348389 0.09060192735466888 0.1501238402869934 0.15202088655750773 0.143812583102649 0.11325240919333607
0.09635062981370064 0.1356118741578708 0.08381854980605956 0.11822573644532326 0.11647603881402277 0.227458396422242 0.08018789080639316 0.1418708837343879
0.077432145110324 0.11275184647801345 0.09156756448338853 0.14093980809751683 0.09635322034060526 0.2162336889765551 0.09559395679657663 0.16912776971702018
0.13971113162248094 0.10978070665847418 0.1726027664043498 0.10910995741755834 0.12701656165757866 0.125868166852432 0.12078920804874183 0.09512150133838418
0.10049378858000886 0.13537756903410936 0.08734094192998627 0.11802147043999278 0.12059725420409913 0.21649386611581722 0.0800493451679951 0.14162576452799133
0.10631948122973005 0.07006477233036389 0.20070824886278285 0.14012954466072777 0.10131363032829102 0.09911374752544401 0.15623398486800544 0.126116590194655
0.14606579389787613 0.10076990994576697 0.20922692485116423 0.10713782077923019 0.12601323260058245 0.0987781434733584 0.11860597172141069 0.09340220273061092
0.08551507411601691 0.11360613519859919 0.11840848186352097 0.142007668998249 0.10131676037327002 0.17241843159276313 0.09631824505968194 0.17040920279789878
0.10594412547910059 0.08184418207482366 0.22655433765360894 0.13542553014611777 0.09557689524840529 0.08667001789186954 0.149921628814587 0.11806328269148728
0.0842670910771501 0.12541297339922441 0.12669345939669888 0.1307334009546506 0.10302197656726626 0.1684042966957085 0.09805005071598796 0.16341675119331325
0.07915625245827387 0.1321041009853996 0.10378782712578746 0.12873025751300451 0.10306029432301206 0.19570075256851346 0.09654769313475339 0.16091282189125564
0.07782361991316136 0.13268955073121402 0.09844252102804635 0.12798280022742847 0.10250651163223862 0.20458939601305431 0.09598710017057137 0.15997850028428556
0.07744577692027953 0.13255885378295368 0.09714798015076527 0.1277277111697033 0.10219738786223724 0.2074668677746546 0.09579578337727747 0.1596596389621291
0.09455724625506541 0.16195492280052035 0.08878891007488475 0.11705561063697159 0.12480309834243378 0.25481513753021245 0.0877917079777287 0.07023336638218296
0.07593318884247971 0.11053050250348696 0.09389014354296309 0.13816312812935871 0.09842052477598728 0.22355611502362435 0.0937106434268694 0.16579575375523045
0.11542647087160755 0.09066578394463651 0.1439805704183707 0.090368004531826 0.15162026574938028 0.15153762178475189 0.14344127703464443 0.11296000566478251
0.08040225373751404 0.1127383315019711 0.1056608538172094 0.14092291437746385 0.1053918506088382 0.19019380025672356 0.09558249844732332 0.16910749725295662
0.11672216160131176 0.09107234710127898 0.14778451910484236 0.09051324220855177 0.15403844986817317 0.14305591432570508 0.14367181302944723 0.1131415527606897
0.05874168571825221 0.08215159740602934 0.07752145500061648 0.10268949675753666 0.13009178247085046 0.22734121018833942 0.1160837789433023 0.20537899351507333
0.12841501380816012 0.09162871704994593 0.16647511939788132 0.11453589631243243 0.1362003866439921 0.1319635831729856 0.12769897693341345 0.10308230668118916
0.08427494392530877 0.11280969785828908 0.10991800179282867 0.14101212232286137 0.10370773707375179 0.18341994553358587 0.09564300470594075 0.1692145467874336
0.07917979568885658 0.1296453082788119 0.10028204620700017 0.12883759309993575 0.1032317836641593 0.20114828686136474 0.09662819482495183 0.16104699137491968
0.07776780433057313 0.13209768787234874 0.09763223211187277 0.12787447211570396 0.10246469812039682 0.20641416121769654 0.09590585408677797 0.15984309014462994
0.09466207668983419 0.16189845036622666 0.08891121941833571 0.11709703168086612 0.12492083793704552 0.2544293911385224 0.08782277376064959 0.07025821900851965
0.07576757536741735 0.12653984839723936 0.09199757729284087 0.1347527504426048 0.09758861592870105 0.22025281434856492 0.09139751769150585 0.16170330053112572
0.07695722164770204 0.1311202181408463 0.09563811288550012 0.12752108904285706 0.10095094448350916 0.21277023571387116 0.09564081678214278 0.1594013613035713
0.07717520479983464 0.13204190476388292 0.09641247733421851 0.12751020471073043 0.10170308451492759 0.21013671445494522 0.09563265353304783 0.15938775588841303
0.11556097276404324 0.09350351770946361 0.14453627850995404 0.09017232562037938 0.15245860098992103 0.14792222179286066 0.14313067558790377 0.11271540702547421
0.12189220551035226 0.08362022637716778 0.15709472848029965 0.09510728304298117 0.1586786608500607 0.12809479204157714 0.14138336404598398 0.11412873965157741
0.09559368057019349 0.14060421506358714 0.1243350207284276 0.16144980985346621 0.09375434230100947 0.15682928629843326 0.08212881631676326 0.1453048288681196
0.1441267840450376 0.11338334034367824 0.18345004808743923 0.10803964425398971 0.12515107276330692 0.11205637531611366 0.11960432737926414 0.09418840781117051
0.08699997177738247 0.12476022927139375 0.11208434189209958 0.13916707125368 0.1010369303129858 0.17455939122467692 0.09439157876336556 0.16700048550441599
0.118449805112679 0.0927450157470503 0.14979122008147777 0.09051086619476646 0.15263560047030564 0.13906086807126847 0.14366804157899438 0.11313858274345807
0.07126657870160075 0.10497969508097713 0.06340183738248226 0.08331669779077029 0.15248975776817095 0.26372794453967413 0.09418409315478381 0.16663339558154058
0.10129944757791996 0.07622330953742186 0.19483945143105608 0.1371140645809126 0.10796144100295103 0.10628767813207894 0.15287194961483835 0.12340265812282133
0.10690619091024489 0.07525194355502575 0.2560091551056875 0.13197418362896818 0.09452613051076066 0.07417713344680457 0.14610084634545925 0.11505441649704917
0.0820405501421445 0.12185503472687402 0.1312282674368558 0.1411512411609361 0.09591734854055048 0.16268870502948946 0.09573736357002624 0.1693814893931233
0.14027854917930457 0.1105653014509221 0.1866137707726621 0.10840322249880058 0.12606495962401865 0.11356199957190347 0.12000682344189563 0.09450537346049281
0.08648291612863238 0.12388374613867663 0.11571812120861338 0.13846738389838234 0.10087698172140894 0.17449298201689004 0.09391700820933759 0.16616086067805877
0.07957443064745776 0.1318404396368318 0.10158521358719955 0.12881199790436887 0.10262409115055825 0.19793983126484613 0.09660899842827667 0.1610149973804611
0.11624792021626114 0.09351949092655433 0.14631328162150795 0.09023611386822605 0.15282677711850348 0.14482934713870238 0.143231926774962 0.11279514233528255
0.12299607866951584 0.08304381529397355 0.16064984648171482 0.09438925271311424 0.1587162598725642 0.1266216799786612 0.14031596373471908 0.11326710325573709
0.12437785162086608 0.0819615480737032 0.16451102962570724 0.09410296220347028 0.16045733459729944 0.12177534557112314 0.13989037366366625 0.11292355464416434
0.10971612741015102 0.07201245388608601 0.23316699706087032 0.13242165018483756 0.10631740902127587 0.07954561952703189 0.1476402577433935 0.1191794851663538
0.10518948325692012 0.07062028976170837 0.2623595435399908 0.13127649462880972 0.09422688901600096 0.07181495987284894 0.14636349475779234 0.11814884516592875
0.10321269163552921 0.06982431992302367 0.27432443713195187 0.1299496997116634 0.0909555560999747 0.06989434831764008 0.14488421743972021 0.11695472974049707
0.1365940647252973 0.09268850156963652 0.23298033998831172 0.1078821629324399 0.12001362753937374 0.09246679584375601 0.12028056076198897 0.0970939466391959
0.10989031953429261 0.07086448050987838 0.2622357678825372 0.12884603796937705 0.09569050317602591 0.07285773979556202 0.14365371695988755 0.11596143417243936
0.1387554415915975 0.0927656136133223 0.22897674912062768 0.10785022578942453 0.12125283500863127 0.09308897843501888 0.12024495323089571 0.09706520321048208
0.12750307343424816 0.08179543061155532 0.18814735475465055 0.09293984969912575 0.1476459403892929 0.11227920266571485 0.13816132880646154 0.11152781963895089
0.14400881248926775 0.0935229747186107 0.2022231193457324 0.10745300067280249 0.13488931145621738 0.10139300384231931 0.11980207686952754 0.09670770060552224
0.1290262321825134 0.0819215550473371 0.17977714297883382 0.0930109986735405 0.15195124386654318 0.11443253230739206 0.13826709653559155 0.11161319840824858
0.125588796560707 0.08130110453662465 0.17309829963635617 0.09339965655806395 0.15764622745987067 0.11804146479387745 0.13884486258482343 0.11207958786967673
0.1095079422563477 0.07134998276490882 0.24019051736465863 0.13123254490781736 0.10496775023318185 0.07832747795733418 0.14631449409871577 0.11810929041703562
0.10486985689041166 0.07013785994535063 0.26712104963774 0.13042671321447075 0.09343672795337864 0.07120769856829678 0.14541605189732784 0.11738404189302366
0.10309428459385957 0.06953247193953815 0.27705561863615524 0.12944522610391615 0.09049437163479851 0.06955555658384166 0.14432176701436622 0.11650070349352455
0.10239386365472042 0.069267455562982 0.2806382400509328 0.12901862890455074 0.08964124182773497 0.06907766101229774 0.14384614297268564 0.11611676601409565
0.10212461565981285 0.06916516282654062 0.2819223704696377 0.12885738227775614 0.08937122955083163 0.06892123014830044 0.14366636501714006 0.11597164404998052
0.1192882900939589 0.08082541523414276 0.20635464843689827 0.09412133715216835 0.1391857447221495 0.10736127051903599 0.1399176892590443 0.11294560458260201
0.0831312975530368 0.12022408385867377 0.12271456003953161 0.13827587322914378 0.10381492654006887 0.17212109688828398 0.09378711401628884 0.16593104787497254
0.11720498810814482 0.09192874312252458 0.15292372081331415 0.090303230164508 0.15323852031246257 0.1381832991948267 0.14333846057858413 0.11287903770563501
0.0824540140726559 0.12111831049340198 0.11073805335755983 0.13781945018610925 0.10629977035034534 0.18270952119036601 0.09347754012623063 0.1653833402233311
0.1052653628390736 0.08279990356227997 0.2236609031098043 0.1353681590065497 0.096640204995539 0.08839408305580337 0.14985811660472736 0.11801326682622282
0.07305277759356864 0.10903258924999779 0.0822293006825262 0.08510928646449983 0.14343229226202273 0.23479403706098548 0.10213114375739978 0.17021857292899967
0.1130612688792514 0.08488340867973104 0.14428437868157304 0.09507549446219098 0.1573474915670253 0.14992125619001379 0.1413361081855854 0.11409059335462916
0.12203595611040816 0.08193250619528457 0.16255664964030864 0.09387410145955273 0.16002818073921277 0.12737352730718116 0.13955015679658883 0.11264892175146327
0.1090594701408799 0.0716295272536425 0.23638295918877536 0.1316697659648479 0.10584654857639977 0.08010697655822371 0.14680196294886771 0.1185027893683631
0.12159821189830562 0.08142860909340909 0.19261249384607226 0.09461553936307097 0.1449210844518602 0.11063306007335974 0.14065235403823684 0.11353864723568516
0.08352811837902228 0.12030595271088453 0.11973735775232301 0.13829482907541288 0.1050614429358799 0.17331853323091945 0.09379997102506266 0.16595379489049544
0.10523447991714084 0.08247719821580392 0.2273287841102373 0.1350139336161274 0.09612803055313333 0.08664714410379169 0.14946597453637223 0.11770445494739312
0.08410804260163252 0.12547105458551622 0.12706099959487005 0.13064785771949694 0.10310324889984278 0.1683130811596475 0.0979858932896227 0.16330982214937115
0.07911982644817535 0.13209086298810543 0.10398418169704549 0.12869815135125792 0.1030696686447916 0.19564100616810837 0.09652361351344343 0.16087268918907238
0.07781302864740441 0.13267018318589793 0.09858276060299216 0.1279607279569715 0.10250032788456244 0.20455151580822864 0.09597054596772864 0.15995090994621436
0.06559336034441952 0.11226333319667967 0.061792935083033296 0.08112779459758483 0.1384890002926946 0.2811246337733167 0.09735335351710178 0.16225558919516966
0.07192503908618182 0.12074302551353067 0.0891103099308477 0.1347510375174522 0.10097047663392675 0.22940251041571585 0.09139635588140238 0.16170124502094263
0.10142753802584602 0.07724700774912106 0.21074321650240627 0.13710328264306698 0.09728265318234712 0.09994341895968953 0.15285992855876274 0.1233929543787603
0.121269558719117 0.085477738435365 0.17944491368439688 0.0897935831458243 0.1502460755596215 0.11899665446653085 0.14252949705686396 0.11224197893228036
0.08333061692399418 0.12057074324536701 0.11670443737478346 0.1380403011241868 0.10599158029525695 0.17608662501185215 0.0936273346755354 0.16564836134902414
0.07896482444110862 0.13109045935591493 0.10177135695726862 0.1286987269058787 0.10367419888993759 0.19840297963813416 0.09652404517940905 0.16087340863234836
0.0951429542330478 0.16203304668261018 0.09000993075917255 0.11738290633193206 0.12553422273740197 0.2514300157077273 0.08803717974894905 0.07042974379915924
0.0647996296351583 0.10653317765693152 0.055854089526112746 0.07901841974146231 0.13826789170607373 0.30816478210881426 0.08932517014252261 0.15803683948292463
0.09955368551991607 0.07595240083613242 0.1949279642811785 0.13628236575942948 0.1050471291264679 0.1136376577974282 0.15194466749596094 0.12265412918348655
0.1043113399532513 0.0716327574100307 0.2510435400560271 0.13266460408959682 0.09497966181510736 0.07805881977903785 0.14791113321631164 0.11939814368063713
0.13786690426606357 0.09326658724061432 0.22589492875626624 0.10837793944058066 0.12162780033361709 0.09459237989601639 0.12083331457031904 0.0975401454965226
0.1460320431571825 0.0938384490075651 0.21479545122590757 0.10657384911753616 0.1271441035081951 0.09687775128410048 0.1188218884937306 0.09591646420578252
0.14840547485191202 0.09384556792882595 0.2107312533658999 0.10650489691561123 0.12857545710434518 0.09733793067508463 0.11874501193427105 0.09585440722405011
0.11313799663527294 0.07120906325658931 0.25403440797437465 0.12930198597100195 0.09784909866462087 0.0739335951685096 0.14416206495572903 0.11637178737390176
0.08301201443450652 0.12070135744181468 0.13424576577598707 0.14028136390765128 0.09643858323342741 0.16183591864963315 0.09514735986779826 0.16833763668918153
0.10477637175837964 0.08226174821999223 0.23334610590191107 0.13462912385530912 0.09406457542268774 0.08451312075766944 0.1490399743127557 0.11736897977129512
0.06371700338883089 0.09510785176061476 0.09734350263062923 0.09906045388292109 0.12453323393591759 0.2032445019757389 0.1188725446595053 0.19812090776584218
0.07346460440328491 0.1219910742468895 0.09892406758957661 0.13869019871429517 0.10047282453671921 0.20596085727194963 0.09406813478013064 0.16642823845715418
0.13818166590648184 0.11105451262207021 0.17539178040196635 0.10881087568130954 0.1278497785796284 0.12339251112171962 0.12045811227234919 0.09486076341447498
0.08608966731592674 0.12334288650948888 0.11562820973435964 0.1377237903530711 0.1011705027208342 0.17736373713794257 0.09341265780469171 0.16526854842368532
0.09559209199596588 0.15838652177343754 0.12218539682270703 0.15484884398190427 0.08611121374208562 0.16688164674503847 0.080997856852073 0.13499642808678833
0.09916772363550223 0.1694225973367011 0.09439848494822091 0.11788659298220253 0.12140864434944917 0.2385690562219506 0.0884149447366519 0.07073195578932151
0.07755445706124159 0.12725759952698654 0.09593598507394469 0.1344655385567352 0.09757367796785271 0.21465138243711074 0.09120271310804648 0.16135864626808225
0.10453112965313152 0.08390157436743652 0.21772027729160917 0.1358418066590305 0.09524391514175833 0.09395264244006353 0.15038246402627714 0.11842619042069329
0.08392200479018054 0.12567777371408054 0.12491182125270699 0.1305818488727726 0.10283337191881207 0.17090948170590192 0.09793638665457946 0.16322731109096575
0.11728706605410678 0.09258766851473862 0.15355256521958857 0.09018061803941957 0.15276576269512038 0.1377567087699429 0.14314383815780882 0.11272577254927443
0.08246587086441223 0.12118909693517999 0.11087117901078114 0.13780953043519178 0.10627366923052393 0.18254840505433323 0.09347081194734748 0.16537143652223013
0.10525162497466709 0.08279570000101517 0.22380764357676697 0.13534466174243343 0.09662002716364629 0.08835545634215838 0.1498321041674476 0.11799278203186502
0.12195515642583749 0.08600568341870612 0.18315423182133955 0.0895125076273265 0.1496522586385264 0.11574618209390501 0.1420833454402008 0.11189063453415812
0.06137533021138392 0.08871928225261332 0.08642377557410941 0.10151885429880651 0.12977742926201571 0.21438717581350278 0.11476044398995518 0.20303770859761303
0.09924866928958563 0.07514082053037084 0.20998248543364464 0.13751608503362298 0.10343723353217195 0.09759005723225907 0.1533201724180841 0.12376447653026068
0.10595862407330056 0.07478082144784848 0.262221825900732 0.13137650430803335 0.0932036627623635 0.0724860080092857 0.14543919076835599 0.11453336273008034
0.12058044963657831 0.08151156753524286 0.2005271588277745 0.0944104683353855 0.14079395589020113 0.10853633559020004 0.14034750218215514 0.11329256200246259
0.10767330374349145 0.07090918994714628 0.2510162961064128 0.13040578775464598 0.10096419189236744 0.07627330000553001 0.14539272157122468 0.11736520897918139
0.10412435350904761 0.06986448330490234 0.2711485634386573 0.12996464583475423 0.09238700467851256 0.07064188673126288 0.14490088125158418 0.1169681812512788
0.10279458438767386 0.06941328009218826 0.27852776305962224 0.1292523991624149 0.09020848725430201 0.06936954743296263 0.1441067793646626 0.11632715924617343
0.10227548151781485 0.06921892046107667 0.28117089649812366 0.12894061260769227 0.08957843387268263 0.06900994307188672 0.14375916062380018 0.11604655134692304
0.10207750902422985 0.06914443102146582 0.2821109597109557 0.12882341487718413 0.08937985564313672 0.06889426243317921 0.14362849390038288 0.1159410733894657
0.10200389985666634 0.06911728017442607 0.2824445749283529 0.12878111687022628 0.08931396747096361 0.06885482073696862 0.14358133477919258 0.11590300518320366
0.08106505021317614 0.12040505274689509 0.14038687135866493 0.14021693790869205 0.09464114623163422 0.15992095381678553 0.09510366223372156 0.16826032549043043
0.1167796807808946 0.09204246036143957 0.15866100718127157 0.09042016256777256 0.15039103135881354 0.13515638697219953 0.14352406756789293 0.11302520320971568
0.08241765979016484 0.12118568783849487 0.11201991408968748 0.13788145022991144 0.10583326443999448 0.18168469100600027 0.09351959232985299 0.16545774027589374
0.10520833990919251 0.0827701105259337 0.22428022758018587 0.13530520008629315 0.09650047687254489 0.08818884697149201 0.14978841849194846 0.11795837956240943
0.08409469779904882 0.12552033338971932 0.12640978147078522 0.13064291754950635 0.10317609758789878 0.16887033710402874 0.09798218816212978 0.16330364693688296
0.09709186428647866 0.1621119513991288 0.09559020863138777 0.11845196351260753 0.1265053025485869 0.2403385588797902 0.08883897263445566 0.07107117810756451
0.07715209187639402 0.12631477651739154 0.09612296053381998 0.13434432197741544 0.09854615567030052 0.21518601040622853 0.09112049664555136 0.16121318637289853
0.10242427528897069 0.07749761904871336 0.2135330677097778 0.13684933138050775 0.0965889376567385 0.09736557882023902 0.15257679185259593 0.12316439824245698
0.10655128859432543 0.07497247206915747 0.2635360609209388 0.13120580131034254 0.09173628200342601 0.07236333483689916 0.1452502155328171 0.11438454473209347
0.08190285337442921 0.12121547851055862 0.13632287660335915 0.14036959076543695 0.09520804687089247 0.16133044426372023 0.09520720069307899 0.16844350891852433
0.10446909618822056 0.0822864745595352 0.2342252462046136 0.13456846729663186 0.0937705548129204 0.0843912362346905 0.14897282500888834 0.11731609969449958
0.08397856988012611 0.1254375355801522 0.12858104810135781 0.1306441577372555 0.10258497946286087 0.16748539376373672 0.09798311830294161 0.16330519717156933
0.09710616759055263 0.16215751409728835 0.09605044332996271 0.1184997808848879 0.12639728512477166 0.23981410477793821 0.08887483566366593 0.07109986853093274
0.09036725757026447 0.14795290445941056 0.07859957992283165 0.10974326928536403 0.11539642291705715 0.25181407744821444 0.0744345652544208 0.13169192314243683
0.13629362941957368 0.1020504919888181 0.16594624852756323 0.11012098399442354 0.12943418672468981 0.13426889458004854 0.12277667916990205 0.09910888559498117
0.12779689881865308 0.08314345148472972 0.16925920141572978 0.0936553196096663 0.15124357447470893 0.12329024778248336 0.13922492288242933 0.11238638353159956
0.12544055762560086 0.0815151436700996 0.1700781509385998 0.09353874975280176 0.1577365328845448 0.12039273146410971 0.13905163396088144 0.1122464997033621
0.10955538235449445 0.07141561962452221 0.23918928149008017 0.13132494296103586 0.10513696032600964 0.07876785354624811 0.14641751103267728 0.11819244866493228
0.13941016174797205 0.09323285295236564 0.22163713684626352 0.10835104405045465 0.12430648715018443 0.09474304938990347 0.12080332821744717 0.09751593964540917
0.1465398019428355 0.0938697912767204 0.2133160094795225 0.10661260644233768 0.12789950792142565 0.09694583712050757 0.11886510001854665 0.09595134579810392
0.12954529405191664 0.08184009698317944 0.18329166919251957 0.09287747664688259 0.1497301852135986 0.11319369886057704 0.13806860707506724 0.1114529719762591
0.11003660273661432 0.07114269431015678 0.24416597608495702 0.13077287620994332 0.10310461539815285 0.07727964886700639 0.14580199780422037 0.11769558858894899
0.08249241491536934 0.12074750158106126 0.13210491798268245 0.14035890357176817 0.09755259113584626 0.16311303453934267 0.09519995198780799 0.16843068428612182
0.07908429152761651 0.13156917298479376 0.10535891270968108 0.1291876943390075 0.10216216334752411 0.19426237641336197 0.09689077075425565 0.1614846179237594
0.11611990261506178 0.09348111472231542 0.1475676961405511 0.09024027206738038 0.15267412868244915 0.14387801859693652 0.14323852709107995 0.11280034008422546
0.0821946851635537 0.12119537024276725 0.10949031135588778 0.1377000391406325 0.10616241910575165 0.18462057973595822 0.09339654828668988 0.165240046968759
0.10523020626893152 0.08282962438750023 0.22325520203604257 0.13539612518323718 0.096636416028982 0.08872570218773655 0.14988907631192722 0.11803764759564268
0.0730370717825509 0.10902195675810063 0.08219323762608072 0.08509641900479445 0.14341081288515634 0.2349319611279748 0.10211570280575331 0.1701928380095889
0.07393024492085286 0.12165327908992615 0.09434294892985656 0.1362598000782263 0.10295784238977722 0.214924434009649 0.09241969048784046 0.16351176009387156
0.07489380958278335 0.12456547066977129 0.09791554056737659 0.13808821297387766 0.09574037558020797 0.2094309036489608 0.0936598314083692 0.1657058555686532
0.07707584488164032 0.13118277242190984 0.09730890632013418 0.12802919365783239 0.10088927673238418 0.20945561867043447 0.0960218952433743 0.16003649207229048
0.07725370774716532 0.13214790086100164 0.09694104433910902 0.127609205157938 0.10176119641380069 0.20906853516510948 0.0957069038684535 0.15951150644742249
0.0654041964885307 0.11199502781023694 0.061480944695762735 0.08098984436938877 0.13804828234516994 0.2829142023088669 0.09718781324326652 0.16197968873877755
0.07186306954317545 0.1206592286082636 0.08900700539254464 0.1346882702744231 0.10084425468732226 0.22995846384839805 0.09135378331656524 0.16162592432930772
0.11323373707275171 0.09344378910967434 0.14708809792467675 0.09549117811889575 0.14488064448701196 0.14931908968398608 0.1419540498603286 0.1145894137426749
0.10740988033149085 0.07754161880257827 0.23018350163266865 0.13192717942882845 0.10313176706154498 0.08398263150569708 0.14708895975124603 0.1187344614859456
0.10442226312218689 0.07449074726172768 0.2630979615446843 0.13027084442581832 0.09312931202885343 0.07210284180351326 0.14524226982997954 0.11724375998323648
0.11973671074593016 0.08551638273757539 0.20032245547015315 0.09391123539351545 0.14022336949590528 0.10799100480120745 0.1396053588834946 0.11269348247221853
0.08266604261491603 0.12735106309221333 0.12072368994935727 0.1371017298722552 0.10344360420663946 0.17120105589586107 0.09299073852205135 0.16452207584670622
0.0788695216552391 0.1324670423048092 0.10265679416377145 0.12872891105511727 0.10314409241753475 0.19667581629329375 0.09654668329133795 0.16091113881889657
0.0548590630174634 0.09940114985571576 0.07224070206143027 0.09981270331712169 0.11570530746030697 0.24552391607784177 0.1128317515758767 0.19962540663424339
0.12717206580126109 0.10566336218648056 0.16550094123092252 0.11166956994461011 0.130928062205669 0.13406014874266323 0.1245032369382444 0.10050261295014909
0.08349479255748402 0.13078806415663446 0.11260176782747128 0.13632126968895034 0.10096828414628024 0.17977891507697719 0.09246138291946196 0.1635855236267404
0.10541826577427893 0.08393463776034094 0.22446861605140403 0.13523907125228235 0.09547032447091736 0.08785314475239775 0.14971521115433775 0.117900728784041
0.07309719959631195 0.10926095258615831 0.08239788532055987 0.08513179038570504 0.14311000129513463 0.23458044158187408 0.10215814846284604 0.17026358077141007
0.053126603583002426 0.09416891538624253 0.0678295811543045 0.097728013493936 0.12337212051285751 0.2578435931929878 0.11047514568879721 0.195456026987872
0.0702904450969191 0.127492864930865 0.09094082371495041 0.13577446619277903 0.09846481142535271 0.22201672170313116 0.09209050750466752 0.16292935943133482
0.10047989918140122 0.08407352903731254 0.21046397699657296 0.13610618884395465 0.0962670714423931 0.09836552115606895 0.1517482433827375 0.1224955699595592
0.10621075705976121 0.07583921821693283 0.2623939797940966 0.13132929472275784 0.09175962256946951 0.07258799416443472 0.14538692781680965 0.11449220565573762
0.08136218418520094 0.12714985815481875 0.1354615279873746 0.13931881131591967 0.09463596720279432 0.1603945794648602 0.09449449810992812 0.16718257357910357
0.0788754135241837 0.13282002239898225 0.10605549908782055 0.12916341526974745 0.10150918925083449 0.1932496299289366 0.09687256145231059 0.1614542690871843
0.07782129724215146 0.1328995154532351 0.09908909706646014 0.12805688003081495 0.10222405118253718 0.20379539896317125 0.09604266002311122 0.16007110003851868
0.07480548058524819 0.13595208928577335 0.09799030750420766 0.1364101210542988 0.09470513673291554 0.20392307224861253 0.09252164732378529 0.16369214526515857
0.07705992675742217 0.13342231093314072 0.09732548568360988 0.12801987952119906 0.10066433418304874 0.20746830387918128 0.0960149096408993 0.16002484940149883
0.06376361151342991 0.11617380728292771 0.05813287543287895 0.08123402808700418 0.1343252332247052 0.2920726174040843 0.09182977088096125 0.16246805617400836
0.10965154280002264 0.09161731018369679 0.13523881120077202 0.09395398960567096 0.1535444784441704 0.16358016434744665 0.13966891589141534 0.11274478752680515
0.10686032024764516 0.07749166290417905 0.22538071522930966 0.132185848921965 0.10517515674733395 0.08656167498739893 0.14737735693239976 0.1189672640297685
0.10444854208114293 0.07459216624297169 0.2613345907637594 0.13046304288936533 0.09366817756397794 0.07262018508468823 0.1454565567736655 0.11741673860042878
0.10284604811921413 0.07346260178088629 0.27450214081415025 0.12906063336474882 0.09043372660155606 0.06964730448002535 0.14389297481114532 0.11615457002827394
0.10207478531228213 0.07301544927487935 0.2792215775373235 0.1284873700423974 0.08942452534929062 0.06888383045810093 0.14325382898756844 0.11563863303815768
0.08061799992694728 0.12649947292635627 0.13909748982891218 0.13921906045482205 0.09411423915879666 0.1589620241542391 0.09442684100414017 0.16706287254578642
0.10406384825628766 0.08285587212107942 0.2352855024154452 0.13441741862842232 0.09345437702711187 0.08393295738747386 0.14880560792401656 0.11718441624016306
0.12019449338561916 0.08710823840295183 0.19220731284178122 0.0944166306853752 0.14097623495552902 0.1114404699769892 0.14035666292930404 0.11329995682245025
0.10747833130894555 0.07567513957206812 0.24723483941413232 0.13003012941620365 0.10092223033880818 0.07665832291719307 0.14497389055806587 0.11702711647458328
0.08155460341886582 0.1270777026894519 0.13213537108218054 0.13928147458747667 0.09650583806431462 0.16183806658471084 0.09446917406802764 0.16713776950497197
0.10448995264034774 0.0830932177948497 0.23251414786248858 0.13468938468189373 0.09412613327207835 0.08455896337253097 0.14910668552492912 0.11742151485088169
0.08106483497585064 0.1286999012263024 0.12891250618504524 0.13945038987994976 0.09513433711891248 0.1648138200568165 0.09458374270118332 0.1673404678559397
0.11689821124514344 0.09328688559690637 0.15523372533313784 0.09051462409493187 0.15070374470128267 0.1365455224100412 0.14367400649989184 0.11314328011866483
0.08183721820378347 0.12844062525436745 0.11052771011548185 0.13657893985089234 0.1051728554568381 0.1809117727900042 0.09263615050756177 0.16389472782107078
0.10509443784958662 0.0836930423245816 0.22363422388850918 0.13532175361998067 0.09638771418999895 0.08808927334494729 0.14980674393420731 0.11797281084818828
0.10421585866411225 0.1558227162695276 0.11738959640088506 0.12145873872835204 0.12786277919506228 0.20928101345878544 0.09109405404626403 0.07287524323701122
0.07782203493594658 0.1380425423664833 0.1000723059344986 0.13299044913206765 0.09820238856090269 0.20307952243943506 0.090202217672185 0.15958853895848116
0.11580575754090826 0.09439527669855081 0.14593733564599062 0.09023750287289477 0.15140785390550734 0.1461852632007526 0.1432341315442774 0.11279687859111844
0.08151238470247041 0.12844938275190934 0.10835049237632673 0.1363413297187433 0.10514240188255848 0.1841194240527869 0.09247498885271285 0.16360959566249195
0.10508094639445234 0.08374423102477804 0.2227490414311422 0.13539672759228374 0.0964398833188615 0.08866125426221687 0.14988974320350495 0.11803817277276019
0.08406987801600795 0.12571541978110473 0.1260751585216962 0.13064550636250957 0.1031603202063218 0.16904270438734054 0.0979841297718822 0.16330688295313697
0.0791032561086487 0.13212269741061491 0.10377495968200481 0.12868217295342135 0.10306928006758066 0.19588328787088682 0.09651162971506602 0.16085271619177668
0.11505717515801932 0.09502095957363084 0.15179440492155394 0.09546157590145005 0.14550370232853932 0.14069824685917948 0.14191004417588696 0.11455389108174005
0.08152881138572232 0.12883040543570787 0.10978908885315902 0.13665132513938186 0.10410248255951633 0.1824310498429779 0.09268524661627639 0.16398159016725822
0.10505777907527092 0.08376998998603948 0.22336254823076643 0.13537043969186033 0.09620123665796225 0.08836210982500144 0.14986064141711844 0.11801525511598078
0.08406860737109072 0.12572461474565508 0.12621127060297496 0.1306492591567744 0.10311057433629472 0.16893715547366117 0.0979869443675808 0.16331157394596799
0.11732047872917847 0.09259039033669057 0.15395476251440926 0.0901781420080987 0.15284944055622426 0.13724420039591234 0.14313990794936302 0.11272267751012337
0.08188493034356918 0.12825195704060968 0.11022281528152553 0.13651983288601718 0.10558604562638392 0.18111455879250565 0.0925960605661682 0.16382379946322062
0.07858240655079177 0.1323929985163188 0.10025660858172226 0.12847250807588936 0.10341852092319444 0.19993194120030455 0.09635438105691703 0.1605906350948617
0.07499839817120027 0.13596589698952552 0.09831967156908603 0.13653657806054148 0.09502713994419236 0.2027010034300026 0.09260741816280205 0.16384389367264976
0.07711415160588157 0.13346011221250567 0.09741991502934551 0.12805676483413894 0.10076097436270288 0.20707455228714747 0.09604257362560421 0.16007095604267366
0.05447567489191612 0.09924500852343583 0.07121671426032736 0.09949778219514308 0.11476867221346834 0.2493248297396091 0.11247575378581391 0.19899556439028615
0.09765161105520041 0.0811906033516831 0.2030473011647153 0.13731273422163226 0.10043711523983179 0.10368572272931986 0.1530934514381482 0.12358146079946902
