0.125 0.125 0.125 0.125 0.125 0.125 0.125 0.125
0.07575757575757576 0.12626262626262627 0.09090909090909091 0.15151515151515152 0.0946969696969697 0.15782828282828282 0.11363636363636365 0.1893939393939394
0.06506121454980185 0.1084353575830031 0.05855509309482167 0.0975918218247028 0.14119196794261551 0.2168707151660062 0.11711018618964333 0.1951836436494056
0.11178451178451179 0.09023569023569024 0.13973063973063973 0.1127946127946128 0.13414141414141414 0.10828282828282829 0.16767676767676767 0.13535353535353534
0.0737504111422382 0.12291735190373035 0.08850049337068584 0.1475008222844764 0.10348450135535163 0.16884477537456472 0.11062561671335731 0.18437602785559548
0.09039330338712469 0.16787219972524828 0.08135397304841221 0.13558995508068702 0.12386272050539715 0.21788140889420324 0.10169246631051528 0.08135397304841221
0.07224568966130876 0.12781929709308473 0.09030711207663594 0.15977412136635588 0.09637314315932294 0.15338315651170165 0.10836853449196314 0.19172894563962706
0.09629366161172158 0.08494657612858406 0.19258732322344316 0.1516625170384615 0.09155675217305181 0.08283792446820581 0.16789664075889918 0.1322186045976331
0.08996685028437504 0.16195314818988843 0.09567163116503904 0.13495027542656257 0.1221656924165997 0.21310953069167585 0.10121270656992194 0.08097016525593755
0.08592745735111909 0.15202550146736454 0.07491111666507817 0.13253505256129217 0.12323486712266406 0.18243060176083745 0.0898933399980938 0.1590420630735506
0.10426597109953563 0.09422578509927983 0.13421686728627114 0.09853134268906118 0.1459225244538166 0.14327437436140555 0.15639895664930345 0.12316417836132647
0.060613161782847126 0.10723867084657568 0.05284224360555904 0.09349012330214292 0.15009096948746592 0.24306009716000543 0.10568448721111807 0.18698024660428583
0.104689917551229 0.08450872862569088 0.13086239693903626 0.10563591078211358 0.16567900830379076 0.12482606853275974 0.1570348763268435 0.1267630929385363
0.07592983868939263 0.12215775243414667 0.08630710769803841 0.15269719054268335 0.11208688988431006 0.16401606286256273 0.1035685292376461 0.18323662865122
0.0835799263371318 0.1558445584258167 0.1087121189962097 0.1671598526742636 0.08679453329878183 0.16474244653754136 0.08743746139884556 0.14572910233140926
0.07408274004121078 0.13158279732144143 0.09093043654538963 0.13690745974352597 0.09838530926228492 0.1942963375990953 0.10268059480764448 0.17113432467940745
0.08931606726503245 0.15678848974917622 0.08163890183047838 0.1247807127385817 0.1218323720627628 0.2571894941568832 0.09358553455393628 0.07486842764314902
0.08780729126122101 0.14310323001657227 0.07051463508062981 0.12475666206572969 0.1254459173467728 0.21404670765344289 0.08461756209675578 0.14970799447887562
0.11281143102404576 0.08401097068426508 0.13009161505212688 0.10501371335533134 0.1644991171768355 0.12144675861844544 0.15610993806255227 0.1260164560263976
0.08854212892322048 0.14132079389704297 0.09984621307943253 0.17665099237130372 0.1027499150704917 0.142042471752846 0.0898615917714893 0.15898589313417336
0.10029889172111425 0.08276535322537297 0.20265388923419847 0.14528808724885908 0.09471114161763791 0.08678134260851413 0.1608398849478619 0.12666140939644124
0.0943048937697097 0.15468879092617188 0.104414415866336 0.12865834796368927 0.12488348941130799 0.21936129231180457 0.09649376097276695 0.07719500877821356
0.09349041908308925 0.1426023100744763 0.07026780496423468 0.12431996262903061 0.12840686106591168 0.2074073210713392 0.08432136595708163 0.14918395515483673
0.10528667246926887 0.07317243023213256 0.1812928868437911 0.14634486046426512 0.10957768164619743 0.08945149576709431 0.16316359815941198 0.1317103744178386
0.07593775010803404 0.1229138953032786 0.10853035487988426 0.13751950203030217 0.10233123645309534 0.17772825716480112 0.10313962652272665 0.17189937753787773
0.07168373213513857 0.12475069261319922 0.09527880922743051 0.1331294673384167 0.1024860785815262 0.20641228542745543 0.09984710050381254 0.16641183417302086
0.06398039150204311 0.10074340360235041 0.05429084615955439 0.08782758262769011 0.14501785652380123 0.27320140005440047 0.09928335427478012 0.17565516525538022
0.0722974162716536 0.1149385216389687 0.08563988485197095 0.1436731520487109 0.10919786896828411 0.20439749672022448 0.09744787704173434 0.17240778245845306
0.08601881184767823 0.1491626018910511 0.11085246900829768 0.16024127915236067 0.08721430332357406 0.18299449411323276 0.08381851524892713 0.13969752541487854
0.06448282673606916 0.10730577556692657 0.06027818872220309 0.0837716809628923 0.13401386609804222 0.2820782828326113 0.10052601715547074 0.1675433619257846
0.11066324883788088 0.08021281365754715 0.13173372514580922 0.10026601707193393 0.16363496937117522 0.14411783676717432 0.14905216866215848 0.12031922048632071
0.07885420510564543 0.11675358779284047 0.09339969799022943 0.14594198474105058 0.11526401102502556 0.17566939417940905 0.09898673747653867 0.1751303816892607
0.11257293158730937 0.08693493864427222 0.13818025998468086 0.09317787134060006 0.159703706077638 0.14505657010943188 0.14790138308031753 0.11647233917575008
0.0824220415468163 0.11624210992167096 0.0936009905351371 0.1453026374020887 0.11413881124854428 0.17537715126877587 0.09855309319446016 0.17436316488250642
0.13647004566560716 0.10474642847897146 0.1666353562161061 0.11229280585193964 0.13569675896675212 0.12194956043636211 0.12431275210308336 0.09789629228117816
0.07378729094243658 0.09966796717499564 0.05742086359190965 0.08689002266538082 0.15570785216546557 0.25452245424644576 0.0982235038826044 0.17378004533076163
0.10206270216938171 0.0703431889700798 0.18466928441049682 0.1406863779401596 0.11356767549067713 0.1051982184532118 0.15685481241984955 0.1266177401461436
0.08252343912400173 0.11947111617952579 0.10691828021207209 0.13370427760305714 0.10934197639320156 0.18063235528202753 0.10027820820229286 0.1671303470038214
0.09739990672851892 0.15022199128466776 0.08622447686560866 0.12027237157543301 0.13033061621820424 0.2531829357007328 0.09020427868157477 0.0721634229452598
0.07676598795715069 0.11058356446047099 0.09051187628749333 0.13822945557558872 0.10340254323673369 0.22087559505363075 0.0937556307382254 0.16587534669070644
0.074850924815187 0.11260227625882858 0.0925137540992173 0.14075284532353574 0.09883487212262534 0.21607476572944329 0.0954671472629199 0.16890341438824286
0.14036196180994312 0.10332035348977446 0.1647352103592586 0.11096684104755403 0.13024266411366547 0.13078779165713147 0.12284485455813877 0.09674032296453429
0.08489481302892476 0.11322846578703576 0.10404976470396372 0.1415355822337947 0.10569149583527836 0.18475913265013605 0.09599804708031293 0.16984269868055363
0.11989097489821081 0.08555543441928935 0.13877923966778938 0.0918469172294704 0.156814273988311 0.14651575575299508 0.14578875750709588 0.114808646536838
0.06945004734712952 0.09598437906526452 0.0593294482268981 0.08367868944151267 0.1578735673187381 0.2717331886096348 0.09459330110779693 0.16735737888302535
0.09970950081706637 0.0691230387891395 0.19013309694547742 0.138246077578279 0.11283616964432054 0.1113965867769462 0.15413405962832 0.12442146982045109
0.07914465936425093 0.11378060450085567 0.11574633609271405 0.1422257556260696 0.10218737037384538 0.17977820260547284 0.09646616468550809 0.1706709067512835
0.07994375715390037 0.12181016676955185 0.0949765490702522 0.13072149443526568 0.10463329728627624 0.20647174641422217 0.09804112082644928 0.16340186804408213
0.09709676187857617 0.14869040164128938 0.08363362128105835 0.11868307580446025 0.1283100082053038 0.2633639788532906 0.08901230685334519 0.07120984548267616
0.07558382929366561 0.10861171009165961 0.09201956141566417 0.13576463761457452 0.10161844444831583 0.23140041083396287 0.09208384116466793 0.16291756513748942
0.13392006059258282 0.09030221618559825 0.16979172259769074 0.1128777702319978 0.13025909957994636 0.13540884750890492 0.12585029009448115 0.10158999320879801
0.11355896631008054 0.06660953353255065 0.2315957047927351 0.1332190670651013 0.10279984297926832 0.08379040690550768 0.1485293180561652 0.11989716035859119
0.10711589675349556 0.06570599893020225 0.2621703530299248 0.1314119978604045 0.09526032520577651 0.07355005939699329 0.14651457074883903 0.11827079807436403
0.10417838598329764 0.06469461346810053 0.2779379897392638 0.12938922693620106 0.09232955082264403 0.07076059668650585 0.14425933212140624 0.11645030424258095
0.10265893881818947 0.06408491737062993 0.28621106621226816 0.12816983474125987 0.09094033546108725 0.06968225530596714 0.14289980082346435 0.11535285126713386
0.1193359903954926 0.07469495388513092 0.21274091757314478 0.09336869235641364 0.14095813212347905 0.10806005061925747 0.13879883221938505 0.11204243082769635
0.10774203377430219 0.0644220014569477 0.26046901838742537 0.1288440029138954 0.1022102816745848 0.07670161114544345 0.14365144802489527 0.11595960262250583
0.13905768930203655 0.08554260994545561 0.23432109129881568 0.1069282624318195 0.12427655120984765 0.09442132673298573 0.11921703289040174 0.09623543618863754
0.08783345934054251 0.1102261852726687 0.13282210780980497 0.1377827315908359 0.10277692391294603 0.16976667882432747 0.09345263533987132 0.16533927790900305
0.10482502449646385 0.06753867273702219 0.2318994702748863 0.13507734547404437 0.09781418999986474 0.09067452628643514 0.1506011598046435 0.12156961092663993
0.10506941664788837 0.06497280377992161 0.270867259775244 0.12994560755984322 0.09329780819708142 0.07401640224033741 0.1448796549958252 0.1169510468038589
0.10363039301592095 0.06394645500496225 0.28570490495573414 0.1278929100099245 0.0910088370773483 0.07012183051312768 0.14259105041405015 0.11510361900893205
0.13753134805351983 0.08508601647324508 0.24373549975386108 0.10635752059155637 0.12052107457659006 0.09246607368764373 0.11858069833118297 0.09572176853240072
0.14717587440469057 0.08419208799203215 0.22646001898462875 0.10524010999004019 0.12803740548458858 0.09684353525364037 0.11733486889934332 0.09471609899103617
0.11366674821241866 0.06369082757593408 0.26603926004946993 0.12738165515186817 0.09851464771520947 0.0740423322577533 0.14202103940066496 0.11464348963668138
0.08420048513367666 0.11162807018567236 0.14134033561047107 0.13953508773209045 0.09789288349437275 0.16331984262518165 0.09464118994002657 0.16744210527850853
0.10812314919095592 0.07678567655502587 0.21977929992281486 0.13759934080479555 0.09720410334140506 0.08822190393635973 0.15232812657266742 0.1199583996759756
0.09989315160548867 0.13433372830917062 0.10890052384082934 0.11711145544902056 0.11707951909427505 0.2027157575534901 0.07943211760890088 0.14053374653882467
0.10793528313860797 0.06737183449368236 0.22058412440654682 0.13474366898736473 0.10104328814587503 0.09682336331606892 0.15022913542322602 0.12126930208862825
0.0833322808891376 0.11197834244484416 0.13059805131925006 0.13997292805605518 0.09856068633901403 0.17265203738554302 0.09493815989888961 0.1679675136672662
0.10694332035579127 0.07606342861270712 0.22583470711120449 0.1361307164734471 0.09650035825229689 0.0891471096121765 0.15070229906706395 0.11867806051531286
0.08336890112790427 0.11235267745102807 0.13211244292937485 0.14044084681378508 0.09780804733471611 0.17013253728425604 0.09525553088239337 0.1685290161765421
0.10628475612366231 0.07558912730537874 0.23150012091221253 0.1351773311801305 0.09574746584934517 0.08820743216700201 0.14964686235651398 0.1178469041057548
0.08320078390915762 0.1122577532811433 0.1333898013245762 0.14032219160142914 0.09758365447343706 0.16968413379365932 0.09517505169488238 0.16838662992171496
0.11833606524105818 0.08416649724014123 0.15737408156162713 0.09029347356448071 0.15284414054062953 0.14079592598458818 0.14332297391187412 0.11286684195560087
0.08404724287354327 0.10992413488258972 0.11430184359830593 0.13740516860323718 0.10867301109787804 0.18756584748097416 0.09319654913958694 0.1648862023238846
0.10456852787572352 0.06786889079328152 0.22420436210730577 0.13573778158656305 0.09963500314991139 0.09448393427548331 0.15133749678382477 0.12216400342790674
0.1053955688059259 0.06512450490617357 0.26795088041967285 0.13024900981234713 0.09391268355190142 0.07492531780745877 0.1452179258654079 0.11722410883111242
0.1039276750282275 0.06399049214187832 0.2846187845173966 0.12798098428375665 0.09121640765640553 0.07039352386028844 0.142689246656666 0.11518288585538099
0.12061826134691142 0.07446153145117317 0.2129882614654798 0.09307691431396645 0.14072716240531113 0.1080704872781436 0.1383650845622546 0.11169229717675973
0.08470910013060186 0.11009055456452443 0.12768975885368702 0.13761319320565557 0.10631725903691219 0.17510665827451796 0.09333764408731421 0.16513583184678668
0.11842885049259703 0.07670483813357874 0.16300150814750258 0.09588104766697342 0.1493646900909319 0.13902819113923406 0.1425336171288142 0.11505725720036811
0.08413575236256692 0.1099229432935408 0.11562546130708302 0.137403679116926 0.10794662122350046 0.1868855888767653 0.09319553887930634 0.16488441494031122
0.10460192752752075 0.06783610812697907 0.22475256666946225 0.13567221625395814 0.09944125014481783 0.09432654031779403 0.15126439633090555 0.12210499462856232
0.10544702328110497 0.06510346661129063 0.26814921815005155 0.13020693322258126 0.09385598095243286 0.07488012427435252 0.14517101360786297 0.11718623990032312
0.12146819012811567 0.07472676421376016 0.20781836138939863 0.09340845526720018 0.1420297605575302 0.10960037966644236 0.13885794245691252 0.11209014632064022
0.10885256072627891 0.06435740454455988 0.2592471743235059 0.12871480908911975 0.10244041311992572 0.07703690346480131 0.14350740655160066 0.11584332818020776
0.1049655178918209 0.06402877084429207 0.280959489469673 0.12805754168858413 0.09313466624143128 0.07082762389466357 0.14277460244980944 0.11525178751972572
0.10340384166561005 0.06361828548493607 0.28945076191835234 0.12723657096987215 0.09059164841762002 0.06932669630580739 0.14185928136491716 0.11451291387288495
0.13758654834377504 0.08492799941648005 0.24494976790180786 0.10615999927060006 0.12024719001074889 0.09222401891433431 0.11836047679871378 0.09554399934354005
0.14753654503801122 0.0840889476461471 0.22678252587635092 0.10511118455768387 0.12788075382897204 0.09680885028735245 0.11719112666356694 0.09460006610191547
0.11408197267223584 0.06363146115285533 0.2660700383160611 0.12726292230571065 0.0984509343162377 0.07407738002390031 0.1418886611378595 0.11453663007513959
0.10590780495712408 0.06380636853998349 0.2834345777347846 0.12761273707996698 0.0920076097623989 0.07010076004819661 0.1422786785055751 0.11485146337197027
0.09539803984028251 0.1283147739481856 0.16719533733783926 0.160393467435232 0.08315932350984392 0.13959347771550723 0.08159145952140062 0.14435412069170878
0.10754721359939101 0.07550286111540028 0.24784355323734608 0.13294275878708633 0.09139256717065593 0.08169913187652122 0.1471730988607549 0.1158988153528445
0.0835166548797589 0.11214462768039833 0.13723005072042832 0.14018078460049793 0.09659141658957063 0.16704038314928016 0.09507914085946817 0.1682169415205975
0.0800789259161077 0.12042204367858585 0.10804974519180593 0.12917723576954757 0.10341194755088837 0.20050563035396934 0.0968829268271607 0.16147154471193445
0.09126758837063922 0.1309243967364148 0.08482755104759414 0.11413921766764366 0.1155605154700335 0.24889750447975256 0.07741616502674961 0.1369670612011724
0.10660250118769517 0.0677196131488317 0.21000618533062607 0.1354392262976634 0.10138478543823179 0.10594775501210778 0.1510046299169471 0.12189530366789705
0.08308791478721829 0.11185036414262076 0.12795710294319235 0.13981295517827594 0.09854028816952719 0.17614617200953409 0.09482965655570022 0.16777554621393112
0.10578229597114132 0.07521246912441336 0.2335841172101017 0.13449653526351882 0.0957914008095656 0.08898659861302617 0.14889319329131917 0.11725338971691385
0.08315516529593106 0.11214308754026225 0.1338044063900482 0.14017885942532782 0.09754552756880779 0.1698804873807463 0.09507783508848322 0.16821463131039338
0.10554197975589075 0.07505001325595703 0.2367066638347622 0.13416736711829277 0.09534420273753573 0.08769456005818857 0.14852879062342544 0.11696642261594754
0.0992650112957833 0.13392773891711943 0.11207522795929566 0.11675751597902717 0.11638550998286673 0.2022879223748652 0.07919205431620974 0.14010901917483262
0.12149733202366476 0.07583287303154457 0.15631946010191797 0.09479109128943071 0.15149980283085812 0.14539680740769534 0.14091332376757162 0.11374930954731685
0.11068571325695833 0.06545425990529082 0.23834160299836368 0.13090851981058163 0.1061945054528954 0.08464450045011128 0.14595323029627535 0.11781766782952348
0.10618447628417704 0.06453121654200514 0.27290552981888233 0.12906243308401028 0.09460683826816134 0.0726583348633401 0.14389498136381446 0.11615618977560925
0.10400916748655069 0.06381409623995171 0.28638962372663257 0.12762819247990342 0.09115859053242531 0.06983904617950686 0.14229591012311618 0.11486537323191308
0.10303137121189522 0.0634982833225069 0.2915307690771656 0.1269965666450138 0.0900177241104054 0.06903668119903006 0.14159169445347058 0.11429690998051242
0.1374427602479531 0.08487831807016596 0.24566339114191807 0.10609789758770745 0.12002635024608246 0.09211193682049387 0.11829123805674249 0.09548810782893671
0.1474933966182523 0.08407169033255753 0.22702985983207508 0.1050896129156969 0.12779888342283088 0.09676882936188451 0.11716707589257551 0.09458065162412721
0.08987262124937126 0.10986556965932719 0.13106323869791223 0.137331962074159 0.10339486712230485 0.17052649069241813 0.09314689601551654 0.16479835448899077
0.09767807180626464 0.14437872214125205 0.1289324101383171 0.15513744912649835 0.0880469508867942 0.16942954378596306 0.08114881954309144 0.13524803257181908
0.12215504011535629 0.08632140278479188 0.1572663374277101 0.089791274452328 0.14934904212471595 0.1403519775656751 0.14252583246401268 0.11223909306540998
0.10037484207940339 0.12997846186239628 0.09424923898991175 0.1133145564954224 0.12763560718789424 0.22161299596748302 0.07685682962298214 0.13597746779450687
0.10837148955294587 0.06738884706412433 0.21370525032836005 0.13477769412824867 0.10361623647176914 0.10057348682300611 0.15026707091612201 0.12129992471542381
0.1415369633244758 0.08656762679557585 0.2185904297476781 0.10820953349446982 0.1260268559078849 0.10103445607687928 0.12064555450801337 0.09738858014502283
0.10254450863587984 0.12711191737658362 0.14907137530191186 0.1588898967207295 0.08926068446288475 0.1492941108171567 0.08082659963619719 0.14300090704865653
0.10966751963213425 0.07542717710633601 0.24273809184940176 0.13288005452885904 0.09286667079477426 0.08347265331710177 0.14710368266931073 0.11584415010208222
0.10025868523035203 0.13398037178867386 0.11335445264858787 0.1168034010465362 0.11579900171100424 0.20041682995700394 0.07922317636199847 0.14016408125584345
0.10797137648810878 0.06723784923910567 0.22238934126464438 0.13447569847821134 0.10061582622532517 0.09635141137089519 0.1499303683033192 0.12102812863039021
0.12305043360313167 0.07532097104315191 0.19321083208833414 0.09415121380393988 0.14522796050878475 0.11609502947938623 0.1399621029085435 0.11298145656472788
0.08526099128992497 0.11009594832774061 0.12299222814272356 0.13761993540967576 0.1072935593116164 0.1782511979662321 0.09334221706047574 0.1651439224916109
0.10469495633774989 0.06768429653848392 0.22784134005562398 0.13536859307696783 0.09907313715247706 0.0925800639224188 0.1509258791470074 0.12183173376927103
0.10541557910707994 0.06502094790194975 0.2693308866303915 0.1300418958038995 0.09367152752223744 0.07449444760867414 0.14498700920225807 0.11703770622350954
0.10400344414901443 0.06394057356700393 0.2851118827385713 0.12788114713400786 0.09111646751365773 0.07027551679190805 0.14257793568522967 0.11509303242060706
0.1030842093849424 0.06353609007566363 0.29106136720930564 0.12707218015132726 0.09005683888479349 0.06914835428756193 0.14167599787021112 0.11436496213619453
0.08243018146210428 0.11155856553714792 0.14720215153048272 0.1394482069214349 0.09597722965080845 0.16146355450645708 0.0945822620858428 0.16733784830572185
0.08002077457539623 0.12025330355627874 0.1109438962257343 0.12903148336992176 0.10334782620460353 0.1983397493282218 0.09677361252744134 0.1612893542124022
0.08984526789136094 0.14496422982110754 0.0841256363429342 0.11202844355028667 0.11383477953459581 0.24478300106091544 0.0759845095384553 0.134434132260344
0.10545855151104284 0.07751239495677426 0.20805435115362786 0.13395807001399765 0.10031503654271197 0.10478608161453677 0.1493532511947108 0.12056226301259787
0.08230027841166146 0.12003938574521947 0.12676577451863758 0.13856318848054922 0.09760975983089394 0.1744637981278328 0.09398198870854645 0.16627582617665906
0.14167553295532073 0.10144646442989422 0.18822755479866332 0.1079945360585769 0.12820944069116647 0.11874299759596695 0.11955439075267768 0.09414908271773369
0.07640298084471864 0.10489980263560776 0.07320990812487099 0.08229543410028924 0.14842321135450068 0.25714817358258546 0.09302962115684871 0.16459086820057847
0.11359173260622744 0.08298050064042051 0.14087553106884645 0.09309826206371521 0.1604329178641031 0.15890632185416895 0.13839681942606022 0.11171791447645825
0.12282155513646927 0.0803933431527252 0.16298717958417996 0.09213776113952302 0.16297581028632457 0.13115006704235785 0.13696897029099242 0.11056531336742763
0.11012986223944969 0.07040437817632325 0.239860202625212 0.12941808019759413 0.10793335521762086 0.08148634801133436 0.14429150135463104 0.11647627217783471
0.10556234928260545 0.06894351086741378 0.27278688244637794 0.12817086788378976 0.09453550717822848 0.07174614854588891 0.142900952700285 0.11535378109541077
0.13805520479912264 0.09094104043275845 0.2383000201299639 0.10580799678581972 0.12112804695608495 0.09257247349198673 0.11796802029702588 0.09522719710723775
0.11110948721293203 0.06936507307313293 0.27014003336291414 0.12610775062886873 0.09635629948526334 0.07282364974588482 0.1406007309250223 0.11349697556598186
0.10471201973334668 0.06811762475858593 0.28446335011870233 0.12673212263515068 0.0911074981147956 0.0695116151506824 0.14129685911710085 0.11405891037163562
0.10284272891162607 0.06779960062542982 0.2901799810760021 0.12630240444012206 0.08968004533266015 0.068705320219884 0.14081775539816593 0.11367216399610985
0.10222309799166512 0.06765217671030752 0.29238937365302964 0.1260632774299643 0.08921955608656751 0.0684444218143587 0.1405511466271393 0.11345694968696786
0.10200339852812101 0.06758946393535313 0.29323399229641284 0.12596249396387982 0.08905680338113613 0.06834882274399617 0.14043878058360926 0.11336624456749184
0.10192281980604073 0.06756448782081048 0.29355554181113896 0.12592279675170645 0.08899681583329569 0.06831249974595752 0.1403945211545145 0.1133305170765358
0.09368557799767532 0.13613615908624055 0.1687642486678943 0.1585801439248591 0.08180766600320112 0.1376350450520674 0.0806690297356892 0.14272212953237315
0.09889816634851877 0.14795349435283187 0.13934000645898795 0.15510477973692494 0.08390698023924173 0.15844529035865584 0.08113173093931458 0.1352195515655243
0.10224714382893116 0.15268994162786595 0.10052158505744106 0.11873039838961705 0.12343322138909661 0.24209167188106506 0.08904779879221279 0.07123823903377023
0.07848263636705291 0.12353524879190386 0.09770868782824965 0.13219865687850216 0.09882935210414842 0.2209418538061738 0.08966517596976667 0.15863838825420257
0.07572898488238114 0.12300465416770662 0.09904058783269812 0.135849088873896 0.09532365964624219 0.2158929967991495 0.09214112114925119 0.16301890664867516
0.07544409394739525 0.12332884041174678 0.09961405707863155 0.13633470401684641 0.09481651953935774 0.21438964528742382 0.09247049489838279 0.1636016448202157
0.07543438979982944 0.12344033646489805 0.09979782122437154 0.13642575045634026 0.09475678346718246 0.21390176990416548 0.09253224813560469 0.16371090054760828
0.10186476943582445 0.08272044989600842 0.21584000687474175 0.13418804057828712 0.09600023218186755 0.09900761330090128 0.1496096512119112 0.12076923652045843
0.10440795801682963 0.07467733349104488 0.26341579335953763 0.12917080536508735 0.09270276159729889 0.07535581497189142 0.1440158083697317 0.11625372482857861
0.08174140182526177 0.12562482474570616 0.13942518087222183 0.13750220118211517 0.0954571901139123 0.16198419730133168 0.09326236254091291 0.1650026414185382
0.14142251474731607 0.10175419611612527 0.19290687834240047 0.10775473754692354 0.12729903363752276 0.11563368806183137 0.11928892394287016 0.09394002760501026
0.08721115596487933 0.1287227206031867 0.12106098189567621 0.13432338795157778 0.10148065774341702 0.1749067323843864 0.09110629791498318 0.1611880655418933
0.13574653899055142 0.10801986890444322 0.1833223818054114 0.10860694668562713 0.1263115789948193 0.11915779204363007 0.12108864055845293 0.09774625201706441
0.09935469067370667 0.15002654450040603 0.13700185575925292 0.1550683493650933 0.08759030051157338 0.15251414964957533 0.07888259511180833 0.13956151442858397
0.14698198352439945 0.1037781105755106 0.19145246579492564 0.10740844573830655 0.12466234727910834 0.11317295022993634 0.11890556467569956 0.09363813218211339
0.07697158231905366 0.11263659527231172 0.07343367335511607 0.08170480604744836 0.1466543674288597 0.2528274088199808 0.09236195466233292 0.1634096120948967
0.10187450014227956 0.08103495984777784 0.20196471184038578 0.1331359383823598 0.10750152422385456 0.10622938524067721 0.14843663577854144 0.11982234454412383
0.10474544945984121 0.0747000375072091 0.25764546293148466 0.1295423960031231 0.0954891127160507 0.07685928077898362 0.14443010420049696 0.11658815640281077
0.13770564141634015 0.09649374999517231 0.23240610790993135 0.10561847663578776 0.1213078178299474 0.09365485776757711 0.11775671947303502 0.09505662897220898
0.11081789673980424 0.07456823451496808 0.26710545212212 0.12553826354718267 0.0961930809772105 0.07282683957827184 0.1399657953279783 0.1129844371924644
0.08282663297959586 0.12536055684440334 0.14020712819810868 0.13716702789893973 0.09609738783113973 0.1607058051506737 0.09303502761841129 0.16460043347872763
0.10558791387114186 0.07572356122865392 0.2397321742166351 0.13367395199030174 0.09490089881112677 0.08586267425053838 0.14798255979390343 0.11653626583769897
0.08197156973738316 0.12590751469735767 0.1338100662670785 0.13763137024042169 0.09596848935027075 0.1662033725602614 0.0933499728587208 0.16515764428850602
0.11821200301748838 0.08499618816210856 0.15926984073970102 0.08998541264570828 0.1526017359138163 0.13961906538752084 0.14283398832652108 0.11248176580713534
0.08285022299037227 0.12530543535944005 0.11311927775582838 0.1345466526643296 0.10710447617182547 0.1843602222278113 0.09125772963319748 0.16145598319719554
0.10308515651844956 0.08245736145746839 0.221147156415801 0.13333549138542877 0.0981769684059534 0.09313680108506485 0.1486591224849482 0.1200019422468859
0.10447125703289507 0.07447444066391386 0.2654195365954653 0.12885789258002656 0.09296754915892162 0.07417028668066453 0.14366693396608932 0.11597210332202391
0.10317052046007479 0.07230564365522578 0.2824915975449692 0.12666377692073702 0.0904041779233017 0.06974622552107207 0.14122065874595605 0.11399739922866334
0.11960465492909618 0.0837428778964841 0.21129531045412958 0.09198847819101807 0.13930255938762695 0.10693289415085025 0.13674705116157315 0.11038617382922167
0.1074782352993458 0.07375738155232414 0.25919758575549656 0.12693411299593188 0.10100732785390452 0.07586259155119389 0.14152206329546435 0.11424070169633871
0.10392740243472692 0.07223075821390675 0.2797944687028972 0.12664826738035095 0.09215392409668965 0.07005837176325871 0.14120336676585396 0.11398344064231584
0.0815930424668225 0.12497633717635999 0.14326042268531838 0.137298690983499 0.09525936831216406 0.15972937965900313 0.09312432953663412 0.16475842918019878
0.14128680728801385 0.10158524747232893 0.1943447002229167 0.1076341755050779 0.12715339965632932 0.11500529081353904 0.11915545680659824 0.09383492223519611
0.08718825745618813 0.12868821658787674 0.12140231715246415 0.13432062297191952 0.10145058385256096 0.17466083187521117 0.09110442253747586 0.16118474756630344
0.10388741254550203 0.08266822403893972 0.22465658590548077 0.13299480084459528 0.09666541709144666 0.09115296085731381 0.14827927795658605 0.11969532076013574
0.10453713549144189 0.07440772978246375 0.2667924157455613 0.12869188639584614 0.09253020796652932 0.07373607740264677 0.14348184945924933 0.11582269775626153
0.08176379055999097 0.12555717629160362 0.14022987256473377 0.1374799662447212 0.09541521588642192 0.16133073750592158 0.09324728145294135 0.16497595949366545
0.10534310753270645 0.07574920948254389 0.23986890082540452 0.1336984803691514 0.09479399032013788 0.08597894819988314 0.14800971371757907 0.11655764955259354
0.09756989814942542 0.14995701365705108 0.11117048301908455 0.11431943989259863 0.11426562222282902 0.19799581247813033 0.07753840270976255 0.13718332787111834
0.10582348760199488 0.08483110648636706 0.21841580711870337 0.1316491253172066 0.09898028643155718 0.09503702409159066 0.14677895016709452 0.11848421278548595
0.09424149724434004 0.14687198374276703 0.14801541504888288 0.15817755982060858 0.08349517701248137 0.1463743263401496 0.08046423695222263 0.1423598038385477
0.1080992718955172 0.07699705045153232 0.24299834306329693 0.13323559016227765 0.091885426932591 0.08313293802022474 0.14749727523052308 0.11615410424403692
0.09824464512864023 0.15035461630496968 0.11185429950565735 0.114380966038098 0.113558153350288 0.19677002693991927 0.07758013348670995 0.1372571592457176
0.11920966531520441 0.09546721350724567 0.1537729136533863 0.09254463165622753 0.1481941777635998 0.14218402947566522 0.13757381064119795 0.11105355798747303
0.09598965773568557 0.14736764562690577 0.12928760138259102 0.15553178887302616 0.09200622688866253 0.16072012473286587 0.0791183447745394 0.13997860998572353
0.1460509386738896 0.10363861441429764 0.18869543077818118 0.10752003767568453 0.12613169587392573 0.11519876358557676 0.11902910153759133 0.09373541746085318
0.07673554517903074 0.11248974368792085 0.07296088176737782 0.08161818732402357 0.14697383437783723 0.2537213951712145 0.0922640378445484 0.16323637464804713
0.1315868404318947 0.10470593595181914 0.16294563345467583 0.10753828215553264 0.13903260127105102 0.1375090934365653 0.11989715935848193 0.09678445393997938
0.11180623176932923 0.07730200734880711 0.23897031858294537 0.12848524302457776 0.10226654252529584 0.08228148050549237 0.1432514575214322 0.11563671872211997
0.08303879634757641 0.12603225965014017 0.1335646564217421 0.13734052246468467 0.09750285170301441 0.16455958426178235 0.0931527021934383 0.1648086269576216
0.14199467478186417 0.10183741118995868 0.19077319424717853 0.1077976388247774 0.1279970966320268 0.11628613818415874 0.11933641742099897 0.0939774287190367
0.10314072264238971 0.15206968294444392 0.09932007756146735 0.11065959267441826 0.12005491299572127 0.20690742841917378 0.07505607155308368 0.1327915112093019
0.13924022890315424 0.11051809068368891 0.17250241734929683 0.10676780363906015 0.1302499941832835 0.1255923086553504 0.11903813331101182 0.09609102327515412
0.08667437905345966 0.13038690211209847 0.11610595013831954 0.134189176234696 0.10199496928040196 0.17860634434020414 0.09101526735918512 0.1610270114816352
0.11745797601905038 0.0938228828795373 0.15709611190520534 0.09409637605241869 0.14608358573308283 0.13864683324002827 0.13988058290777466 0.11291565126290244
0.0827486412576226 0.1272260759818199 0.11265360860667517 0.13467574298626667 0.10568894393783623 0.1840508090990526 0.09134528654720696 0.16161089158352
0.11636605201679984 0.09337683399406514 0.155896112829705 0.09410153707508773 0.14732644016653812 0.140122924313091 0.13988825511460803 0.11292184449010527
0.14211457901833172 0.09986529717682094 0.19347045380002897 0.10578899727383385 0.1368282854727813 0.10877545245271714 0.11794683725903564 0.09521009754645046
0.08741618561017193 0.12841965845273423 0.12130640766749787 0.134396283639705 0.1037100404818238 0.17232014357262126 0.0911557402077999 0.16127554036764596
0.11759281824579643 0.09348552673047622 0.1588142258141264 0.09403760080222202 0.14656840347947014 0.1368630944144764 0.13979320955076588 0.11284512096266641
0.10888876471918184 0.07631912297311282 0.23795605280621412 0.12932937892212432 0.10438268750321335 0.0825349459942615 0.14419260605198037 0.11639644102991188
0.08251984114873406 0.12588099946742923 0.13335278021133332 0.13741401299545075 0.09801152169008501 0.16472148094768627 0.0932025479447405 0.16489681559454086
0.10574944957609103 0.07592431112051287 0.23697555749673457 0.13396613117882245 0.09555167564674681 0.08673587465897811 0.14830601416621775 0.11679098615589648
0.08200554501058985 0.12596035790295343 0.13316381210761274 0.13764947256106475 0.09611955783283088 0.16655963655720926 0.09336225095446132 0.16517936707327768
0.11822778897633479 0.08499495876362004 0.15909703841598558 0.08997868505005956 0.15269364022314497 0.13971122265501154 0.1428233096032691 0.11247335631257444
0.0976312042182535 0.14765495646339677 0.09293221816303031 0.11057465121814294 0.12623242682712504 0.21728650256119172 0.07499845908708824 0.13268958146177154
0.07758347940259243 0.13581737987756395 0.09590424246663 0.13205851735021976 0.09938225229572323 0.21121378297555357 0.0895701248114534 0.15847022082026369
0.1023392063148456 0.08424209644180157 0.21380206195671997 0.1340340843431301 0.09699034201191355 0.09852353152378969 0.14943800149898234 0.12063067590881708
0.08129091257131768 0.12761224189497072 0.12756829688097782 0.1376169079210093 0.09635340680642532 0.17107778078670785 0.09334016363338023 0.16514028950521115
0.10568648309523532 0.07622704180094717 0.23461661539473164 0.13429264283036796 0.09540870100600203 0.08802540254701419 0.1486674759864065 0.11707563733929513
0.08199228481471312 0.1260271073205292 0.13260100301797179 0.13766045921242437 0.09608645616297996 0.1670704356463062 0.0933697027701661 0.16519255105490924
0.1056691531258759 0.07597316671567882 0.23672326184649392 0.1340384815868664 0.09517682304358284 0.08717894376886708 0.1483861090420336 0.11685406087060146
0.09762075842021149 0.14998638912750836 0.1105274219460598 0.11430532402691074 0.11434334678472012 0.19852154239187023 0.0775288284704264 0.13716638883229287
0.11903024696872488 0.09541079012286903 0.15330301175877437 0.09253801670751644 0.1484524376587879 0.14265589965865622 0.1375639770756513 0.11104562004901972
0.09594801807451657 0.14734916975527504 0.12915721347916498 0.15552618062742568 0.09205344740581128 0.16087691620873734 0.07911549188438612 0.1399735625646831
0.14604532492844532 0.10363628524432442 0.1886568354008292 0.10751898157174565 0.12614514559526246 0.11523499811742026 0.11902793238711769 0.09373449675485518
0.08809007269907936 0.12913583077557061 0.12008498756481663 0.13434391673778626 0.10123712662993835 0.17477514372009736 0.09112022178736806 0.16121270008534347
0.10415084302718204 0.08275709606615786 0.22409360847227605 0.1330495198017813 0.09665584040002058 0.09120823890063477 0.14834028551034426 0.1197445678216032
0.08168253085138955 0.1273706618766069 0.13007899335347928 0.13766506990067395 0.0963408052254428 0.16829102489201136 0.09337283001958756 0.16519808388080875
0.0799796192977188 0.1219447745255391 0.10700570931177043 0.12893027545815058 0.10342501268432636 0.20085405780619348 0.09669770659361296 0.16116284432268824
0.07556308620936228 0.13270743522528727 0.1006258429156322 0.1347955739610065 0.09581578974023293 0.20731101998693635 0.09142656320833485 0.1617546887532078
0.1018311063209026 0.08384016649474607 0.21611710532049158 0.13408982069366848 0.0961770410372357 0.09776377813825042 0.1495001433704035 0.12068083862430164
0.10439095553480461 0.07480784842725362 0.2635241439781162 0.12916105727465899 0.09273314312970744 0.0751329601318925 0.1440049399763735 0.1162449515471931
0.10322803774318481 0.07240272891248885 0.28178130215453384 0.12676958904652044 0.09042204791136858 0.06996503272025786 0.14133863136977726 0.1140926301418684
0.10228078486004293 0.07161660910433167 0.28872338319444696 0.12585070989415797 0.08933643623933003 0.06861228811498414 0.14031414968796418 0.11326563890474219
0.10180815891340961 0.07133789620705787 0.291359577174436 0.12550886422483412 0.08888601293470547 0.0682084954656673 0.13993301727753896 0.11295797780235073
0.10160384632479111 0.07123568056008754 0.2923615821080296 0.12538129377397525 0.08870844226920256 0.068075204822322 0.13979078574501416 0.11284316439657771
0.13562867626781477 0.09511778065402686 0.24443472611125786 0.10465096250698296 0.11842027909837292 0.09088369568329535 0.11667801342196459 0.09418586625628465
0.10989312121237735 0.07409896907878331 0.2718753022277907 0.12500448552647717 0.09519660571864527 0.07205680659302445 0.1393706726690723 0.11250403697382945
0.1040200060228849 0.07192064843859561 0.2846167969273786 0.1259989379348585 0.09049151733183652 0.06907363631152186 0.1404794128915512 0.11339904414137267
0.11975287771777078 0.08362074950949636 0.21191394283515774 0.09190464952756612 0.1392287900017252 0.10667097675213592 0.13662243422306844 0.11028557943307934
0.08347442125051464 0.12548322599016298 0.12592345505133606 0.13499531748709198 0.10454736460399296 0.17201979320636346 0.0915620414260276 0.16199438098451036
0.08876751170284436 0.15543357587517032 0.12224176622120157 0.15705996254101523 0.08392341004621238 0.17132408725143036 0.07989572007521209 0.14135396628691368
0.08124335312967947 0.1250138582508542 0.1051131598925446 0.12880037596528424 0.10037925815329737 0.20184924267777177 0.09660028197396317 0.16100046995660527
0.08891385549028988 0.1564135100940455 0.08197359181766817 0.11029057514704352 0.11161701630800028 0.24363697956241875 0.07480578140408169 0.13234869017645223
0.11663007524346815 0.09636332314121093 0.14335217335143124 0.09249767283037356 0.14760422592894396 0.15505131891550875 0.13750400319261502 0.11099720739644826
0.10910523475562908 0.07698253211422432 0.23136287604958636 0.12980730442406896 0.10505506629515923 0.08613495505910362 0.14472545732056644 0.11682657398166207
0.10531941390876308 0.07335340782942938 0.2690046967237699 0.12798769883762204 0.09391737376645816 0.07253174709695785 0.14269673288313978 0.11518892895385982
0.13748621317690843 0.09597559998303677 0.23629155051643327 0.1052621468804618 0.12050598094140338 0.09238313792172136 0.11735943838761935 0.0947359321924156
0.08672165456989445 0.12784001263450048 0.13162425414632645 0.13461852010324235 0.10023476141888923 0.16611209849844838 0.09130647450480786 0.16154222412389083
0.10604849899898645 0.0823109209154952 0.23473142919358791 0.13259852715266407 0.09539318030991599 0.0865267071589994 0.14679202029110547 0.11559871597924558
0.0976115487641472 0.15140362050702674 0.11004936445717182 0.11417559930599576 0.1142899224221168 0.1980183841079324 0.0774408412684145 0.1370107191671949
0.10587106855595702 0.08504436904247509 0.21793423290700142 0.13169680056144745 0.09902041675520497 0.09507388716604229 0.146832104506569 0.1185271205053027
0.12151659909433328 0.08642758121426566 0.19066385993282492 0.09304910401600781 0.14354474349506113 0.11481544474181456 0.13832374268648326 0.11165892481920937
0.12416805125438123 0.08524671610099403 0.17916479259438758 0.09130807881418584 0.156327636302251 0.1184794385673308 0.1357355917894464 0.10956969457702301
0.1095172802937112 0.07457352358726763 0.24581451286931336 0.12800433393484217 0.10561241466630406 0.07855875433208859 0.14271527977511506 0.11520390054135794
0.10485507963550932 0.0726490743310224 0.2745472909114426 0.12722925176078215 0.09353366967322925 0.07082818611031898 0.1418511209929914 0.1145063265847039
0.10288685228397541 0.07180629976711958 0.28589830589219795 0.12614053288148425 0.09019260256978308 0.06891164632185223 0.1406372806902518 0.11352647959333581
