0.125 0.125 0.125 0.125 0.125 0.125 0.125 0.125
0.07575757575757576 0.12626262626262627 0.09090909090909091 0.15151515151515152 0.0946969696969697 0.15782828282828282 0.11363636363636365 0.1893939393939394
0.07408784041121591 0.12347973401869318 0.08890540849345908 0.14817568082243182 0.09260980051401987 0.1763901740953166 0.11113176061682387 0.18521960102803975
0.09201509118051782 0.15335848530086307 0.08281358206246604 0.13802263677077672 0.12477891347023634 0.22268073157459142 0.10351697757808256 0.08281358206246604
0.06430745814307458 0.11377473363774733 0.056062912227295786 0.09918822932521562 0.12861491628614916 0.22754946727549466 0.11212582445459157 0.19837645865043124
0.09567579728864391 0.0772322701004716 0.19135159457728781 0.1544645402009432 0.08610821755977952 0.08393305897246617 0.17221643511955903 0.13901808618084885
0.08893530669054965 0.1482255111509161 0.10672236802865959 0.1778706133810993 0.0836253466854266 0.1465141523215077 0.09304001315319042 0.1550666885886507
0.0780357725808489 0.12009130989274686 0.08646574312277774 0.14410957187129622 0.0970983406999467 0.18598011808979115 0.10808217890347219 0.18013696483912026
0.07563436779958765 0.11735080749789946 0.08449258139848762 0.14082096899747934 0.0961380716445687 0.20392126466701854 0.10561572674810953 0.1760262112468492
0.06295678528991662 0.09780355195720634 0.052813918056891423 0.08802319676148572 0.13635111353086193 0.28037720476688377 0.10562783611378285 0.17604639352297144
0.06057460020950304 0.1071704465245054 0.055383073213912934 0.09343064568803035 0.12114920041900608 0.2698134909216428 0.10561725164733865 0.1868612913760607
0.09354439467689452 0.07551174028134859 0.19677966703771135 0.15102348056269718 0.09372931275268986 0.08511036176382106 0.1683799104184101 0.13592113250642746
0.1409564666147887 0.1020542599106488 0.15551125319717912 0.12246511189277856 0.13032187509091098 0.10635266372808963 0.13557391304369462 0.10676445652190952
0.06107410886626453 0.10805419260954495 0.06687355793709515 0.09420109099293662 0.13714521059183077 0.23776146719835242 0.10648818981810228 0.18840218198587325
0.09145803492097648 0.07382757035789668 0.20344026453348982 0.14765514071579336 0.0931529759435434 0.09295192402632863 0.16462446285775764 0.13288962664421403
0.10994948974725938 0.07520714165355956 0.19100226451697663 0.15041428330711912 0.09608683607165192 0.07969478916447831 0.1665147947071078 0.13113040083184743
0.07185252122963308 0.10095643236243916 0.06460899388663992 0.09086078912619525 0.14086096954931793 0.24010576864194985 0.10903294695143428 0.1817215782523905
0.0671083493332332 0.11873015651264338 0.09541638517412358 0.14841269564080423 0.09146742487435547 0.20010722969602532 0.10066252399984982 0.17809523476896502
0.10286139767027073 0.07259212279751498 0.20174453752636623 0.14518424559502996 0.09639074457418252 0.09393114309303147 0.1607249279684499 0.1265708807751543
0.08107768003917792 0.11459815596623105 0.11150403151616606 0.13751778715947724 0.10417224107015181 0.17609452992984145 0.10313834036960794 0.17189723394934653
0.09853970868575551 0.13921739194351393 0.08988755662563964 0.12529565274916252 0.12851877901660919 0.2493917797679497 0.09397173956187191 0.07517739164949752
0.06555472234085814 0.11598143183382595 0.09795061153063754 0.14497678979228246 0.08862279762496807 0.21460941561540167 0.09833208351128724 0.1739721477507389
0.11465071764737655 0.07879967105271872 0.14078643110251668 0.09455960526326247 0.1497299609947406 0.15317949583131893 0.15009461152898806 0.11819950657907809
0.06646911714105487 0.11759920724955861 0.10837765542084271 0.14699900906194827 0.09146520623491924 0.19298731830575608 0.0997036757115823 0.1763988108743379
0.10483034525934125 0.07093605290257501 0.2144804198271787 0.14187210580515003 0.09447651367800337 0.09266293516729596 0.15705825306878635 0.12368337429166927
0.08520973294636552 0.11248865816775527 0.12018632085615845 0.13498638980130634 0.10235064539504238 0.17480547323075943 0.10123979235097974 0.16873298725163288
0.08086031704849987 0.11111459051317028 0.10164670556451065 0.13333750861580435 0.10253614754514563 0.2038297134812605 0.10000313146185325 0.1666718857697554
0.09798385242181547 0.13577413497336155 0.09015865525771093 0.1221967214760254 0.12542502253013152 0.2634960393483209 0.09164754110701905 0.07331803288561524
0.0640849855066224 0.11338112820402424 0.09616992896432269 0.1417264102550303 0.09388909681095138 0.22454927969307917 0.0961274782599336 0.17007169230603636
0.07644354604321664 0.10975498087414691 0.09620849837468044 0.1317059770489763 0.10171114290839982 0.22076390065262735 0.09877948278673222 0.16463247131122036
0.07691612902415507 0.13608238211965898 0.08125011046544983 0.11863592287354888 0.11295592220359842 0.25133032165544483 0.0804661042098853 0.1423631074482586
0.08798674190499302 0.07102544226065702 0.20780679043020753 0.14205088452131404 0.10128922776527312 0.10361898161938535 0.15837613542898743 0.12784579606918262
0.10595348350670429 0.06773608673171053 0.25300249814891895 0.13547217346342105 0.09407949392564655 0.07567905324307232 0.14997326488421053 0.11810394609631579
0.07443927304691593 0.09667299449600969 0.08590364708406428 0.08700569504640872 0.14385536926974754 0.23370479690834586 0.10440683405569046 0.17401139009281744
0.05401530247625696 0.09556553515030078 0.05716620963290692 0.08331354346436479 0.14673996468161773 0.302391830271324 0.09418052739449932 0.16662708692872957
0.09659778403834002 0.0779765244646841 0.1382532918306865 0.09747065558085513 0.15905620466160728 0.16878407666929077 0.14489667605751003 0.11696478669702616
0.09329865581956125 0.06847822059933248 0.2290158004462126 0.13695644119866496 0.10707600252549322 0.08921787102536594 0.1526962113065712 0.12326079707879847
0.09120930563199693 0.06721746215598065 0.26658315912884517 0.1344349243119613 0.0950255365164341 0.07465327222321792 0.14988490815079866 0.1209914318807652
0.08972666219254075 0.06622341036008814 0.2819086909459909 0.13244682072017627 0.09148853551468869 0.07133542060645864 0.147668321011898 0.11920213864815865
0.08898236681909143 0.06574516819463117 0.28825740925221827 0.13149033638926233 0.0902378403122208 0.07034366391988317 0.14660191236235665 0.11834130275033608
0.08864706005759745 0.06553366159729115 0.29093257066814887 0.1310673231945823 0.08974641507967719 0.06998209430914178 0.1461302842184373 0.11796059087512407
0.10404912233377292 0.0769391202591276 0.21461969275861287 0.09617390032390949 0.1403663466989407 0.1094741749643871 0.14296896227255798 0.11540868038869138
0.08772953063115325 0.13034215741924493 0.1473542851745956 0.16292769677405616 0.09022643221554211 0.1519043597210855 0.08288061096767205 0.14663492709665055
0.10713514094389573 0.06852240294963567 0.2385205600998249 0.13704480589927134 0.09307120943321176 0.08451668804808912 0.151714233636963 0.11947495898910837
0.08016305970679302 0.11381255465303036 0.13361131722033687 0.142265693316288 0.09551341039572743 0.1674218798702748 0.09649325285800402 0.17071883197954554
0.10555840297254214 0.06859966410974977 0.23571662552743938 0.13719932821949954 0.09422556680635273 0.08720544541154447 0.15188529619741092 0.11960967075546113
0.07025837082733849 0.10003194381209106 0.08153399117074896 0.08720733563105373 0.14025966989921673 0.24771181190146976 0.0985822054959738 0.17441467126210747
0.12906365216641233 0.08959764874801894 0.17038806882566793 0.11199706093502367 0.13765728868863497 0.1356305608417915 0.12486836495292938 0.1007973548415213
0.14087970768284072 0.08736543314181508 0.20039550027073524 0.10920679142726884 0.13386202316104126 0.10824700935090635 0.1217574226808505 0.09828611228454195
0.12715701946214075 0.07501547218807292 0.18242816374376425 0.09376934023509113 0.15241952717459004 0.1172928467140063 0.13939442220022505 0.11252320828210936
0.08385334933765622 0.11137855913494256 0.11951942036517432 0.1392231989186782 0.1070527111796391 0.17747527439926172 0.09442964796223392 0.16706783870241385
0.10288721627579606 0.06849682735304942 0.22570495524651715 0.13699365470609884 0.09855184427846386 0.0913335113143532 0.15273770159023256 0.12329428923548896
0.13731184478370193 0.08772303685285127 0.22140338587283775 0.1096537960660641 0.12423804498911933 0.09872567548141574 0.12225579949455205 0.09868841645945767
0.10929116657671589 0.0649070313632993 0.2623049345309229 0.1298140627265986 0.09754787957123778 0.07456927645375078 0.144732992323536 0.11683265645393873
0.10297624606461067 0.06481929304665357 0.2792094047244455 0.12963858609330714 0.09177199481234091 0.07037239880197864 0.1445373489726872 0.1166747274839764
0.11846388341182608 0.07552185180036557 0.20892975938920133 0.09440231475045696 0.14078564647388409 0.10827838514318763 0.14033538133053006 0.11328277770054836
0.10579368877726547 0.0652102102702271 0.2576958678424044 0.1304204205404542 0.10162213054835345 0.07647026749948453 0.1454090360354019 0.11737837848640878
0.11932033453482274 0.07564586239255501 0.20210586836703853 0.09455732799069376 0.14436319286061136 0.10997280134196707 0.14056581892347908 0.11346879358883251
0.12310358922523242 0.07486487963788514 0.18275896852619636 0.09358109954735644 0.1567537663524839 0.11752578747914168 0.13911458977487615 0.11229731945682773
0.14300863594369914 0.08625879271286885 0.2033190788454085 0.10782349089108605 0.13908835047842125 0.10324536351214901 0.12021514581438997 0.09704114180197744
0.11278624467534323 0.06489074109245464 0.25453814103359995 0.12978148218490929 0.10110825936814667 0.07539513022819165 0.14469666745093615 0.11680333396641834
0.1053746315553264 0.06478586472414413 0.2759023635631353 0.12957172944828826 0.09278236185984512 0.07050568354300818 0.14446280880279302 0.11661455650345945
0.10315318697384002 0.06442423682132362 0.28403652159013576 0.12884847364264723 0.0905881192211968 0.06932940291865691 0.14365643255381713 0.11596362627838251
0.10240467445020601 0.06425014980769561 0.2870451190623001 0.12850029961539122 0.0899177221363696 0.06896352077762218 0.14326824449656303 0.11565026965385208
0.08172786679657933 0.11255699194354334 0.14410224748124922 0.14069623992942915 0.09569279730763344 0.16095961458715946 0.09542875403909108 0.168835487915315
0.10534384440122824 0.06819287256757407 0.24072773847901893 0.13638574513514815 0.09375298220385272 0.08571179773939262 0.15098462627904066 0.11890039319474453
0.08240704145596071 0.11298133115977034 0.13374795712318613 0.14122666394971292 0.09675871445059163 0.16761777522479562 0.09578851989632703 0.16947199673965552
0.10579476558375618 0.0683863049491291 0.23713858316971664 0.1367726098982582 0.09421884797279245 0.0870383270403761 0.15141290147466924 0.11923765991130204
0.07256508636607902 0.09940227641583135 0.08156125542156561 0.0866583948240581 0.14204228834969845 0.24649224526049868 0.09796166371415264 0.1733167896481162
0.10158700886771702 0.06826293409254328 0.20807551073503566 0.13652586818508655 0.10660735436553737 0.10385188785875647 0.15221615452874573 0.12287328136657788
0.10467338328827003 0.06603043772694064 0.25897027374035625 0.1320608754538813 0.09559138944678267 0.07658083159341145 0.14723802084186466 0.11885478790849316
0.10361185240844242 0.06484865778746604 0.27789708749207276 0.12969731557493208 0.09175883849499311 0.07085583626275278 0.14460282796190188 0.11672758401743885
0.0819667850403596 0.11262156893402217 0.14205208508454661 0.14077696116752772 0.09617785241171041 0.16198888986456397 0.0954835040962362 0.16893235340103324
0.10537058287874185 0.06816777670454224 0.24065573891941608 0.1363355534090845 0.09382146454259468 0.08586318526521003 0.15092906197505485 0.11885663630535571
0.09847086463859968 0.13498552390092527 0.11145200107149099 0.11767968750337077 0.1156618593801609 0.20071691132520825 0.07981752717619929 0.1412156250040449
0.10687238977093505 0.067840226553982 0.22068394235178274 0.135680453107964 0.10019356023882886 0.09534344037090835 0.15127357980843148 0.1221124077971676
0.14009161083998986 0.08735587981274286 0.21900860488943386 0.10919484976592858 0.12475890575741984 0.09957067552552455 0.12174410861962486 0.09827536478933571
0.11201731794145112 0.06466384448034727 0.2607889768243915 0.12932768896069455 0.09786892464723895 0.07474760521014863 0.1441907218711027 0.1163949200646251
0.14035206309180437 0.08620346790063575 0.23194345162842514 0.1077543348757947 0.12270458595396389 0.09392515314292418 0.12013804201823677 0.09697890138821522
0.0879605040465696 0.1110213275554719 0.1307039972602686 0.13877665944433987 0.10183608805393257 0.1690426545961356 0.09412677771007401 0.16653199133320784
0.07899422058417986 0.11242611275653809 0.10823125712532805 0.14053264094567264 0.09778827878911898 0.198070529414247 0.0953177912501084 0.16863916913480714
0.13592981770850782 0.09009861008095837 0.18131300060025424 0.11262326260119797 0.1276376545426084 0.12547018504614904 0.1255665330792461 0.10136093634107816
0.11268923921318634 0.06556928152576051 0.24652519063189113 0.13113856305152102 0.09973271889491608 0.08011058859383915 0.14620971134251673 0.11802470674636895
0.0838565886481279 0.11260237057957924 0.13491763573481494 0.14075296322447406 0.09787135504100222 0.1656283036721198 0.09546722723051285 0.16890355586936884
0.11898111706483262 0.0766566645369214 0.16017445274557357 0.09198799744430569 0.15179832532630005 0.13940375172064384 0.14601269435604078 0.1149849968053821
0.08378364504302084 0.11069997896791152 0.11396927884294725 0.1383749737098894 0.10761040693593082 0.1856574180538992 0.09385432999453369 0.16604996845186729
0.07804828478359814 0.11206540769584802 0.10422488582646079 0.14008175961981004 0.09871073932233901 0.2037588351182138 0.09501197608995812 0.16809811154377202
0.10272266524946114 0.07605270069732425 0.21790593522603818 0.13604636674984963 0.09687901800756778 0.09627003778274854 0.15168154621214575 0.12244173007486464
0.10459466317789462 0.07073251589539341 0.2620607623582331 0.1309197639098918 0.09296170845283325 0.07493703205895702 0.14596576662789426 0.1178277875189026
0.10340981427193618 0.069209781451446 0.27832934291189676 0.1287128798620457 0.09072637375631201 0.07026496026313708 0.14350525560738525 0.11584159187584113
0.10256076862642696 0.06868669558857854 0.2842661302179293 0.12790935548940027 0.08975653321658103 0.06909271102423252 0.14260938589639102 0.11511841994046025
0.08143022476296372 0.11966946093126316 0.14269103723502555 0.13934457116252727 0.09498526783750663 0.16015398266979272 0.09451197000588808 0.16721348539503272
0.11662226149528794 0.08629614399844338 0.1662392995517943 0.09580492252829231 0.14432179759613323 0.13332921579881554 0.14242045199728232 0.11496590703395078
0.10835846539721067 0.0716164704189472 0.23998310416081736 0.13103864406287127 0.10338325160223107 0.08158697557452513 0.14609830912681318 0.11793477965658414
0.10487624752820468 0.06968212165577842 0.2698800324378815 0.12948077507052919 0.09340241278428153 0.07178431150061672 0.14436140145923176 0.11653269756347626
0.12040933336297106 0.08043058568293464 0.20508236926976875 0.09357387192472243 0.14090480810110387 0.10820653992043898 0.13910384542839332 0.11228864630966688
0.0966213001055244 0.1379224786669009 0.1427615849200236 0.15858900236100568 0.09081787577881624 0.1498841200591821 0.08067353598364203 0.1427301021249051
0.12232569391520895 0.07669875644081973 0.16279584138442005 0.09203850772898367 0.14969117677587626 0.1353090196823767 0.1460928694110852 0.1150481346612296
0.07231630761380134 0.10243944160647393 0.06849751400660971 0.082470093508582 0.1530985579967547 0.26301083602352177 0.0932270622270927 0.164940187017164
0.1011806976316522 0.07508051411072954 0.20054516431969008 0.1352106765407697 0.10861067036298225 0.10693285415352084 0.15074981399396264 0.12168960888669274
0.10470509129452239 0.07095280252244514 0.2552226615972801 0.1314416010473043 0.09578990547908778 0.07704292102374716 0.14654757609303926 0.11829744094257387
0.1036719149951083 0.06937548019473912 0.2757715955824034 0.12899798000281254 0.09149720615952445 0.07076452007467066 0.14382312098821037 0.11609818200253126
0.1027238662100129 0.06875678620406703 0.28332061204868636 0.12802141217732338 0.08998877108042662 0.0692349605789068 0.1427343207409859 0.11521927095959104
0.09357353865677927 0.1374493550765912 0.16362993902915313 0.16003753170872967 0.08186176088132872 0.13800369954468575 0.08141039656487553 0.14403377853785668
0.14581000749227724 0.09162527093768309 0.20249254082634194 0.10995032512521973 0.12241982305437533 0.11012837332160429 0.12171952964615287 0.0958541295963454
0.07690178905239065 0.10514827760731556 0.07479726130574978 0.08336373663535665 0.1464831315375369 0.2523410630900992 0.09423726750083795 0.1667274732707133
0.11374028169256784 0.08371466765014528 0.14147963320214846 0.0939958319987089 0.15885550125011075 0.15568796838889198 0.13973111741897623 0.11279499839845068
0.10835385479244822 0.0718143890740801 0.22977872916693 0.13170293892478496 0.10708206422835674 0.08589643045749007 0.14683894832360353 0.11853264503230648
0.1052367841103528 0.06991946639177969 0.26601628227178903 0.12990274912259178 0.09445447201083211 0.07272590084564128 0.1448318710366807 0.11691247421033261
0.08200574075681166 0.11995939338621676 0.13863388119382344 0.1395335486364356 0.09608448031894572 0.1617025513123748 0.09464014603166936 0.1674402583637227
0.07719987594891653 0.12503946002628724 0.1089738808890245 0.1387827874612852 0.09561877645759204 0.19371494015917617 0.09413093410417606 0.16653934495354222
0.10247904499354857 0.07693534939912652 0.2199832106148322 0.13598657228732447 0.096150753917151 0.09446227388072163 0.15161487984870353 0.12238791505859203
0.10451797532886005 0.07075508770102341 0.26286462994292353 0.13084892111334456 0.09276290241082179 0.07459967230449668 0.14588678219651996 0.11776402900201009
0.10339989924806557 0.0691897437996842 0.2786212730369271 0.12867145008008735 0.09066194558118178 0.07019231868969907 0.14345906449227647 0.1158043050720786
0.08163671614473292 0.11978467816186866 0.14144109637471233 0.13941710699911727 0.09521611921973393 0.16064258647540597 0.09456116822548824 0.16730052839894072
0.1024790014174547 0.07578104874422001 0.23296107287908344 0.13459604247146018 0.09509321558834935 0.08788863780022142 0.15006454287489662 0.12113643822431416
0.10405430243697396 0.0703431998228677 0.26769716084049505 0.13021759313487494 0.09213247639264642 0.07317653493619987 0.14518289861455455 0.11719583382138743
0.10312373683135549 0.06903855203033019 0.28039212520461776 0.1284358400884565 0.09038209376006297 0.06983901907112314 0.14319637693444326 0.11559225607961084
0.10245695602958423 0.06861965825366423 0.2850123247472643 0.127802728105114 0.08962193110353972 0.06897344214605147 0.14249050432017932 0.11502245529460259
0.1021449076769827 0.06847442743274272 0.2866962484066805 0.12757870784998912 0.08932464656019395 0.06871948655477617 0.1422407384536446 0.11482083706499022
0.1020166464101625 0.06842276773875504 0.2873111042277198 0.12749853874213693 0.08921313008291876 0.06863777204922514 0.14215135588115863 0.11474868486792325
0.1193766971883452 0.08008354369638206 0.210393772976217 0.09327115366966943 0.1391964071203478 0.1070992065350013 0.13865383441043394 0.1119253844036033
0.10743746374239317 0.0700685266371219 0.2569181533979544 0.12894718416072762 0.10081485298789958 0.07599486591422835 0.14376648741502018 0.11605246574465485
0.10409627563488565 0.06914047179521525 0.2761294079974912 0.12864775842108664 0.09233374348652758 0.0704367100252909 0.14343265006052494 0.11578298257897798
0.10279929233008567 0.06871135079886083 0.2834093980074115 0.12796272171487943 0.09012679551597877 0.06915510683414627 0.14266888525524615 0.11516644954339147
0.11965584657246217 0.08016230753838015 0.20920642680621476 0.09333962275619463 0.13957234493107934 0.1073002857820117 0.13875561830622365 0.11200754730743356
0.10754136558969529 0.07010038264355736 0.2564579726951828 0.12899678533562808 0.10092868424107312 0.07605591366934421 0.14382178902345397 0.11609710680206525
0.10413599617872128 0.06915341432385393 0.2759574454063696 0.12866829360557092 0.092370548402285 0.07045729257943707 0.14345554525874848 0.11580146424501385
0.13725805490291362 0.09173640042234577 0.2364170952744691 0.10677554645319756 0.12033617630189918 0.09233196886634387 0.11904676597095308 0.0960979918078778
0.11045954791886094 0.07010583733131232 0.2664373392377884 0.1274726962305238 0.09591845737456167 0.07275815189022589 0.14212254340925565 0.11472542660747144
0.1044303324486031 0.0688909501004535 0.27959294481160085 0.12816460321858722 0.09102027596199781 0.06965878249593264 0.14289396806609647 0.11534814289672848
0.10275231376130499 0.06860521911164394 0.284668085247735 0.12779175540295468 0.08975009719605243 0.06894167884151968 0.14247827057613005 0.1150125798626592
0.10221982609892107 0.0684779282325847 0.28656150886430487 0.12758691738605352 0.08935680788004909 0.068718894416934 0.14224989147370445 0.11482822564744817
0.10203845869101284 0.0684255222540249 0.2872600461311882 0.12750329140783676 0.0892229152318395 0.06864014926830737 0.14215665474873737 0.11475296226705309
0.1193845953637233 0.08008423999183273 0.2103778789404114 0.0932717312151974 0.1392003693707174 0.10710041468922923 0.13865469297065164 0.11192607745823686
0.10744113888146627 0.07006876548593834 0.2569116283336674 0.128947518240452 0.10081602941343151 0.07599529333965618 0.14376685988898158 0.1160527664164068
0.12114847992401839 0.0804648036841385 0.20084535911380716 0.09357410917763834 0.14327621538867946 0.10929790357776457 0.13910419812078773 0.11228893101316598
0.10814196962253365 0.07029210722436194 0.2531819513407944 0.12931453198275217 0.1019379600317817 0.0765723481907382 0.14417605282256096 0.11638307878447693
0.13892494405441191 0.09215776271236875 0.22853350091860605 0.10715161157584056 0.12334252189357107 0.09398715790880664 0.11946605051813863 0.09643645041825648
0.08702737515971788 0.12070256061409088 0.12896191589152842 0.1371192349302312 0.10106460859283149 0.1675786113774266 0.09300261151789593 0.16454308191627742
0.1180541414225014 0.08629415384324071 0.1615555820888848 0.09568781292897677 0.1461600209965134 0.13517655249278118 0.14224636071232966 0.11482537551477212
0.1427833676894115 0.09403563506059544 0.19515842689759544 0.10753532466247079 0.13626391981344138 0.10754767170583539 0.1198938619744264 0.09678179219622372
0.14867524965254647 0.09352675384280745 0.2058201540413736 0.10605853257735375 0.13201738680782243 0.10020189475059248 0.11824734900788543 0.09545267931961834
0.11394875748961843 0.07076381109394043 0.25433739978960995 0.12843682844606413 0.09908557828152022 0.0746370004183713 0.14319747887941775 0.11559314560145771
0.12286989130772161 0.08051489753194956 0.2000083589681573 0.09356510995209533 0.1427257570596093 0.10894703307035995 0.13909082016759247 0.11227813194251439
0.10855790684423827 0.07030678943933732 0.25283469473330544 0.12933507794965457 0.10183948489713135 0.07652551593926776 0.14419896004237606 0.11640157015468913
0.08254985302987468 0.11991399448095277 0.1355939004024304 0.13942192673962142 0.09761110770056708 0.1630384682921342 0.09456443726687366 0.16730631208754568
0.11620910381776658 0.09293678970742239 0.16299539166440735 0.09498082615233808 0.14428484116691334 0.13342067872367683 0.14119537738466975 0.1139769913828057
0.1079765670430479 0.07668639336291291 0.2378893238913376 0.13034117833162623 0.10310250070841818 0.08137628927803706 0.1453206868861564 0.11730706049846362
0.13872407336975656 0.09782817156215215 0.22269832992788097 0.10690551149375492 0.12352009653415984 0.09491718947562514 0.11919166729229093 0.09621496034437943
0.11082124478615954 0.07553750484201593 0.2604311014646885 0.12719051560456734 0.09657881274785234 0.07316142344103588 0.14180793306956985 0.1144714640441106
0.10436402587054783 0.0729740646418248 0.27681903854340834 0.12777682311770364 0.09101068376500412 0.0695946010631531 0.14246162219242478 0.11499914080593328
0.1366656809438888 0.09651874439648243 0.23597185983054197 0.10607932269818521 0.11936754516480874 0.09165492809661531 0.11827052844111098 0.09547139042836668
0.14514372118526103 0.09913432978110656 0.21916871139193245 0.1045304678174982 0.12589622154948665 0.09550545640363661 0.11654367083533007 0.09407742103574837
0.11226636271297914 0.07564581593649118 0.2587732912279971 0.12705452767447653 0.09703335780371884 0.07322125306143665 0.14165631667587159 0.11434907490702888
0.10472614402460226 0.07300911443537786 0.276158993798721 0.12781324271785882 0.09113240640341796 0.06962595284523199 0.14250222732871723 0.11503191844607294
0.09340179391201174 0.1444690722409061 0.16097011922564092 0.1587709589152617 0.08153710627735197 0.13719098991341533 0.08076609649167661 0.14289386302373552
0.1080417454652953 0.06779936738872909 0.2483882095581623 0.13559873477745818 0.09050842527372997 0.08133586247435344 0.15011337346141074 0.11821428160086096
0.09796255113700204 0.1492357185238098 0.11157010732928534 0.11545900450507988 0.11305537247562936 0.19585511582834791 0.07831132479474982 0.13855080540609585
0.1373274011197831 0.11079314519883282 0.17693748540625753 0.10789467897531667 0.12780977608762262 0.12183778691863882 0.12029451521576352 0.097105211077785
0.11208711550256369 0.0782526230783004 0.2426974776018395 0.12911989303000537 0.09887551939497795 0.0788004227497649 0.1439590449155433 0.11620790372700483
0.12218738068990248 0.08560665311422909 0.1960323465022461 0.0932968329839358 0.14242030343311254 0.1098082752600301 0.13869200843582097 0.11195619958072295
0.08347651735890177 0.12670603421569274 0.12089937369504503 0.13615127100099653 0.10452597623909553 0.1725132228275273 0.09234607946154547 0.1633815252011958
0.10238503731771637 0.08672521994657856 0.22251664886708877 0.13334134064409028 0.09663843750460831 0.08972046516839269 0.14866564397184395 0.12000720657968127
0.11994675119832136 0.09024192389626413 0.18986046832996173 0.09356160484523837 0.14210254698224764 0.11292716934284883 0.13908560959083197 0.11227392581428604
0.10761667939174169 0.07834209872595889 0.24783124466360718 0.1285973236208667 0.10150365854636412 0.07699498477061076 0.14337641902207077 0.11573759125878003
0.1378559003441701 0.10079113778024118 0.22549521170029901 0.10615629095142083 0.12240111828141119 0.0934033367866096 0.1183563422995692 0.09554066185627874
0.14520893753347902 0.10381220911790448 0.21488498093019484 0.10414419578500322 0.1264506130665061 0.09565628101504006 0.11611300634536927 0.0937297762065029
0.08700296508972287 0.13502180670250744 0.12443221260531105 0.13460092787010158 0.100351395757371 0.16577503614940406 0.0912945423814602 0.1615211134441219
0.10304367936320258 0.0878940960986238 0.22382183427844754 0.13308314637065 0.095585407583711 0.08841922794659278 0.14837777662518736 0.11977483173358497
0.10381034100998165 0.07816622466162663 0.26313510302517534 0.1293646720764059 0.09188665182024242 0.07297684725261579 0.14423195528518684 0.11642820486876529
0.10263140355846061 0.07564902594536861 0.2777988261394872 0.12754291163300452 0.08992542886746036 0.06946295504344854 0.1422008283430662 0.11478862046970405
0.10185775732185683 0.07488291001648822 0.28320157845525556 0.12685139228084644 0.0890774525639961 0.06853282043746314 0.14142983587133176 0.11416625305276179
0.10149898588603641 0.07462762410422646 0.28518925361667585 0.126599744183222 0.0887424710867968 0.06825288433595353 0.14114926702218927 0.11393976976489979
0.10135112784126867 0.07453842656748898 0.28592105538250395 0.12650834040097286 0.08861537512054338 0.06816080970018737 0.14104735862615927 0.11385750636087558
0.10129332904711386 0.07450647022690952 0.2861907173583468 0.12647497712035435 0.08856800066898003 0.06812886511190973 0.1410101610580667 0.11382747940831894
0.08042431373228079 0.12966267999063 0.1420977813310503 0.13757238789393422 0.09376278414438732 0.15808321999389296 0.0933099674411032 0.16508686547272103
0.10114841391565098 0.08674642682228446 0.23135691827792754 0.1327096242633029 0.09386181711829245 0.08677681041528953 0.1479613273502795 0.11943866183697262
0.10314805363412291 0.0778171094210322 0.2660358250061942 0.12906716261839146 0.09132885500472607 0.0725422935172818 0.14390025444169913 0.1161604463565523
0.10238684569503609 0.0755248921493733 0.2788836726881541 0.1274161048281909 0.08972830829185074 0.06932623378312952 0.14205944821889344 0.11467449434537179
0.11888468001221264 0.08742533787009198 0.20706760627538073 0.0925825712459296 0.13863639353274773 0.10667411517905034 0.13763021038947146 0.11109908549511552
0.10678826949248342 0.07747265649308668 0.25451570870144585 0.12785214015187943 0.10023584647974881 0.07552285747980772 0.14254559506485662 0.11506692613669149
0.10344423509583603 0.07563216966375472 0.27431933525385344 0.12765879421844975 0.09175391352839538 0.06996860866522228 0.14233002877788353 0.1148929147966048
0.10213770585663638 0.07495117949991731 0.2818788561937332 0.1269737979848668 0.08953479707727934 0.0686809361046264 0.14156630909656046 0.11427641818638011
0.10160338519775232 0.07466883202931907 0.28469586351586895 0.1266547700317084 0.0888718496925676 0.06830538976740111 0.14121061673684507 0.11398929302853758
0.10139064184732358 0.07455667628326217 0.2857382342944546 0.12652993531205045 0.0886557512322028 0.06818038390941057 0.1410714353404503 0.11387694178084543
0.10130823720353821 0.07451375071488521 0.2861231422257971 0.12648312395482128 0.0885814923666368 0.0681361978044576 0.1410192441705246 0.11383481155933917
0.10127691370705734 0.07449764737773187 0.2862651934848741 0.1264657775799421 0.08855517820270821 0.0681201855686985 0.14099990425703993 0.11381919982194788
0.13508209724050993 0.09936775372207807 0.2387073988136524 0.1054311237401012 0.11811504466285963 0.09086073547880384 0.11754783497590389 0.09488801136609108
0.10916850663295603 0.07827795834206078 0.266113051028427 0.12597448462738928 0.09473148856166912 0.0719053253642507 0.14045214927859667 0.11337703616465035
0.1035600206723171 0.07543108904335738 0.27857185996373574 0.12707326620163056 0.09024629798270419 0.06907431781953682 0.1416772087352508 0.11436593958146751
0.09270081267475973 0.14898871096853805 0.16097352807372717 0.15779839409884955 0.08096061606183243 0.13628802643521798 0.08027135699811043 0.1420185546889646
0.14603538060212223 0.09179450419829774 0.20176060538064866 0.1101534050379573 0.12237803004307991 0.10990255365749182 0.12194434745756769 0.09603117362283457
0.10312776637341067 0.15610977341497245 0.10022261617542406 0.11123306989772361 0.11772484154738484 0.2026572100005775 0.0754450387132386 0.13347968387726833
0.10643478618911185 0.09095150893646324 0.21147399893026184 0.1318440110548914 0.09894676539026648 0.09469308632870155 0.1469962332209013 0.11865960994940226
0.10487861466532583 0.07884737334913215 0.2582134729798951 0.12968712579478536 0.0928362987885669 0.07422723408951809 0.14459146711746962 0.11671841321530682
0.1030264536699332 0.07586656074523847 0.2759438912085838 0.12774283067318687 0.09025377463835972 0.06977421830529155 0.14242372315353818 0.1149685476058682
0.08077807163754086 0.1301027595916554 0.13982308297708126 0.13769031616218697 0.09417875285596015 0.15880868381007632 0.09338995357087464 0.16522837939462431
0.1013028156069383 0.0868759602333967 0.23044338536238393 0.13280648280627916 0.094015622002712 0.08696058206519008 0.14806931739744852 0.11952583452565123
0.11956390679651208 0.0901941540889893 0.1923609418447691 0.09347527266248255 0.14115241264483375 0.11212571376469906 0.13895727100273525 0.11217032719497906
0.14111906016643425 0.10280547508193397 0.20424244555462526 0.10547872689875555 0.1329523617002738 0.10087016744376831 0.11760090894532893 0.09493085420887998
0.14652568695926393 0.10444573130755726 0.20725872680394625 0.1043548175407699 0.12962802121799363 0.09751984649876848 0.11634783388500765 0.09391933578669293
0.08722916009156556 0.135175533165338 0.12269828163423452 0.13459539062292716 0.10102592424626414 0.16647045480878128 0.09129078668337669 0.16151446874751257
0.10314675182045971 0.08796059365386866 0.22310726672163939 0.13314711425364226 0.09577517083834962 0.08858160384276119 0.14844909604100115 0.11983240282827803
0.12014425900036434 0.0904567322684097 0.19005292855845904 0.09355484100848742 0.14182094296318384 0.11262893229769642 0.13907555469321414 0.1122658092101849
0.1413457091220605 0.10289585563411062 0.20342783942545606 0.1055187599533977 0.133182154410551 0.10101725468265262 0.11764554281371357 0.09496688395805794
0.11166403430083702 0.07957263932302626 0.25221633564178175 0.12718424719508506 0.09878821833635626 0.0743077584665481 0.14180094426078887 0.11446582247557656
0.10457274038789989 0.07595971014680344 0.2733397834312351 0.1276594473384576 0.09146912486232796 0.06977493427071214 0.14233075695795197 0.11489350260461184
0.10241732809576197 0.0750180655686089 0.2814969750912412 0.1270033896108063 0.08949705585033438 0.06866483358236916 0.14159930155115266 0.11430305064972565
0.1016778098572735 0.07468726791949686 0.2845513540740227 0.1266695690934726 0.08887387205768107 0.06831039822762329 0.14122711658630452 0.11400261218412534
0.1352507061595465 0.09944267425455816 0.23813138543029105 0.10547376367447228 0.11824384897277915 0.09093585888068496 0.11759537532064297 0.09492638730702503
0.1260838184196081 0.09038843487146107 0.19183024231582513 0.090902628205138 0.14586919239732354 0.11070966771713892 0.1351328622273395 0.1090831538461656
0.10877861240345921 0.07814648291301828 0.24821662369728145 0.12815631563344748 0.10205266368540733 0.07642388957014137 0.14288472802714217 0.11534068407010273
0.10408325650649188 0.0758718217602463 0.27190873786885783 0.12789720647354547 0.09229132537344167 0.07024432554087004 0.1425958406503559 0.11510748582619094
0.10235922124131253 0.07504512250611678 0.2809777531488846 0.12707670065356985 0.08971210314355683 0.06877903082548582 0.1416810378928607 0.11436903058821286
0.10168282046381051 0.07470518570312022 0.2843616924278561 0.126694582312195 0.08893381477813302 0.06834177577538768 0.1412550044585219 0.1140251240809755
0.10141955355639684 0.0745704564116938 0.2856146599161176 0.12654486200239526 0.08867802126138519 0.06819399356360296 0.1410880774862526 0.11389037580215572
0.11849409793857871 0.08715112782402189 0.20910781336148956 0.09245665090703525 0.138142732386453 0.10625657514561047 0.1374430213483688 0.1109479810884423
0.1403391692957967 0.10184216601923878 0.21001098941941718 0.10509721854062716 0.13170513273391865 0.09924227170764822 0.1171755555967888 0.09458749668656444
0.1112073435962653 0.07924643476588646 0.25478215405398974 0.12691031840988173 0.09828160580943922 0.07385732268791016 0.1414955341077338 0.11421928656889356
0.10438276582916063 0.07584569533892166 0.27430231927667237 0.12754486474561288 0.0912894264789668 0.06964154414174409 0.14220300591786988 0.11479037827105158
0.08101992775719952 0.1300919686204714 0.1394572976789565 0.13768012780254013 0.0943994143374342 0.1587520672351491 0.09338304320520115 0.16521615336304818
0.13277114720147468 0.11379657635343257 0.1885200043214602 0.10872670229323403 0.12321233487941408 0.1138970437631248 0.12122215912394899 0.09785403206391063
0.12626845594152875 0.09359143230727116 0.17644583169754863 0.09163136414944484 0.14845883175217592 0.11743027001919389 0.13621617715350307 0.1099576369793338
0.09652213134439046 0.15290247860448103 0.13361293866703206 0.15576110439893592 0.0909966229197555 0.15078473352081706 0.07923499658554566 0.1401849939590423
0.10481119218535383 0.09031631463288704 0.22716020824154898 0.1323721124948777 0.09315437920119092 0.08546586508282075 0.1475850269159308 0.11913490124538995
0.12052326988225506 0.0908235227253963 0.19132076733113187 0.09349056839902473 0.14090838313860501 0.11176479730232636 0.1389800091424308 0.11218868207882966
0.10770221691232436 0.07839666239637771 0.2484008659397642 0.12853701501751513 0.10120737503407778 0.07676337175420139 0.1433091794299758 0.11568331351576362
0.10385989400964867 0.07592915610268687 0.2720312605091525 0.12793814978143336 0.0921379870494925 0.07031772836111588 0.14264148938318016 0.11514433480329
0.10230884412834379 0.07505436848357838 0.2810316157771466 0.1270785710595224 0.08968116261328919 0.0687916007286344 0.14168312325591523 0.11437071395357015
0.10167035591513036 0.07470583383997781 0.28438303714406526 0.12669335867547651 0.08892659483865846 0.06834315658386561 0.14125364019489695 0.11402402280792887
0.13525381124107333 0.09945056154419618 0.23807580112248763 0.10547859018316055 0.11826294320287924 0.09094680502371537 0.11760075651764319 0.0949307311648445
0.10922867744646833 0.07830586736891597 0.26587000472195954 0.12600031389633892 0.09478018304982715 0.07193372402386676 0.14048094698591818 0.11340028250670504
0.10358163485898528 0.07544128061444523 0.2784808852899964 0.12708388562689327 0.09026324050460657 0.06908452743894508 0.14168904860192424 0.11437549706420391
0.10202435962095226 0.07481254272583739 0.2834063213740643 0.12677553474046263 0.08910257440986832 0.0684354254875843 0.14134526037481432 0.11409798126641638
0.13538363831809408 0.0994896140548994 0.2377419695132453 0.10549871791422294 0.11833104390501274 0.09098297273601649 0.11762319743570829 0.09494884612280065
0.10926905263908356 0.0783195383646911 0.26574062706833246 0.12601325322501075 0.09480343718026411 0.07194679024834269 0.1404953733717657 0.11341192790250967
0.10359496447206905 0.07544646489989083 0.2784322935616084 0.12708941896859036 0.09027164465412735 0.06908951850700222 0.14169521786498057 0.11438047707173132
0.1020289600790523 0.07481452063590552 0.2833882646001836 0.12677767893965314 0.08910568040190632 0.06843733330071447 0.14134765099689686 0.11409991104568784
0.10152761134936257 0.07460932259365552 0.285250667686251 0.1265846180914647 0.08873916717321939 0.06823005426503585 0.14113240255869272 0.11392615628231822
0.10135491681260782 0.07453357686610772 0.28594242120004926 0.12650446477852254 0.08861231140145225 0.06815525304423739 0.14104303759635273 0.11385401830067028
0.10129335702635889 0.07450509987069093 0.2861983551734376 0.12647380517357693 0.08856664298462456 0.06812746069022307 0.1410088544248686 0.11382642465621924
0.08042426928006717 0.1296622243611733 0.1420994611092289 0.137572254593652 0.09376243240229089 0.15808277571246768 0.09330987702873787 0.1650867055123824
0.13253188536441682 0.11366129312449297 0.18946341673816097 0.10867852388299484 0.1229843833319189 0.11370138227138403 0.12116844379193603 0.09781067149469536
0.1447111055400974 0.10728753493117041 0.20268180938028346 0.10506629496347843 0.12760860636025198 0.10094390524159022 0.1171410781159976 0.09455966546713059
0.11245673943175495 0.08025998489171143 0.25189514717052236 0.12718673070246292 0.09762900978528859 0.07430061719986428 0.1418037131861788 0.11446805763221662
0.1047639908040451 0.07607220572218186 0.273217558553342 0.12767333647929682 0.09123988525207762 0.06978077804420477 0.14234624231348467 0.11490600283136713
0.08109332553571168 0.13016092608656316 0.13921742292422426 0.13769331276118724 0.09439473653686468 0.15881631479530603 0.0933919860467183 0.16523197531342468
0.1327994184953677 0.1138154996032787 0.1884350462320683 0.1087316593228224 0.12321618355839377 0.11391601355551655 0.12122768584201243 0.09785849339054015
0.08465117810709274 0.13751557097113723 0.11826426596411017 0.13463095048358517 0.09952263357618839 0.17254335477219587 0.09131490554538822 0.1615571405803022
0.1027009826694991 0.08847237892268096 0.22135923758819778 0.1333664718276827 0.09560787716710299 0.08976956381383415 0.14869366336608802 0.12002982464491443
0.1374638096594631 0.10370439475229556 0.21699019468211975 0.10715362175839462 0.12177372944505702 0.09700769839844195 0.11946829172167281 0.09643825958255514
0.11046803892240907 0.07950038178193944 0.25779467372488746 0.12691645154993275 0.0961488437162959 0.07344443180840235 0.14150237210119365 0.11422480639493947
