Action: 0
[0.11496963936667724, 0.10679053991527213, 0.24428712114168982, 0.10679053991527213, 0.10679053991527226, 0.10679053991527213, 0.10679053991527213, 0.10679053991527213]
[0.13745231339101852, 0.10674088619289453, 0.2221023694516142, 0.10674088619289453, 0.10674088619289453, 0.10674088619289453, 0.10674088619289453, 0.10674088619289453]
[0.10823199714371891, 0.10786733147438142, 0.2445627867362666, 0.10786733058058107, 0.10786856232330423, 0.10786733058058569, 0.10786733058058107, 0.10786733058058107]
[0.125, 0.125, 0.125, 0.125, 0.125, 0.125, 0.125, 0.125]
[0.10776653768452497, 0.10766154460157368, 0.21709713646813908, 0.10766154458420425, 0.13682860290894433, 0.10766154458420521, 0.10766154458420425, 0.10766154458420425]
[0.10873537901223145, 0.10638020614556574, 0.11530549331494945, 0.10636849640195989, 0.2127369928062803, 0.1377364395150934, 0.10636849640195989, 0.10636849640195989]
[0.125, 0.125, 0.125, 0.125, 0.125, 0.125, 0.125, 0.125]
[0.125, 0.125, 0.125, 0.125, 0.125, 0.125, 0.125, 0.125]

Action: 1
[0.107919465230054, 0.10791950934134614, 0.10791946523005189, 0.10791946523005189, 0.2158390950892684, 0.13664406941912396, 0.10791946523005189, 0.10791946523005189]
[0.10768191032005192, 0.10768191032005192, 0.10768191032005192, 0.10768191032005192, 0.10941719596991815, 0.24449134210977036, 0.10768191032005192, 0.10768191032005192]
[0.10790746217796525, 0.10798585984351058, 0.10790746217796525, 0.10790746217796525, 0.10791342296728264, 0.24456340629938061, 0.10790746217796525, 0.10790746217796525]
[0.125, 0.125, 0.125, 0.125, 0.125, 0.125, 0.125, 0.125]
[0.10768112316962081, 0.10768288161594955, 0.10768097842208055, 0.10768097842208055, 0.10940636952780368, 0.2445057119983039, 0.10768097842208055, 0.10768097842208055]
[0.10876748076390623, 0.106366927921873, 0.106366927921873, 0.106366927921873, 0.137734019711637, 0.22166385991509183, 0.106366927921873, 0.106366927921873]
[0.125, 0.125, 0.125, 0.125, 0.125, 0.125, 0.125, 0.125]
[0.125, 0.125, 0.125, 0.125, 0.125, 0.125, 0.125, 0.125]

