Action: 0
[0.15847977661396423, 0.09705716612634202, 0.23901413856224205, 0.09705716612634202, 0.11722025419208366, 0.09705716612634202, 0.09705716612634202, 0.09705716612634202]
[0.2290672206032507, 0.09694402350107936, 0.1681138388704944, 0.09694402350107936, 0.11809882302085817, 0.09694402350107936, 0.09694402350107936, 0.09694402350107936]
[0.2069285989370303, 0.10193015610931877, 0.18149046145880887, 0.10193015608282095, 0.10193015916314833, 0.10193015608323079, 0.10193015608282095, 0.10193015608282095]
[0.125, 0.125, 0.125, 0.125, 0.125, 0.125, 0.125, 0.125]
[0.10227405170908521, 0.10224961426254527, 0.2835304555542645, 0.10224961426254527, 0.10294742142228781, 0.10224961426418129, 0.10224961426254527, 0.10224961426254527]
[0.15807244328095763, 0.09919975518979551, 0.2441468471970191, 0.0980034766844302, 0.10656704759450715, 0.0980034766844302, 0.0980034766844302, 0.0980034766844302]
[0.125, 0.125, 0.125, 0.125, 0.125, 0.125, 0.125, 0.125]
[0.125, 0.125, 0.125, 0.125, 0.125, 0.125, 0.125, 0.125]

Action: 1
[0.1006662187402727, 0.1006662187402727, 0.1006662187402727, 0.1006662187402727, 0.11480194283549493, 0.2812007447228688, 0.1006662187402727, 0.1006662187402727]
[0.1035827720234827, 0.1035827720234827, 0.1035827720234827, 0.1035827720234827, 0.17133782381213825, 0.2071655440469654, 0.1035827720234827, 0.1035827720234827]
[0.09905008394488707, 0.09905008394488707, 0.09905008394488707, 0.09905008394488707, 0.16520539664929312, 0.2404940996813845, 0.09905008394488707, 0.09905008394488707]
[0.125, 0.125, 0.125, 0.125, 0.125, 0.125, 0.125, 0.125]
[0.10061429292935241, 0.20135509763652792, 0.10061429292935241, 0.10061429292935241, 0.11507776703120651, 0.18049567068550362, 0.10061429292935241, 0.10061429292935241]
[0.10843990681093967, 0.09770592401812127, 0.09770592401812127, 0.09770592401812127, 0.13465799943674983, 0.2683724736617041, 0.09770592401812127, 0.09770592401812127]
[0.125, 0.125, 0.125, 0.125, 0.125, 0.125, 0.125, 0.125]
[0.125, 0.125, 0.125, 0.125, 0.125, 0.125, 0.125, 0.125]

