0.125 0.125 0.125 0.125 0.125 0.125 0.125 0.125
0.125 0.125 0.125 0.125 0.125 0.125 0.125 0.125
0.1232638888888889 0.1232638888888889 0.1371527777777778 0.1232638888888889 0.1232638888888889 0.1232638888888889 0.1232638888888889 0.1232638888888889
0.12138310185185186 0.12138310185185186 0.13662229938271606 0.12138310185185186 0.12138310185185186 0.13507908950617284 0.12138310185185186 0.12138310185185186
0.11975523171859935 0.11975523171859935 0.1349354872055678 0.11975523171859935 0.11975523171859935 0.14653312248283604 0.11975523171859935 0.11975523171859935
0.11783156361318088 0.11783156361318088 0.13282439552491063 0.11783156361318088 0.131137700470803 0.14688008593838195 0.11783156361318088 0.11783156361318088
0.125 0.125 0.125 0.125 0.125 0.125 0.125 0.125
0.11706893236792303 0.11706893236792303 0.13095782125681193 0.11706893236792303 0.14184875845178646 0.14184875845178646 0.11706893236792303 0.11706893236792303
0.11452520884813977 0.12753286800013122 0.12907607787667444 0.11452520884813977 0.14264510936531755 0.14264510936531755 0.11452520884813977 0.11452520884813977
0.11320028524955542 0.12737060391623664 0.12754207168029702 0.11320028524955542 0.1508081301413993 0.1414780532638454 0.11320028524955542 0.11320028524955542
0.11182702748792654 0.12597931681195285 0.12599836878573734 0.11182702748792654 0.1515870220087463 0.14912718244185721 0.11182702748792654 0.11182702748792654
0.12292878913275199 0.12292878913275199 0.12292878913275199 0.12292878913275199 0.12292878913275199 0.13949847607073612 0.12292878913275199 0.12292878913275199
0.11221320361877331 0.12587195796685688 0.12587195796685688 0.11221320361877331 0.1504118190766139 0.14899145051457893 0.11221320361877331 0.11221320361877331
0.10987406939696467 0.12385984250439319 0.12385984250439322 0.10987406939696467 0.1566126997678961 0.15617133763545868 0.10987406939696467 0.10987406939696467
0.12113010141410901 0.12113010141410901 0.12113010141410901 0.12113010141410901 0.12113010141410901 0.15208929010123687 0.12113010141410901 0.12113010141410901
0.11052361304701899 0.12398251320414222 0.12398251320414222 0.11052361304701899 0.15215702441227263 0.15778349699136718 0.11052361304701899 0.11052361304701899
0.11963552897065724 0.12113096232144871 0.12113096232144871 0.10735512752098846 0.15965274731585824 0.1563844165076216 0.10735512752098846 0.10735512752098846
0.11984622982721928 0.11984622982721928 0.11984622982721928 0.11984622982721928 0.11984622982721928 0.16107639120946513 0.11984622982721928 0.11984622982721928
0.121253228147073 0.121253228147073 0.121253228147073 0.10793698038849307 0.14912911453781835 0.16330025985548335 0.10793698038849307 0.10793698038849307
0.11953390629669318 0.11953390629669318 0.11953390629669318 0.10606132539146285 0.1573182276775682 0.16589607725796368 0.10606132539146285 0.10606132539146285
0.11855622825840072 0.11855622825840072 0.11855622825840072 0.11855622825840072 0.11855622825840072 0.1701064021911951 0.11855622825840072 0.11855622825840072
0.12001198339282139 0.12001198339282139 0.12001198339282139 0.10683906914188798 0.15027918678987862 0.16916765560599323 0.10683906914188798 0.10683906914188798
0.11739608140853394 0.11739608140853394 0.12785242519873832 0.10406141658710935 0.1591251247540745 0.1660460374687912 0.10406141658710935 0.10406141658710935
0.1178660765338226 0.1178660765338226 0.1178660765338226 0.1178660765338226 0.1178660765338226 0.174937464263242 0.1178660765338226 0.1178660765338226
0.11815219748520574 0.11815219748520574 0.1284215737807891 0.10505596675922545 0.14824320632100288 0.1718629246501201 0.10505596675922545 0.10505596675922545
0.11712847589725854 0.11712847589725854 0.11712847589725854 0.11712847589725854 0.11712847589725854 0.1801006687191903 0.11712847589725854 0.11712847589725854
0.11693868217657812 0.11693868217657812 0.13480488782775793 0.10392440707688273 0.14684138282460113 0.1727031437638366 0.10392440707688273 0.10392440707688273
0.11675578848872678 0.11675578848872678 0.11675578848872678 0.11675578848872678 0.11675578848872678 0.18270948057891268 0.11675578848872678 0.11675578848872678
0.11612516555563224 0.11612516555563224 0.13943273128931405 0.10315230016799595 0.14593271974223973 0.17292731735319383 0.10315230016799595 0.10315230016799595
0.1165181289088693 0.1165181289088693 0.1165181289088693 0.1165181289088693 0.1165181289088693 0.1843730976379149 0.1165181289088693 0.1165181289088693
0.11556585480873947 0.11556585480873947 0.14266763455273748 0.10261939604108733 0.1453127349088947 0.17302973279762698 0.10261939604108733 0.10261939604108733
0.11635957524025292 0.11635957524025292 0.11635957524025292 0.11635957524025292 0.11635957524025292 0.18548297331822935 0.11635957524025292 0.11635957524025292
0.11518354697349242 0.11518354697349242 0.1448899485917673 0.10225470528013099 0.1448899485917673 0.17308889302908773 0.10225470528013099 0.10225470528013099
0.11625298378090874 0.11625298378090874 0.11625298378090874 0.11625298378090874 0.11625298378090874 0.18622911353363863 0.11625298378090874 0.11625298378090874
0.11492384485126048 0.11492384485126048 0.14460303385128867 0.10200684665338174 0.1464027582144134 0.17312597827163187 0.10200684665338174 0.10200684665338174
0.11618124061206227 0.11618124061206227 0.11618124061206227 0.11618124061206227 0.11618124061206227 0.1867313157155641 0.11618124061206227 0.11618124061206227
0.11474812164578607 0.11474812164578607 0.1444089947368509 0.10183909491111248 0.14742746446022012 0.1731500127780196 0.10183909491111248 0.10183909491111248
0.11613294983029535 0.11613294983029535 0.11613294983029535 0.11613294983029535 0.11613294983029535 0.18706935118793258 0.11613294983029535 0.11613294983029535
0.11450780796108463 0.11450780796108463 0.14595421860293867 0.10160414686882958 0.1471735675928652 0.17304415727553807 0.10160414686882958 0.10160414686882958
0.11409429338613944 0.11409429338613944 0.11409429338613944 0.11409429338613944 0.13044691200756892 0.18498732767559414 0.11409429338613944 0.11409429338613944
0.11368280086084875 0.11368280086084875 0.14577512925305527 0.10100565715127771 0.15219173503968644 0.17165056253172753 0.10100565715127771 0.10100565715127771
0.11243845228092963 0.11243845228092963 0.11243845228092963 0.11243845228092963 0.14260873008640845 0.18276055622801368 0.11243845228092963 0.11243845228092963
0.1130360394715811 0.1130360394715811 0.14546075303305211 0.10054287810703337 0.15650113310464048 0.17033740059804506 0.10054287810703337 0.10054287810703337
0.11236774111627562 0.11236774111627562 0.11236774111627562 0.11236774111627562 0.14339230799836006 0.18240124530398638 0.11236774111627562 0.11236774111627562
0.11294511621291425 0.11294511621291425 0.1458876810748149 0.10045981164443918 0.15672553486352833 0.17011711670251087 0.10045981164443918 0.10045981164443918
0.11235254837567811 0.11235254837567811 0.11235254837567811 0.11235254837567811 0.14342160035022775 0.1824631093957035 0.11235254837567811 0.11235254837567811
0.11289488547486183 0.11289488547486183 0.146195736490932 0.10041126898867538 0.15668848623687695 0.17009219935644115 0.10041126898867538 0.10041126898867538
0.11234065243271357 0.11234065243271357 0.11234065243271357 0.11234065243271357 0.14340235993906272 0.18255372546465595 0.11234065243271357 0.11234065243271357
0.1214555830783775 0.11166762315768033 0.14496494826330086 0.09918532844293437 0.15545499594412124 0.1689008642277172 0.09918532844293437 0.09918532844293437
0.11116169750497794 0.11116169750497794 0.11116169750497794 0.11116169750497794 0.15214682066231064 0.18088299430782157 0.11116169750497794 0.11116169750497794
0.12094814446978154 0.11126290394167375 0.14445252369846304 0.09891160421889843 0.1586125116075142 0.16798910362587205 0.09891160421889843 0.09891160421889843
0.11109531726245236 0.11109531726245236 0.11109531726245236 0.11109531726245236 0.15291290751130193 0.18051518891398358 0.11109531726245236 0.11109531726245236
0.12090060275722232 0.11122114577353319 0.14455359299632298 0.0988772216332607 0.15887873392327492 0.16781425964986466 0.0988772216332607 0.0988772216332607
0.11108927925952829 0.11108927925952829 0.11108927925952829 0.11108927925952829 0.1529770580174857 0.18048726642534457 0.11108927925952829 0.11108927925952829
0.12088445321289114 0.11120552230528705 0.14464562021351146 0.09886226905422835 0.15888895336829098 0.16778864373733438 0.09886226905422835 0.09886226905422835
0.12284292179528983 0.10941131588274637 0.10941131588274637 0.10941131588274637 0.15130178895882485 0.17879870983215346 0.10941131588274637 0.10941131588274637
0.12318668047362387 0.11099128344771722 0.14399882697186844 0.09883447057185651 0.15820379587909433 0.16711600151212672 0.09883447057185651 0.09883447057185651
0.12219284271285635 0.10850543377134259 0.10850543377134259 0.10850543377134259 0.1576653254890602 0.17761466294137074 0.10850543377134259 0.10850543377134259
0.12287159065014755 0.11070441082913482 0.14348707215493048 0.09864825152120787 0.16051456561468433 0.16647760618747917 0.09864825152120787 0.09864825152120787
0.12210125202533231 0.10844885306420479 0.10844885306420479 0.10844885306420479 0.15832678817244258 0.17732769448120086 0.10844885306420479 0.10844885306420479
0.12283659809669514 0.11068128834090686 0.1434794050301442 0.09863141577821742 0.16075728128545158 0.16635117991215007 0.09863141577821742 0.09863141577821742
0.1220921363815446 0.1084436254819118 0.1084436254819118 0.1084436254819118 0.15839698151179565 0.17729275469710082 0.1084436254819118 0.1084436254819118
0.12283084767329247 0.1106767641475688 0.14349519640124003 0.09862747242735637 0.16078088110659883 0.16633389338923088 0.09862747242735637 0.09862747242735637
0.12208965515457548 0.10844178319087631 0.10844178319087631 0.10844178319087631 0.15840247257610549 0.17729895631493733 0.10844178319087631 0.10844178319087631
0.12282813155267736 0.11067433520293189 0.1435069397163252 0.09862524818172341 0.16078081150028334 0.16633403748261208 0.09862524818172341 0.09862524818172341
0.12208810836823639 0.1084405381957167 0.1084405381957167 0.1084405381957167 0.15840120595163593 0.17730799470154424 0.1084405381957167 0.1084405381957167
0.12088782571940146 0.10732248034515299 0.10732248034515299 0.10732248034515299 0.1617662766529845 0.18073349590184903 0.10732248034515299 0.10732248034515299
0.11895868327804598 0.10552670264255692 0.11745142268090727 0.10552670264255692 0.16112710140631678 0.1803559820645025 0.10552670264255692 0.10552670264255692
0.12774644787646403 0.10416424401410103 0.1172144020897574 0.10416424401410103 0.15954495299251156 0.1788372209848629 0.10416424401410103 0.10416424401410103
0.13673177328395258 0.10305190428179678 0.11607572673621427 0.10305190428179678 0.15788881584747633 0.17709606700516958 0.10305190428179678 0.10305190428179678
0.13898076666167178 0.10293195051698088 0.11582925348767137 0.10293195051698088 0.15719963413492838 0.176262543647805 0.10293195051698088 0.10293195051698088
0.13814615282300138 0.11294128145038149 0.11437431511379155 0.10150439805960584 0.15553520425890222 0.17448985217510582 0.10150439805960584 0.10150439805960584
0.13675242349625177 0.11287974279473317 0.12300411661831454 0.10033071152246856 0.15378943949423737 0.17258214302905767 0.10033071152246856 0.10033071152246856
0.13595525816105772 0.11244319130966553 0.124285162605015 0.09990099766580628 0.1562508954551266 0.1713624994717165 0.09990099766580628 0.09990099766580628
0.1346799193029962 0.11132951636400293 0.1316031426402881 0.09883582844070676 0.15608762685639757 0.1697923095141949 0.09883582844070676 0.09883582844070676
0.13394670715325901 0.1108088008317796 0.1331355265946488 0.09843885456911261 0.15804723839130863 0.16874516332166625 0.09843885456911261 0.09843885456911261
0.13291125367439435 0.10990879868846502 0.13896694380808855 0.09759670970715617 0.1579534505828094 0.16746942412477428 0.09759670970715617 0.09759670970715617
0.13133187760199191 0.11807849437043828 0.13947260260823097 0.09629032703774612 0.15661125123914107 0.1656347930669593 0.09629032703774612 0.09629032703774612
0.13032966687325495 0.11911222928954841 0.1436423926253416 0.09570451285159715 0.1555128638577004 0.1642893087993631 0.09570451285159715 0.09570451285159715
0.13001520456680543 0.11926692223254218 0.14502535049458773 0.09565427962249198 0.15504316690852338 0.1636865169300653 0.09565427962249198 0.09565427962249198
0.1295215037033627 0.11888679428353581 0.14838213866946617 0.09524348555969532 0.15445300003706444 0.16302610662748504 0.09524348555969532 0.09524348555969532
0.12903850329598643 0.11845860021037145 0.15155637851133463 0.09489064752225893 0.15387478287059925 0.16239979254493134 0.09489064752225893 0.09489064752225893
0.12864727525285555 0.11810982880500553 0.15409598444343614 0.09462676071419823 0.15339008041247457 0.16187654894363337 0.09462676071419823 0.09462676071419823
0.12835459267406324 0.1178511520655584 0.15599680622364095 0.09443722393289501 0.1530154403610061 0.16147033687704646 0.09443722393289501 0.09443722393289501
0.12814407117495652 0.11766651550715111 0.15737003247200856 0.09430386709141127 0.15273901203824697 0.1611687675334029 0.09430386709141127 0.09430386709141127
0.13333967819264148 0.11684652404390918 0.15714180904398686 0.09352047772261778 0.15185005731559295 0.16026049823601654 0.09352047772261778 0.09352047772261778
0.1348102244539893 0.11654004509914724 0.15741296449886547 0.09337655274465098 0.15136664896296204 0.15974045875108295 0.09337655274465098 0.09337655274465098
0.13521104759456062 0.11642315804225406 0.15780964142524928 0.09332042164735431 0.15112590880211044 0.15946897919376257 0.09332042164735431 0.09332042164735431
0.13529927694252594 0.11636366498147335 0.15816686892948723 0.09328410011410374 0.15099765088544193 0.15932023791876035 0.09328410011410374 0.09328410011410374
0.13531983046913004 0.11634500849733123 0.15830687884939199 0.09327723745155633 0.15094180774136004 0.1592547620881179 0.09327723745155633 0.09327723745155633
0.13530524217307677 0.11632033500918862 0.1584994566441009 0.09325626239887276 0.1508995067217608 0.15920667225525476 0.09325626239887276 0.09325626239887276
0.13528333801184692 0.1162980727443036 0.1586665474724748 0.0932388913719482 0.15086598133678034 0.15916938631874974 0.0932388913719482 0.0932388913719482
0.13507483876641072 0.11609196670824694 0.15853382880133887 0.09303719857630821 0.15223551728367313 0.15895225271140562 0.09303719857630821 0.09303719857630821
0.13496532929791497 0.11600638765251904 0.1585050485116478 0.09299247769440684 0.15272818875985658 0.15881761269484115 0.09299247769440684 0.09299247769440684
0.13478644950325175 0.11584457151086124 0.1583483042666851 0.0928476266256879 0.15386079019407478 0.1586170046480635 0.0928476266256879 0.0928476266256879
0.13469780520630129 0.11577943371220582 0.15829799859771362 0.09281456703381526 0.1542801919135348 0.15850086946879866 0.09281456703381526 0.09281456703381526
0.13465899082966865 0.1157552516384617 0.1582978888715353 0.09280329778664845 0.1544364688536046 0.1584415064467843 0.09280329778664845 0.09280329778664845
0.13852910999621057 0.11519286818264489 0.15774025383800194 0.09224570815148546 0.153941310067546 0.1578593334611405 0.09224570815148546 0.09224570815148546
0.13978798734035197 0.11501006764880334 0.15745964824342304 0.09217439373146459 0.15367218537915597 0.15754693019387192 0.09217439373146459 0.09217439373146459
0.14021499756307274 0.11496815325875075 0.1573378354345807 0.09216871746490503 0.1535589968794824 0.15741386446939834 0.09216871746490503 0.09216871746490503
0.1403615026843219 0.11495958240669472 0.15730153439258954 0.09216845566321633 0.15351351756751797 0.15735849595922694 0.09216845566321633 0.09216845566321633
0.14041158286701966 0.11495760850137829 0.1572959005818552 0.0921681808316866 0.1534950742713296 0.15733529128335746 0.0921681808316866 0.0921681808316866
0.14321817836088055 0.1145590894908523 0.15689544030298821 0.09177005312540416 0.15308957867928738 0.15692755378977907 0.09177005312540416 0.09177005312540416
0.14418914168864 0.11442268796542185 0.1566787246464818 0.09171265345414932 0.15287018815955575 0.15670129717745254 0.09171265345414932 0.09171265345414932
0.14444617427725415 0.11429691040535808 0.1564902511634789 0.09161391594270746 0.1534160566507171 0.15650885967506947 0.09161391594270746 0.09161391594270746
0.1445232853900638 0.11425490839051375 0.1563994937975571 0.0915968478963722 0.15361967153612263 0.15641209719662622 0.0915968478963722 0.0915968478963722
0.14454810014011563 0.11424314248223244 0.1563613976486831 0.09159340840907501 0.15369854918305273 0.156368585318691 0.09159340840907501 0.09159340840907501
0.14455633997387105 0.11423995750077462 0.1563467365145262 0.09159255588490461 0.15372958520100413 0.15634971315511012 0.09159255588490461 0.09159255588490461
0.14455906271572544 0.11423902970371136 0.15634036846623078 0.09159225947413417 0.1537418359871172 0.1563429247048129 0.09159225947413417 0.09159225947413417
0.14651821258535164 0.11395906433612847 0.1560579498144346 0.09131247803175026 0.15346700727499576 0.15606033189383883 0.09131247803175026 0.09131247803175026
0.1472227804514095 0.11385995150937568 0.15589869951999896 0.09126886514994315 0.15331228703509867 0.15589968603428764 0.09126886514994315 0.09126886514994315
0.1474849387790386 0.11383339406463597 0.15582672586456056 0.09126195569408034 0.15324282750226131 0.15582624670726242 0.09126195569408034 0.09126195569408034
0.14752239125782224 0.11376546605441823 0.15573425498803536 0.09119929239475766 0.15364684126806866 0.1557331692473825 0.09119929239475766 0.09119929239475766
0.14752554046861088 0.11374084656465269 0.1556854015400876 0.09118813885922747 0.1538003262333869 0.15568346861557958 0.09118813885922747 0.09118813885922747
0.1488798252155487 0.11354008963317609 0.15546929251132988 0.0909922624611482 0.15366699605707376 0.155467009199427 0.0909922624611482 0.0909922624611482
0.14937891668093747 0.11346797538570029 0.15534787515363957 0.09095994598844932 0.15358034658336395 0.1553450482310109 0.09095994598844932 0.09095994598844932
0.14956896487949514 0.11344788920217679 0.15529179954829667 0.09095415563301079 0.15353924594729082 0.15528963352370825 0.09095415563301079 0.09095415563301079
0.15057157337985766 0.11331023530919862 0.1551349036844185 0.09082048359710783 0.15338882510805574 0.15513301172714616 0.09082048359710783 0.09082048359710783
0.15094930767501008 0.11326015066621566 0.15504739747218632 0.09079768727034698 0.1533047312128357 0.15504535116271137 0.09079768727034698 0.09079768727034698
0.1510959158991745 0.11324592965236618 0.15500704488804504 0.09079339496643825 0.1532661700448157 0.1550047546162838 0.09079339496643825 0.09079339496643825
0.1511120088680427 0.11320063515948478 0.15494785732597374 0.09075091962755626 0.15354127337003706 0.1549454663937929 0.09075091962755626 0.09075091962755626
0.1517441516080138 0.11309354152035672 0.15482522998122578 0.09065280510567746 0.1535558636616297 0.1548227979117417 0.09065280510567746 0.09065280510567746
0.15198235823082867 0.11305495628767724 0.15475720952785743 0.09063544996701622 0.1535444858992547 0.15475464015333326 0.09063544996701622 0.09063544996701622
0.15207520071097314 0.1130438478526999 0.15472566074504246 0.09063199061488049 0.15353636528544512 0.15472295356119797 0.09063199061488049 0.09063199061488049
0.1511877667975457 0.11951060645457082 0.1537876264802089 0.08970702247656166 0.15260807027979767 0.15378486255819196 0.08970702247656166 0.08970702247656166
0.15080538179462688 0.1211919284697219 0.1533755737736325 0.08968340798506172 0.15220415025991568 0.15337274174691795 0.08968340798506172 0.08968340798506172
0.14996466852533186 0.1266561920588013 0.15251879620348177 0.08899728477704374 0.15135254838870255 0.15251594049255127 0.08899728477704374 0.08899728477704374
0.15001100059845515 0.12825618522787793 0.1520659962796351 0.08889932496804202 0.1509057028293386 0.15206314016056707 0.08889932496804202 0.08889932496804202
0.1500351343292903 0.1287586165861833 0.1518837555601627 0.0889045780475088 0.15072789143520035 0.15188086794663705 0.0889045780475088 0.0889045780475088
0.15005219726422536 0.1289219692433616 0.15181553196452746 0.08891180631441808 0.15066227361784895 0.15181260896678223 0.08891180631441808 0.08891180631441808
0.1500623602029363 0.12897593875127503 0.15179050274791112 0.08891501598503387 0.15063860086580033 0.15178754947697548 0.08891501598503387 0.08891501598503387
0.14953614339310228 0.13271474784409315 0.15124977843901308 0.08838465770494512 0.15009854429107322 0.15124681291788286 0.08838465770494512 0.08838465770494512
0.14924405241335148 0.1339221533928148 0.15094817974093938 0.0883070038410168 0.1500193875763056 0.1509452153535383 0.0883070038410168 0.0883070038410168
0.14912332106336307 0.1343354464175661 0.15082157926591672 0.08830530165559515 0.14998514044129738 0.15081860784507137 0.08830530165559515 0.08830530165559515
0.1490773829649864 0.1344807594175717 0.1507724149262024 0.08830856244633994 0.14997432066685454 0.15076943468536505 0.08830856244633994 0.08830856244633994
0.14906040598610792 0.13453244781489146 0.15075380123840187 0.08831030557130112 0.14997161528716502 0.15075081295953036 0.08831030557130112 0.08831030557130112
0.14905419806915038 0.1345509238652814 0.1507468059002569 0.08831101589473053 0.14997121330513974 0.15074381117598 0.08831101589473053 0.08831101589473053
0.14905193571860315 0.13455754165568534 0.15074417839170495 0.0883112833147698 0.14997131545196388 0.15074117883773328 0.0883112833147698 0.0883112833147698
0.1490326398989642 0.13454144234903487 0.1507247162941702 0.0882929094191691 0.15010075842965734 0.15072171477066593 0.0882929094191691 0.0882929094191691
0.1493053736100322 0.1344924193993841 0.15067316643811962 0.08824941993352645 0.15011061642580897 0.15067016432607586 0.08824941993352645 0.08824941993352645
0.1494100764376084 0.13446853861048658 0.15064478699631437 0.08824238873531959 0.15010764801478144 0.15064178373485035 0.08824238873531959 0.08824238873531959
0.14945172662578346 0.13445908593695027 0.15063178980568173 0.08824114408519192 0.15010517999003686 0.15062878538597205 0.08824114408519192 0.08824114408519192
0.14946853597292897 0.134455583000268 0.1506261536303766 0.08824089011009102 0.15010390886508762 0.15062314820106562 0.08824089011009102 0.08824089011009102
0.1494753611802853 0.134454317736635 0.15062375855003476 0.08824082883458463 0.15010332371940846 0.15062075230988242 0.08824082883458463 0.08824082883458463
0.14946569942428836 0.13444142493619118 0.15061030869095554 0.08822837091565006 0.15019015205860764 0.1506073021430069 0.08822837091565006 0.08822837091565006
0.14965117141247228 0.13440760183543318 0.1505753465935785 0.0881989791763642 0.15019660255397163 0.15057234007545187 0.0881989791763642 0.0881989791763642
0.14972263561537763 0.13439118473455958 0.15055607526894754 0.08819418735319674 0.15019447345786507 0.15055306886366004 0.08819418735319674 0.08819418735319674
0.1497511555220812 0.1343846797430061 0.15054723181638419 0.08819332505413767 0.15019273228028607 0.15054422547582938 0.08819332505413767 0.08819332505413767
0.14938136403792754 0.1370516189482495 0.1501620519118442 0.08781180773057033 0.14981049620871628 0.15015904570155156 0.08781180773057033 0.08781180773057033
0.14918578544159614 0.1379852701824475 0.14995898657186002 0.08776826734406912 0.1496091709895766 0.14995598478231256 0.08776826734406912 0.08776826734406912
0.1490957331059407 0.13831772776006793 0.14986524454617797 0.08775862632382131 0.14958316865317786 0.14986224696317132 0.08775862632382131 0.08775862632382131
0.14918770648641275 0.13842162924633475 0.1498085064975541 0.08774071222522216 0.14955450934065426 0.14980551175337775 0.08774071222522216 0.08774071222522216
0.14921785847417623 0.1384519466223548 0.14977725491077426 0.08773295911896106 0.14957980062973278 0.14977426200607874 0.08773295911896106 0.08773295911896106
0.149229271398761 0.13846204154574857 0.14976329828094578 0.08773194547049455 0.14958924595274192 0.1497603064103192 0.08773194547049455 0.08773194547049455
0.14923388143384578 0.13846564683415297 0.14975742451622676 0.08773185188397428 0.14959305838950196 0.14975443317434972 0.08773185188397428 0.08773185188397428
0.14923201414903103 0.13846320062192644 0.1497512246294984 0.08772808466015056 0.1496210730437671 0.14974823357532535 0.08772808466015056 0.08772808466015056
0.14923064586470633 0.13846170558864002 0.14974805822489182 0.08772748594204284 0.14963206517545996 0.14974506732017343 0.08772748594204284 0.08772748594204284
0.14922998025816625 0.13846105610041237 0.1497466451695574 0.08772738424807956 0.14963651139225206 0.14974365433537318 0.08772738424807956 0.08772738424807956
0.14922968632812714 0.13846079850895626 0.14974604034853886 0.08772736463522178 0.14963833136772292 0.14974304954098938 0.08772736463522178 0.08772736463522178
0.14922956062438816 0.13846069955900553 0.14974578530429816 0.08772736006920452 0.1496390798026931 0.14974279450200148 0.08772736006920452 0.08772736006920452
0.1493160870756727 0.13844829350243845 0.14973330987547387 0.08771499026883046 0.14962701966158676 0.14973031907833687 0.08771499026883046 0.08771499026883046
0.1493498236046141 0.1384417667184425 0.1497261620052834 0.08771300918070168 0.14962004878194335 0.14972317134761154 0.08771300918070168 0.08771300918070168
0.14936340858789257 0.13843903398323765 0.14972286040789567 0.08771266792056999 0.14961682337345988 0.1497198698858044 0.08771266792056999 0.08771266792056999
0.1494272547813137 0.13842963614928916 0.1497130964929722 0.08770427138651561 0.149607092351215 0.1497101060656632 0.08770427138651561 0.08770427138651561
0.14944974508749112 0.13842229917900326 0.1497051591802175 0.08770037787102204 0.14961949403381158 0.1497021689064103 0.08770037787102204 0.08770037787102204
0.14945832182494057 0.13841889368008198 0.14970115471972695 0.08769966070705441 0.14962390965608588 0.1496987379980013 0.08769966070705441 0.08769966070705441
0.14946173550434136 0.13841751529886773 0.1496993656724759 0.08769953013269065 0.14962560661158206 0.14969718651466085 0.08769953013269065 0.08769953013269065
0.14950237038400316 0.13841137472307835 0.14969298920144147 0.08769389460874875 0.14962067342054994 0.14969090844468078 0.08769389460874875 0.08769389460874875
0.14951826560823933 0.13840821581548432 0.14968943939879878 0.0876929856659068 0.14961772273741494 0.14968739944234213 0.0876929856659068 0.0876929856659068
0.14955109643196038 0.13840312568796706 0.14968403654784607 0.08768905299185728 0.14961256883989987 0.14968201351675464 0.08768905299185728 0.08768905299185728
0.14956233147460601 0.13839891215676645 0.14967945045676026 0.0876867045312771 0.14962175784021067 0.1496774344778253 0.0876867045312771 0.0876867045312771
0.14956659079614015 0.13839697918750765 0.1496771620033596 0.08768631543949956 0.14962517271509523 0.14967514897939863 0.08768631543949956 0.08768631543949956
0.14956828139030345 0.13839619926170593 0.149676142557047 0.08768624377182348 0.14962651470176427 0.1496741307737089 0.08768624377182348 0.08768624377182348
0.14958674174817327 0.1383933583142935 0.14967316517059043 0.08768368859656389 0.14962451506817162 0.14967115390907956 0.08768368859656389 0.08768368859656389
0.14959281929951732 0.13839075457582997 0.14967036927546726 0.08768212580796562 0.14963132117178293 0.14966835825350555 0.08768212580796562 0.08768212580796562
0.14959507672674116 0.13838954260268468 0.1496689533968441 0.08768186786909454 0.1496338811711494 0.14966694249529705 0.08768186786909454 0.08768186786909454
0.1495959638505322 0.13838905134816332 0.1496683198246688 0.08768182069293828 0.1496348939142237 0.14966630898359712 0.08768182069293828 0.08768182069293828
0.149596320799087 0.13838886113522872 0.14966804721379404 0.08768181048028297 0.14963530300864877 0.14966603640239276 0.08768181048028297 0.08768181048028297
0.14959646582953087 0.1383887887366331 0.14966793160745015 0.08768180777749655 0.14963546968365746 0.14966592081023886 0.08768180777749655 0.08768180777749655
0.14959652501015233 0.1383887613647868 0.14966788288407584 0.08768180693317694 0.14963553784796702 0.14966587209348736 0.08768180693317694 0.08768180693317694
0.1495965492123026 0.13838875104406512 0.1496678624136222 0.08768180664175734 0.14963556577868817 0.1496658516260498 0.08768180664175734 0.08768180664175734
0.1495965591234422 0.13838874715685243 0.14966785383010414 0.08768180653615415 0.1496355772372709 0.1496658430438678 0.08768180653615415 0.08768180653615415
0.14959578983153096 0.13838797233862518 0.149667076881261 0.0876810331422382 0.1496409954262228 0.14966506609564553 0.0876810331422382 0.0876810331422382
0.14959534672875713 0.13838756372832398 0.14966663039261474 0.08768090843262649 0.14964311423910293 0.14966461961332178 0.08768090843262649 0.08768090843262649
0.14959514153745612 0.13838739220894816 0.1496664236753713 0.0876808866319101 0.14964396978031655 0.14966441290217755 0.0876808866319101 0.0876808866319101
0.1495945319632957 0.13838680471268364 0.1496658134119515 0.08768036198195883 0.14964796132328184 0.1496638026429108 0.08768036198195883 0.08768036198195883
0.1495941946911404 0.1383865044658334 0.14966547568419458 0.08768027699926827 0.14964952923937225 0.14966346492165458 0.08768027699926827 0.08768027699926827
0.14959404011004257 0.13838637946106153 0.14966532082027176 0.08768026200776766 0.14965016352225424 0.14966331006306707 0.08768026200776766 0.08768026200776766
0.14959397305687233 0.13838633058271524 0.14966525360682645 0.08768025893234611 0.14965042310350743 0.14966324285304006 0.08768025893234611 0.08768025893234611
0.149605904776786 0.1383846032973525 0.1496635163940064 0.08767854955646934 0.14964882122028222 0.14966150564216477 0.08767854955646934 0.08767854955646934
0.14961056862208708 0.13838369487987995 0.14966252139067007 0.08767827403260749 0.14964788235624008 0.14966051065330038 0.08767827403260749 0.08767827403260749
0.14961245120075972 0.13838331391573006 0.1496620611912765 0.08767822592116775 0.14964744546100311 0.1496600504677273 0.08767822592116775 0.08767822592116775
0.14962126727168765 0.1383820151292978 0.1496607113987261 0.08767706672358488 0.1496461053450108 0.14965870068452286 0.08767706672358488 0.08767706672358488
0.14962437978675935 0.13838100162967923 0.14965961476015402 0.08767652911153666 0.14964781242835204 0.14965760406044545 0.08767652911153666 0.08767652911153666
0.14962557897585385 0.13838054078508727 0.14965907109042273 0.08767643962274199 0.14964842987506458 0.14965706040534554 0.08767643962274199 0.08767643962274199
0.1496258234439257 0.13838011989384183 0.1496585938921498 0.08767618758929158 0.14965031678479643 0.14965658321741138 0.08767618758929158 0.08767618758929158
0.14963129614659149 0.1383791507252437 0.149657581306886 0.08767537263920634 0.14965028326347457 0.14965557064018536 0.08767537263920634 0.08767537263920634
0.14963338174755528 0.1383786151185972 0.14965698144309061 0.0876751921450541 0.14965008888708692 0.14965535636850777 0.0876751921450541 0.0876751921450541
0.14936643243825115 0.1402528594989314 0.1493889201059863 0.08740737924595776 0.149382195490605 0.1493874547283528 0.08740737924595776 0.08740737924595776
0.14922185795808482 0.14093457750643876 0.14924386238982987 0.08737334110642378 0.14923721425612474 0.14924246457025042 0.08737334110642378 0.08737334110642378
0.14915929682444393 0.14119222231377992 0.14918108883659756 0.08737064427446649 0.1491757394374541 0.14917971976432512 0.08737064427446649 0.08737064427446649
0.14913401147719918 0.14129123391269 0.1491557101986762 0.08737126376584636 0.14915089974938597 0.14915435336450975 0.08737126376584636 0.08737126376584636
0.14912766601973632 0.14132902225602723 0.14914517620198767 0.08737124051892788 0.14914058939484143 0.14914382457062372 0.08737124051892788 0.08737124051892788
0.14912508093933058 0.14134349584069597 0.14914085604455576 0.08737128309379129 0.14913721127032908 0.1491395066237148 0.08737128309379129 0.08737128309379129
0.1491265165740129 0.14134873939220946 0.14913878304638992 0.08737099932063727 0.14913552846156142 0.14913743456391446 0.08737099932063727 0.08737099932063727
0.1491270881771453 0.14135071893443474 0.14913790157858625 0.08737097640028753 0.14913480861325998 0.1491365534957112 0.08737097640028753 0.08737097640028753
0.14912732931438952 0.14135147932840295 0.1491375409377785 0.08737098082586074 0.14913451491678156 0.14913619302506506 0.08737098082586074 0.08737098082586074
0.14912907503155692 0.1413515388842771 0.14913716074436428 0.08737074999449257 0.14913416245229086 0.14913581290403302 0.08737074999449257 0.08737074999449257
0.14912969098042195 0.14135145462049087 0.14913689627685278 0.0873706429868831 0.1491344806930734 0.14913554846851163 0.0873706429868831 0.0873706429868831
0.14912992910726847 0.14135140548396766 0.14913676978870313 0.08737062602990038 0.14913459553534925 0.14913542199501056 0.08737062602990038 0.08737062602990038
0.14913002489213897 0.14135138388823723 0.1491367145717465 0.08737062319894202 0.14913464026626114 0.14913536678479003 0.08737062319894202 0.08737062319894202
0.1491311686353715 0.14135121731426464 0.1491365333764693 0.08737046487217398 0.14913450046477758 0.14913518559259495 0.08737046487217398 0.08737046487217398
0.14913236007573435 0.14135102229493793 0.14913632692680406 0.087370333465867 0.14913431115975714 0.14913497914516555 0.087370333465867 0.087370333465867
0.14913283231184624 0.14135092662516097 0.1491362202304089 0.08737031227212068 0.14913421156543266 0.14913487245078919 0.08737031227212068 0.08737031227212068
0.1491330242094556 0.14135088641285282 0.14913617236438334 0.0873703085951927 0.14913416664156573 0.14913482458616448 0.0873703085951927 0.0873703085951927
0.14913360276368545 0.14135079892114896 0.14913608040531148 0.08737023646018784 0.14913407590136415 0.14913473262792623 0.08737023646018784 0.08737023646018784
0.1491338308159438 0.14135075395321497 0.14913603076410248 0.08737022490450544 0.14913402676567336 0.14913468298754923 0.08737022490450544 0.08737022490450544
0.1491339232877407 0.14135073480445745 0.14913600822890008 0.08737022292857528 0.14913400444022176 0.14913466045295418 0.08737022292857528 0.08737022292857528
0.14913429740804493 0.14135067907806692 0.1491359504821184 0.08737017451491358 0.1491339467804856 0.14913460270654333 0.08737017451491358 0.08737017451491358
0.14913444460705333 0.14135065005299738 0.14913591882217392 0.08737016677122389 0.14913391515704547 0.14913457104705813 0.08737016677122389 0.08737016677122389
0.14913473040430386 0.14135060534117305 0.14913587208254914 0.08737013314379824 0.14913386843278814 0.14913452430779117 0.08737013314379824 0.08737013314379824
0.14913484336539112 0.14135058286322089 0.1491358473220587 0.08737012774086761 0.14913384367902996 0.1491344995476964 0.08737012774086761 0.08737012774086761
0.1491348892188791 0.14135057334932838 0.14913583613754347 0.08737012681109174 0.1491338324974978 0.14913448836347606 0.08737012681109174 0.08737012681109174
0.14913490802650198 0.14135056953328962 0.14913583132262065 0.08737012662831828 0.1491338276838984 0.1491344835487346 0.08737012662831828 0.08737012662831828
0.14913506789741157 0.14135054629999774 0.14913580755250205 0.0873701048523354 0.1491338039143658 0.1491344597787166 0.0873701048523354 0.0873701048523354
0.1491352329618936 0.1413505193333102 0.1491357796138186 0.0873700867582216 0.14913377597611213 0.14913443184020064 0.0873700867582216 0.0873700867582216
0.14913529840534037 0.14135050611603017 0.1491357651238492 0.08737008383926367 0.14913376148654064 0.14913441735044858 0.08737008383926367 0.08737008383926367
0.14913532500245916 0.1413505005618152 0.14913575861606057 0.08737008333260257 0.14913375497903084 0.14913441084282664 0.08737008333260257 0.08737008333260257
0.14913540474938283 0.14135048850637802 0.14913574598647683 0.0873700733982674 0.14913374234961377 0.1491343982133464 0.0873700733982674 0.0873700733982674
0.14913543618554645 0.1413504823109953 0.14913573916431613 0.08737007180674179 0.14913373552762155 0.14913439139129542 0.08737007180674179 0.08737007180674179
0.14913544893285755 0.14135047967286402 0.14913573606669459 0.08737007153456837 0.14913373243012343 0.14913438829375542 0.08737007153456837 0.08737007153456837
0.14913540612978082 0.141350430582931 0.14913568670133615 0.08737002345211266 0.14913406730116696 0.14913433892844716 0.08737002345211266 0.08737002345211266
0.149135348429509 0.14135037186284258 0.14913562628320065 0.0873699834790039 0.1491344244768421 0.1491342785105938 0.0873699834790039 0.0873699834790039
0.14913531808766733 0.1413503429932861 0.14913559481567315 0.0873699770340921 0.1491345659575942 0.14913424704350303 0.0873699770340921 0.0873699770340921
0.14913535070504016 0.1413503242364927 0.14913557405138128 0.08736996930230845 0.14913461682060195 0.14913422627955863 0.08736996930230845 0.08736996930230845
0.1491353306295944 0.14135028348930417 0.14913553186754977 0.08736993571816132 0.14913460430156286 0.1491344425575049 0.08736993571816132 0.08736993571816132
0.14913531693503562 0.1413502625481597 0.1491355090166256 0.08736993033798157 0.1491345937365755 0.14913452674965894 0.08736993033798157 0.08736993033798157
0.14913534148815266 0.14135024918165173 0.14913549418346353 0.087369924968698 0.14913458399176224 0.14913455624887606 0.087369924968698 0.087369924968698
0.14913535076919507 0.14135024318930942 0.14913548715240046 0.08736992408089826 0.14913457906811098 0.14913456757828922 0.08736992408089826 0.08736992408089826
0.14913535445095344 0.1413502407388416 0.14913548407838478 0.08736992391884912 0.14913457686691298 0.14913457210835962 0.08736992391884912 0.08736992391884912
0.149135355940729 0.1413502397679812 0.14913548277020858 0.08736992388379909 0.14913457592022847 0.14913457394945553 0.08736992388379909 0.08736992388379909
0.14913537749826136 0.14135023639501834 0.1491354792262173 0.08736992088159866 0.14913457252595502 0.14913457170975192 0.08736992088159866 0.08736992088159866
0.1491353642144338 0.14135021289488459 0.14913545554641597 0.08736989866956743 0.14913454890817252 0.14913472242739076 0.08736989866956743 0.08736989866956743
0.14913536926051987 0.14135019836276244 0.14913544018160788 0.08736989311192339 0.1491345335691341 0.14913477929020563 0.08736989311192339 0.08736989311192339
0.14913537042863734 0.14135019189132775 0.14913543289640435 0.0873698921901683 0.14913452629465787 0.14913480191846779 0.0873698921901683 0.0873698921901683
0.14913537074316663 0.14135018925069334 0.14913542970992874 0.08736989202091339 0.149134523112651 0.14913481112082005 0.08736989202091339 0.08736989202091339
0.14913534910434573 0.14135016647317467 0.14913540662114094 0.08736987025182791 0.14913467388292048 0.14913479316293451 0.08736987025182791 0.08736987025182791
0.1491353220513266 0.14135013968350943 0.14913537896760254 0.08736985216068097 0.14913471823402968 0.149134884581489 0.08736985216068097 0.08736985216068097
0.149135307929386 0.14135012653505097 0.14913536459694648 0.0873698492429415 0.1491347336845224 0.1491349195252697 0.0873698492429415 0.0873698492429415
0.1491353015745111 0.14135012100760705 0.14913535813906112 0.08736984873676912 0.14913473957724835 0.14913493349126514 0.08736984873676912 0.08736984873676912
0.14913529884169135 0.14135011879582574 0.14913535536357742 0.08736984863586622 0.14913474191684714 0.14913493917445955 0.08736984863586622 0.08736984863586622
0.14913529768528433 0.14135011792657723 0.1491353541895002 0.08736984861127596 0.14913474286121342 0.149134941503597 0.08736984861127596 0.08736984861127596
0.14913529719902568 0.14135011758729507 0.14913535369592304 0.0873698486039516 0.14913474324500298 0.14913494246089823 0.0873698486039516 0.0873698486039516
0.14913529699513256 0.14135011745522078 0.14913535348899878 0.08736984860144592 0.1491347434014457 0.1491349428548644 0.08736984860144592 0.08736984860144592
