0.125 0.125 0.125 0.125 0.125 0.125 0.125 0.125
0.07295173961840629 0.12906846240179573 0.09118967452300786 0.16133557800224466 0.08754208754208755 0.15488215488215487 0.10942760942760943 0.19360269360269358
0.09612633457119008 0.07759595682252693 0.19225266914238015 0.15519191364505386 0.08651370111407107 0.0796193001960873 0.17302740222814214 0.13967272228054847
0.09339987986544572 0.07539508374680558 0.21971655680559907 0.15079016749361115 0.08405989187890113 0.07280748570758508 0.16811978375780226 0.13571115074425003
0.06992133640114025 0.12370697978663273 0.11882068390935085 0.1546337247332909 0.08390560368136828 0.15856919720655752 0.10488200460171036 0.18556046967994907
0.11301829483647666 0.08900190718372537 0.135621953803772 0.10680228862047045 0.14127286854559584 0.11125238397965673 0.169527442254715 0.13350286077558807
0.06470332216603028 0.10783887027671715 0.05823298994942726 0.09705498324904543 0.1459161474084001 0.2156777405534343 0.11646597989885452 0.19410996649809087
0.09082621297661908 0.15137702162769848 0.08174359167895719 0.13623931946492862 0.12887472966791277 0.2270160433062301 0.10217948959869648 0.08174359167895719
0.06574473690797274 0.10719630605132931 0.05988901891637941 0.09345318989090247 0.12117843292758965 0.2599891991256099 0.1056427363984115 0.18690637978180494
0.12891083528930994 0.10151728279033158 0.15469300234717195 0.12182073934839789 0.12531597965548888 0.12667889857829004 0.13486056614881656 0.10620269584219305
0.06746785233060541 0.10628534586175868 0.06588676980933741 0.09265901946922551 0.1201486518437272 0.257489343216466 0.10474497853042884 0.18531803893845103
0.09694339010942496 0.07344973732597262 0.20229618811993544 0.14689947465194525 0.08189097579477841 0.10252875522163588 0.16378195158955683 0.13220952718675072
0.1057264403554309 0.076403057937457 0.19403951222211296 0.152806115874914 0.09099319937437785 0.07765343435624782 0.16916265168081646 0.13321558819864296
0.07915831220840601 0.11995671839579174 0.10219119247858045 0.14394806207495006 0.09769645607087706 0.16915313462149453 0.10796104655621257 0.17993507759368757
0.07546920458095505 0.11691286257333894 0.0924211322151958 0.1402954350880067 0.0958943094725894 0.19841618589390062 0.10522157631600504 0.17536929386000838
0.06272133827199745 0.09740735956860083 0.05731382032989039 0.08766662361174077 0.12775770270044615 0.2865999599597539 0.1051999483340889 0.17533324722348154
0.0696561291696921 0.11611382155560326 0.09218562467976098 0.14514227694450407 0.07875546157684395 0.22553162676913574 0.09844432697105494 0.17417073233340485
0.09571245907696596 0.0723311929346037 0.21488353608502264 0.1446623858692074 0.08064388227186411 0.10028263193632131 0.16128776454372823 0.13019614728228668
0.09427369285953731 0.06955192866975121 0.2615230587634281 0.13910385733950242 0.07754521002433455 0.07771836068922502 0.1550904200486691 0.1251934716055522
0.09216365145331434 0.06801990013677887 0.2810247287960959 0.13603980027355775 0.07583711254055793 0.07280476147237748 0.15167422508111586 0.12243582024620195
0.10029811903344697 0.07258618755839603 0.2338963664184106 0.14517237511679207 0.08618456451023847 0.0745900683485349 0.16071178686108034 0.12656053215310079
0.07353112409579227 0.11837304989798367 0.13426113871052572 0.1479663123724796 0.08028780775689327 0.16766123262323349 0.10035975969611659 0.1775595748469755
0.1329025069411719 0.0976402144763537 0.182914138481256 0.11716825737162444 0.116577882771729 0.12094023669338061 0.12971007735076046 0.10214668591372388
0.0967140227263975 0.14235643999150058 0.10775841568486492 0.12812079599235052 0.11915750804803112 0.23292974296718202 0.0960905969942629 0.07687247759541031
0.06090746114564844 0.09828134359980974 0.06207111737938301 0.08568117134342387 0.11110064928674143 0.3137389382568839 0.09685697630126176 0.17136234268684775
0.06935024926339861 0.10884355996293724 0.08928034082429612 0.13061227195552466 0.09085369978062216 0.24983533430217184 0.09795920396664352 0.16326533994440584
0.0745585935356759 0.11073798068239514 0.09556548914262228 0.1328855768188742 0.09066008358001465 0.22982112260266954 0.09966418261415565 0.16610697102359273
0.0637428609617311 0.09393894934122708 0.061477967062360944 0.08454505440710437 0.12299812606472182 0.30275286806012075 0.10145406528852524 0.16909010881420874
0.05335896656398268 0.07984074425924974 0.06545792945219975 0.09580889311109969 0.1078566926281522 0.2910883160297969 0.11497067173331962 0.19161778622219938
0.07964874533124218 0.1337887578049647 0.07722173832434225 0.11663635295817434 0.09074367920684562 0.28288722864429483 0.07910987418032694 0.1399636235498092
0.11243696349801593 0.07745945753043995 0.13871520726631717 0.09295134903652795 0.14299711380101626 0.1717088987045182 0.14754182386750467 0.11618918629565991
0.07046574746029964 0.09347173255682739 0.06644448631094774 0.08412455930114465 0.1411338398708457 0.2751610447362721 0.10094947116137358 0.1682491186022893
0.08128511687542446 0.1343750801171502 0.07770952977118069 0.11714750574315658 0.09114135868815405 0.2783078328003965 0.07945656911274968 0.1405770068917879
0.0769705701724177 0.1082400170842446 0.0917298519391793 0.12988802050109352 0.09452696183920109 0.23886853746167683 0.09741601537582015 0.1623600256263669
0.09459044615955155 0.13421870089110113 0.08755770116382632 0.120796830801991 0.12224655846553346 0.2775140409353087 0.09059762310149325 0.0724780984811946
0.05927592576876982 0.09574547692123149 0.05809356617601168 0.08347041577748386 0.10823401738921819 0.33388190509863996 0.0943578613136774 0.16694083155496772
0.09360777544468873 0.07128346030534273 0.20385603925182283 0.14256692061068546 0.07947573857924033 0.1219483601001225 0.15895147715848065 0.1283102285496169
0.12528828234417835 0.09252077494656377 0.22017891023270736 0.1156509686832047 0.10315375952997483 0.11017923303601823 0.12894219941246854 0.10408587181488423
0.11155667796165986 0.08002083938905763 0.19648865112382777 0.10002604923632205 0.11895635228582302 0.12422473056244439 0.14869544035727875 0.12003125908358644
0.10759801940975094 0.0675236619537235 0.2484719802004496 0.135047323907447 0.09506713666252992 0.07905537447252657 0.1495029389614391 0.1177335644321333
0.1041246763630101 0.13932289830707073 0.12258874887523605 0.12539060847636366 0.12716705009308613 0.2121286964421423 0.09404295635727275 0.0752343650858182
0.09885529779043666 0.13275187362344232 0.09426845040864858 0.11947668626109806 0.12888138059387222 0.26447278487001974 0.08960751469582355 0.07168601175665885
0.07477089906867194 0.11253412694794054 0.09975886005638139 0.1406676586849257 0.07632749479947273 0.2317304015213557 0.09540936849934091 0.16880119042191083
0.11299259350365175 0.08065581304316152 0.15807941986321536 0.1008197663039519 0.11990028327013266 0.15669305036347855 0.1498753540876658 0.12098371956474228
0.09418162967084523 0.13308159064140337 0.13397923247380614 0.1663519883017542 0.06769802654367041 0.17036820971735375 0.08462253317958802 0.1497167894715788
0.1065816532461313 0.0692793434618326 0.2347010767996392 0.1385586869236652 0.08835568657895072 0.0883386381249622 0.1533901621621364 0.12079475270268246
0.08282885172021766 0.11584533683707991 0.13370154566896406 0.1448066710463499 0.07857335889819334 0.17225953195083368 0.09821669862274167 0.17376800525561983
0.13816414311212571 0.09268803235237245 0.19466245870937918 0.11586004044046556 0.10334023905555556 0.12183575111423812 0.12917529881944445 0.10427403639641901
0.08830291558778106 0.11457285392937591 0.12390168366386994 0.1432160674117199 0.07771028353470714 0.18329906056009834 0.09713785441838393 0.17185928089406385
0.10534925072121148 0.06918367907235018 0.2328171936953504 0.13836735814470036 0.09001312757239152 0.09046308420077948 0.1531783533388624 0.12062795325435416
0.08337951581789073 0.11571091000135753 0.13319718690330126 0.1446386375016969 0.07848218243570336 0.1729224742933847 0.0981027280446292 0.17356636500203626
0.11704776950217362 0.07759348644303714 0.16041143843597974 0.09311218373164458 0.14495025359268265 0.1426975215955701 0.14779711703435647 0.11639022966455569
0.08408125629657733 0.11353862617576803 0.11554462889418884 0.14192328271971005 0.08853514797530337 0.18980810952577964 0.09626100914902073 0.17030793926365206
0.09528324233818791 0.13338554362088317 0.12592070798184396 0.16006265234505979 0.08530875254113135 0.17677222200440018 0.08372507968818514 0.13954179948030854
0.059990406281399906 0.08220276261838941 0.07948287764531056 0.0986433151420673 0.11984431308184108 0.24417771677637626 0.11837197817048073 0.1972866302841346
0.08695811082019422 0.1330129312511769 0.07963391590485712 0.11595999134717987 0.10121741209605302 0.26541452439800983 0.0786511245659133 0.13915198961661585
0.10611815998150748 0.06963131822290523 0.21019657214567944 0.13926263644581047 0.0857391609319633 0.10844833256788906 0.15526744690301555 0.12533637280122945
0.14299003605313002 0.09059377494682463 0.2177476132812743 0.10871252993618957 0.12213977302636586 0.10269200716820027 0.12034923948979878 0.09477502609821654
0.08862743574494059 0.11334169422172836 0.12861232834936726 0.14167711777716047 0.08668566116931498 0.17494917630386525 0.09609404510103058 0.17001254133259255
0.10655458700698432 0.0685752247781819 0.235258963334282 0.1371504495563638 0.09252176132282154 0.08854076990570466 0.15183118550806246 0.11956705858759921
0.0826937775435077 0.1139381895393726 0.13290411637543922 0.14242273692421575 0.09025605551407644 0.17027807040225262 0.09659976939207678 0.1709072843090589
0.10514985242319996 0.06851764426653681 0.23733127596680087 0.13703528853307362 0.09311557692757878 0.08768000256339449 0.1517036975213513 0.11946666179806417
0.08221827956492042 0.11347349344992082 0.13312037017586045 0.14184186681240102 0.09348357128482926 0.169446390612254 0.09620578792493288 0.1702102401748812
0.10498545816011108 0.06846968271996991 0.2374413184952927 0.13693936543993981 0.09368065263114696 0.08750297930201838 0.15159750671413766 0.11938303653738343
0.0821882413564055 0.11346893528833082 0.13314406728863643 0.14183616911041352 0.09358146810600941 0.1693757925210797 0.09620192339662832 0.17020340293249625
0.1415007880375311 0.09228940140407338 0.19208426411654836 0.11074728168488807 0.1262973026116566 0.11793025658896325 0.1226017933182318 0.09654891223810755
0.08733275273759303 0.11137375865031786 0.12163121330473503 0.13921719831289733 0.10045717969599885 0.17850168133684213 0.09442557798613906 0.16706063797547677
0.10628113516177426 0.06854392018922599 0.2324614539287376 0.13708784037845198 0.09517621882797482 0.08917508071203106 0.15176187457443602 0.11951247622736838
0.08227990421981597 0.11321972320253837 0.13188449450187809 0.14152465400317296 0.0955413400703826 0.16972966430929579 0.09599063488910864 0.16982958480380755
0.14150784144331516 0.09227056026418566 0.19160717300524108 0.1107246723170228 0.12678569625778746 0.11799809138669914 0.1225767638186007 0.09652920150714807
0.07596626300948497 0.09687648689267658 0.07372358394175084 0.08445642447053857 0.1457751269921457 0.2588167859160654 0.09547247983626099 0.16891284894107714
0.10228116242324764 0.06844459718508125 0.20481792535840873 0.1368891943701625 0.10513319954049824 0.10661241007824442 0.15262123611121103 0.12320027493314624
0.08143569846176077 0.1130431162672254 0.12548395026972486 0.14130389533403176 0.09731688189189998 0.17601088045230662 0.09584090292221284 0.16956467440083806
0.10579526211352144 0.06852570861090576 0.23419087307024491 0.13705141722181152 0.09452658504303915 0.08870787859149568 0.15172155264278683 0.11948072270619466
0.09814096646320479 0.1351344296907495 0.11021507998136235 0.11780950280732008 0.1149877846860406 0.20243525718539968 0.07990557581713882 0.1413714033687841
0.13945910020290156 0.08902858688673476 0.1804019868527255 0.11128573360841847 0.1300197571779534 0.12557238695579628 0.1240752880678934 0.10015716024757661
0.14889863991865226 0.08642142557000468 0.20262966330858978 0.10802678196250584 0.13072162693092026 0.10563595835502436 0.12044180018804755 0.09722410376625525
0.11451439594755325 0.06494467296208979 0.2542855245213626 0.12988934592417958 0.09850206413848536 0.07614665770387805 0.14481692747068978 0.11690041133176164
0.09683025428355534 0.12971855078604114 0.15741040263410147 0.1621481884825514 0.08363477021181882 0.1418403854786855 0.08248407848895006 0.14593336963429623
0.0834651554892271 0.11070236962608439 0.1142701365930786 0.13284284355130124 0.1005837259065578 0.19245008173114847 0.09963213266347594 0.16605355443912656
0.07793807818316845 0.11205974648261417 0.10424057900235442 0.1400746831032677 0.09638745363241176 0.20620266350656766 0.09500717636569461 0.16808961972392122
0.11702044313543236 0.07775882868648684 0.15511864315060078 0.09719853585810855 0.1452384130469907 0.1465347412797011 0.14449215181294944 0.11663824302973028
0.1093049812505386 0.06625582450258041 0.23657634335410996 0.13251164900516083 0.10386037920010152 0.08448973887113986 0.1477405997117241 0.11926048410464475
0.1225742681700792 0.07572198616098196 0.19536167195732632 0.09465248270122745 0.14491325877025665 0.11248608020698 0.14070727279167544 0.11358297924147293
0.10913434325902625 0.06527576224174347 0.25197852365156936 0.13055152448348695 0.1023808152623738 0.0776274519186548 0.14555520714800707 0.11749637203513823
0.10505944468455772 0.06485712344046239 0.2749947254014506 0.12971424688092478 0.09284610817584514 0.07116382411937366 0.14462170510455344 0.11674282219283232
0.08251259160417158 0.11260365704678356 0.1413877397071008 0.14075457130847946 0.09606576676243876 0.16230187006988187 0.09546831793096869 0.16890548557017535
0.08088409489456959 0.11016802881243143 0.11025755118368648 0.1322016345749177 0.10272135729526367 0.19936406408929566 0.09915122593118829 0.16525204321864712
0.09131686185121446 0.1319735950346372 0.0849361829531131 0.11505390336352986 0.11459393248654129 0.24602427973250804 0.07803656054222025 0.13806468403623584
0.10626351076250827 0.06823687241371827 0.20955549079343522 0.13647374482743654 0.10046718447253473 0.1040187855109052 0.1521580408747688 0.1228263703446929
0.10602518917070472 0.06596640267426947 0.25945893940934844 0.13193280534853893 0.0940984825488559 0.07668342380271893 0.14709523223187848 0.11873952481368505
0.10423666302448041 0.0648032897047844 0.27800715522509306 0.1296065794095688 0.09126629270649657 0.07093243455208753 0.14450166390887745 0.1166459214686119
0.08234422835099317 0.11256388266628893 0.14204502860022783 0.14070485333286117 0.09589309381919095 0.16216849305741177 0.09543459617359279 0.16884582399943338
0.10595280081883388 0.06808870512745534 0.240703477629088 0.13617741025491067 0.09368256328736631 0.08592228396522096 0.15075399100258732 0.11871876791453753
0.09889101367384802 0.13487318504235885 0.11140893197811902 0.11758175106256925 0.11547275841356107 0.20092315783376155 0.07975110072069913 0.1410981012750831
0.10729435729779403 0.06779990337767691 0.2205747707898463 0.13559980675535382 0.10003311401017448 0.09547455654568016 0.1511836651436557 0.12203982607981845
0.10586093369309242 0.06569936650255578 0.26356262492468624 0.13139873300511157 0.0937436055945096 0.07497609515034208 0.14649978142510198 0.1182588597046004
0.10404274940866567 0.06469378355183342 0.2794887288557394 0.12938756710366683 0.09113864055397046 0.07054223860082551 0.14425748153199866 0.11644881039330013
0.10307403381969661 0.06430880052743426 0.2853003177030101 0.12861760105486852 0.09011718370946456 0.06942719538840286 0.14339902684774147 0.11575584094938167
0.08208929828577875 0.11246587190172698 0.14364815196163988 0.14058233987715874 0.09567476665813653 0.1614892633723739 0.09535150009059463 0.16869880785259048
0.10583467878716306 0.06804950191724947 0.24134327946585066 0.13609900383449894 0.09358996827471724 0.08576596224907829 0.15066719187213556 0.11865041359930678
0.0827196482414013 0.11284409708150261 0.13379868242266824 0.14105512135187825 0.09659446672278646 0.16804966929275697 0.09567216926475221 0.16926614562225387
0.11930350986142296 0.07661059895145397 0.15982377799936515 0.09193271874174477 0.1513383544859188 0.14015019114919164 0.14592495038372186 0.11491589842718096
0.06124462130972858 0.0808657838039123 0.0831952837322524 0.10108222975489037 0.13075547686054292 0.22642527661032094 0.11426686841857173 0.20216445950978074
0.11195911256453464 0.07722219693929251 0.147295224401464 0.09652774617411564 0.15654523504459317 0.15112221157240577 0.14349497789465548 0.11583329540893876
0.10834074251854983 0.06630800460723865 0.23327005892807903 0.1326160092144773 0.1068666958038193 0.0853871270777699 0.14785695355703662 0.11935440829302957
0.10553328076244603 0.06527727944030255 0.26803469243357775 0.1305545588806051 0.09465820246689027 0.07288429274928736 0.14555859027434626 0.11749910299254458
0.08261855002835851 0.11262147565322969 0.13981740735125356 0.1407768445665371 0.09677897351119714 0.16297111039923265 0.09548342501034691 0.1689322134798445
0.1061679950732618 0.0681300513595952 0.23979036623393535 0.1362601027191904 0.09390883613246899 0.08610625474092799 0.15084553495978748 0.11879085878083265
0.09894713852900228 0.13485825851454467 0.11122745292003913 0.11756873819216715 0.1155880048320846 0.20098564658165685 0.07974227459990467 0.14108248583060057
0.10732420568727145 0.06779469158863355 0.22048104157482246 0.1355893831772671 0.10012452091978875 0.09548366856070842 0.15117204363196793 0.12203044485954039
0.1058839221126516 0.06569348745613655 0.26351123448118263 0.1313869749122731 0.09381619126197997 0.0749732403256734 0.1464866720290567 0.1182482774210458
0.09519321069407265 0.1296936448794941 0.15977293715581997 0.16211705609936763 0.08342873472602348 0.1414208243748086 0.08246824158098266 0.14590535048943085
0.12264812723612624 0.07655608447137947 0.16806928739320803 0.09186730136565538 0.14718127643105608 0.13302268311668752 0.14582111327881805 0.11483412670706922
0.08454844133476563 0.11080036589621388 0.11584652900753231 0.13850045737026734 0.10670731202444614 0.18345690487131586 0.09393944065113786 0.1662005488443208
0.13719616638834586 0.08970532595267072 0.1835729674439472 0.1121316574408384 0.1296134455645786 0.12184351550046718 0.12501843001239746 0.10091849169675456
0.12918233129430629 0.07492284756448178 0.1768540246273208 0.09365355945560222 0.15258232735514138 0.1211983320612311 0.13922230629519375 0.11238427134672266
0.12674119618049137 0.07467964549397321 0.1742192027671388 0.09334955686746652 0.159496521044644 0.12072402337548059 0.13877038602984576 0.11201946824095982
0.11060038388160084 0.0654940970175118 0.2432795445481772 0.1309881940350236 0.10637018030157257 0.07933616447390213 0.1460420611106905 0.11788937463152126
0.1056569355138954 0.0649935164936779 0.27164079277328074 0.1299870329873558 0.09421018581486745 0.07159736547225047 0.14492584125605193 0.11698832968862023
0.13858446595580048 0.08614025374598064 0.23582402944791567 0.10767531718247579 0.12159989733831549 0.09321830767825465 0.120049943187029 0.09690778546422821
0.08771563765737145 0.11098663929860199 0.1315582929166147 0.1387332991232525 0.10156510023674062 0.1688637037185271 0.09409736810098865 0.166479958947903
0.07899410967309904 0.11240197605603065 0.10840381190202111 0.14050247007003833 0.09771561981525702 0.19808172087374268 0.09529732752576511 0.168602964084046
0.1359906960945992 0.09007657430124225 0.18134573303278986 0.11259571787655281 0.1275930310340207 0.12552627880505451 0.1255358227668432 0.10133614608889752
0.14848241116920363 0.08634086121483976 0.20291411549046598 0.1079260765185497 0.13132130189313357 0.10555224371374453 0.12032952113336809 0.09713346886669472
0.08938791167915529 0.11085774016979173 0.12398323756755199 0.1385721752122397 0.10355408319594427 0.173370157863632 0.09398808405699735 0.1662866102546876
0.10536182477067367 0.06814558957935732 0.2269344746139303 0.13629117915871464 0.09780943281907817 0.09084094403695525 0.1519544937784475 0.12266206124284317
0.10531292288015463 0.06561793305288698 0.26606914170851204 0.13123586610577395 0.09322868422012444 0.0741049755507646 0.14631819698658677 0.11811227949519656
0.1038701823288802 0.06463343390908292 0.28040612847322277 0.12926686781816585 0.09102224409101928 0.07033805150720537 0.14412291083607442 0.11634018103634926
0.10303194774359273 0.06427806162927797 0.2856179931315258 0.12855612325855595 0.09012057168790641 0.06936430792369261 0.1433304836927482 0.11570051093270037
0.10266053186272461 0.06415116047598526 0.2875117581687129 0.12830232095197053 0.08977632158402626 0.06907830503843083 0.14304751306137606 0.11547208885677347
0.10251146438626542 0.06410565246161615 0.2882005293648499 0.1282113049232323 0.08964870276620873 0.0689861346853445 0.1429460369815739 0.11539017443090906
0.12003019304095805 0.07508365828743147 0.211209181035002 0.09385457285928933 0.13996409112178998 0.10771169000370708 0.1395211262206749 0.11262548743114718
0.10802109055410007 0.0648943673157938 0.25801900698050995 0.1297887346315876 0.10134425233885513 0.07641793362296935 0.14470475338775513 0.11680986116842886
0.12181854584678498 0.0753261104910651 0.20174925055863538 0.09415763811383138 0.14406313198824452 0.10992450418816027 0.13997165307668066 0.11298916573659765
0.10872402402515781 0.06507680570532742 0.2543320718760859 0.13015361141065485 0.10246869914179205 0.07699497380458789 0.14511156376680473 0.11713825026958936
0.10487834626188405 0.06475945155015826 0.2757921829869271 0.12951890310031652 0.09311248233883042 0.07096770960452962 0.1444039113670693 0.11656701279028486
0.10339438275431845 0.06436682087660175 0.28389165142048367 0.1287336417532035 0.09066512913661533 0.06955969291426269 0.14352840356663138 0.11586027757788316
0.13756316538165492 0.08589729955112736 0.2399346489901712 0.1073716244389092 0.12035333290731927 0.09253411829420999 0.11971134844158982 0.09663446199501828
0.12830510079487678 0.07421741581721629 0.19420820888166737 0.09277176977152035 0.14850430579413848 0.11275560850963054 0.13791146670512577 0.11132612372582443
0.14540205898236305 0.08579734746142273 0.20686709510028847 0.10724668432677843 0.13640126569568628 0.10219148299890747 0.11957204954045296 0.09652201589410057
0.08883286089382142 0.11082643855878387 0.12488102036618288 0.13853304819847984 0.10465177328632311 0.17207365512361203 0.09396154573462112 0.1662396578381758
0.09206354702856069 0.1306656493830385 0.12431593850806727 0.16333206172879813 0.08577491061281434 0.17376272752076202 0.0830863096620408 0.1469988555559183
0.10903720355387503 0.06851860855160674 0.2336071574994567 0.13703721710321348 0.09230091449069897 0.08832472315775307 0.15170583252777398 0.11946834311562202
0.07327918866936552 0.09926205918573687 0.0809900355921163 0.08653615416192445 0.1412851772300026 0.2477515982191777 0.09782347861782764 0.1730723083238489
0.10200325547055744 0.06820829646764015 0.20769077985612117 0.1364165929352803 0.10642396274350081 0.10438785810506661 0.15209432078008114 0.12277493364175225
0.10512720558003412 0.06598421070575611 0.2587149452060535 0.13196842141151222 0.09552595591238744 0.07677274042971705 0.14713494148417855 0.11877157927036099
0.13889601857018638 0.0864811087065977 0.23162554885204675 0.10810138588324711 0.12239481437687441 0.094684898323908 0.1205249779922173 0.09729124729492239
0.12879720971675138 0.0743191886615753 0.19164869015861724 0.09289898582696914 0.14931906600498887 0.11343749472282273 0.13810058191591232 0.11147878299236295
0.1264284438047351 0.07452875990884945 0.17883712748960995 0.09316094988606181 0.1582329453213642 0.11852862464175065 0.13849000908435458 0.11179313986327417
0.12588819315946506 0.07458861914704043 0.17471224196851765 0.09323577393380053 0.16117318896864305 0.11991781404515865 0.13860124005681393 0.11188292872056063
0.08516571928514297 0.1107255776246959 0.11740466092641762 0.13840697203086988 0.10979302778383351 0.17853964270844977 0.09387603320354652 0.16608836643704383
0.11848274973318267 0.07735497004586815 0.15882329779361332 0.09669371255733519 0.15003952739648133 0.13883158933440987 0.14374169807030726 0.11603245506880223
0.10949909556112421 0.06607576808316441 0.23782246320113362 0.13215153616632883 0.10517464625815554 0.0830010074098786 0.14733910077051887 0.11893638254969595
0.10564605391810056 0.06516243238324206 0.26970595961507815 0.1303248647664841 0.0941949291281621 0.07237088342064428 0.1453024984784532 0.11729237828983571
0.10378229738038344 0.06451510285899632 0.2816718268772148 0.12903020571799265 0.0910758044950764 0.06993852726841082 0.1438590502557321 0.11612718514619338
0.12049252494194626 0.07518041849278108 0.20923359984676057 0.09397552311597636 0.14057056923063452 0.10807580973196464 0.13970092690076485 0.11277062773917161
0.10819209229242059 0.06493621993942365 0.25725727438201496 0.1298724398788473 0.10153393319307005 0.07652476593147138 0.14479807849178947 0.11688519589096259
0.12187679706412707 0.07533594780427143 0.20151591548456438 0.09416993475533929 0.14414331496669824 0.10996423535841644 0.13998993286017603 0.11300392170640715
0.09787718188639065 0.1283860835439632 0.14302059826922 0.160482604429954 0.09225112812352221 0.151911256636928 0.08163680312306355 0.1444343439869586
0.1233252948235323 0.0764727425620525 0.16257637255025048 0.091767291074463 0.14977800284347803 0.1357088155182832 0.14566236678486189 0.11470911384307873
0.07295678837552523 0.09545896187778784 0.06887573422519716 0.0832206334319176 0.15406483958677772 0.26490627697679153 0.09407549866216773 0.1664412668638352
0.11334022508395608 0.07576581483311286 0.14031311646181888 0.09470726854139105 0.16199712701817184 0.15943901018915535 0.14078871562272463 0.11364872224966928
0.10874728711883785 0.06629752755909388 0.23016353334613748 0.13259505511818775 0.1081566540050275 0.08687080194293423 0.1478335913034123 0.11933554960636898
0.10572538813720231 0.06532556142803551 0.2668284449557332 0.13065112285607103 0.09503155972668895 0.07318566042508098 0.14566625190072396 0.11758601057046393
0.0826664044145915 0.11262124438382702 0.13954376290636417 0.14077655547978377 0.09689214287451241 0.16308479443106644 0.0954832289341142 0.1689318665757405
0.10613674153022948 0.06805833016967787 0.23951012272484146 0.13611666033935574 0.09475047980883805 0.08607512062854404 0.1506867383488187 0.11866580644969475
0.08279687615714097 0.11282889133292967 0.13337851916330395 0.14103611416616207 0.09690713307944408 0.16814985166718444 0.09565927743444037 0.16924333699939448
0.1432539014216986 0.09183777690134233 0.1915151270941251 0.11020533228161081 0.12785151810012377 0.11725806762267384 0.12200183305086745 0.09607644352755812
0.10489900203195489 0.1315936937980654 0.10041417018099268 0.11472270741369806 0.12194096915172187 0.21095028523783874 0.07781192328929085 0.13766724889643764
0.08082665056406227 0.11033596825725087 0.1000466172208263 0.1379199603215636 0.10059133001915568 0.211229809013161 0.093545712218104 0.16550395238587629
0.11750061540566395 0.07745959197727387 0.15327928507475644 0.09682448997159233 0.1473222930338141 0.14748822909083037 0.14393610748015817 0.11618938796591081
0.09696411002416877 0.12851767765987707 0.13046327033786798 0.1606470970748463 0.0928237020671928 0.16428127565235065 0.08172047981633487 0.14458238736736168
0.1230467981972287 0.07641699894972741 0.15847036002557133 0.0917003987396729 0.15125535434770723 0.13892840283983002 0.14555618847567123 0.1146254984245911
0.072797006029424 0.09530318081037202 0.06821507396559258 0.08308482429622177 0.15427340832214184 0.26623488269242307 0.09392197529138113 0.16616964859244354
0.10193749151386218 0.06816597709796672 0.20167291259007308 0.13633195419593344 0.10936457474045037 0.1078283761833408 0.15199995490203327 0.12269875877634011
0.0818493552019098 0.11261078520134417 0.12456997689938257 0.14076348150168022 0.0998104375327761 0.17600542449453385 0.09547436136635702 0.16891617780201626
0.10645931244165094 0.06837403859945565 0.23343563707943146 0.1367480771989113 0.09577755007580184 0.08860336940690303 0.15138574276802552 0.1192162724298201
0.09896907909176941 0.1347968859432441 0.10996709190150432 0.11751523389923846 0.11602013539605169 0.20200730835744868 0.07970598473165738 0.14101828067908614
0.10737884098457617 0.06781295188429307 0.21995208863092416 0.13562590376858613 0.1002649196099142 0.09568922036410746 0.15121276136587142 0.12206331339172753
0.12258118158921857 0.07603066829107331 0.19043582777440152 0.09503833536384165 0.1448400573754418 0.11574705847928439 0.1412808686901288 0.11404600243660998
0.08472717503605816 0.11101140467506733 0.12111882369588085 0.13876425584383417 0.10646241923995096 0.17728044966339826 0.09411836483320926 0.16651710701260097
0.10438864608250574 0.06822629221357562 0.22584582190000915 0.13645258442715125 0.09853721855097614 0.0916076622337609 0.15213444860758504 0.12280732598443612
0.1051359193846042 0.06564880464541595 0.2656776658883559 0.1312976092908319 0.09342113919452724 0.07426397720429019 0.14638703603022604 0.11816784836174873
0.10384529382328622 0.06464385627812577 0.2802657824530549 0.12928771255625154 0.09107762749103145 0.07037463493416134 0.14414615116346252 0.11635894130062638
0.13782357504805148 0.08598838197609224 0.2387494609377985 0.10748547747011528 0.12057765910279507 0.09280022966715397 0.11983828607488972 0.09673692972310376
0.11102255250139567 0.06418874196991876 0.2681864962946465 0.12837748393983753 0.09637225527598803 0.07318142028869022 0.1431313141836696 0.11553973554585378
0.10489635780898589 0.06441620520369165 0.2808480358188871 0.1288324104073833 0.09142611735951832 0.06999318078964198 0.14363852324524676 0.115949169366645
0.10321863447799091 0.06424227880461289 0.28572702142696926 0.12848455760922578 0.09016519488303601 0.06927551761539648 0.14325069333446516 0.11563610184830321
0.10269396442317939 0.06414438980460391 0.2875425841642718 0.12828877960920781 0.08978040231728854 0.0690575625584179 0.1430324154747436 0.11545990164828702
0.10251692879916556 0.06410400758856995 0.28820983067820594 0.1282080151771399 0.08965041414871042 0.06898122078859796 0.14294236916018432 0.11538721365942592
0.13717105173931265 0.0858046849469126 0.24137175098815203 0.10725585618364075 0.11996634838316861 0.09231776171714925 0.11958227547638753 0.09653027056527666
0.08744101536818269 0.11094195721557643 0.13278811410983607 0.13867744651947053 0.10120637889692467 0.16847266660126517 0.09405948546538001 0.16641293582336464
0.1377418169439759 0.08947777841785053 0.18961281221053378 0.11184722302231317 0.12777832991886884 0.11817823190418501 0.12470130686219094 0.10066250072008184
0.10116442695867284 0.12843080166589718 0.1399056553612743 0.16053850208237144 0.08918783030566507 0.1546228937361699 0.08166523801581504 0.1444846518741343
0.11040348203730563 0.06793410672093839 0.2393169871984738 0.13586821344187677 0.09305626788188065 0.08456003358057289 0.15041169742039268 0.11844921171855924
0.08358281144890391 0.1128493452109645 0.1333757120787457 0.14106168151370563 0.09656635895816094 0.16761345420725474 0.09567661876581773 0.16927401781644674
0.11952602177114655 0.07647232793039332 0.15947212778822606 0.09176679351647199 0.15253604983275196 0.13985661025514712 0.145661577010273 0.11470849189558997
0.0992654607814168 0.13093258624483364 0.09389883672905519 0.11414635723908576 0.12748995638224497 0.21987016641777637 0.07742100751868425 0.1369756286869029
0.0930283369684366 0.12854659299383617 0.11490872708319357 0.16068324124229522 0.08893857588653013 0.18754074251047503 0.08173886619716758 0.14461491711806568
0.10939775948921227 0.06851960429647334 0.2293357454228592 0.1370392085929467 0.09380525266618016 0.09072431305739671 0.15170803718877285 0.11947007928615865
0.09956220067251702 0.13475992095846745 0.10915714464604313 0.1174830080150742 0.11547347560268414 0.20290051331168332 0.07968412717544161 0.14097960961808903
0.08013490901464722 0.11077276534520436 0.10227967672004808 0.13846595668150544 0.09952258039881438 0.20874892363799633 0.0939160401839776 0.16615914801780654
0.1039393050694193 0.06863600081975155 0.21833137101660385 0.1372720016395031 0.0976634726633357 0.09756500966701467 0.1530480376488191 0.12354480147555279
0.09511112509681408 0.13032185608499086 0.1483991332613028 0.1629023201062386 0.08443431846162118 0.14935145692633112 0.08286770196708658 0.1466120880956147
0.10885595094916088 0.0679031667523381 0.24308030894031205 0.1358063335046762 0.09201990909897928 0.08359587186168216 0.1503431937862105 0.1183952651066408
0.08330798319332929 0.11285098424380612 0.13422536875646437 0.14106373030475766 0.09634623925382747 0.16725120950148753 0.09567800838061824 0.16927647636570917
0.1065075600418621 0.06818277636515804 0.23738264560161101 0.1363655527303161 0.09480810062389447 0.08690830262055414 0.15096227245684155 0.11888278955976274
0.08286739284750186 0.11284231096005216 0.13290149125167344 0.14105288870006522 0.09692490156301643 0.16847689329322063 0.09567065494439206 0.16926346644007825
0.10644707180884243 0.0682114675155636 0.23684925364956305 0.1364229350311272 0.09496424312022159 0.08714641669668435 0.15102579702265606 0.11893281515534165
0.07286076839892046 0.09923065687955739 0.08143390374180381 0.08650877779243464 0.14210261190222076 0.24705319428265876 0.09779253141753481 0.17301755558486928
0.10188644706988906 0.06819639912513467 0.20786864474951197 0.13639279825026934 0.10658368920714559 0.10425071169079039 0.15206779148201668 0.1227535184252424
0.1050937524231098 0.06597956457902171 0.25878118696595465 0.13195912915804342 0.0955535464098141 0.07674502290680472 0.14712458131501255 0.11876321624223907
0.12129963365368193 0.07553030427828977 0.2023185295310086 0.0944128803478622 0.14253857736472236 0.11025353060629782 0.14035108780070263 0.11329545641743463
0.10861308157006773 0.06508885368415226 0.2546040010447224 0.13017770736830453 0.10216110211638665 0.07705688862351406 0.1451384289613783 0.11715993663147407
0.09573853499991859 0.1295981258436515 0.157455900952566 0.16199765730456434 0.08496243119707543 0.1420419541949248 0.08240750393319143 0.14579789157410789
0.10864674873156294 0.06766577860662902 0.24660019099339367 0.13533155721325804 0.09182004191996904 0.08213672804969267 0.14981759691496205 0.11798135757053263
0.12256855837772337 0.07577861217517286 0.19875250646231 0.09472326521896608 0.14174955045008103 0.11194709329464374 0.1408124957583436 0.1136679182627593
0.10903522314083008 0.06517463315826624 0.2532464979521277 0.13034926631653249 0.10211705379105687 0.0774332815705615 0.1453297043857459 0.11731433968487923
0.08320725987556027 0.11253786328419914 0.13641124973167992 0.14067232910524893 0.09835647357824971 0.16459549323607284 0.09541253626269057 0.1688067949262987
0.08114788531083117 0.10995871458668387 0.10902401312180397 0.13195045750402065 0.10403599124440313 0.1999820232242158 0.0989628431280155 0.1649380718800258
0.06594201877504338 0.09519786871799692 0.06112197661952341 0.08299301375415118 0.13872922388862685 0.2962116812751413 0.09381818946121437 0.16598602750830235
0.10061117706671524 0.06838224930959211 0.19889809798872787 0.13676449861918422 0.10634436742147736 0.11342935118251417 0.15248220965452328 0.12308804875726577
0.10510584088364947 0.06617790443507082 0.2553917931986982 0.13235580887014164 0.09578118781647076 0.07850038722180308 0.1475668495910385 0.11912022798312748
0.1041934758243279 0.06488430204117795 0.27648920020209383 0.1297686040823559 0.09187266111619563 0.07131770373208686 0.1446823093276416 0.11679174367412033
0.082358650201128 0.11254903427980294 0.141692429812981 0.14068629284975367 0.09617062094935695 0.16229741316309226 0.09542200732418075 0.1688235514197044
0.10597840846954779 0.06797424132389 0.24029736446065866 0.13594848264778 0.09491922651428517 0.0858625278522524 0.1505005587309571 0.11851919000062872
0.08276169784099942 0.11281429808938136 0.13354869983495143 0.1410178726117267 0.09693514659025347 0.1680539329967487 0.09564690490186682 0.16922144713407206
0.10635854765410663 0.06816159271715698 0.23703270269635623 0.13632318543431396 0.09532916145366695 0.08703358595744994 0.15091537011857303 0.11884585396837627
0.09897029941304446 0.1348118227094215 0.11067331304829689 0.1175282556953931 0.11593056838987109 0.20133701700306073 0.07971481690644053 0.1410339068344717
0.10735751374053862 0.06779957263539471 0.22024121669846852 0.13559914527078942 0.10022566389378175 0.09555472937958569 0.1511829276377309 0.12203923074371048
0.12257056710868074 0.07602700093555204 0.19052460828564777 0.09503375116944004 0.14482168090108355 0.11570783621901078 0.14127405397725715 0.11404050140332805
0.10930711248103947 0.06534531346293163 0.25005683407039586 0.13069062692586325 0.10300945558039763 0.07825879725561782 0.1457102959904774 0.11762156423327695
0.0832656655442288 0.11256200409433406 0.13569987957248975 0.14070250511791757 0.09856068940590718 0.16493324665233838 0.09543300347128322 0.16884300614150105
0.1063781668325917 0.06809196802508233 0.23784459694700494 0.13618393605016466 0.095572576425776 0.08644308332381646 0.15076121532618958 0.11872445706937433
0.0828405147905773 0.1128315216296697 0.1330040810702392 0.14103940203708712 0.09708459190371846 0.16829109865557046 0.095661507468633 0.16924728244450454
0.11925089453460318 0.07641071453199673 0.15925491836652145 0.09169285743839609 0.1532755877074669 0.1399547374668365 0.14554421815618424 0.11461607179799509
0.08383492247104937 0.11064082509431768 0.11372480056271048 0.13830103136789712 0.10789428179087053 0.18583872327432216 0.09380417779735631 0.16596123764147652
0.10438325257436554 0.06835216450901195 0.22281972242722378 0.1367043290180239 0.09903528343521298 0.09325622688044191 0.15241512503949828 0.12303389611622151
0.10523846216688079 0.06571821811621927 0.26454513304824706 0.13143643623243853 0.09361596931932442 0.07461117079779739 0.1465418177098979 0.11829279260919467
0.10390824818204092 0.064671160715674 0.2798513759049005 0.129342321431348 0.09115248016261669 0.07045928833130088 0.14420703598390588 0.1164080892882132
0.12057214964303847 0.07521599025629781 0.20869673959568763 0.09401998782037226 0.14065109757716218 0.10825302305271033 0.13976702667028473 0.11282398538444671
0.10822949326695844 0.06494883744481486 0.2570531481394951 0.12989767488962972 0.10156871474590255 0.07656801046693039 0.14482621364560208 0.11690790740066676
0.1046772477210227 0.06469958398470337 0.27680746367253095 0.12939916796940673 0.09285100092275318 0.0708358689255546 0.14427041563156243 0.11645925117246606
0.1033147725200207 0.06434324714718569 0.2842643980579989 0.12868649429437137 0.09058303070521555 0.06951437474177294 0.14347583766850064 0.11581784486493425
0.10276715574489768 0.06418023426298841 0.2870123456193498 0.12836046852597682 0.08991065687415066 0.06913237403223556 0.1431123432670219 0.11552442167337915
0.10255181530423298 0.06411681336206412 0.2880172436588342 0.12823362672412825 0.08969308961917864 0.06900622315607963 0.14297092412376686 0.11541026405171542
0.1371875215569858 0.0858090301849993 0.2413080121085115 0.10726128773124911 0.11998323160394057 0.09232742660955802 0.11958833124663147 0.09653515895812421
0.11078937112310858 0.06413234452129057 0.2691534444200188 0.12826468904258115 0.09617299325295561 0.07304338121096379 0.1430055562907584 0.11543822013832304
0.10481086762064036 0.06439390597667001 0.2812049110064484 0.12878781195334002 0.09135670077542145 0.06994797261224253 0.14358879929723134 0.11590903075800602
0.08243552968693293 0.11247100439723935 0.14273098037975632 0.14058875549654923 0.0960166884976302 0.16169468339185167 0.0953558515541812 0.16870650659585903
0.10593834835362144 0.06793121899127937 0.24067095533245683 0.13586243798255873 0.09502642788804219 0.08572113099978225 0.15040530374951555 0.11844417670274351
0.08275162960731257 0.11280763876342031 0.13363019419694772 0.1410095484542754 0.09695463553079164 0.16799363635052625 0.0956412589515955 0.16921145814513047
