0.125 0.125 0.125 0.125 0.125 0.125 0.125 0.125
0.09106475716064757 0.15177459526774598 0.10927770859277709 0.18212951432129515 0.0793897882938979 0.13231631382316314 0.09526774595267748 0.1587795765877958
0.09386403173849715 0.17790752202366236 0.08447762856464744 0.14079604760774575 0.11733003967312146 0.1955500661218691 0.10559703570580932 0.08447762856464744
0.07295173961840629 0.12906846240179573 0.09118967452300786 0.16133557800224466 0.08754208754208755 0.15488215488215487 0.10942760942760943 0.19360269360269358
0.09612633457119008 0.07759595682252693 0.19225266914238015 0.15519191364505386 0.08651370111407107 0.0796193001960873 0.17302740222814214 0.13967272228054847
0.09841441448189 0.08294622795633189 0.19682882896378 0.1550027028089768 0.09251761994219214 0.06756528071160527 0.17159436371201336 0.13513056142321053
0.07110161980082935 0.125795173493775 0.10489749172096442 0.15724396686721878 0.08532194376099522 0.1602946144143106 0.10665242970124404 0.1886927602406625
0.0695220502320036 0.12300055041046792 0.09536874489758136 0.1537506880130849 0.08342646027840434 0.18614760520475046 0.10428307534800542 0.18450082561570186
0.10942857101351018 0.09592374513238795 0.1428323210923979 0.10340999960776713 0.1472812575325385 0.1077187495914241 0.1641428565202653 0.12926249950970892
0.11743860354764529 0.08600306822759399 0.15095641214369024 0.10750383528449248 0.12784933724579645 0.121432469652145 0.15981167155724554 0.12900460234139097
0.10474869941512893 0.0802960653482354 0.21543729488515917 0.148589740644153 0.09212358788731542 0.06476988694745131 0.1644949509776541 0.12953977389490262
0.07874828122456728 0.12845120646901131 0.11698781881445158 0.14312412720067408 0.09735267938924548 0.14908763250070217 0.10734309540050559 0.1789051590008426
0.09699228772990588 0.1687588101944293 0.09705624341363943 0.13535712259738716 0.13110741695068334 0.18799600360748217 0.10151784194804038 0.0812142735584323
0.07415563222559869 0.12003714975755982 0.09269974001853529 0.1500464371969498 0.09164944768558736 0.1895852415110633 0.10177062696836596 0.18005572463633973
0.1359092498241984 0.11137831187773828 0.17587088368646586 0.11999788949725058 0.13220957008454437 0.08717795390825896 0.1328425964316327 0.10461354468991077
0.09222266527850022 0.1442716820259216 0.08313634482857292 0.12577531253541885 0.11971985839382475 0.19863528904514882 0.08530847285011017 0.15093037504250262
0.09862206728693222 0.07301724375522947 0.19563464124239588 0.14603448751045894 0.09814944064594888 0.09429352532154281 0.16281755547807883 0.13143103875941303
0.09643092309374685 0.07099060422528795 0.2349570365320625 0.1419812084505759 0.09248507227372363 0.07707361600926345 0.15829845180982122 0.12778308760551832
0.10370312437544656 0.07491051258953817 0.24987585643616164 0.14005078536023843 0.09327441006959021 0.06104777823395009 0.1550419764671748 0.12209555646790018
0.0818791514051568 0.12407810385702282 0.12965834834811782 0.13848815338472764 0.10466144312642839 0.14425849310909128 0.10386611503854572 0.17311019173090952
0.08029559525847803 0.1315814689752092 0.10844071951693735 0.14081109106718945 0.11057072318615141 0.1466782198616557 0.1056083183003921 0.17601386383398682
0.1093879585870221 0.08185378232873097 0.1568992799236733 0.1023172279109137 0.14483409893268015 0.12982554748168929 0.1521014313421941 0.12278067349309646
0.14237142016395749 0.10175815295216128 0.19364426566291162 0.11286282232077292 0.14403196732259071 0.08199435809628802 0.12494378376577223 0.09839322971554562
0.07221384134022334 0.10192344307286122 0.0722964944287052 0.08885633498659697 0.14476837169638165 0.24178255277805835 0.10044629172397918 0.17771266997319393
0.09868766479379491 0.07055689409950044 0.20360386619446652 0.1411137881990009 0.09902002583817064 0.10268400853379626 0.15733134296216963 0.1270024093791008
0.08470705785377285 0.12380289494807105 0.12120006572736453 0.13876264726005452 0.10945761546140453 0.14454442422922345 0.10407198544504088 0.17345330907506812
0.11423311854195294 0.08027433495594788 0.1620727299523801 0.10034291869493485 0.1422651077117344 0.13123379961934425 0.14916648808978375 0.1204115024339218
0.14867189471544007 0.10060708003177155 0.19373577620815097 0.11166903130927484 0.14321444683070259 0.08112707402810564 0.12362220804282763 0.09735248883372677
0.09366190937985669 0.12433486992843609 0.11750969074197808 0.1350906824404237 0.11850202175301683 0.14071946087544132 0.10131801183031776 0.16886335305052957
0.09034326940818653 0.13709594513227932 0.08762982917617068 0.11951954191019223 0.11786182838646958 0.22306070726842764 0.08106542842604342 0.14342345029223066
0.07376709781281592 0.11219954787106859 0.09718965074507918 0.14024943483883576 0.09675292462352944 0.21641631867224917 0.09512570362981902 0.1682993218066029
0.09778745397389768 0.06970073174290131 0.21574113016544413 0.13940146348580262 0.09699645783878429 0.09948921696356765 0.15542222869237993 0.12546131713722236
0.08777713636042743 0.1319402439924605 0.14809754213785709 0.1649253049905756 0.08394619454706433 0.1509840178979346 0.08389678558216238 0.14843277449151804
0.09761200534253262 0.07724179819583539 0.23671191273713774 0.13588738802164702 0.09227355228377686 0.08647039740530413 0.15150429679428404 0.12229864921948229
0.09601328483036506 0.07104294700100129 0.27227544884806987 0.13146576291772824 0.09100276314940664 0.07330609185203611 0.1465745147754373 0.1183191866259554
0.11050661850398892 0.08142835350972695 0.20981413983599362 0.09469512163261504 0.13967211589913409 0.10947884623241144 0.1407706584269919 0.11363414595913804
0.1487688495497753 0.09885001187893047 0.20598247334756062 0.10946479911428336 0.14079527444781376 0.07952570875824004 0.12118203239350864 0.09543085050988805
0.1254313982427618 0.0825030764134898 0.18577177708197992 0.09321984384101202 0.1529055398803591 0.10972699302723074 0.1385775589039522 0.11186381260921442
0.13842634733624937 0.09345270843522853 0.20594246970323368 0.10728793015577756 0.13734107789665845 0.10137229377091259 0.11961803556174004 0.0965591371401998
0.10666814334424875 0.07103012058849598 0.25825349153951016 0.12901923366260232 0.10017396440194806 0.0748909189340708 0.14384681723278198 0.11611731029634209
0.10913040082748354 0.07150515677758314 0.2695798000597707 0.13329253891395748 0.09462615577101806 0.058101875936853266 0.14756031983962734 0.11620375187370653
0.08779907231980234 0.1209554080018731 0.137909814788062 0.1351147255635004 0.10724702240444826 0.14074450579531292 0.10133604417262532 0.1688934069543755
0.09019563358431601 0.14913688682094953 0.09133327360562433 0.11540854546921024 0.11643440178901575 0.22072390376262832 0.07827710040520346 0.1384902545630523
0.11420635315567604 0.0879338384227456 0.149227271364525 0.09481258451365951 0.14983921017622454 0.14926036606181528 0.1409452748889625 0.11377510141639141
0.11330957065430732 0.07430648807124128 0.23933552769984537 0.13635039118802733 0.10744817667287669 0.059434785902473454 0.1509454880062818 0.11886957180494691
0.08064441211632069 0.12135134415576404 0.13532974949902996 0.14062555915127328 0.09986229364275628 0.15805515642029025 0.09538081403303754 0.1687506709815279
0.08428049048693732 0.1298632872397673 0.11315141516668108 0.1390305598168978 0.11078962784665225 0.14482349980926854 0.10427291986267335 0.17378819977112225
0.08536492820937595 0.13086993534775315 0.10829189735683023 0.13906521719078158 0.11341798627329844 0.14485960124039748 0.1042989128930862 0.17383152148847697
0.07585966348177645 0.12720978935058844 0.10384479431667895 0.1399185950363052 0.10028753958244636 0.19007599625097046 0.09490130793766786 0.1679023140435662
0.10818374785315883 0.07970262555856704 0.22855311378303073 0.14164089613407277 0.0998946118834402 0.06174090344305737 0.15680229445855837 0.12348180688611474
0.08827759175153907 0.12214965612394793 0.1334013317080592 0.13540939947869923 0.1088917641900443 0.1410514577903117 0.10155704960902444 0.16926174934837404
0.10715163242529964 0.16162504448288392 0.1059885041123958 0.12958232633180167 0.1407408988610733 0.17997545323861347 0.09718674474885126 0.07774939579908101
0.0658319100819907 0.10869443288260827 0.06006026794687077 0.08070288589562863 0.14825939799836813 0.2838159841299569 0.09122934927331931 0.16140577179125726
0.06969942048058445 0.11887856352311879 0.08869754704339211 0.1329455132288454 0.10397206940666634 0.23610053103538764 0.09017173940739079 0.15953461587461445
0.09819575229160682 0.07659828331538432 0.21250070974642002 0.1360359497842261 0.09882669334317366 0.10374032464052464 0.15166993207286103 0.12243235480580349
0.12313895531426813 0.08199247739650437 0.18505559303214011 0.09113980410307096 0.15491500567760597 0.10516705362841146 0.14466635571916023 0.11392475512883869
0.08069962549342853 0.11980645166350379 0.12089236330158626 0.13758176967893596 0.10895598912986722 0.17364934637919865 0.09331633073875657 0.16509812361472315
0.08291954426108045 0.12649222815276873 0.10829332815690071 0.13528210660336437 0.11060495224034178 0.1658436273788152 0.10146157995252328 0.16910263325420544
0.08351429412376586 0.1275557119032218 0.1056735520168713 0.1356445135845176 0.11123238181047818 0.16509051939211022 0.10173338518838822 0.169555641980647
0.08227224708254748 0.12546433245406208 0.10344260568009754 0.13305478205410334 0.10966331513576792 0.1799931534852149 0.09979108654057751 0.16631847756762916
0.06997699342586701 0.1068042076355612 0.0658602331547596 0.08509853784737618 0.1491767186196492 0.25076798820518303 0.10211824541685141 0.17019707569475237
0.05952990579196191 0.10051131354333573 0.053157996849140625 0.07860541208976826 0.14708774502792848 0.3150385105907643 0.08885829192756413 0.15721082417953652
0.09583816415426338 0.07496237071680431 0.19432072000291936 0.13511753458484127 0.10871800266091894 0.11879145908990098 0.15064596766399463 0.12160578112635713
0.07710767414108957 0.11999093470658634 0.12351421099340151 0.1389387309565389 0.09942944448351668 0.18005582309615056 0.09423670447486986 0.16672647714784664
0.09825125043833006 0.08203295319838487 0.22673904731908226 0.1339800509761332 0.09659084706364605 0.09244604679878216 0.1493777583271216 0.12058204587851987
0.11481357338469315 0.08660002905341596 0.19452514685390587 0.09381560798738109 0.14342428003001426 0.11477943078419275 0.13946320232153964 0.1125787295848573
0.10209629124898005 0.07505499066368533 0.2535980719049204 0.1287716810928531 0.10292294341969611 0.07809069409471334 0.14357081459158397 0.11589451298356777
0.09867134595105843 0.07300123854586943 0.27861767852519637 0.12788040092851918 0.09318432859527027 0.07097554289662243 0.14257710372179674 0.11509236083566728
0.09727239752062748 0.07219155383850553 0.2883936229905949 0.12686900452783104 0.09042265465458006 0.06921919018044036 0.14144947221237278 0.1141821040750479
0.11329828156226962 0.0841935141044654 0.21396013212050422 0.09258512881987828 0.13990554782255918 0.10732122859154578 0.13763401239492354 0.11110215458385392
0.10112084542589997 0.07424551827316953 0.2613717929606764 0.12784769274153182 0.1015371785637471 0.07627341203338112 0.14254063653421534 0.11506292346737863
0.13089835229398147 0.09688796998991013 0.2345947951896867 0.10620287169594951 0.12350714889367656 0.09391800105689734 0.11840827635354371 0.09558258452635456
0.10362051468526175 0.07511183454198876 0.26918536158580564 0.1265852313997799 0.0971537085127467 0.07328355466292057 0.1411330863516949 0.11392670825980189
0.11486911714612885 0.08472799960185166 0.20762388324114192 0.09272762084794568 0.14237145935995316 0.10856093842043803 0.13784583636500583 0.11127314501753481
0.13404205674647868 0.09821170403335583 0.21336071134888693 0.10561035406682703 0.13489110051551276 0.10108709121398883 0.11774766341480566 0.09504931866014432
0.08364477871676525 0.1284968401233687 0.12624151176700624 0.13494387172089103 0.10350962942110302 0.1697035744098877 0.0915271477759087 0.1619326460650692
0.1155459946314257 0.09361580312708419 0.1607119621294239 0.09419922797766245 0.14662898248435619 0.13622547687423814 0.14003347920261464 0.11303907357319493
0.10710019939261105 0.07642284228717727 0.2390529716021532 0.1295271544142593 0.10445420943577899 0.08245507292884115 0.1444131109663458 0.11657443897283336
0.1034702740066028 0.07321368654228948 0.2722788092378456 0.12788911553925394 0.09366505762239637 0.07179603320386131 0.14258681986242194 0.11510020398532857
0.13546160374969535 0.09607983208357845 0.23775047715104666 0.10542473473580266 0.12055488014964164 0.09230549915511052 0.11754071171290238 0.09488226126222239
0.10940820783342964 0.07446399157159066 0.269402908585399 0.1254684892875233 0.09593347557083297 0.07251328455696122 0.1398880022354924 0.11292164035877097
0.08210264747054079 0.12540103749493378 0.14077263576712207 0.13725152357978643 0.09606377232182324 0.16061421733767317 0.09309233773237689 0.1647018282957437
0.10585037246890992 0.07628223394800702 0.23974518053174104 0.13485817425979674 0.09551405291815063 0.0808877786079768 0.14929354252610788 0.11756866473930998
0.08170877541203192 0.12630634674461289 0.13401878580411808 0.1379813856258924 0.09629242279334027 0.1645272462705022 0.09358737459843136 0.16557766275107086
0.10595249125746165 0.07649326076645058 0.23771442846922047 0.13512741000123302 0.09574205917083584 0.08157536969743805 0.14959159755936255 0.11780338307799801
0.09736753254974823 0.1505353766491989 0.11095589724234267 0.11465806819251978 0.11478533593489794 0.19634002656534227 0.07776808103492645 0.13758968183102374
0.11841618463344912 0.0955762065623763 0.15358687516455302 0.09265171933785946 0.14872354789749762 0.142130399526433 0.13773300367240002 0.11118206320543135
0.14186674882347286 0.10021896043229299 0.19255526144870674 0.10577347656224576 0.137234085538496 0.1092258054648875 0.117929532823877 0.0951961289060212
0.11274967077599639 0.07593246605179163 0.25090260055018954 0.12708737541582385 0.10082026551598301 0.07643604435982423 0.14169293945614983 0.11437863787424145
0.10514246537812462 0.07269292584752444 0.2765368415095953 0.12701276339735776 0.09235618566152579 0.07033757852462882 0.14160975262362127 0.114311487057622
0.10262644955744453 0.07178548876584175 0.2867105993844502 0.12609839541890153 0.08990625665811657 0.06879395377417538 0.14059030056405886 0.11348855587701137
0.10170634865670332 0.07143266259110986 0.29063809040631033 0.1256516872324862 0.08909183352157322 0.06830060480994171 0.14009225427263763 0.1130865185092376
0.10135881235704973 0.0712919391549884 0.292141063893604 0.12546998727925043 0.088801331932935 0.06812420444636928 0.13988967238447772 0.11292298855132539
0.08086021677074302 0.12471939033186387 0.1461387758990557 0.13721583596706655 0.0944658895836708 0.15887275606597925 0.09306813222114078 0.16465900316047985
0.10523447783277373 0.07600335973994664 0.24300519020615377 0.1344305315643753 0.09489079237715273 0.08041967576596623 0.1488201244831505 0.11719584803048101
0.08191224864219636 0.12616270296581542 0.13474012874171928 0.1378659659777138 0.09610427163463504 0.16426643289717072 0.09350908996749285 0.16543915917325658
0.10590886445568083 0.07641199062689889 0.23846980636759213 0.13499224735062118 0.09561803385822448 0.0814715414196475 0.1494419669489986 0.11768554897233642
0.12124075017449824 0.08513455373232554 0.19753689838243915 0.09297707410717009 0.14227336170482013 0.11104820758097646 0.13821666538916627 0.1115724889286041
0.10822004041196327 0.07429744072327979 0.2537072430793348 0.12760172485123472 0.10212811909498298 0.0769374787807466 0.14226640069234675 0.11484155236611125
0.13846122089421084 0.09630238703646503 0.23069409219652218 0.10545340463470315 0.12305751255253446 0.09355064200369986 0.11757267651063173 0.09490806417123283
0.12792923438706613 0.08598404263564326 0.19196856852159636 0.09050091715529886 0.1485207478622566 0.11195969708061933 0.1345356917711607 0.10860110058635863
0.10988712986623626 0.07434386176481454 0.25101540926434796 0.12743788592975686 0.10347012768929252 0.07706775562708672 0.1420837325216841 0.11469409733678115
0.12167075506723492 0.08424826968449126 0.20089227270840024 0.092243313709478 0.14397780247630315 0.10914972862713669 0.1371258812755822 0.11069197645137357
0.14238082267054966 0.09738170974315176 0.20954149836990493 0.10466378295157495 0.13457476983294414 0.10056770451452203 0.11669230726093506 0.09419740465641745
0.11257261275457792 0.07510309868735646 0.2576448871665638 0.12623626157306186 0.0996372329960856 0.07444926036916988 0.14074401103742865 0.11361263541575567
0.10511420414922149 0.07238526041058695 0.27907643060169496 0.12662534912290174 0.09185676116253583 0.06980136572333162 0.14117781461911583 0.11396281421061158
0.09384140664269575 0.14340553832701206 0.16414787246304788 0.15750487909519092 0.08190059089047239 0.13732327420400797 0.08012204719190147 0.14175439118567182
0.08324836751866227 0.12560985192921198 0.11625113931268174 0.13098127886465444 0.10145743605088908 0.18048936859459144 0.09823595914849084 0.16372659858081803
0.07600400801271569 0.1402435827877586 0.10257141400436924 0.1343936996604551 0.09521756534983505 0.19914330299653313 0.09115398759578695 0.16127243959254614
0.10142529443909833 0.0892758049050056 0.2161030110358795 0.13321771008610653 0.0955984575717692 0.09595597775879186 0.1485278051258531 0.11989593907749589
0.12014056309217845 0.09036609205412677 0.1899339472907804 0.09287498719977556 0.14225160916467142 0.11491791021399571 0.13806490634474097 0.11144998463973066
0.0958431856294325 0.15148679111681265 0.1386137071707404 0.1547235364521972 0.09055405135063246 0.15082035519100265 0.07870719028220466 0.13925118280697746
0.12258987647035977 0.08764790989061763 0.16182088018124147 0.09073105228751396 0.15176778477488745 0.12801113772247286 0.14401754331351424 0.11341381535939245
0.08351895250973668 0.13058184908225165 0.1135473219034152 0.1341578252020959 0.1067556001750183 0.17945505770441508 0.09099400318055201 0.16098939024251507
0.10257841008507602 0.08964881723261571 0.22007792634025053 0.13212682081562177 0.09751683636125992 0.09182550543220667 0.14731154499890964 0.11891413873405961
0.1374475994973612 0.10536882037335646 0.21842544225846705 0.10584753460374483 0.12226131997871566 0.09737440013155564 0.11801210201342895 0.09526278114337035
0.11078055777370865 0.08113307904766165 0.26072134570034705 0.1252166675520011 0.09640277157252555 0.07344333776390302 0.13960723979305195 0.11269500079680098
0.09430749393358678 0.15252281592615508 0.1581883083028314 0.1558945992041531 0.08209746920292421 0.13738126933406428 0.07930290481254744 0.14030513928373778
0.09976920054347357 0.15163902761695994 0.13752703914372122 0.15683258849226778 0.08475723839477425 0.15071355160420405 0.0820355078267247 0.13672584637787447
0.08438562851904514 0.12642106443128825 0.11000572069033658 0.13086599084200115 0.10202967539400185 0.18455993843932475 0.09814949313150087 0.1635824885525014
0.07572551031715487 0.14558488606260675 0.10051930816889955 0.13332915837776768 0.09474712561340264 0.19966707050714383 0.09043195089970331 0.1599949900533212
0.10098333825242713 0.09417038743031395 0.2143602879459491 0.13249590276876838 0.09516414866418445 0.09585657861322652 0.14772304383323878 0.11924631249189156
0.1036788107862104 0.08147837650070025 0.2618955437397412 0.12818395000300542 0.09205452468981348 0.07442770099089131 0.1429155382869329 0.11536555500270487
0.10263115320257929 0.0778290906661988 0.2804249523403071 0.12594434681560332 0.08988639593277388 0.06951560104094873 0.1404185478675458 0.11334991213404298
0.1017232188094952 0.07665591738056597 0.2875336578531124 0.1250547694659431 0.08884179093354816 0.06821461752894217 0.139426735509044 0.1125492925193488
0.1349865329102679 0.10164832789173336 0.24182955759195782 0.10391072166838054 0.1178436789193765 0.09040883138796475 0.11585270012877652 0.09351964950154248
0.1440312559594762 0.10646602462208955 0.22237490532436957 0.10216307981933644 0.12474028741383134 0.0943734651353682 0.11390420988812583 0.09194677183740278
0.1286794492434598 0.09427480562259877 0.18807839838384544 0.08943675581071656 0.14798050572772795 0.11127223377987576 0.13295374445891595 0.10732410697285985
0.10971947853130146 0.0808917030473188 0.24839804720022363 0.12649801349734408 0.10298206377817656 0.07662663689874805 0.14103584489927762 0.11384821214760965
0.10432721248170256 0.07790567602904074 0.2747898036848495 0.1261949960085856 0.09244885219163704 0.07005996018390026 0.1406980030125574 0.11357549640772706
0.10229074105109792 0.07679365827368786 0.2853068120200557 0.12526333554733776 0.08953056984171598 0.06841861014833464 0.13965927112516613 0.11273700199260399
0.10146821495583823 0.07633082970698103 0.2893888280746179 0.12481212037087122 0.08860920943232568 0.06790368924940143 0.13915619987618028 0.11233090833378409
0.10113751924412424 0.07614197395524525 0.2909603706186473 0.12462839573933393 0.08829315400518156 0.06772166964925747 0.13895136062280963 0.11216555616540055
0.08039835067874955 0.13270327279612473 0.14504789335646098 0.13581031783654257 0.09358437279867908 0.15736858685785007 0.09211482427174193 0.1629723814038511
0.08672799209369046 0.1718619256238174 0.1255337453537214 0.15412767066633815 0.08056991616005711 0.1640597705550119 0.07840407594765898 0.13871490359970434
0.14445991279597453 0.10730248360298815 0.189120978693032 0.10914442389919098 0.12427833512094948 0.10971495298682019 0.12082736386072422 0.09515154904032033
0.08704237677036109 0.14084539268271304 0.1192517735141982 0.13270400496039175 0.09991823621162596 0.1709854761090176 0.09000793379922223 0.1592448059524701
0.103004964063111 0.093257811767595 0.2220049391907163 0.13140593061440092 0.09558181159359445 0.08997139899529695 0.1465078062223246 0.11826533755296081
0.10381547556846246 0.08148230934365365 0.2647663278129069 0.1276842361325903 0.09183020557589663 0.07314723843365868 0.14235839461349994 0.11491581251933129
0.1025168981889075 0.07810169985885093 0.2814551600873602 0.12571915448613155 0.08970448797638095 0.06918788513926809 0.14016747522558248 0.11314723903751839
0.08063788324558202 0.133942940206806 0.14276494962869107 0.13579497455837175 0.09388079934472153 0.1579200660192337 0.09210441752654781 0.16295396947004612
0.100896605782414 0.09141119377663891 0.2324054040379889 0.1308201849391437 0.09374338255888609 0.08713031895292245 0.14585474350677666 0.11773816644522934
0.10297842739488096 0.08087194618966795 0.26892890511446765 0.1272547344305789 0.0911393603743901 0.07241783324037036 0.141879532268123 0.11452926098752098
0.11916987445627591 0.09082994711503271 0.20634208978534707 0.09150468345239567 0.13907430291406023 0.10724562434507903 0.13602785778893445 0.1098056201428748
0.10698738023700016 0.08039192507227212 0.25624717452510765 0.12607852574506226 0.10063229042496338 0.075623883464499 0.14056814736053955 0.11347067317055601
0.10340217897118979 0.0779898353572326 0.27786486122219695 0.12582266406918338 0.09170062831820926 0.06969655371363355 0.1402828806860895 0.11324039766226501
0.10193335333933704 0.07707271806379501 0.28644730441688576 0.12505807793350654 0.0892477117580566 0.06825814014478666 0.13943042420347668 0.11255227014015588
0.10130770278592278 0.0766877727389554 0.2897737068239016 0.1246894682340087 0.08848057710873264 0.06782079900114794 0.13901945189672313 0.11222052141060783
0.11828356959980782 0.08958323982658485 0.2129348997619136 0.09111327286347067 0.1376883042146596 0.10561478663767204 0.13544599965972653 0.10933592743616478
0.14006774266227937 0.10514495280836283 0.21273277254723727 0.10335528371949865 0.13161824340839468 0.09882782124031195 0.11523342826636641 0.09301975534754878
0.1113000706721296 0.08251675865865256 0.2578421004707329 0.1248531116856398 0.09832602896475919 0.07359222689791632 0.1392019021330939 0.1123678005170758
0.10429732446998044 0.07828344670941254 0.27834546888601586 0.12561968131041595 0.09108870899822744 0.06925108638854231 0.14005657005803093 0.11305771317937438
0.08097277397276752 0.13400221661304187 0.14204037309056147 0.1357924545104291 0.09419309724966927 0.15794543087437699 0.09210270827663886 0.16295094541251487
0.10099833797798509 0.09144001602791385 0.23209234315652666 0.13084487078587795 0.09383041184249652 0.08715137011825187 0.14588226638365795 0.11776038370729015
0.1030128433943271 0.08088521349631363 0.268803501301866 0.12726782075353588 0.09116694593041645 0.07242851390372987 0.14189412254162878 0.11454103867818229
0.1021906131611569 0.07788473846747154 0.28302471340921587 0.1255376624832532 0.08944296993644424 0.068970281120978 0.13996512518655244 0.1129838962349279
0.09225646722667742 0.15327600977797656 0.1638881691477601 0.15547077081593955 0.08056578666055175 0.1355317974825536 0.07908730515419533 0.1399236937343456
0.14494171906061767 0.10444588707286748 0.20264459005584964 0.10793995605550864 0.12302871322071994 0.10340366593782155 0.11949396844565871 0.09410150015095625
0.07634089540866376 0.12257973144596214 0.07481077699481493 0.08105336444664402 0.14548814231631457 0.24599481807636694 0.0916255424179454 0.16210672889328803
0.1300144750154709 0.11636632275288587 0.16189363450786656 0.10603847069187511 0.13733221089904057 0.134695281007441 0.11822498150273239 0.09543462362268759
0.11075182380635543 0.08613793041784802 0.2371966254051349 0.12714039725863127 0.10129765544359824 0.08129715528163778 0.1417520548540262 0.11442635753276814
0.08207114707246681 0.1363720844654039 0.13216660414096687 0.13566841811187333 0.09636234130813792 0.1625387239258064 0.0920185792410967 0.162802101734248
0.1325465978963591 0.12028534370293803 0.18588103356966906 0.10703316974464698 0.12344057604944869 0.11514942955145556 0.11933399671530041 0.09632985277018227
0.11062950325862754 0.08631880934602308 0.24731561070462701 0.12633392958051565 0.097564603305138 0.07728410360552233 0.14085290357708236 0.11370053662246407
0.12138310109056709 0.09208595713828835 0.19906325966928046 0.09155420780579712 0.1413163127452267 0.10863063311735537 0.13610147906652825 0.10986504936695654
0.08297625037738843 0.13637787011864083 0.12188746528060812 0.13328023093254598 0.10404681954722844 0.17109632129637137 0.09039876532816163 0.15993627711905517
0.11519709275025537 0.10433594789680618 0.15762977383254723 0.09276981194948715 0.1453237361598537 0.13551130680048792 0.1379085562711779 0.11132377433938458
0.1404942743153539 0.10995245622242521 0.19263511317626714 0.1044707757518183 0.1351439050066565 0.10680265871411364 0.11647711863672877 0.09402369817663649
0.1280768978999886 0.09592981497667517 0.17824930740186362 0.0897494015516676 0.1519040119619739 0.11497277099439573 0.13341851335143423 0.10769928186200112
0.14361509340223763 0.10704538212964146 0.19956238270122645 0.10361030972071683 0.13610708230109933 0.10129270777049952 0.11551776322593355 0.09324927874864515
0.1474203205774453 0.10893710698912734 0.20656054356776765 0.10257464030213731 0.13052503384757771 0.09730210933104134 0.11436306911297994 0.09231717627192355
0.1297205422160298 0.0954826603993546 0.18272717721371867 0.08948868788923618 0.15002144295005237 0.1121421188829144 0.1330309449816108 0.10738642546708342
0.11009867989196317 0.08167646887436383 0.2460838153765728 0.12661119576701083 0.1035501984297337 0.07686753078652787 0.141162034683518 0.11395007619030972
0.12119864752570648 0.09104589041168588 0.1985656699055831 0.09153233608125595 0.14326246703771464 0.10848722046154531 0.1360689652790014 0.10983880329750713
0.08295095018410205 0.13605660333526054 0.12178515276193556 0.13329353694546933 0.10449552242381697 0.17105819973879496 0.09040779027605747 0.1599522443345632
0.10195176624320515 0.09228222423583465 0.22317167817751118 0.1313734635091886 0.09656693008032262 0.0899462127727368 0.14647160782293114 0.11823611715826973
0.11970717731136707 0.09397112258017332 0.19168161601848488 0.0922419544793193 0.1418554826388688 0.11272844090794375 0.13712386068865973 0.11069034537518314
0.09516866387293778 0.1577194131184127 0.13832605090753153 0.1534856965712664 0.08994238765660392 0.14914315444242027 0.0780775065166877 0.13813712691413976
0.10899566259452872 0.07831213815877365 0.23948104392125738 0.13435001709649685 0.0939125151895184 0.07909197545164828 0.14873099165749754 0.11712565593027931
0.0820923587166576 0.13446731326722747 0.1331231013944689 0.13646451962408404 0.09512542819386184 0.16241131150976817 0.09255854374503092 0.16375742354890083
0.10157826570859331 0.09179931474134059 0.22836638677068122 0.1312568996167115 0.0943177662601068 0.08820850946590902 0.14634164778161715 0.11813120965504034
0.10328234231942841 0.08105632735023753 0.26733535998496266 0.12744313576893243 0.0913880971652523 0.07270632951856155 0.14208958570058586 0.1146988221920392
0.08080293632023797 0.13494808791040963 0.13943137833967956 0.13589613548859614 0.09428886383750751 0.15938420449020615 0.09217303102704782 0.16307536258631536
0.1010433347111926 0.09170149339967025 0.23100230569152821 0.13096041102893347 0.09393207613230493 0.08748492397807156 0.14601108513225866 0.11786436992604014
0.1193627768357779 0.09377067916965073 0.19426408132383685 0.09216032849787384 0.1408682747801517 0.11197894701036142 0.13700251818489903 0.1105923941974486
0.1409115741991306 0.10658123631732389 0.20600444870748258 0.10376654138552875 0.1329942475167219 0.10066011475371696 0.11569194987311936 0.09338988724697586
0.14647601981669134 0.10876027279346381 0.2090051857752751 0.10252234863093933 0.12955934683664813 0.0971019445771792 0.11430476780195772 0.09227011376784537
0.14801664356712801 0.10912617525471319 0.20989635603747162 0.10231565852253195 0.12836948923911992 0.09611726095303805 0.11407432375571847 0.09208409267027876
0.11322863395563658 0.08327150788439586 0.256493075032866 0.12480682266560024 0.09761432773266547 0.07310919899964141 0.13915029333015427 0.11232614039904021
0.10478562570353309 0.07844667193348169 0.27778343861601196 0.12565321088748801 0.09096157952328977 0.0691876305031973 0.140093953034259 0.11308788979873921
0.10224844811409657 0.07714767102525996 0.2863856819141914 0.12503689836999662 0.08907896708052031 0.06816231439221068 0.13940681057072757 0.11253320853299696
0.10138158957560058 0.07670106873499628 0.28974424641321145 0.12468779890365701 0.08844403396917516 0.06780465267211029 0.13901759071795788 0.11221901901329133
0.11830442529109986 0.08958628044797556 0.2129253243894182 0.09111335164207691 0.13767645561328232 0.10561202387623903 0.13544611676941581 0.10933602197049229
0.09483002760765454 0.1560148690166124 0.144016921004682 0.15335812690323103 0.0891028847076533 0.14664224416604993 0.07801261238120882 0.13802231421290792
0.12249526020452381 0.08793937175174815 0.16356468744465677 0.09064983069689184 0.15115327706246512 0.12699666431480286 0.14388862015379655 0.11331228837111477
0.07194699293223702 0.11682593849683111 0.0685002966735041 0.08048494268410875 0.15314237862347796 0.25714658653523986 0.09098297868638379 0.1609698853682175
0.0999232673065708 0.08928823524242087 0.19809604545459109 0.13182572176650778 0.10848761870361197 0.10676011990721465 0.14697584202922584 0.118643149589857
0.10382635324903569 0.08132007787156843 0.2551151628161414 0.12862705322299417 0.09530694526334793 0.07663049436640183 0.14340956530981586 0.11576434790069473
0.1365465438344434 0.10398878481692435 0.23043126701218197 0.10468089220509695 0.12046941416452067 0.0929589121804433 0.11671138280180213 0.09421280298458724
0.14473867829598658 0.10785760627249846 0.21817710958747902 0.10230919193973914 0.12567159969064332 0.09510042746940303 0.11406711399848528 0.09207827274576522
0.1288696681580341 0.09516678142069178 0.18662334327276986 0.08940711325289963 0.1482787338144715 0.11145614537185045 0.13290967880580304 0.10728853590347956
0.1097680920118007 0.08152386047855643 0.24771183816552422 0.12646528313369165 0.10305228194010932 0.07666053646362549 0.14099935298636962 0.11381875482032247
0.10432142737171235 0.07839732973886969 0.27445555376882214 0.12614784760972134 0.09244743900586767 0.07005190358989662 0.14064543606636093 0.11353306284874919
0.10226189004888377 0.07723388458544314 0.2851195318667308 0.12520503748861483 0.08950448083506675 0.06839636829521582 0.13959427314029146 0.11268453373975336
0.09226009169327878 0.1530119985824324 0.16444455258430124 0.15543648342000832 0.08056670655724064 0.13531746877977038 0.07906986330496076 0.13989283507800748
0.10742206718932082 0.07735434493262905 0.25053663353632527 0.13326468069666472 0.09114011219654049 0.07657321657787099 0.14752947964791535 0.11617946522273336
0.08177782362668178 0.1341149467892894 0.1357055757210543 0.136389386752986 0.0944764115371412 0.16136100741071693 0.09250758405854705 0.1636672641035832
0.10141992765704831 0.09165854732243217 0.22946159587544632 0.13115029549546642 0.09409886284966074 0.08795271271206591 0.1462227921419603 0.11803526594591977
0.10320688369208345 0.08100008384166876 0.26776884871401624 0.12739307933730432 0.0913075443869384 0.07263601210953981 0.1420337765148751 0.11465377140357387
0.10227248558277867 0.07793398609779312 0.28262447710643473 0.12558587564472462 0.08950459759276719 0.06903241063165348 0.14001887926359596 0.11302728808025216
0.10152554429510748 0.07695464205447577 0.2883188389990304 0.12487683776684269 0.08865657865674965 0.06805004929460347 0.13922835494303207 0.11238915399015842
0.13483536007269983 0.10213406285015043 0.24202321762004783 0.10381530617173206 0.11770698574876087 0.09030497301147743 0.11574631897057289 0.09343377555455884
0.10917198069043384 0.08130395996999899 0.26990454605775543 0.12389680046475514 0.09454711346677155 0.07153279244368901 0.13813568648831653 0.11150712041827962
0.1033991261660063 0.07775659567531201 0.28307844945482363 0.1251104665403876 0.08993592259475547 0.06863118609181446 0.13948883359055153 0.11259941988634883
0.10174601730250585 0.07688475829493584 0.28843893745267907 0.1248041143801257 0.08870716873677637 0.06794802709690304 0.13914727379396105 0.11232370294211313
0.10119427913368838 0.07659912421147119 0.2905353709086004 0.12459522794632671 0.08830452705504548 0.06772138458435874 0.138914381008815 0.11213570515169403
0.08035795081181585 0.1333942691076585 0.14488156460756052 0.13569894015286754 0.09352560100177887 0.15726366498771524 0.09203928114716234 0.16283872818344103
0.08670598197891424 0.17208938616080371 0.12547152164871614 0.15409950057085367 0.08054634399051293 0.16400796919386634 0.0783897459425647 0.1386895505137683
0.10766770111419435 0.07991300814651474 0.23473452571995945 0.13544363759060482 0.09253250809407841 0.08168787616593828 0.14994167449997764 0.1180790686687324
0.09729608996822757 0.16048038608480716 0.10943066190077545 0.1131789996867646 0.11272065064473612 0.19431352534650517 0.07676488674406642 0.13581479962411752
0.10478908483363705 0.09659505219210822 0.21566020592171042 0.1298119797773181 0.09778913961863865 0.09379308586646894 0.14473066999053225 0.11683078179958628
0.10434236689607605 0.08218828513443034 0.2620398636973697 0.12774921984149987 0.09239224982813662 0.07388287014573407 0.14243084659940358 0.11497429785734987
0.1196521741278241 0.09119907059003372 0.20411504816292278 0.09159763201158548 0.13961424023521934 0.10773864439352822 0.1361660320649838 0.10991715841390257
0.10717691688705361 0.0805173786072764 0.2553357274803273 0.12616816846787945 0.10081779648654726 0.07576456814309912 0.14066809230672528 0.11355135162109149
0.10347795428383855 0.07803674507859308 0.2775072797778987 0.125862811414695 0.09176749864035229 0.06974353855113245 0.14032764198026437 0.11327653027322547
0.10196339671854528 0.07709064157380312 0.2863088157821736 0.12507397537260356 0.08927248335255474 0.06827596070328282 0.13944814866169383 0.11256657783534321
0.13502521118416433 0.10220837488302534 0.24131294628568112 0.10386098907618806 0.11792752117814888 0.09039281522435365 0.11579725199986937 0.09347489016856926
0.12611563511895718 0.09389975398895513 0.194541867761574 0.08941765955955028 0.14564078891874438 0.11015774658178547 0.13292535659897325 0.10730119147146032
0.10886342483861652 0.08110684692683036 0.2510378884516242 0.12619542129104527 0.10225440987006718 0.07626765228911332 0.1406984771707624 0.11357587916194073
0.103997810803221 0.07823649182368012 0.27577255872204876 0.1260073133264057 0.09218024717097015 0.06991024533181203 0.1404887508280971 0.11340658199376513
0.10214135671017867 0.07717005720993618 0.2856308212662952 0.12514633089267557 0.08940879838085194 0.06834211806974598 0.13952881966690844 0.11263169780340802
0.10138385967129918 0.07672658117703116 0.2894581201901118 0.1247254145625297 0.08853847478099064 0.06785514714129862 0.1390595293704622 0.11225287310627671
0.10107728581929362 0.0765454934135502 0.29093216568055713 0.12455369643150437 0.08824099628116218 0.06768395911642379 0.13886807646915486 0.11209832678835394
0.08033431555054689 0.13337378352455592 0.14497331499381697 0.1356945672995149 0.09350923693575929 0.15724498572454315 0.0920363152118449 0.16283348075941786
0.10075144829628054 0.09123782496988944 0.23333335793554016 0.13072549449459772 0.09359580586847874 0.08695395266251658 0.14574917072755894 0.11765294504513794
0.1029118151185177 0.08081387033802918 0.26929495894759653 0.12721168284669337 0.0910790946799887 0.07236653054225514 0.14183153296489542 0.11449051456202401
0.0807265290450767 0.134856337826794 0.1398863200629043 0.13587563219952564 0.09421069407713355 0.15923460370076115 0.09215912444837393 0.16305075863943078
0.10100989753073596 0.09167064073126119 0.2311939132389542 0.13094079149890717 0.09390122520982148 0.08744760862088012 0.14598921082042332 0.11784671234901643
0.13641571249576745 0.10716792745149216 0.2221120674817905 0.1053345175170525 0.12074576125646334 0.09598282178546275 0.11744012624662419 0.09480106576534723
0.11025991626389263 0.08279742496656677 0.26195526176795264 0.12476599468590964 0.09582443268464301 0.07300280123405326 0.13910477317966344 0.11228939521731869
0.10393325839977581 0.07824788398006614 0.2799947042697239 0.125475719423125 0.09045122614303777 0.06907299700633314 0.1398960632971259 0.11292814748081247
0.1191610331804553 0.0900418978136776 0.20978326014842352 0.0912497489129201 0.13852131782906726 0.10609416294641706 0.135648880473535 0.10949969869550412
0.1068607042909425 0.08014610603913608 0.25762722711957514 0.12591862408341442 0.10039559731051959 0.07533511054057747 0.14038986894076202 0.11332676167507297
0.12015053744046872 0.09059382587477051 0.20233791091389877 0.09139876722495943 0.14203383206712775 0.10793619960574946 0.13587040620307403 0.10967852066995132
0.08275244861929905 0.1359051009981692 0.12266674599930603 0.13328254018233682 0.10421735476296316 0.17083642961718878 0.0904003316019328 0.15993904821880417
0.10187626348462274 0.09222897833307891 0.22355175212566217 0.1313391459734343 0.09648002369946308 0.08988525867607276 0.14643334633157523 0.11820523137609086
0.1368679015197138 0.10744783040561638 0.2193509699435967 0.10548279625106806 0.12163989790887587 0.0966706413756936 0.11760544596947439 0.09493451662596125
0.1269896916090922 0.09532809346084266 0.18741326146480936 0.08972630434674557 0.1473052140731007 0.11218169202430199 0.13338417780501283 0.10767156521609467
0.0838699372956 0.13715059700179838 0.11896886464919737 0.13293638788540632 0.10520512728594883 0.1721798703755468 0.09016555004401473 0.15952366546248756
0.07547141450480434 0.1497418401930093 0.10238101759730282 0.13291039567518917 0.09525841521698829 0.19459652145756826 0.09014792054491091 0.159492474810227
0.0851090383877681 0.17696608100309194 0.11348332978150515 0.15300620315721217 0.08035548688645826 0.17554068764076097 0.07783359030171227 0.13770558284149093
0.09795434197518318 0.15511668133698167 0.12532563257555343 0.15708855106949496 0.08446058244675346 0.1609358214119171 0.08216939594404354 0.13694899324007256
0.08407941960962939 0.1267433040020584 0.10716079028359515 0.1308152111272971 0.10188957357308599 0.18768127914973967 0.09811140834547283 0.16351901390912138
