Action: 0
[0.21583897883964792, 0.10791948787355858, 0.13664404677665482, 0.10791948787355858, 0.10791949860762674, 0.10791952428183618, 0.10791948787355858, 0.10791948787355858]
[0.10791901034418083, 0.10791901034418083, 0.24456692759073428, 0.10791901034418083, 0.10791901034418083, 0.10791901034418083, 0.10791901034418083, 0.10791901034418083]
[0.21528243774318137, 0.10634112216611628, 0.13764566268568798, 0.10634112216611628, 0.11536628873341705, 0.10634112217324848, 0.10634112216611628, 0.10634112216611628]
[0.125, 0.125, 0.125, 0.125, 0.125, 0.125, 0.125, 0.125]
[0.10798516329399599, 0.10790857132127986, 0.24456340458523507, 0.10790857132127986, 0.10790857551436965, 0.10790857132127986, 0.10790857132127986, 0.10790857132127986]
[0.13756149813591956, 0.10678071128919375, 0.11497352282220917, 0.10678071128919375, 0.2135614225959026, 0.10678071128919375, 0.10678071128919375, 0.10678071128919375]
[0.125, 0.125, 0.125, 0.125, 0.125, 0.125, 0.125, 0.125]
[0.125, 0.125, 0.125, 0.125, 0.125, 0.125, 0.125, 0.125]

Action: 1
[0.10768192276906141, 0.10768191728459589, 0.10768191728459589, 0.10768191728459589, 0.1368118276263979, 0.21709666318156115, 0.10768191728459589, 0.10768191728459589]
[0.10775053097001289, 0.13799575223989688, 0.10775053097001289, 0.10775053097001289, 0.21550106194002577, 0.10775053097001289, 0.10775053097001289, 0.10775053097001289]
[0.10790859639612554, 0.10790859639598403, 0.10790859639598403, 0.10790859639598403, 0.10798501713085171, 0.24456340449310246, 0.10790859639598403, 0.10790859639598403]
[0.125, 0.125, 0.125, 0.125, 0.125, 0.125, 0.125, 0.125]
[0.10686507440631668, 0.10683029145176749, 0.10683029145176749, 0.10683029145176749, 0.1372650749789726, 0.2217183933558733, 0.10683029145176749, 0.10683029145176749]
[0.10675648456200108, 0.10735728794225073, 0.10670662757662239, 0.10670662757662239, 0.1150482825708059, 0.24401143461845268, 0.10670662757662239, 0.10670662757662239]
[0.125, 0.125, 0.125, 0.125, 0.125, 0.125, 0.125, 0.125]
[0.125, 0.125, 0.125, 0.125, 0.125, 0.125, 0.125, 0.125]

