Action: 0
[0.111745397699531, 0.10875954016459541, 0.10883629267143331, 0.10875954016459541, 0.12686081590352657, 0.21751933306712762, 0.10875954016459541, 0.10875954016459541]
[0.2184483771385783, 0.10918964276684014, 0.1260019664402061, 0.10918964276684014, 0.10960144258701499, 0.10918964276684014, 0.10918964276684014, 0.10918964276684014]
[0.1115672781834488, 0.10877442284648525, 0.2357861847376385, 0.10877442284648525, 0.10877442284648643, 0.10877442284648525, 0.10877442284648525, 0.10877442284648525]
[0.125, 0.125, 0.125, 0.125, 0.125, 0.125, 0.125, 0.125]
[0.11157198261848278, 0.10876139792838287, 0.10876317856954268, 0.10876139792838287, 0.12703025022298595, 0.21758899687545724, 0.10876139792838287, 0.10876139792838287]
[0.12708244562535018, 0.10866095839335259, 0.11177275923437062, 0.10866095839335259, 0.10866133143757972, 0.21783963012928903, 0.10866095839335259, 0.10866095839335259]
[0.125, 0.125, 0.125, 0.125, 0.125, 0.125, 0.125, 0.125]
[0.125, 0.125, 0.125, 0.125, 0.125, 0.125, 0.125, 0.125]

Action: 1
[0.10925320236542309, 0.10925320236542309, 0.10925320236542309, 0.10925320236542309, 0.109253323980958, 0.23522746182650342, 0.10925320236542309, 0.10925320236542309]
[0.1092587995546002, 0.1092587995546002, 0.1092587995546002, 0.1092587995546002, 0.1092587995546002, 0.2351884031177986, 0.1092587995546002, 0.1092587995546002]
[0.1087742819853821, 0.10877428198339109, 0.10877428198339109, 0.10877428198339109, 0.23578830502531428, 0.11156600307234835, 0.10877428198339109, 0.10877428198339109]
[0.125, 0.125, 0.125, 0.125, 0.125, 0.125, 0.125, 0.125]
[0.10877676189659859, 0.1087767617766668, 0.1087767617766668, 0.1087767617766668, 0.11156854179073976, 0.2357708874293277, 0.1087767617766668, 0.1087767617766668]
[0.1092067400307813, 0.10920554186940917, 0.10920554186940917, 0.10920554186940917, 0.10957485156027845, 0.23519069906189444, 0.10920554186940917, 0.10920554186940917]
[0.125, 0.125, 0.125, 0.125, 0.125, 0.125, 0.125, 0.125]
[0.125, 0.125, 0.125, 0.125, 0.125, 0.125, 0.125, 0.125]

