0.125 0.125 0.125 0.125 0.125 0.125 0.125 0.125
0.11301829483647666 0.08900190718372537 0.135621953803772 0.10680228862047045 0.14127286854559584 0.11125238397965673 0.169527442254715 0.13350286077558807
0.07295173961840627 0.1290684624017957 0.09118967452300783 0.16133557800224463 0.08754208754208752 0.15488215488215484 0.10942760942760942 0.19360269360269358
0.09612633457119006 0.07759595682252692 0.19225266914238012 0.15519191364505383 0.08651370111407106 0.07961930019608729 0.1730274022281421 0.13967272228054847
0.13461620794509047 0.10601026375675873 0.16153944953410854 0.1272123165081105 0.1264702490978487 0.09241920430076402 0.1408292636964023 0.11090304516091683
0.05214815333136143 0.0922621174324087 0.07481695951202023 0.11532764679051087 0.10429630666272285 0.20012313936155057 0.1303703833284036 0.23065529358102174
0.09365245806225718 0.07559897217073773 0.20037801307165753 0.15119794434147546 0.08428721225603147 0.09023282567844969 0.16857442451206295 0.13607814990732792
0.0692747750471715 0.12256306354499573 0.11515283866399426 0.15320382943124466 0.0831297300566058 0.16891900536773707 0.10391216257075726 0.1838445953174936
0.09696782774789549 0.07636216435146771 0.2142337315682073 0.15272432870293542 0.09092340786778644 0.06657214328076672 0.16907210991940752 0.13314428656153343
0.0668256411215743 0.10824798596587473 0.07232644444609936 0.09437003904717285 0.12236728848316274 0.24044334826670533 0.10667917457506496 0.1887400780943457
0.09693390686404316 0.07350010492121091 0.20434913451454526 0.14700020984242182 0.08194713190469334 0.10007505928551919 0.16389426380938668 0.13230018885817962
0.10701803690004164 0.08427670405878279 0.17126876879606864 0.10113204487053935 0.14401645386285236 0.10534588007347849 0.16052705535006245 0.1264150560881742
0.0748348648524218 0.11999652573957387 0.115726887182355 0.14999565717446733 0.08138894789292837 0.17632614368273236 0.10173618486616047 0.17999478860936077
0.11019161162929754 0.08292357388708572 0.1602506746130569 0.10365446735885714 0.12327146207692148 0.14123352200800088 0.15408932759615182 0.12438536083062857
0.10248995491816176 0.07311597733290423 0.23470269186015372 0.14623195466580846 0.0903482339896623 0.063742134085096 0.16188478497802156 0.127484268170192
0.06546126940983789 0.1052097208602651 0.07825153803553415 0.09172129510894905 0.12950213681114364 0.24272650725929915 0.10368494229707285 0.1834425902178981
0.09444894524965293 0.07156281786978944 0.20788393423553356 0.14312563573957887 0.0901077029734299 0.10448348893435648 0.15957440283203794 0.12881307216562096
0.09363943025914312 0.06909365249472045 0.2579190861227502 0.1381873049894409 0.0839426524470706 0.07878076661859827 0.1540685325777796 0.12436857449049679
0.09156026888882539 0.06755143200524501 0.2787394676146929 0.13510286401049001 0.08167009944876749 0.07315367935412623 0.15062961106841202 0.12159257760944103
0.1220132942285065 0.09014333609595616 0.24277945075227098 0.1126791701199452 0.10880643779915969 0.09653819210576438 0.12562886579044635 0.10141125310795068
0.09908117193936873 0.06975654158530069 0.2693748001753271 0.13951308317060138 0.08538749940486896 0.06081339522821086 0.15444671803990057 0.12162679045642172
0.07725024171828579 0.1162416642861118 0.14101737792454924 0.14530208035763975 0.08567753654355555 0.1615958873676824 0.09855271537300783 0.17436249642916768
0.09817848282689884 0.06981310806239732 0.23703085027053816 0.13962621612479464 0.08451694707020067 0.08949799002058408 0.15567281111227105 0.12566359451231518
0.09263346055595147 0.14094888545424722 0.1586946118265864 0.16913866254509663 0.07977911428740922 0.12287851552421551 0.08847253117743517 0.1474542186290586
0.06685346480444025 0.10183099226715082 0.07121396448854242 0.08877573684828535 0.12427845145367213 0.26914073565632013 0.10035518078501822 0.1775514736965707
0.1363024626211319 0.11065062138535402 0.17908121252100512 0.12120846131538338 0.1248481488061473 0.08805742916074859 0.13418274919733117 0.10566891499289832
0.09684264932671749 0.137836326606376 0.10077859746411243 0.12016500268248163 0.11430169701627542 0.2043745044743326 0.08150321921072666 0.14419800321897797
0.10107463464649749 0.06955545099133012 0.21934312318174434 0.13911090198266024 0.09338620967047048 0.09723159344283278 0.15509827430007042 0.1251998117843942
0.11947400322856748 0.08563683766683482 0.18673144303106565 0.09617618904929515 0.13891714291437185 0.10018353025968244 0.1526606175385637 0.12022023631161892
0.07866998356646263 0.11460679405733554 0.12227237292520528 0.14325849257166942 0.0971169578546496 0.1749985781944115 0.09716662974426274 0.17191019108600328
0.11775312945225251 0.09092341910607456 0.16082662476020843 0.09822950038050306 0.1512382127218276 0.10232239622969068 0.15591984187381436 0.12278687547562879
0.0834807189030211 0.12585212724033062 0.11584370058114973 0.13840049844723798 0.115454772051245 0.14416718588253957 0.1038003738354285 0.1730006230590475
0.08032862430625935 0.13158407096012598 0.10778721477254653 0.14056175312692964 0.1121963377397275 0.1464184928405517 0.10542131484519723 0.17570219140866203
0.07849687599297991 0.12982702249043676 0.10435807501742005 0.1377619458518029 0.1096310084834114 0.1644011804603432 0.10332145938885219 0.17220243231475363
0.0538798428940587 0.08377378209688921 0.0756994725618826 0.1047172276211115 0.11293921890711357 0.24118000423546504 0.11837599644125647 0.209434455242223
0.09520279994269697 0.07009482446636459 0.20945199026625655 0.14018964893272917 0.09808952305364531 0.10449953265295767 0.15630099664589356 0.12617068403945625
0.10039099970743813 0.07241155531232861 0.2615641301084217 0.13514205383803365 0.09316711390807199 0.06990018873721611 0.14960780888866565 0.1178161494998242
0.07930440350176977 0.12025085295989797 0.1365015933112551 0.13424159963762067 0.103710033544396 0.15750831776981905 0.10068119972821551 0.16780199954702582
0.07590280689456062 0.12442200829806194 0.10842681182367228 0.13289361373450834 0.10472310495769617 0.18784442682248395 0.09967021030088127 0.16611701716813543
0.06232254366428719 0.09713203301138831 0.06195476354442881 0.08467920826633853 0.13566565713755188 0.2931630554552933 0.09572432238803485 0.16935841653267705
0.09784727604611158 0.07619752401726813 0.204974227516802 0.13823325161896022 0.10332606500032711 0.10588072402544563 0.1530298919021456 0.1205110398729397
0.07814575635042027 0.1193577958971736 0.12408026107181976 0.13272620859123 0.10475224279637278 0.17548531811052367 0.09954465644342249 0.16590776073903746
0.07481753499778583 0.12274935510464897 0.10518086531497181 0.13107046769448405 0.10371787565590894 0.20032296584323242 0.09830285077086302 0.16383808461810503
0.08985229865616377 0.16134388412139627 0.09170586294110451 0.11849646085148845 0.12510951662604525 0.2535217546542923 0.08887234563861635 0.07109787651089307
0.08537200066181032 0.12973592133087267 0.0802660388667205 0.1131031109038377 0.11340751233893527 0.2656782684610501 0.07671341435216818 0.13572373308460522
0.0881223353796787 0.15742049749743514 0.11175133826699525 0.1518824589703178 0.08597655729312048 0.19299025443898377 0.07944620930755085 0.13241034884591807
0.07701754701439051 0.13748121544657196 0.10044749172134074 0.12763582024361525 0.0976373377803017 0.2045089473065493 0.09572686518271145 0.15954477530451905
0.05630663883874446 0.09976771398684883 0.07323716815088777 0.09542131669006644 0.11960861838866017 0.25031033053657986 0.11450558002807971 0.19084263338013288
0.0876941446056881 0.15300828873477096 0.08393184941754428 0.11624022511285692 0.12692602287646085 0.27527516535032204 0.08718016883464269 0.06974413506771415
0.1122552038073938 0.094319132576103 0.13794825885518394 0.08746876305631747 0.15524487200525738 0.1645885094407485 0.13883930643859915 0.10933595382039682
0.07607346378705547 0.11160384496577935 0.10928161491189267 0.1395048062072242 0.10591774911224279 0.1955921024004974 0.09462065116663902 0.167405767448669
0.10140395009238658 0.08180312257206833 0.22443537593991522 0.13561452090828777 0.09666594189630638 0.09171819536511178 0.15013084935716023 0.11822804386876369
0.080789394308268 0.12532378236660088 0.1277111420508677 0.13060103205033247 0.10309336201196075 0.17127922311130533 0.09795077403774935 0.16325129006291556
0.07638750596511583 0.1319339220476085 0.10472960004505173 0.12848399176148625 0.10283655190545375 0.19866044475231154 0.0963629938211147 0.1606049897018578
0.07527236401242858 0.1324582837965017 0.0991721838788704 0.12767984956088707 0.10217739523731054 0.2078802243922274 0.0957598871706653 0.15959981195110884
0.07494854555225129 0.13229050159063857 0.09777609046897698 0.12739593820794065 0.10182697816889506 0.21097006959541603 0.0955469536559555 0.1592449227599258
0.07481094142721963 0.13210681776245764 0.09736669353060404 0.12722330709353413 0.10211255273213629 0.21193307326698008 0.0954174803201506 0.15902913386691764
0.06316214923791767 0.11153955462930515 0.06161775258739502 0.08057545996695265 0.1383659583425879 0.28689765334159295 0.09669055196034315 0.1611509199339053
0.057504607073502766 0.09115792157752793 0.052673587356586775 0.07947100855476795 0.14153877448524788 0.32887529156352796 0.08983679227930289 0.1589420171095359
0.09434561467411302 0.0688034340100785 0.1959187890091495 0.137606868020157 0.10636015590859164 0.11969756848654925 0.15342138867321983 0.12384618121814131
0.11200680113152958 0.07722463096499775 0.18431308141128055 0.09653078870624718 0.14727198103295552 0.12331626948247458 0.1434995008230182 0.11583694644749662
0.09924305480358132 0.06643649791754164 0.24972534724611942 0.13287299583508327 0.10352081107862943 0.0804721224065636 0.14814347446090628 0.11958569625157496
0.11198640667707832 0.07656868472743024 0.20085452997708866 0.09571085590928778 0.14532697799724684 0.112418901970498 0.14228061565022485 0.11485302709114535
0.0986452070565626 0.06601137714732001 0.25595547720361433 0.13202275429464003 0.10316290317124237 0.07818628366727139 0.14719551859417326 0.11882047886517602
0.08733501856512524 0.13096013810247983 0.15847113425885323 0.16370017262809977 0.08542260426659154 0.14350721073752742 0.08327356607603337 0.1473301553652898
0.09318893644304388 0.1602495381728006 0.13414417871999895 0.15476996847377875 0.08370123077202783 0.15806188370107904 0.08095659889397659 0.1349276648232943
0.0795587234282153 0.13849346737141005 0.1058714000467024 0.1279428539195537 0.0989647638952182 0.19328308349979284 0.09595714043966529 0.1599285673994421
0.09414406651762083 0.16343820384515542 0.09111966650092025 0.1169286087219232 0.12482921952829999 0.251686613111484 0.08769645654144241 0.07015716523315392
0.07542900713185247 0.10937776931290076 0.09718373430806096 0.13672221164112594 0.09991015051201858 0.22457714696810044 0.09273332615658979 0.16406665396935113
0.10014141447119851 0.06893366369577558 0.21673786889445562 0.13786732739155116 0.09794418665689603 0.10058316280266921 0.1537117814350578 0.12408059465239606
0.10456187186731603 0.07368343447449849 0.26701657005527063 0.13065165330570555 0.09236217774748338 0.07318610029399104 0.14463675091229916 0.1139014413434356
0.0702521074460864 0.10004841917623149 0.08618931568309396 0.08722169876902232 0.14213981730443895 0.2411068019963614 0.09859844208672087 0.17444339753804464
0.12866972921682968 0.08928787024448713 0.1717534535680823 0.11160983780560892 0.13900012048903262 0.13479349459003073 0.1244366400608804 0.10044885402504802
0.10663915283961299 0.06613413511259654 0.24363320134762706 0.13226827022519308 0.10255765531541204 0.0822568914222289 0.14746925053465557 0.11904144320267376
0.10107848175704781 0.06543586667585534 0.272724893466226 0.13087173335171068 0.09374006961615308 0.07245217897657519 0.14591221613989233 0.1177845600165396
0.09916965739484464 0.06484433968734517 0.2836029350334541 0.12968867937469034 0.0911611488600755 0.07022022896924386 0.14459319924312491 0.11671981143722132
0.09845494989680581 0.06458966215015706 0.28757560374224567 0.12917932430031412 0.09031511409703978 0.0695986475963868 0.1440253063467681 0.11626139187028268
0.1316551937232759 0.08647597786902993 0.24220639760820986 0.10809497233628741 0.1207075226396756 0.09305663335488239 0.12051782736598013 0.09728547510265866
0.10735521053152423 0.0644040270413862 0.2701095044197324 0.1288080540827724 0.09639868693276532 0.07338590055638243 0.14361136776094174 0.11592724867449516
0.10226607105719547 0.06459507742132523 0.2820185151378398 0.12919015484265045 0.09145201888545601 0.07016964170392403 0.14403738159322368 0.11627113935838539
0.10092807517475066 0.06441836793409308 0.28657065472470344 0.12883673586818617 0.09020162211939145 0.06944813608626121 0.14364334581124635 0.11595306228136755
0.10051193365942158 0.06432252977811662 0.2882526011089886 0.12864505955623323 0.08982519616253559 0.06923248510647304 0.14342964102762124 0.11578055360060993
0.100370545440777 0.06428364574775013 0.2888668643429556 0.12856729149550025 0.08969988569312613 0.06915826949045001 0.14334293544349058 0.11571056234595023
0.13443000376975686 0.08612071116811734 0.24211380358180554 0.10765088896014667 0.12013955286402835 0.09263653204987965 0.12002270754213369 0.096885800064132
0.12631968387508616 0.07438598976656713 0.19516482292571002 0.09298248720820891 0.1483745030129954 0.11296881623415453 0.13822471232742697 0.11157898464985068
0.14428232789388176 0.0859270813180633 0.20742863705582854 0.10740885164757911 0.136186616248687 0.10234566535203217 0.11975285400110687 0.0966679664828212
0.0884559010080569 0.11089975995501226 0.1250418520367877 0.13862469994376533 0.10441169827682226 0.17219273931996149 0.09402370952707563 0.1663496399325184
0.1402764577050072 0.10828555704244164 0.18519153435498448 0.10773386229469033 0.12879941882349358 0.11652552693168866 0.11926581418052815 0.09392182866716593
0.08780904536456452 0.11119962459542472 0.12008088130693348 0.13899953074428092 0.10304098364461373 0.17779255485927245 0.09427794259177315 0.1667994368931371
0.10578341715504806 0.08108083332841086 0.22862648945574215 0.1343615154040405 0.09611261713229241 0.08815572667202619 0.14874372075660974 0.11713568009583018
0.07283400547245153 0.10833546645478463 0.08387802489501117 0.08468250821480028 0.1438027274843689 0.23548324119122252 0.10161900985776032 0.16936501642960056
0.06296567457592883 0.0925504114529873 0.056387533386226 0.0806849740872197 0.1468790312320359 0.3079533259490883 0.09120910114207445 0.1613699481744394
0.09972347006364367 0.06830760648840666 0.1965084307703153 0.1366152129768133 0.10800549293106546 0.11557032778662435 0.1523157673039993 0.12295369167913198
0.10480843823144498 0.06623769091345041 0.2545018507575624 0.13247538182690083 0.09612538346282017 0.07892324664914054 0.14770016451447002 0.11922784364421074
0.13873354415116004 0.0866178322614808 0.23029744873367333 0.10827229032685101 0.12263026367390481 0.09528803586599141 0.12071552369277269 0.0974450612941659
0.11131115151679201 0.06441137788275317 0.26506642091746674 0.12882275576550634 0.0969972939593129 0.07382276072916334 0.14362775904004957 0.1159404801889557
0.10490005568857194 0.06451692856925627 0.27975510335560866 0.12903385713851254 0.09160525855710122 0.07019520394917034 0.1438631213171177 0.11613047142466129
0.13790453167663994 0.08599967002993421 0.23857791345776283 0.10749958753741776 0.12064413508269849 0.09277051568492885 0.11985401774694189 0.09674962878367598
0.1108269955490273 0.06422065032985677 0.2681787825273793 0.12844130065971354 0.09632968725867715 0.07320294801771401 0.14320246506388956 0.1155971705937422
0.10468322698609894 0.06444302622868377 0.2808987397115751 0.12888605245736753 0.09137437800787318 0.07001879926892944 0.1436983301278411 0.11599744721163079
0.10300992009216609 0.06426630318545044 0.28579587173338655 0.1285326063709009 0.09011238102239169 0.06929930774388915 0.1433042641180044 0.11567934573381078
0.10248829816530165 0.06416743644722993 0.28761673378690683 0.12833487289445986 0.08972729257669296 0.06908017447639249 0.14308380604800225 0.11550138560501388
0.10231258765088178 0.06412673949468596 0.28828543890858366 0.12825347898937192 0.08959720784831764 0.06900335809972295 0.14299305791800124 0.11542813109043473
0.09407622283697914 0.1292808899325127 0.16591399847044455 0.16160111241564085 0.0823917243138048 0.13908926758423695 0.08220578327230427 0.14544100117407677
0.10564465487334228 0.08209615429867753 0.24722905428401099 0.13231301882364718 0.09038460317549007 0.08050675242819677 0.1464759508344812 0.11534981128215396
0.06363994282562466 0.09482525196945865 0.10096227708849993 0.09863895545417972 0.12407267954023424 0.20221623566862765 0.11836674654501567 0.19727791090835944
0.06308088492867474 0.09490382402761036 0.059867289048003626 0.08273666710099364 0.1440895183244311 0.29632007608021954 0.09352840628807978 0.1654733342019873
0.11074623290549268 0.07582977573801687 0.13743498513342306 0.09478721967252109 0.15879710629275556 0.16775244830176392 0.14090756834900148 0.1137446636070253
0.10824132800280413 0.06639348917022676 0.2291169894127008 0.13278697834045353 0.10750074509373633 0.08840461810006028 0.1480475713736101 0.11950828050640816
0.1056290085596963 0.06536915323877801 0.26648302260916595 0.13073830647755602 0.09487067906277691 0.07348189908978707 0.1457634551324393 0.11766447582980041
0.0950938508387557 0.12963675788710294 0.16051741967040378 0.16204594735887864 0.08354931011981032 0.14088329262819355 0.08243206887386435 0.14584135262299078
0.10605477178749019 0.08227698144712947 0.24511913431540105 0.13254285767095006 0.09079237054506538 0.08093330873695159 0.1467303918864404 0.11555018361057184
0.08389346782963275 0.12493347411828395 0.13252509567954715 0.12992356474665004 0.1022489820987327 0.16662828603385355 0.09744267355998752 0.1624044559333125
0.07871682722986661 0.13153229846598757 0.10578841878720201 0.128014723825764 0.10329035291636308 0.1966279311232887 0.09601104286932301 0.160018404782205
0.09456659617277925 0.16145937881195932 0.09110582322480075 0.11666154885505974 0.12583187134773766 0.25288169063333255 0.08749616164129481 0.06999692931303585
0.06573012561242446 0.09163140935659864 0.056867245728997914 0.07988379277241933 0.1405700461594907 0.31524637690858237 0.09030341791664794 0.15976758554483866
0.07201774764392135 0.10725278775863552 0.08811054227312973 0.13406598469829442 0.10190843712477006 0.2448336075027132 0.0909317113605823 0.16087918163795328
0.10224656581516077 0.06872686073702095 0.21215280443040874 0.1374537214740419 0.09834062088033689 0.10412043563324472 0.1532506417031482 0.12370834932663771
0.10600812434441301 0.07359004539586039 0.2655755228512934 0.1304916315156189 0.0924011186893144 0.07371202182338629 0.14445960021265095 0.11376193516746265
0.07314981920896471 0.09963067825522848 0.08587838400473792 0.08685751437635303 0.1418809136319183 0.24070090638812733 0.0981867553819643 0.17371502875270606
0.10185179394690934 0.06814081446539817 0.20978633582951625 0.13628162893079634 0.10631322635197483 0.10302888845066611 0.15194384598702218 0.1226534660377167
0.12124282627258454 0.07612988539396073 0.1872534814077416 0.09516235674245092 0.14679623570721595 0.11775515158587958 0.14146523479922554 0.1141948280909411
0.08446226253478395 0.11099692411232866 0.12037719514189482 0.13874615514041083 0.10680798920632831 0.17800799986139482 0.09410608783436561 0.166495386168493
0.11690234996137962 0.09024022321660337 0.15295731593690431 0.08974404870953463 0.1547301951326447 0.14079493518849992 0.1424508709675153 0.11218006088691829
0.0834955080084598 0.11081670958565559 0.11241666969187802 0.1385208869820695 0.10824513401485691 0.18632673008119333 0.09395329725740366 0.16622506437848336
0.10537219046188953 0.0811666958117218 0.22550702786198654 0.13455119181452643 0.09740037346185669 0.0897477812301731 0.1489537003400537 0.1173010390177923
0.08411295480178611 0.12462982590328085 0.1280518390881297 0.12986182921295977 0.10370467133125405 0.16991522123666983 0.09739637190971985 0.16232728651619974
0.06730688704306233 0.11190978277724216 0.06692015228172425 0.08171373879048241 0.14114303559011224 0.269522439387833 0.09805648654857889 0.16342747758096482
0.085911332258569 0.12768816645303654 0.07482906624538414 0.11131788870264725 0.12112623657327003 0.2700432753342948 0.0755025679896216 0.1335814664431767
0.10508604352818943 0.06821171411444703 0.20486381455450953 0.13642342822889406 0.10213023041472813 0.1084017421308633 0.15210194162236396 0.12278108540600463
0.08241663552095163 0.11262407306110521 0.12528891325979336 0.14078009132638153 0.09823228196827008 0.17623626811133836 0.09548562716050225 0.1689361095916578
0.1048479142061882 0.08118963465153874 0.23113813434926683 0.13427285836090297 0.09503933298229902 0.08780816234410214 0.14864557376542775 0.11705838934027438
0.10413288177748674 0.15446966206290177 0.12020435888050489 0.12070628264801171 0.12786686141523676 0.20966647164104238 0.09052971198600879 0.07242376958880703
0.08034380032428917 0.1096530974436655 0.10397476982167722 0.13706637180458187 0.10141739056848398 0.2100981673434789 0.0929667565283251 0.16447964616549823
0.07708305001389247 0.11147509762563151 0.10153027480884241 0.1393438720320394 0.09692416079338988 0.2119194024747218 0.09451149581303542 0.16721264643844727
0.13905689628641144 0.1088044495563689 0.17693663869331078 0.1081260915046077 0.12722897698158123 0.12588314685749089 0.11970002803928895 0.09426377208094004
0.07597714204219819 0.0962378893740578 0.07136251204034852 0.08389969842866578 0.14827071997845337 0.2616095039248008 0.09484313735414393 0.16779939685733156
0.10267715968060208 0.06816882566629992 0.20314102749411203 0.13633765133259984 0.10801046787327022 0.1069546749695192 0.15200630678425683 0.12270388619933986
0.1397461920925487 0.08758342255409411 0.21290239569383013 0.10947927819261766 0.12722323150421916 0.10247290449995325 0.12206122508938116 0.09853135037335586
0.11237253281191562 0.06476423397514876 0.25839894604068686 0.12952846795029752 0.09853442282810208 0.07541119977757804 0.14441457546100336 0.11657562115526779
0.08379913836626754 0.11250019209413736 0.13758136530976928 0.1406252401176717 0.09756523854346469 0.16379793978245394 0.0953805976450295 0.16875028814120602
0.11747688210791915 0.09050067559394384 0.15860564542053265 0.0898130939785293 0.15170443144360982 0.1370724373497174 0.14256046663258617 0.1122663674731616
0.09901435820430937 0.13125115568554546 0.09389858948114879 0.11442408444380887 0.1274852819929983 0.2190082498455568 0.07760937901406166 0.13730890133257065
0.10766989314130736 0.06792536865566547 0.21290929917717316 0.13585073731133093 0.10298146800037787 0.09893413614653818 0.15146343398740925 0.12226566358019784
0.10621198723921925 0.06584090977497412 0.2606075837809739 0.13168181954994823 0.0946177782459285 0.07571088201726936 0.14681540179673333 0.11851363759495342
0.10424960832957607 0.0647512823891573 0.2783781564404515 0.1295025647783146 0.09145688575745856 0.07072349864724391 0.14438569535731494 0.11655230830048313
0.10318609454702153 0.06432529262137048 0.28487575858265585 0.12865058524274095 0.09026599419386204 0.06947494633816978 0.14343580175571263 0.11578552671846684
0.08213517733959898 0.11245628292540388 0.14354831796515347 0.14057035365675483 0.09576506853807545 0.16149700488058696 0.09534337030632069 0.1686844243881058
0.1399630911167774 0.10822641248268669 0.19199618151093226 0.10741006268822613 0.12603475504758666 0.11382260061730091 0.11890735470572855 0.09363954183076124
0.08795147936727975 0.11116775058215564 0.12161184076695529 0.13895968822769456 0.1025383066966855 0.17676838951416807 0.09425091897182762 0.16675162587323347
0.07997234558092195 0.12878170695435084 0.10339270703169447 0.12802184446311515 0.10335545491428387 0.20043225212940322 0.09601638334733638 0.16002730557889394
0.07745882465873599 0.1372019166041336 0.09810973679100815 0.12601648231643764 0.10218633314685743 0.20699374184995184 0.09451236173732823 0.15752060289554703
0.05743394047584662 0.10391281088304911 0.07232228412766294 0.09396132004530931 0.12163801781919555 0.25005540250394664 0.11275358405437116 0.18792264009061863
0.08513910285195395 0.12985231773489747 0.0768780326280261 0.11320458469196189 0.11791695988575403 0.2643812605251129 0.07678224005193936 0.13584550163035428
0.11724580945576098 0.07627675413145774 0.14379768121407613 0.09534594266432218 0.1512045659620792 0.15997596777263215 0.1417381476024849 0.1144151311971866
0.14361690255594203 0.08684586482568801 0.18972112125836704 0.10855733103211 0.13864493108383694 0.11387892850771479 0.12103332280744206 0.097701597928899
0.15000744154598789 0.08574279128331172 0.20508085606266202 0.10717848910413966 0.1336397316595643 0.10239403319420226 0.11949601695640642 0.09646064019372567
0.11476960418725823 0.06472315163454784 0.25493799525951777 0.12944630326909567 0.09989391870962361 0.07540438602461502 0.14432296797315594 0.11650167294218612
0.1235975121412046 0.07531708806047259 0.20074499700328488 0.09414636007559074 0.14360297058602606 0.10966055252735668 0.13995488751535579 0.11297563209070889
0.10915561119427308 0.06508905513552357 0.2539183076919861 0.13017811027104714 0.10239415995133741 0.07696557834402123 0.14513887816786897 0.11716029924394243
0.10498748635238475 0.0647668387621047 0.27563263114352443 0.1295336775242094 0.09310808238106083 0.07097059031778653 0.1444203837471409 0.11658030977178846
0.08249699431022463 0.11253542328558756 0.14150072977597067 0.14066927910698446 0.0964308662434213 0.16215310478121434 0.09541046756821556 0.16880313492838134
0.07879243944684851 0.13462329293026878 0.10753281912840462 0.1275927898467928 0.10173292201315702 0.19454015694094265 0.09569459238509459 0.15949098730849098
0.07728007306754693 0.1387246695842747 0.09905538381579168 0.12607026693584847 0.10186637612119341 0.20486269660364775 0.09455270020188636 0.15758783366981058
0.06504706904372524 0.11805727297183208 0.06158774504722927 0.07984792670163653 0.13772428268383574 0.28222233810650443 0.09581751204196381 0.15969585340327305
0.06074667296912257 0.0907633186547389 0.0525207069481402 0.07912699575028519 0.1425994242544058 0.3265409816832842 0.08944790823945283 0.15825399150057037
0.09929798216043632 0.06826699098830263 0.1946071018985588 0.13653398197660527 0.10722891389497625 0.11895924450139372 0.15222520080078228 0.12288058377894476
0.13897043032279596 0.08774668673710921 0.21002980028958854 0.10968335842138652 0.12724883108541046 0.10531711124987073 0.12228875931459064 0.09871502257924786
0.08773964730423296 0.11101449690008378 0.12564864239001186 0.1387681211251047 0.1027575861599759 0.1734287742682203 0.09412098650224494 0.16652174535012565
0.10585765552323687 0.08419961304887 0.2302590800782073 0.13332603505813764 0.09552862131669669 0.08699863988626186 0.14759740144816214 0.1162329536404277
0.10406984801063612 0.15974237630960142 0.1194291995887735 0.11980565209385388 0.1272341570449506 0.20798113662548176 0.0898542390703904 0.07188339125631232
0.0946934287624245 0.12928534397934455 0.08533488541862301 0.11271029987942857 0.11940615305407228 0.24687054304561523 0.07644698600517763 0.13525235985531428
0.13922570789940386 0.08863233945328146 0.17039675530574064 0.11079042431660183 0.13221453810832529 0.13550579786080738 0.12352305517089786 0.09971138188494164
0.11371979530151777 0.06564355449763859 0.24194765646907443 0.13128710899527718 0.10087896492962571 0.08198919272683028 0.14637532898428662 0.11815839809574946
0.10642435921794001 0.06503404131413881 0.27116658115359427 0.13006808262827763 0.09315363250189197 0.0720758232615083 0.14501620555719907 0.11706127436544986
0.08277580303518155 0.11258025971748478 0.1405117957934041 0.14072532464685597 0.09646613033192894 0.16262181583409352 0.09544848106482405 0.16887038957622713
0.10432306331480491 0.084173318022956 0.23666329151985807 0.13295290737260154 0.09389177192802298 0.0849036512420053 0.14718433376209858 0.11590766283765265
0.12139838205591083 0.08833700775597614 0.18845950641308723 0.08833483269753727 0.1483712688782523 0.11446644117249356 0.14021402015482107 0.11041854087192157
0.08454420842300545 0.11105896995206331 0.1207138047824492 0.13882371244007916 0.10725766949700904 0.17685448806141923 0.09415869191587976 0.16658845492809496
0.11716824619577113 0.09388880672756142 0.15243970210845298 0.08919460863586595 0.15424202760213843 0.1399946040689238 0.1415787438664539 0.11149326079483242
0.09887024397069231 0.131157561830468 0.09268670574215096 0.11434248980092081 0.12803703808683653 0.22014093624720202 0.07755403656062454 0.13721098776110496
0.10766793889872214 0.06794369964287779 0.21239655184014083 0.13588739928575558 0.10314003480561892 0.09916140681678019 0.1515043093529245 0.12229865935718003
0.12261706329367546 0.08575620432509531 0.18101421061704834 0.08864951623388305 0.15188191074697077 0.1185556816594128 0.1407135178315604 0.11081189529235382
0.08469470743701327 0.11095566472140465 0.11895390956124609 0.13869458090175582 0.10792886229400894 0.178267670956056 0.0940711070464083 0.16643349708210697
0.10537917969517896 0.08436407754905277 0.2274829579114075 0.13359716029324206 0.09682238621123052 0.08798737088130348 0.1478975482285789 0.1164693192300059
0.08404143867874031 0.12911995780265068 0.12804767791206886 0.12908152419183153 0.10310908486296994 0.16843726816807564 0.09681114314387365 0.1613519052397894
0.07868773796011284 0.1380937570709221 0.10408043369533838 0.12679037512355476 0.10273504602154283 0.1960318998814195 0.09509278134266609 0.15848796890444347
0.0655123037909025 0.11832723092019418 0.06249588135338368 0.08013461012655444 0.13846524391555148 0.2786339774884395 0.09616153215186532 0.16026922025310888
0.07290947931232157 0.10882393611615766 0.09048071237069519 0.1360299201451971 0.10272541326973654 0.23353086268708703 0.09226377192456847 0.1632359041742365
0.10248912342352061 0.0687711618524741 0.21331446409705432 0.1375423237049482 0.09860560975632675 0.10213979925272076 0.15334942657850195 0.12378809133445337
0.12147093474965326 0.0860450742318539 0.18153820970027415 0.08882010983354478 0.1505910322315774 0.1195252006380785 0.14098430132308695 0.11102513729193096
0.10019794908422812 0.13159657016283458 0.09848193862873472 0.11472521501375324 0.1276644705041914 0.2118499744934693 0.07781362409628478 0.13767025801650387
0.10781035770486792 0.06784288840692032 0.2148066723378538 0.13568577681384064 0.10289265145575943 0.09756493880510893 0.15127951534319245 0.12211719913245656
0.08459463713698001 0.12508812200681366 0.12532725971260167 0.12932965853307618 0.10464598623134602 0.17235501931303018 0.09699724389980713 0.16166207316634518
0.06713118901000732 0.1167785162823584 0.06611903045322508 0.08100882555293358 0.1405086006085845 0.26922559632350357 0.09721059066352028 0.16201765110586716
0.07333611079151607 0.10905246169939381 0.09144967662903591 0.13631557712424228 0.10334671479462598 0.2304632445365221 0.09245752187557302 0.16357869254909072
0.10257164786172689 0.06876290357339189 0.21373263580149368 0.13752580714678378 0.09871834696663138 0.10158442036913949 0.15333101184872758 0.12377322643210541
0.08366076680015898 0.12537092658438762 0.1250764735775117 0.12941550003647054 0.1037028563905725 0.1739424765379576 0.09706162502735292 0.16176937504558817
0.06696373708264138 0.11679004009488195 0.06605604770120418 0.08097666970802458 0.1401569208204181 0.2699312415271512 0.09717200364962951 0.16195333941604917
0.07329634296691694 0.1090359511365252 0.09142274313289234 0.13629493892065647 0.10325884391797913 0.23069372943057953 0.09244352378966267 0.16355392670478777
0.11538474987520142 0.07735943114003066 0.15027484688806347 0.09669928892503833 0.1480524965377638 0.15244005220842619 0.14374998771543013 0.11603914671004599
0.10908397035531393 0.06626279346712327 0.23449481361655286 0.13252558693424654 0.10505466869718603 0.08554899922624466 0.1477561394625107 0.1192730282408219
0.08323123095334028 0.11262994871463343 0.1321640915812437 0.1407874358932918 0.09900998510092843 0.16774177599177065 0.0954906086928414 0.16894492307195016
0.1047565826479717 0.08438901110706037 0.23320909755458746 0.13328034196881217 0.09466082298054215 0.08596420778157787 0.1475468173199711 0.11619311863947726
0.07306104453710402 0.11237271746959415 0.08441449683027547 0.08424484865144292 0.1428752514410113 0.23344812538595502 0.1010938183817315 0.16848969730288585
0.07494270097123626 0.10995402325507987 0.09616371104118807 0.13744252906884985 0.10460264353401959 0.21874146796552565 0.09322188928148077 0.16493103488261981
0.10285626145351254 0.06871565997238706 0.21575399519153157 0.13743131994477412 0.0988862221651581 0.09944268765256933 0.15322566566977053 0.1236881879502967
0.10663131823413935 0.07544008067261297 0.2664629991957533 0.12980003304665766 0.09215244989783364 0.07266014350617785 0.14369397227794414 0.11315900316888104
0.08288196021230049 0.11271920157831829 0.1395223683485745 0.14089900197289787 0.09633458340577764 0.16299780251564486 0.09556627959900899 0.1690788023674774
0.10444825498369473 0.0842223921841083 0.23626141437546905 0.13299838943263217 0.09389491596541016 0.08499263492215411 0.1472346842721854 0.11594731386434601
0.07304342746375847 0.11238283373017467 0.08489971229054932 0.08427583736721474 0.14269000622395833 0.2330255033492573 0.10113100484065767 0.16855167473442947
0.08671016698094365 0.1421853180493895 0.07771392148086047 0.11062999951002414 0.12119746693565475 0.25377112796343 0.07503599966766854 0.13275599941202898
0.10442067776777442 0.07780301954858021 0.20451463527254043 0.13491887801626073 0.10144257056211403 0.10504874820295111 0.1504244804151444 0.12142699021463464
0.10723847467942829 0.07699312030349967 0.26182946609701446 0.13002551574335375 0.09288320679905611 0.07373104765799522 0.14394359089211323 0.11335557782753918
0.07283534059551292 0.10682151885408223 0.08491723348523249 0.08605321192110767 0.14110760735178002 0.23888112003925197 0.09727754391081737 0.17210642384221533
0.073872061288694 0.1205425861956632 0.09498242155942305 0.13518830870324686 0.1029805544292476 0.21851515756371398 0.09169293981611526 0.1622259704438962
0.10190612829010037 0.07675276653860033 0.21385239511682808 0.13616218621522244 0.0979453439982861 0.09902453597446959 0.15181067627279277 0.12254596759370018
0.10642819441095637 0.0766829003414037 0.2656542333130772 0.1297996622607626 0.091976503092608 0.07260626485883649 0.14369356180271642 0.1131586799196392
0.07274899904953369 0.10684598280267323 0.08550228882259538 0.08609725708459232 0.1409005031577006 0.23838312081809404 0.09732733409562609 0.17219451416918463
0.10110585486134054 0.07529220085247408 0.20832051386974879 0.13510192297251658 0.10568527051280836 0.10227394437454838 0.1506285618812983 0.1215917306752649
0.1044747012420106 0.07081022839313672 0.2582387121683041 0.13114924526015526 0.09497460369727094 0.07609656729701843 0.14622162120796411 0.1180343207341397
0.10353533033524943 0.06929325904100027 0.27688943527557786 0.12885989929752353 0.09124065122710921 0.07053834414942518 0.1436691713063434 0.1159739093677712
0.10267047592479865 0.06872221495239082 0.28372751887458153 0.12796577133144255 0.08990171634707939 0.06917082302127792 0.1426722853501307 0.1151691941982983
0.10223821144846276 0.06851268970517382 0.28622576871189637 0.12763864804346103 0.08942003075545282 0.06878230080022128 0.14230756729621702 0.11487478323911496
0.08138817061945286 0.119619927485739 0.14311937717402298 0.13930721515526995 0.09489794912896386 0.16001206936230516 0.09448663288792224 0.16716865818632393
0.10391917518096708 0.0851725693027565 0.23764233592939038 0.13275267505286695 0.09344377671112333 0.08437369814156107 0.14696266835319416 0.11573310132814042
0.08379899527594897 0.12932325929257282 0.1303321728996334 0.1290586690785833 0.1023278963262293 0.16704166896986578 0.09679400180893748 0.1613233363482291
0.06714620077429645 0.1179188605643338 0.06695144121894177 0.08116913210882827 0.14006668015681384 0.2670064624285354 0.09740295853059391 0.16233826421765654
0.07239819417574543 0.12101393953904482 0.09045533150680916 0.13424179754931426 0.1021220241299125 0.22762759770220103 0.09105095833779576 0.16109015705917712
0.10166877010533493 0.07686851337889176 0.21194124329955455 0.13629406307124844 0.09787503734937489 0.1007300069057665 0.15195770912570533 0.12266465676412358
0.10644354951613479 0.07675289355267802 0.26492457083199555 0.12989102318487378 0.09202377732007042 0.07293115558820105 0.14379470210128475 0.11323832790476175
0.08219853058870602 0.12073086770012383 0.13834771720126318 0.13948221660372337 0.09552869090175346 0.16172798755743664 0.09460532952252541 0.16737865992446804
0.13953149092188818 0.1143789010321835 0.1892328747725282 0.10675188481962802 0.1254077540702721 0.11345262389386586 0.11817872474944575 0.09306574574018854
0.12894345398480586 0.08333343357566317 0.17770250584844668 0.09266356570906512 0.1502245361302447 0.11818561180204737 0.13775061409884906 0.11119627885087814
0.11059058382562148 0.07089831347251407 0.24389697644284863 0.1300519628710771 0.10399300775305492 0.078524155820027 0.14499823323088745 0.11704676658396938
0.10523407542306137 0.06949061452442522 0.27123028751278183 0.1292051130685616 0.09335741510082547 0.07114383370980969 0.14405405889882913 0.11628460176170546
0.10322083271570544 0.06885124642769741 0.2815982922169918 0.12818453812166375 0.09047896923217856 0.06938384298091833 0.1429161939953475 0.11536608430949735
0.09370679885644422 0.1374875227135145 0.16320481586999372 0.16006872978796324 0.0819666224680897 0.13807738660269 0.08142626689213782 0.1440618568091669
0.10595183986560187 0.08721723133954931 0.24526960740107673 0.13145848264467958 0.08991477532238168 0.08005328824623383 0.1455299441569102 0.1146048310235668
0.08417909699322741 0.12983512909429998 0.1320593205123334 0.1290198270621464 0.10150549408534819 0.16536147812835175 0.09676487029660981 0.161274783827683
0.0591971864379657 0.10396073784230306 0.07891270241612974 0.09532570938970425 0.12314674679231405 0.23441464707452944 0.11439085126764507 0.1906514187794085
0.07217880260586884 0.12145829986580663 0.09452042203118323 0.13679994978824384 0.09999461457796176 0.21810191848519073 0.09278605289985234 0.16415993974589257
0.10322462001494737 0.08675297545677714 0.21742048068140488 0.13468428676248975 0.09594419695884243 0.09545532769606162 0.14910104191858856 0.1174170705108885
0.07255301370241972 0.11249978342827986 0.08180299243834185 0.08397088769164683 0.1427730282148625 0.23769345391117946 0.10076506522997618 0.16794177538329366
0.07383451168271098 0.12122295214578219 0.09431598682973108 0.13521657889386315 0.10334334852313294 0.21809461287195867 0.09171211438018544 0.16225989467263574
0.11468103494667804 0.08643801994666654 0.1502022380360261 0.09578097477191172 0.14709296851217368 0.1484827420112586 0.14238485204899115 0.11493716972629406
0.08231308995114618 0.11970227099850632 0.11079919274801112 0.13686901498238835 0.1057027183076396 0.18753799791495293 0.0928328971184895 0.164242817978866
0.10505303657239842 0.08593396282065782 0.2240072490965608 0.1338446478728654 0.09656052919223154 0.08974396965982745 0.14817152715270404 0.11668507763275444
0.0839899702317697 0.12949236922850724 0.12723788765833183 0.1290596563091565 0.10302442454986653 0.16907637940405532 0.09679474223186736 0.1613245703864456
0.07868923607792914 0.13816653433913562 0.10388789218812344 0.1267699408843889 0.10270060837903616 0.1962459063626089 0.09507745566329169 0.15846242610548614
0.06552359858894406 0.11833046602263111 0.062462728308968186 0.080125150702423 0.1384406452530104 0.2787169288762696 0.09615018084290758 0.160250301404846
0.06016518758866918 0.10099347157704497 0.052063380862696504 0.07809202119027871 0.1415525979450451 0.3226713614580018 0.08827793699770636 0.15618404238055741
0.09856712116342842 0.07518162969985392 0.19319049393277193 0.13549127196244892 0.10653818078274638 0.11802650074336828 0.1510626569491781 0.121942144766204
