Action: 0
[0.14455347672135224, 0.1051586548193748, 0.22449355844131125, 0.1051586548193748, 0.10515969064896342, 0.1051586549108739, 0.1051586548193748, 0.1051586548193748]
[0.10936496029033535, 0.10440589587562642, 0.22392494809481828, 0.10440589587562642, 0.14468061223671422, 0.10440589587562642, 0.10440589587562642, 0.10440589587562642]
[0.11845979222262464, 0.10498876557166949, 0.24990649767546255, 0.10498876557166949, 0.10668978179473032, 0.10498886602050454, 0.10498876557166949, 0.10498876557166949]
[0.125, 0.125, 0.125, 0.125, 0.125, 0.125, 0.125, 0.125]
[0.24950667677971686, 0.10489929836254942, 0.11959027520704008, 0.1048992983625464, 0.10489930407466068, 0.10640655048839381, 0.1048992983625464, 0.1048992983625464]
[0.14469887186814123, 0.10947679531088522, 0.2238689689905043, 0.1043894897208413, 0.1043894900575246, 0.10439740461042077, 0.1043894897208413, 0.1043894897208413]
[0.125, 0.125, 0.125, 0.125, 0.125, 0.125, 0.125, 0.125]
[0.125, 0.125, 0.125, 0.125, 0.125, 0.125, 0.125, 0.125]

Action: 1
[0.212623309786134, 0.10631160061056791, 0.10631160061056791, 0.10631160061056791, 0.1456461578048613, 0.11017252935616502, 0.10631160061056791, 0.10631160061056791]
[0.10670517302294207, 0.10670517302294207, 0.10670517302294207, 0.10670517302294207, 0.21341034604588413, 0.14635861581646345, 0.10670517302294207, 0.10670517302294207]
[0.10526057794617809, 0.10526057794618841, 0.10526057794617809, 0.10526057794617809, 0.1184273419654242, 0.2500091903574971, 0.10526057794617809, 0.10526057794617809]
[0.125, 0.125, 0.125, 0.125, 0.125, 0.125, 0.125, 0.125]
[0.2133806974337092, 0.10669029065964263, 0.10669029065964263, 0.10669029065964263, 0.10771689130678355, 0.1454509579612942, 0.10669029065964263, 0.10669029065964263]
[0.10631537734348383, 0.1063153773423334, 0.1063153773423334, 0.1063153773423334, 0.11014664243956364, 0.25196109350528556, 0.1063153773423334, 0.1063153773423334]
[0.125, 0.125, 0.125, 0.125, 0.125, 0.125, 0.125, 0.125]
[0.125, 0.125, 0.125, 0.125, 0.125, 0.125, 0.125, 0.125]

