Action: 0
[0.11329234833930277, 0.10208007644513063, 0.2679152011927722, 0.10208007644513063, 0.10839206733090521, 0.10208007735649731, 0.10208007644513063, 0.10208007644513063]
[0.10431595303915404, 0.10431595303915404, 0.26978832872592157, 0.10431595303915404, 0.10431595303915404, 0.10431595303915404, 0.10431595303915404, 0.10431595303915404]
[0.1555891642564107, 0.10147706679293923, 0.13297604452056028, 0.10147706679293923, 0.10257239043677523, 0.202954133614497, 0.10147706679293923, 0.10147706679293923]
[0.125, 0.125, 0.125, 0.125, 0.125, 0.125, 0.125, 0.125]
[0.1019049712890235, 0.1256337327037318, 0.2629503348659612, 0.10189127461664252, 0.10189836674467895, 0.10193877054667694, 0.10189127461664252, 0.10189127461664252]
[0.10802264934803174, 0.10214832114186784, 0.2680087121781261, 0.10214832107595859, 0.11322703302477845, 0.1021483210793202, 0.10214832107595859, 0.10214832107595859]
[0.125, 0.125, 0.125, 0.125, 0.125, 0.125, 0.125, 0.125]
[0.125, 0.125, 0.125, 0.125, 0.125, 0.125, 0.125, 0.125]

Action: 1
[0.10429175548389584, 0.10428709016039152, 0.10428709016039152, 0.10428709016039152, 0.10448494434948882, 0.26978784936465766, 0.10428709016039152, 0.10428709016039152]
[0.10471582512940031, 0.10471582512940031, 0.10471582512940031, 0.10471582512940031, 0.20943165025880062, 0.1622733989647975, 0.10471582512940031, 0.10471582512940031]
[0.10171797824501756, 0.10171797527948527, 0.10171797527948527, 0.10171797527948527, 0.1593783431581626, 0.23031380219939354, 0.10171797527948527, 0.10171797527948527]
[0.125, 0.125, 0.125, 0.125, 0.125, 0.125, 0.125, 0.125]
[0.10372171589989108, 0.10371003180472163, 0.10371003180472163, 0.10371003180472163, 0.10819041585332795, 0.26953770922317266, 0.10371003180472163, 0.10371003180472163]
[0.10304284314239662, 0.10304284314239662, 0.10304284314239662, 0.10304284314239662, 0.16546698527833784, 0.21627595586728243, 0.10304284314239662, 0.10304284314239662]
[0.125, 0.125, 0.125, 0.125, 0.125, 0.125, 0.125, 0.125]
[0.125, 0.125, 0.125, 0.125, 0.125, 0.125, 0.125, 0.125]

