0.125 0.125 0.125 0.125 0.125 0.125 0.125 0.125
0.46913550753716415 0.15293742582044995 0.09715039356858461 0.031136211334725047 0.15597589245725083 0.05195826340595946 0.03141665860303551 0.010289647272830571
0.4037228036095918 0.1714020441685605 0.07036928442002259 0.029515509825713635 0.19387284000628832 0.08353171172496147 0.03338362356560269 0.014202182679258879
0.4767879017839274 0.11117184708095727 0.1328989880166185 0.030664147493180964 0.15763871899029847 0.0372307249623043 0.04345507948401572 0.010152592188697473
0.453229583228376 0.10124683635149213 0.22087027283584407 0.048920876137092534 0.09673468587282122 0.021881728104648595 0.046656408974283504 0.010459608495442058
0.5240790095708857 0.10864388908407736 0.16298246432992788 0.03348881308208585 0.10796752405107232 0.0226671843936841 0.033254527305815226 0.0069165881824516055
0.46053709271310317 0.13498901771339822 0.14310475624457486 0.04146750878787113 0.12997921638835208 0.03864891397772546 0.03963562944834457 0.01163786472663076
0.4026611221970311 0.18787950535408898 0.1088755971753291 0.05027209812643444 0.13422599938252677 0.06337162206487533 0.03593337870945987 0.01678067699025449
0.4304202030795334 0.13857506868786415 0.13987597003746763 0.04439505159090216 0.14114859481587153 0.046202960988165086 0.04490463543790277 0.014477515362293605
0.4137507367850374 0.18402629422404254 0.10450123960217148 0.045919191969609 0.13900580498141368 0.06263131587281319 0.034718654380466014 0.015446762184446688
0.35291079663125346 0.221781826486053 0.11463417317446083 0.0709770205475922 0.11108461453009842 0.07107562403810429 0.035302847020341525 0.022233097572096204
0.340235327952457 0.24489081647786434 0.060895674668327196 0.04313297903185208 0.15292237880445572 0.11195849549626069 0.026726266156698465 0.01923806141208443
0.39185311758493135 0.19595825044285375 0.11469988451442766 0.05671276267249855 0.12398955319215293 0.06290691822658538 0.03588254404059194 0.01799696932595822
0.4438022137091495 0.14326753352153354 0.14439324905222986 0.04593982996113045 0.12723079207575616 0.04182815355844373 0.04044568122556448 0.013092546896192398
0.5152309010643935 0.09857524445823473 0.1391257287625951 0.026304105141400178 0.14597637168903027 0.02835231295831627 0.03896129264429117 0.007474043281738933
0.4769562832681822 0.10552106932651933 0.14605203446135784 0.03206111372226676 0.15015078830300896 0.033573990772019655 0.0455770473027161 0.010107672843929088
0.4710049286383728 0.09394695164355166 0.2172125884003202 0.04290933041457379 0.09997376470232373 0.020211990569994145 0.04561201304752482 0.0091284325833388
0.4237331279945678 0.20260408933538193 0.1318342579066946 0.06252426916640051 0.09243963944002558 0.04469763158973645 0.028502834903829592 0.013664149663363784
0.3878273196317259 0.26263108636389326 0.07061190937722982 0.0471084782086283 0.11666715322825337 0.08024173559447113 0.020819618516455238 0.014092699079343195
0.3532492827439946 0.2478714799624983 0.062171403886763815 0.04293484074794047 0.1463920678678158 0.10457470144627098 0.025144814312046838 0.017661409032669023
0.35396927063848704 0.24102309722710755 0.06159166840862476 0.04123272912419288 0.15267792721622056 0.10601646482039498 0.025853544917954795 0.017635297647017677
0.49029943502269674 0.10579278553629455 0.13530523445532075 0.028838983965295963 0.15461281501539714 0.033862746729237794 0.04216733522602645 0.00912066404973053
0.45675136064284305 0.10165518947868663 0.19776797406320132 0.043615939432972595 0.1144525350713009 0.025747258218035033 0.04907497320423275 0.01093476988872756
0.5246351801248919 0.10341132830790983 0.15308899238775894 0.029881702157432168 0.12226637835747575 0.02439859114408593 0.035338108723509225 0.006979718796936242
0.44913611325362635 0.08875119719565755 0.22103987664913072 0.04331103504948602 0.11081372031437443 0.022134950947417447 0.05410186931921861 0.010711237271089037
0.47127767639073137 0.09212430747295935 0.20829250631948867 0.040310408996619314 0.10922774723496505 0.021612510488186982 0.04779676166572076 0.009358081431328337
0.41188092495047823 0.18684134055434445 0.12065641018210566 0.05424764032708777 0.12034179709925175 0.05523947998116606 0.034915462221769444 0.015876944683796673
0.4714919653048246 0.15698533201472128 0.10746677189623613 0.035353232593394956 0.1397132774027142 0.04730107144277252 0.031245019354755328 0.010443329990580844
0.37369080777632463 0.2304002492505656 0.06400326372033317 0.039000918161761926 0.15871430910849482 0.09956922760647045 0.026686281653773306 0.007934942722276163
0.5091334759216352 0.10327934243772768 0.12390645359188379 0.02478362230586228 0.1597974812328342 0.03291758601508384 0.038387635621297024 0.007794402873676014
0.46233645042488936 0.10287275676213904 0.2125292303108444 0.04689582346914293 0.09842804261055768 0.02216225277312006 0.04478099560899668 0.009994448040309828
0.47659241871698477 0.09891748184530301 0.2103848147617193 0.04324482640069698 0.09831688881570352 0.020663582997886818 0.04294580124545774 0.008934185216247713
0.4671771661394167 0.09673952476476172 0.20635594153401027 0.04233111760115511 0.10784117754622054 0.022581597524823912 0.047189459612346926 0.009784015277265
0.4588730727569848 0.0951781470471016 0.2277689433534836 0.04683619741983258 0.09498374114412383 0.0199493734047207 0.04669283290830218 0.009717691965450567
0.4813143345390586 0.09397038598671047 0.21325966548377487 0.04122384376977293 0.09885229460454148 0.019551506597406648 0.043344764937847224 0.008483204080887933
0.4549145906991569 0.09920659357100017 0.22642112182393226 0.04898331378959785 0.09358397587929584 0.02064573917794165 0.046149466081061866 0.01009519897801356
0.46297693910457144 0.08546076304857345 0.2307036832098152 0.042177792078520994 0.10082188685166556 0.018855863034747126 0.0497858837835695 0.009217188888536725
0.3950994100225433 0.1684144668559593 0.1752516276227639 0.0739839892835861 0.09097856413131934 0.0392358488884473 0.039972269313380285 0.017063823882000607
0.3651209021799182 0.22533177436513188 0.0674091379362276 0.04094858262288908 0.1568647114338164 0.09845339419559404 0.028366559910692896 0.01750493735572985
0.42237211889202575 0.20890291763182237 0.08672027713307125 0.042417163178764 0.1327005144959059 0.06657942221442015 0.026942451265891506 0.013365135188099075
0.4405629522828892 0.1373543954556055 0.09220614361182103 0.02835978427410027 0.1900490385999737 0.060311354891208854 0.038967419947206657 0.012188910937194623
0.40786665938165434 0.20427122454780056 0.10139292563261501 0.05023207924362076 0.12592750333472402 0.06388161788091752 0.030919405161938803 0.015508584816728984
0.4353072809258954 0.13544557565548954 0.09149047206791636 0.028077513027088802 0.19515062191523516 0.06178055740481843 0.040204852149273086 0.012543126854283417
0.4288169760051239 0.18281111719505508 0.11364298061250962 0.047881741268338725 0.12556786907784911 0.054355991076344194 0.032868094413353664 0.014055230351425623
0.4116738533016926 0.13674353821217142 0.15627294930428653 0.051301417274200824 0.13300678599519328 0.04487123185380401 0.04960428218932438 0.016525941869327095
0.4177122583820043 0.19579558264801028 0.10588261417568488 0.049044534508473604 0.12563913005277508 0.05970557886397333 0.031456047059948436 0.014764254309130122
0.4190853138645943 0.1348900507574242 0.1584394230469506 0.05036906873298473 0.1304625795637677 0.042696984063701565 0.04841793806271298 0.015638641907863765
0.47539691247655824 0.10696077741674791 0.13674663055098427 0.030456529838394916 0.15884557317516435 0.03616942179661304 0.04523276623408278 0.010191388511454678
0.4207659371732479 0.1845332701280677 0.11374447326112261 0.04937800399803516 0.1265984205939391 0.05624856647808128 0.033851185306173544 0.014880143061332745
0.45378196735438636 0.14529475828935431 0.1365184068986719 0.04306363099157046 0.12915457867469102 0.04209248469632505 0.03792917709014111 0.012164996004859709
0.4306872803319056 0.19126938988211217 0.10893447115850736 0.04781048302498374 0.12216084341982122 0.05502943540516144 0.03052605470691066 0.013582042070597782
0.42816248786907185 0.1319491807440646 0.1622965835655438 0.04939538900065676 0.12672343424670435 0.03973605908331696 0.04714843366723976 0.01458843182340194
0.404122507951419 0.1783782239985063 0.11647322668470532 0.050855783606106084 0.13460018049448186 0.06017853868184522 0.038411303210533945 0.01698023537240235
0.4307577940581018 0.1380538405461672 0.14046054598963267 0.04438403017713981 0.14096721905500778 0.04593309952350491 0.04499974929258396 0.014443721357861853
0.3799049593323713 0.15967134534541336 0.07136052978414759 0.029633880589651333 0.21267148523072438 0.09060086473713855 0.03952708493988437 0.016629850040669334
0.44957845560867515 0.09977184793582179 0.21247964497176783 0.04665677848673304 0.10660979021380129 0.02399698382673953 0.049814871669870836 0.011091627286590584
0.40431405593846476 0.19432147576409062 0.11835794788747069 0.0563766354614276 0.11829546460292956 0.05752911907766293 0.03428769420181015 0.016517607066143646
0.3608499912681166 0.22698584545889225 0.1177789882808946 0.07297496543773238 0.10243632653073417 0.06566176395797406 0.03269181674350168 0.02062030232215439
0.3478235358872043 0.2315575742877475 0.07320808633566858 0.04802948050933836 0.1480823846657072 0.10038620056683686 0.030531756610037066 0.02038098113746005
0.4230957996072714 0.18875581358170612 0.11006824450111058 0.04843717088401871 0.125823251988454 0.05706635937871452 0.03230459884498656 0.014448761213738082
0.44058070064499294 0.14683074875324414 0.1323671449676164 0.043476433208722146 0.13681554731179116 0.04633796728649772 0.04018990281632082 0.013401555010814586
0.401131904000734 0.18880532605128972 0.1147087876128025 0.05343240335727978 0.12778224698511187 0.06091686752491149 0.03616679109727775 0.017055673370592935
0.41630090077659065 0.13915371591781636 0.09456367997513264 0.03122452235493133 0.1946682805699145 0.06612284706432055 0.04341092917562906 0.014555124165665095
0.394327965825327 0.17833124931104402 0.11795129248387558 0.05278516528428174 0.1358704648296698 0.062263288284450484 0.04023267164364822 0.018237902337703275
0.409870345877173 0.13672387420943571 0.155233332545502 0.051151742005021004 0.1346114742311983 0.045642238414698375 0.050024377860086955 0.016742614856884563
0.4230027981185241 0.2091525661437636 0.08470722630141048 0.041453812066189796 0.13449169508820225 0.06734675553116766 0.026645020732325286 0.013200126018416672
0.4389259446171441 0.14232684934409354 0.13033473728027276 0.04162745743685933 0.14396861759424215 0.04744687428674009 0.041810715914056586 0.013558803526591464
0.4315781889120292 0.18187347341750099 0.10874865514968848 0.045254920122094464 0.13052325630157904 0.055812661274583286 0.03249501709687488 0.013713827725649491
0.3404427690575848 0.23036311793492278 0.06662660033184889 0.0444704247974504 0.1583134620666042 0.10885197404987372 0.030360087633601818 0.020571564128113545
0.4265098562717385 0.223344283759713 0.07213593968972656 0.03729309012882157 0.13482683209564525 0.07159963687034815 0.02249791184037375 0.011792449343633384
0.33276469519911583 0.229673896493213 0.06925484740619418 0.04717357804077844 0.15689423171455785 0.11005094533618508 0.03203185398687711 0.02215595182307845
0.4871873840683714 0.11647464581352966 0.1262428817312638 0.0298142760944214 0.1540711264420376 0.03735866550670966 0.03941259933631472 0.009438421007351653
0.48797955108419117 0.1091664350197504 0.14848891873429165 0.0329383483226121 0.13879612770814956 0.031436972497602654 0.04180823122619691 0.009385415407205692
0.4484206730431065 0.0995744541387215 0.20714622916825945 0.0455971088837706 0.11169495211063488 0.025069053736184874 0.051127320315709865 0.011370208603612401
0.4844054459676547 0.0899670970881313 0.20028942003809924 0.036776975021986374 0.11268744553951282 0.021202234684941288 0.04610088893926035 0.008570492720413929
0.4674624477631035 0.10211122720338076 0.20607150860511175 0.04462105203818895 0.10253803132318806 0.02264864963186892 0.04475308438108751 0.00979399905407052
0.4280870090003383 0.19487110911870997 0.1107787753569001 0.04991949489061143 0.11799037126805867 0.05438750234205517 0.0301954848138757 0.013770253209450493
0.43228581719905035 0.12813306440743075 0.16393033130276766 0.04796682039518447 0.12756920775605543 0.03849024462793558 0.047491338843410884 0.01413317546816479
0.4131946626967341 0.19227308361631812 0.11918856594323737 0.05489539816139962 0.11662603750460826 0.05502855272836377 0.03326569168768468 0.015528007661654067
0.436733545841353 0.14011579881894046 0.15416789860632027 0.04881245657451257 0.1234393313523074 0.04030679708560428 0.04268223760623887 0.013741934114723188
0.36118239628189674 0.16883939852354912 0.07688742518695081 0.035588510124620915 0.20052044029230243 0.09488349361853048 0.04229154065636371 0.01980679531578571
0.44891288404722995 0.09487581370476297 0.21211574161993801 0.044319507344926255 0.1121877974495033 0.024056766640004067 0.05242128936900624 0.011110199824629295
0.4617772107613965 0.08553522356811463 0.2162586158827575 0.03965139576003397 0.11324218541302117 0.02123675127744155 0.05254877776537364 0.009749839571860973
0.4062796115096444 0.1738282111621755 0.16862144323449418 0.07140673174385007 0.08905381397868205 0.038579266813702974 0.03656266897389194 0.01566825258355872
0.422377122123949 0.1388214519952693 0.09780946845993034 0.03176839717035708 0.188957341771628 0.06302712026799895 0.04305743990961435 0.014181658301253038
0.40925253416960866 0.19486830801984045 0.10172216725753798 0.047874538693755235 0.13348501179617106 0.06439737302250506 0.03277730373291177 0.015622763307669818
0.45669999792457955 0.14172920172997078 0.13642177865214677 0.041675737522200565 0.13160138644661512 0.0416068887688196 0.038344101909011157 0.011920907046656338
0.4143819327463864 0.1838051241725645 0.11175871658656081 0.04902486779989504 0.1313666287405849 0.059030696403007926 0.03505942944748913 0.015572604103511162
0.34578263723874036 0.2168485676801976 0.07302898881071716 0.045166420332225926 0.1615747606331573 0.10309200637274447 0.03346651630254209 0.021040102629675102
0.3918477925798211 0.20407029710754002 0.10187913697718276 0.05241879780677178 0.13019061834555481 0.06872423619547133 0.0334358548310859 0.017433266156572483
0.4340225036502839 0.13547639146209062 0.09105097157563087 0.028023999403304665 0.19616836211498268 0.06232542545910985 0.04031339625921979 0.012618950075377802
0.5055469767262156 0.09837442928980307 0.13393456983161153 0.02575736249630724 0.15651256753491208 0.030905367774189386 0.04097582197637026 0.007992904370590827
0.35701549842575125 0.14700937688071766 0.1745211549781528 0.07121521317762596 0.1190852290693008 0.04962135630312752 0.057711721561180825 0.023820449604143232
0.43815971065750037 0.09938339326144387 0.2138244938079981 0.04798878282521182 0.11009080887020777 0.025294101157600876 0.05317460719586766 0.012084102224169531
0.4581741540608336 0.10057701710620671 0.21448486403692507 0.046654846484786835 0.10075815707788098 0.02238546981721949 0.046691398009121324 0.01027409340702589
0.4538504301393314 0.08903566845854928 0.22556345569809136 0.04384467685272788 0.1049768150111896 0.020843952509012758 0.05171550305850939 0.010169498272588442
0.46305466363523706 0.09558172139696382 0.21768234332023423 0.04452895008189525 0.101171449398923 0.02113498472873879 0.04709995031713998 0.009745937120867807
0.49031764871873773 0.09592439218737778 0.20359356346738136 0.039415174123868656 0.10107465452433818 0.020033115857749705 0.041505659571053635 0.008135791549493055
0.42195543823090925 0.0825454114703734 0.2096774265720873 0.04066333047417413 0.13716468731211523 0.027128623479418496 0.06761392009130114 0.013251162369620895
0.4943457047999091 0.10266387712029937 0.15299200397613302 0.03148777968358413 0.1382548550382925 0.029099926449396733 0.042330235837511054 0.008825617094874134
0.41355666799268875 0.20058294202044846 0.10563540833467847 0.05075217385705778 0.12297673770886758 0.060332744586892036 0.031071240318435688 0.015092085180931277
0.4484233299162628 0.13367752721445011 0.14574953539290514 0.04280112301065939 0.1336034597946633 0.04055831494695701 0.0424920442701571 0.012694665453945144
0.4238171827473971 0.1979386987081885 0.10746259266882817 0.04962848231471204 0.12011770895782545 0.05687265482312985 0.030085018206228012 0.01407766157369094
0.44047564095025377 0.14162284909351885 0.1322095096826008 0.04187472869873927 0.14217434337252413 0.04644536275928226 0.04176941594285453 0.013428149500226434
0.4226658524236746 0.19873640163823963 0.10659118375537208 0.0495466532532712 0.12069503905103288 0.057546661454596054 0.03005790084679722 0.01416030757701625
0.45323720790578376 0.13476788039537396 0.13596376681754882 0.03978909624701425 0.14034943611969308 0.04246461004779483 0.04117894429787514 0.012249058168916142
0.4469344205007418 0.18721247868057136 0.09479062481272382 0.03929140191706504 0.13450883652066942 0.05715192915075054 0.02824147739340911 0.011868831024068924
0.4365993177556402 0.14534497879933583 0.1418758786850634 0.046616071595368756 0.13024031492592614 0.04407330428646934 0.04142705726865958 0.013823076683536795
0.3944735076465596 0.19527314213571995 0.11998058839874444 0.05882867742192155 0.1185729782329087 0.05945216873273956 0.035697655070737404 0.01772128236066877
0.4528797025310688 0.14031761458861028 0.13615878976697093 0.041518077954300486 0.13477070089871943 0.042512337555614364 0.03957111925275755 0.01227165745195817
0.39498090660205526 0.19513586871097657 0.11321860741632303 0.055392615715600974 0.12538688160680514 0.06269386913544524 0.035580728950381314 0.017610521862412475
0.4387128244874946 0.13085216062155108 0.14270652499560862 0.04191710847247547 0.14315011757424148 0.04344969371139947 0.04559527224801043 0.01361629788921903
0.41062387384166477 0.202552427286255 0.11076207425740703 0.05407498698504914 0.11694270225647885 0.05846028072912904 0.03116953255298598 0.01541412209103027
0.3524776080648946 0.24993385854212893 0.06346004892526955 0.04433294576776437 0.1433211603211633 0.10338996617119532 0.025195791244702604 0.017888620962881182
0.3724196131944265 0.24402459884911368 0.052900088978202114 0.03410428887781823 0.16023347809514865 0.10712063330687151 0.022195004906039113 0.007002293792380275
0.4671579875192914 0.10606484360124353 0.13683648476102292 0.03072862086673934 0.1634470454105703 0.037593001782024765 0.04739318572096481 0.010778830338142966
0.47062896866674325 0.10504484110019327 0.20339413602375075 0.044969953601371536 0.10061707487573301 0.022743729530435162 0.042981787505469195 0.009619508696303914
0.4352769759115003 0.08558056476579859 0.2037463914801804 0.03967649391751079 0.13437610909148076 0.026736693283265833 0.06232956011015639 0.012277211440107056
0.46617842149367467 0.08647395487098718 0.2176444357669743 0.03996070180728462 0.10929288037181974 0.02054338183680785 0.050512925661981393 0.009393298190470252
0.5131576241410558 0.10010936140407549 0.15961993232645236 0.03086598971277513 0.12531422772872883 0.024724826641246433 0.03865223218546501 0.007555805860200899
0.46634023592732743 0.10271657077595994 0.1913432758668186 0.04176367772981154 0.11512284527189812 0.025613519273464475 0.04678913010511617 0.010310745049603783
0.45742757706634657 0.10065772722456395 0.20083878025387863 0.043785219769984264 0.11253721775092256 0.02503040286826866 0.048943165826228936 0.01077990923980654
0.4585911097335291 0.09546356642734354 0.2271489255079543 0.046866611636634754 0.09531933269278378 0.020098638458022913 0.04674687515467147 0.009764940389060218
0.43636504848854296 0.1867740492798207 0.11349562668927494 0.04807139992119453 0.11952939765251983 0.05182998037374837 0.03074861574380347 0.0131858818510952
0.4290109347903916 0.14244304084845466 0.15152139688938512 0.0496882883269353 0.12635764955020112 0.04264021396873804 0.0437648972192075 0.014573578406686681
0.42115508512707883 0.1766438880575873 0.12100727322531774 0.0501735749235148 0.12628221714189697 0.05374800404288762 0.035894533598702934 0.015095423883013801
0.4347029788505993 0.14412627333253059 0.09918592635342874 0.032499052206689576 0.1769979983588446 0.059703383765776365 0.03959598301862861 0.01318840411350223
0.4415574686143376 0.20996385437679924 0.07669627828298496 0.03605096899264506 0.13585160151480374 0.06547603517698526 0.02330550905934099 0.01109828398210306
0.3491790833268535 0.22123929757037294 0.07855508317018228 0.049140197647571465 0.15047035585150056 0.09706099440788139 0.03321776595122658 0.021137222074411145
0.43029628072757564 0.1911681880709403 0.08335658468466635 0.03655413109019448 0.14969853786853438 0.06748735896232554 0.02867966300398107 0.012759255591782322
0.4785515080209478 0.11095280030038222 0.134496468896109 0.030861767300436146 0.15539730855720277 0.03648078883747043 0.04322116188781283 0.010038196199638761
0.47006326215900174 0.10493184775049337 0.19066530934265916 0.04214293915508799 0.11196067653583755 0.025279921086104995 0.044918579063591306 0.01003746490722396
0.4761857691811349 0.0886788303986183 0.22215058122150608 0.04095397988654616 0.09904656892630931 0.01870283512616403 0.045736636563661566 0.008544798696059385
0.4129392273952864 0.18642901725544408 0.11434610934232686 0.051153917109601744 0.12676828859402847 0.05786444285287213 0.034777062222425395 0.015721935228015013
0.339030862385907 0.2391879555937381 0.07166709498245154 0.04991830798030464 0.14494335929385582 0.10399227028687895 0.03001644988326747 0.02124369959359654
0.29621708740300434 0.20144545831424204 0.04918539048391536 0.03298289259192093 0.21363763739217423 0.14810884986395928 0.034708903980044864 0.02371377997073879
0.478855596356782 0.09930574279019828 0.13022532891948885 0.026650817630487884 0.17260544936116778 0.036330615336248935 0.046391007382602746 0.009635442223023573
0.4819493395696838 0.10740862519738481 0.13831176640631426 0.030557398327650375 0.1537018935709883 0.03464545907436434 0.043671159657396166 0.009754358196217951
0.4488624537848927 0.09997196482859089 0.21918607345965943 0.048409366625089524 0.10103096141705861 0.022769259436238334 0.04885602406779056 0.010913896380680042
0.42575076173633686 0.20433069025292566 0.11754125529412557 0.055883493951951885 0.10396712174179377 0.050434915178622836 0.028434012807303028 0.013657749036940222
0.4347623165719374 0.1395870482062846 0.0853569243276814 0.027025303423001197 0.19819638632152337 0.06462136969085082 0.0381844992186379 0.012266152240083374
0.4411489742923432 0.18866259649477377 0.08658357372510177 0.03661661366244491 0.14434401774778494 0.06260253624129607 0.028026564209280545 0.012015123626974938
0.41439816107200544 0.13320031679773248 0.1559583884700306 0.049535232116834374 0.13600554084684197 0.04442588067528632 0.05026501114126399 0.016211468880004822
0.4195734587248586 0.18601345476632525 0.10637199320197238 0.04658168239149708 0.13331742063149898 0.0599192771295897 0.033401746436696265 0.014820966717561916
0.3306329556762716 0.22459026732077583 0.07502494332374009 0.0503409720897946 0.154673181116766 0.10678961886512384 0.03446269816057851 0.023485363446949507
0.36113399817070935 0.18877740018575737 0.061239831822533175 0.031598267549181644 0.20016286616535364 0.10606948521642366 0.03349966618261816 0.01751848470742302
0.4285878425071659 0.19000605135120496 0.10396332849085216 0.045450122792312884 0.1291676570464472 0.05820541625578334 0.030895120580932238 0.013724460975301299
0.44428766223595656 0.13710770469497746 0.13321596461042143 0.040486773702989934 0.1442591515662085 0.04525952469589658 0.042320788769297756 0.013062429724251694
0.3767815085159014 0.16746007841879687 0.07519295893793236 0.033063929519266955 0.20018981657732685 0.0901601039477807 0.03954086413312482 0.01761073994987005
0.43717365765978056 0.21284868960555164 0.1069874755248375 0.05143841138866331 0.10336901505455044 0.051051984720030474 0.024961189004632824 0.012169577041953145
0.49618608058922825 0.1535590611127711 0.0895280245799253 0.027286650580177187 0.15099928243113198 0.047491034341091226 0.026691216541508696 0.008258649824166235
0.4959703843361572 0.10134046817357308 0.14941253017286302 0.030240220285636367 0.1423740305734092 0.02948709280031263 0.04246726089668326 0.008708012761365323
0.45253701879626584 0.19689761812631174 0.12305520570143175 0.053021341382987475 0.09549792961111808 0.04209621339203257 0.025687389081448977 0.011207283908403781
0.4482781712583886 0.14842876737912947 0.1360183780368453 0.04441165568227447 0.12867147562420653 0.04325666239559583 0.03826339665878483 0.012671492964775027
0.34898875228892523 0.22288414823513064 0.0691775355196539 0.04360100742193044 0.1602689698440308 0.1040036267075108 0.031148203242577947 0.01992775674024033
0.389416176234003 0.18329976588145372 0.11448540361554234 0.05325722421161384 0.13621154660526397 0.0650171070503815 0.039624487997019314 0.018688288404722243
0.3561113394809793 0.24267136396781927 0.0640227228774906 0.04295500670448662 0.1479297580090886 0.10269184198865425 0.025920225115699597 0.017697741855782125
0.3371085164552228 0.220313537600997 0.07454033002228345 0.048029475238177854 0.15804895304374872 0.10526752754694978 0.03422850164890471 0.022463158443715606
0.3981075329467163 0.19747835876881267 0.11021124206706774 0.05401276447015787 0.1255660390722088 0.06321127971546607 0.03433787506773252 0.01707490789183802
0.3290288405780208 0.23363859089187186 0.06931445054040467 0.048575793328345246 0.15393647312796868 0.11107937358171191 0.03179877790142745 0.022627700050249132
0.40834347399954807 0.2142627369661974 0.08353315172868214 0.043347448738681495 0.13610645577286787 0.07239266484627686 0.027533366312395367 0.014480701635350696
0.4650236153962981 0.1573458702343632 0.09700946876221171 0.032397290161516636 0.15343976736246806 0.05275915228400344 0.031382746634120016 0.010642089165018827
0.4089373900580702 0.20449784922877426 0.10214986203699827 0.050536116007708624 0.12461198082160088 0.063095840850208 0.030766763580750034 0.015404197415889517
0.4162408063187108 0.1398567837105787 0.09419399958323486 0.031264228751943984 0.19435196483092967 0.06634487066861003 0.043192891153109335 0.014554454982882594
0.3960488442942693 0.1991590966467294 0.11845014460856843 0.058991531188557385 0.11630630622973505 0.05929846271745108 0.034387839258419775 0.017357775056269578
0.44391998267134825 0.13768341460162462 0.1334047333165015 0.04071997460795604 0.14364511800708163 0.045305577155911034 0.04222717300536013 0.01309402663421686
0.39760595971431106 0.17673998406303218 0.120714625051896 0.053114096770528633 0.1336000958513139 0.06014659628876786 0.04018050258074133 0.017898139679409057
0.43916308072134164 0.13531225040984407 0.14334005811635575 0.04352294708997777 0.1378391517253416 0.0432264880217064 0.04400841963364751 0.013587604281785364
0.4954432024380222 0.09472225440934724 0.13367307483957605 0.02525577350583573 0.16595792644028073 0.03215500736383085 0.04431226929851463 0.008480491704592655
0.46634755672461475 0.09282577887142944 0.2147117023555616 0.04234916182345288 0.10511013543777747 0.02118532077791152 0.04790689177786762 0.009563452231384923
0.5125437628628704 0.09458285745324452 0.13294310354489747 0.024267196858856237 0.158054329435263 0.02953109858686018 0.040581736646843315 0.007495914611164719
0.4895384861146911 0.09721709526352103 0.19923908671436588 0.039179270618232995 0.10383865750770696 0.02088508514244215 0.04178504522940171 0.00831727340963816
0.4137116240409139 0.17765404944098104 0.12109294345638408 0.051524627052706606 0.12762394297985463 0.055438515103411225 0.03702536218982381 0.015928935735924677
0.3449144967800874 0.23321680432381556 0.0676949380996687 0.04513884032526875 0.15376010623168682 0.1057202029663934 0.029542428882522277 0.020012182390557288
0.41716102912315023 0.18671079015353528 0.10820852717383692 0.047773683289356196 0.13153843561795384 0.05980898818219597 0.03369113076490765 0.015107415695063868
0.42849051640477737 0.12711563366393133 0.09726789143389661 0.028481421394123834 0.20027097950205539 0.060445852160757124 0.044639873592866954 0.013287831847591221
0.5074231351560587 0.10407090727139696 0.13466163661578004 0.02731015667182136 0.14863201267356602 0.030935213497135787 0.038953531373852573 0.008013406740388517
0.4575091330784407 0.0962722335746918 0.2109208714410771 0.043996343539186154 0.1083338069676543 0.023055502500635202 0.04947869849357514 0.010433410404739624
0.46311352832417285 0.09084129894153829 0.22996029942838053 0.04469577115845056 0.09589428774945921 0.019061138777664306 0.04715147938391483 0.009282196236419371
0.46730457394731556 0.09629210875149763 0.20723859255099955 0.04230592486619554 0.10749342391989941 0.02239904751754333 0.04722277745990488 0.009743550986644318
0.4359776773489676 0.2091460630673932 0.11285717559868025 0.0536223605175333 0.10105831954579418 0.04901264663038295 0.025893839063547874 0.012431918227700617
0.43125696593610147 0.14393099839948664 0.09830606711588097 0.032423745265602835 0.1795278353652072 0.06086484384309198 0.04022362005310698 0.013465924021521972
0.40398038089958144 0.19224927172525855 0.11414309467745004 0.053755549291362885 0.12446523879672344 0.06003896683620565 0.03477414118221004 0.01659335659120817
0.44408736292881484 0.1374324655013315 0.14467341456001917 0.04411914878367273 0.1325716084302563 0.041768557220617036 0.04224450491936776 0.013102937655920655
0.39150104037292577 0.18317385404109784 0.11925190582734847 0.05525301004039142 0.1308519666295167 0.06196835034750852 0.03948838916454095 0.018511483576670172
0.35408125165208304 0.22262362671204056 0.06924888656004725 0.04287960646648096 0.1593995921424477 0.1020631626901959 0.0304932116687748 0.019210662107929804
0.38670436820443116 0.20148334371521537 0.10705094768436449 0.05514537487773522 0.12836702147724993 0.06778309163867208 0.03512989446713987 0.018335957935191875
0.48103135014817194 0.15595483427334325 0.09352951997835873 0.02988106873957865 0.1514743245137969 0.049965023978661 0.02880809614102202 0.009355782227067415
0.3985883388675189 0.19894377761224952 0.11307558515704519 0.05590878310582735 0.1211942431951534 0.06123159013609386 0.03403234133223818 0.017025340593873617
0.4435990477035399 0.13769236355115588 0.13302486897244895 0.040637656117741075 0.1441471067736864 0.04550254167169673 0.04227564607496768 0.013120769134763503
0.42061764889520786 0.17676817509079662 0.12034056612128541 0.0500102604828194 0.12701021985278693 0.054155433586428964 0.03594809317210158 0.015149602798573377
0.43632722047589295 0.1447056215900203 0.13164105809883211 0.04303283632632477 0.14121355721463777 0.047572749624535476 0.04168051240102979 0.01382644426872671
0.43711228751002296 0.19495748547612665 0.08712069190571134 0.03843527488481296 0.13950153498023768 0.06305897645397192 0.027516071915993003 0.012297676873123485
0.45721848327544196 0.14163936817962625 0.1362087750836176 0.041560552178883825 0.13167011566728246 0.041537203834092436 0.03828332885630491 0.011882172924750696
0.3982022374767806 0.17661942056657967 0.12114775613035945 0.053196788397809856 0.13310014715166632 0.05977449785024887 0.04012639374910795 0.017832758677447477
0.34088944658127085 0.21354738648893387 0.07759051968398073 0.04796640144331991 0.1598930326213551 0.10194145662223601 0.03571731020228256 0.02245444635662084
0.3547463729871086 0.18454852841059333 0.06861267602765972 0.03528312771072775 0.1962506549839997 0.10349361403362436 0.03751391186283121 0.01955111398345522
0.4711292380300818 0.10576090878529916 0.1958263045902117 0.043422622820963985 0.10625887462006169 0.024217854560171916 0.04357647910521411 0.009807717487995683
0.4182275163236185 0.18059597840273725 0.1221166116194374 0.05222560713282642 0.12250506944513355 0.05356832782469542 0.035426305452655835 0.015334583798895716
0.45844531853983206 0.1407789802942125 0.13838498154637296 0.041848405278214096 0.1298782792061229 0.04061328669684978 0.03827682843198887 0.011773920006406835
0.43262169126261957 0.1811716793902628 0.11677283092184859 0.04833896476275529 0.12256432098513649 0.052090744845373446 0.032706649927473616 0.013733117904530091
0.3476643022376551 0.2168172294790619 0.07372976535513082 0.04536291019266254 0.16042376912050194 0.1017330337213268 0.03339503773852303 0.020873952155137994
0.48567864256384685 0.1096256817240166 0.14301847317137825 0.031916979039739904 0.14486346890303323 0.033200864295191444 0.04214737844031222 0.009548511862481329
0.41614736252066 0.18203322243619935 0.1058646290314704 0.0458175419771025 0.13861146194596627 0.06134848199809408 0.03490158242764935 0.01527571766285823
0.34437645134750644 0.22489659357695171 0.07257725692330357 0.04676395595742798 0.15520431250163721 0.1031360925779572 0.03205010741730537 0.020995229697910445
0.4105485738989899 0.19326767345313722 0.10671113953395196 0.049578341687566925 0.1292788453792811 0.06179169032519255 0.0331770045893227 0.015646731132557594
0.42733039332753286 0.14301585347514725 0.08333080729354601 0.027505852431196128 0.19988143381363252 0.06796979085657431 0.038174237905342724 0.012791630897028177
0.41151050429408287 0.17651755927750615 0.11561414811000653 0.049033638983000866 0.1349671219466715 0.05871986299696074 0.03750868873398498 0.0161284756577865
0.43572979177644316 0.14489935630477585 0.14216118019412743 0.046635709175831326 0.1307387667007471 0.04422314047931141 0.04170791167498967 0.013904143693773975
0.40167426870760703 0.1886152681602112 0.10829704764916072 0.05029717142992189 0.13445928195757714 0.06391810421617347 0.03587778559378266 0.016861072285565996
0.4322650020818982 0.1446930573908735 0.09102766328306015 0.03007562439106688 0.1868503010711372 0.06362975573803231 0.0385211468009714 0.012937449242960392
0.35715839025792695 0.17946787441305256 0.06597134717272385 0.032803446716345996 0.20446923314671506 0.10397916075512256 0.03735850137962547 0.018792046158487778
0.47076500150185335 0.11113325240596954 0.18302595971658325 0.042675284791870806 0.11228094312196206 0.0268769914487365 0.043063934297831355 0.010178632715193028
0.44037699690545185 0.09723081276602204 0.21737373091590284 0.04758514462643928 0.10843155374565594 0.02419877443768964 0.05306597863761448 0.011737007965223973
0.4295006147114045 0.18482978691758756 0.11843968007925763 0.050442958113570774 0.11868154927137872 0.0517724269972181 0.03236715468274321 0.013965829226839555
0.428864283713468 0.13694805216826222 0.1630994481850134 0.05145652973886048 0.12083044667339453 0.03925953031675541 0.04508211986944865 0.014459589334797192
0.4095958144823066 0.18093813646947116 0.11108678890150026 0.04851307856797177 0.13620105151636108 0.06094090763287139 0.03656020378130156 0.016164018648216243
0.3498369804025438 0.21947502045434025 0.0738213740575247 0.045671318339839215 0.15751786891474875 0.10061516903644084 0.03256654407138476 0.020495724723177754
0.41202640718294214 0.18331845067485533 0.12136891021171839 0.053337114518308235 0.12274358113873318 0.05552208873010526 0.035725131121541236 0.01595831642179621
0.43621291539613843 0.13423735905418832 0.15407680708019933 0.046777491615142365 0.12948613723608637 0.04056017772308379 0.04481305766610975 0.01383605422905182
0.4254878854137854 0.18809998530612104 0.11515443396075677 0.05033407414432033 0.12042338325804915 0.054014101958058586 0.03220937012609884 0.014276765832809986
0.428300080078194 0.137087958461458 0.1511674790266673 0.04776150168594893 0.13220713536435524 0.04301519007057333 0.04577270306117222 0.014687952251631007
0.4178097832478486 0.1956083138257203 0.11288667896464553 0.05227200494678647 0.11859297259695585 0.056308701664993965 0.03166085112309426 0.014860693629955
0.3466241075971802 0.21782078905178412 0.07883528187409737 0.048896052946678745 0.15363184147191658 0.09824147627762744 0.03431240076709104 0.021638050013624604
0.4122778451050759 0.18314786224829244 0.12164191443483469 0.05337077347097434 0.12254916187748267 0.05535346800277292 0.035725089918668254 0.015933884941898627
0.483264256052307 0.14869288752128293 0.09484957829762189 0.02876514981153543 0.1562449691859298 0.048881148076820105 0.030045836281641664 0.009256174772861326
0.49114437485911455 0.1059040255396587 0.14799091549054982 0.03161683901999909 0.14124112618129245 0.03086030668704915 0.042126876811831006 0.00911553541050511
0.3934889850764047 0.1813368529596827 0.12050733406390447 0.05505892219262264 0.13070005135535198 0.06090316083014859 0.03968064201777432 0.01832405150411064
0.3398480812722707 0.22207290355029077 0.07729820785125989 0.04985869924623706 0.15282305544602554 0.101640748130011 0.03409332353575568 0.022364980968149574
0.45109016348992886 0.2009914627477574 0.08189603687527218 0.035989022351177256 0.13434782339582177 0.06086824696254776 0.02406608456871277 0.010751159608782139
0.41112810604655325 0.13762266741041404 0.15464799451329758 0.05117218769149903 0.13384710247441006 0.045497286261500035 0.04947386281874216 0.016610792783583843
0.3943554698509535 0.19501402626543032 0.12011308096246395 0.0588175373457315 0.11870426766462687 0.05948072708437019 0.0357722735082709 0.017742617318152687
0.4335959607721675 0.14514717300859759 0.08486973251195414 0.02801313749769123 0.19319951284607406 0.06574761904843998 0.037016926589172404 0.01240993772590282
0.3978248902642899 0.19008204939213377 0.11883266357987987 0.05622218536051965 0.12336268482301774 0.059742546092952396 0.036456993978057906 0.017475986509148715
0.43988340152987976 0.1414853107850527 0.14347677202401826 0.04548978608547153 0.13130044700513827 0.04297781001185038 0.041884868567349326 0.013501603991239812
0.42938904055131355 0.20127558949504631 0.08080906145312346 0.037468870669134936 0.14361353550281197 0.06814449424469814 0.02674986542562194 0.012549542658249717
0.347569391658585 0.22895456439233858 0.06718660163657776 0.04362946146705095 0.1575721097525524 0.10560290621959988 0.029809306656806697 0.019675658216488843
0.43597520929696515 0.19491333720873705 0.08930762883343749 0.03943865198120805 0.1375454919346953 0.06247018149200554 0.027855451576965055 0.01249404767598639
0.3637336830759652 0.22911567086964316 0.07064213917714113 0.04385436193168012 0.14995265119125512 0.09623803840505121 0.028472612496629017 0.01799084285263502
0.3919234712418645 0.20386951414269194 0.11551392504742505 0.05944639409914624 0.11630445982263402 0.06137599092249957 0.03388140294522438 0.01768484177851415
0.44840164646752334 0.13945456016991156 0.1459584559680172 0.044717714433997656 0.12770385359488928 0.04045941362295299 0.04063433255786334 0.01267002318484461
0.4141522741371974 0.18335987647728358 0.12624808282176364 0.055329781700804014 0.11720556778057518 0.05263779785596753 0.035355832127428634 0.015710787098979963
0.42834604084326 0.13687018399299 0.15162513003635655 0.04781883873356467 0.1319721253154005 0.04287093159285146 0.04581899034776788 0.014677759137808886
0.4193949260715596 0.18588928136574695 0.12049539600686797 0.05282667152950215 0.11901885575083575 0.053533068553270224 0.03380804520524825 0.015033755516969106
0.3427200251441587 0.21435079347884126 0.07817296388938044 0.04826197180277527 0.15818319197380928 0.10061874158138631 0.035451279507731005 0.022241032621917543
0.3817024088884611 0.1984733398960331 0.11253295380140202 0.057873402380220394 0.12657032141217117 0.06671256588144676 0.03690163015695945 0.019233377583306087
0.44726592899654305 0.13932664828488514 0.14519669438296015 0.04454920997066703 0.12901797722115893 0.0409603433108944 0.04090433398751595 0.012778863845375113
0.487767285978184 0.10975753083592897 0.14863952022892288 0.033135970338297606 0.13814182030285768 0.031496584245612795 0.04165605089750641 0.009405237172689863
0.4267938241245674 0.18634551425385823 0.13068646838497036 0.0565421112502666 0.1062949411345203 0.04695425090831534 0.03226554614572373 0.014117343797778145
0.4494911072553403 0.13231217594456743 0.08871185362350244 0.02573560257491495 0.19597643146398824 0.05866816237968349 0.03792633200327728 0.011178334754725789
