0.125 0.125 0.125 0.125 0.125 0.125 0.125 0.125
0.06578947368421052 0.10964912280701754 0.05921052631578946 0.09868421052631579 0.13157894736842105 0.21929824561403508 0.11842105263157893 0.19736842105263158
0.07295173961840629 0.12906846240179573 0.09118967452300786 0.16133557800224466 0.08754208754208755 0.15488215488215487 0.10942760942760943 0.19360269360269358
0.0986809039440685 0.07771121185595395 0.197361807888137 0.1554224237119079 0.08602950600252127 0.07723866263839801 0.17205901200504253 0.135496471953971
0.07372086564863402 0.12286810941439004 0.10447312636606589 0.14744173129726804 0.09215108206079253 0.1644616226183135 0.11058129847295105 0.18430216412158507
0.0903411820519453 0.15056863675324217 0.0892015177520791 0.13551177307791795 0.11292647756493164 0.23850951914469454 0.10163382980843848 0.08130706384675078
0.08676386217144155 0.15350529461101198 0.07564029009817981 0.1338251286352412 0.11470056847080588 0.18420635353321438 0.09076834811781577 0.16059015436228946
0.09576405663924828 0.07541419460340802 0.2051360459793197 0.15082838920681604 0.0834866134803703 0.09090605689851387 0.1669732269607406 0.13149141623158322
0.08986341382379016 0.14977235637298364 0.10837247284971802 0.13479512073568525 0.11232926727973772 0.22289395594491015 0.10109634055176395 0.08087707244141117
0.08607539184400569 0.15228723172401007 0.07504008519733829 0.1327632276568293 0.12172541008400359 0.1827446780688121 0.09004810223680595 0.15931587318819515
0.10697672413079275 0.08635470502124235 0.13372090516349092 0.10794338127655292 0.15377470075197539 0.12123243992789295 0.16046508619618913 0.1295320575318635
0.09371617915164872 0.0756504096766321 0.18743235830329744 0.1513008193532642 0.11122155678226803 0.0758188168419843 0.16868912247296766 0.13617073741793778
0.12735241493264357 0.10029002675945681 0.2000384357864637 0.12034803211134817 0.11102518224897133 0.10279689223707301 0.13323021869876556 0.10491879722527789
0.0693005925942615 0.12260874074369342 0.10302828748606542 0.1532609259296168 0.1024905738379797 0.16144687940145083 0.10395088889139226 0.1839131111155401
0.07475247648075524 0.1168335784263974 0.0986322634450452 0.14020029411167687 0.08762518381979803 0.20155561549297352 0.10515022058375766 0.17525036763959606
0.06269899171006857 0.09742173310036092 0.06142369613175472 0.08767955979032484 0.11690607972043308 0.2932953482180184 0.10521547174838979 0.17535911958064967
0.05590733129240388 0.09891297074809918 0.051672213645747776 0.08623182065218904 0.1401345436922152 0.29719802923205757 0.09747944943290934 0.17246364130437808
0.11697345872216261 0.09442435824560116 0.15379010706531893 0.11803044780700145 0.13798329011541008 0.14097579395577156 0.13159514106243295 0.10622740302630128
0.08829566773510325 0.07127481612351709 0.22340853599799973 0.14254963224703418 0.10337698453605253 0.0838674924147766 0.15893220192318586 0.12829466902233075
0.08609603279074421 0.06949920719252846 0.25631211399045156 0.13899841438505692 0.09500247744204275 0.0740203222292854 0.15497285902333957 0.12509857294655122
0.08424353420181019 0.06800381676531667 0.2747129367521171 0.13600763353063333 0.09175847231518412 0.07122837469411009 0.15163836156325836 0.12240687017756999
0.11211709724063752 0.0905041628328038 0.24033899887515134 0.11313020354100474 0.12156264377809088 0.09439797614969027 0.12613173439571723 0.10181718318690426
0.07238656005895082 0.11484557487390379 0.1328071914686776 0.14355696859237974 0.09940285022455192 0.1673634181210664 0.09736907434961407 0.17226836231085565
0.12289892784825994 0.09247464645365623 0.19254702853100214 0.11559330806707029 0.12590199526469548 0.11767220444644297 0.1288779121285097 0.10403397726036323
0.10162768830952637 0.06709689117103854 0.25180827330267586 0.13419378234207707 0.09639332641970137 0.0784895814970643 0.14961605285004712 0.12077440410786937
0.11332017586945775 0.07730022808361933 0.20173642005891548 0.09662528510452417 0.14019477073539055 0.11123280195683384 0.14363997606582996 0.11595034212542898
0.077136326876062 0.11305236492860153 0.12430551988881108 0.14131545616075195 0.10431147979375337 0.17445156078052088 0.09584874417859697 0.16957854739290232
0.09745782463969706 0.06915286793536499 0.22865523459540738 0.13830573587072997 0.09827427351483671 0.08947832698801554 0.15420057417229144 0.12447516228365697
0.07603341623575025 0.11439131358793819 0.13166070366267263 0.14298914198492277 0.09790098184939144 0.1684535325163393 0.09698393978107804 0.1715869703819073
0.09700789879888891 0.06894221852150444 0.23203327206211286 0.13788443704300887 0.0967033056394464 0.0896020171767372 0.15373085741959347 0.12409599333870798
0.09660614927576833 0.06633660290218753 0.2700089678729702 0.13267320580437506 0.09305995897997289 0.07398850645441811 0.1479207234863704 0.11940588522393755
0.08711471642907563 0.13105456698975573 0.1624801231212384 0.16381820873719466 0.08334833209797883 0.14141405422975217 0.08333361053152946 0.14743638786347518
0.10095676441321493 0.06803578548456479 0.2439908358956169 0.13607157096912958 0.0926019642206158 0.0841690181089104 0.15170964703573103 0.1224644138722166
0.1003237922128357 0.06567891444608773 0.2739721321683812 0.13135782889217545 0.09148438901577287 0.07250672087006513 0.14645417639172398 0.1182220460029579
0.09084057045497608 0.13034879010417944 0.16325186978904813 0.1629359876302243 0.08274008467430256 0.14035547998991002 0.08288482849015757 0.14664238886720185
0.1033381760133267 0.06781005279487287 0.24392880452475219 0.13562010558974574 0.09223492550122413 0.08380354371614292 0.15120629682916426 0.12205809503077117
0.10269493721861851 0.0654724370801229 0.2735782508560141 0.1309448741602458 0.09119382162892502 0.07227152962871272 0.1459937626831397 0.11785038674422123
0.1014289283872793 0.0646685792526527 0.28434369596080833 0.1293371585053054 0.08997828210233885 0.06963863343017923 0.14420127970666138 0.11640344265477486
0.10077226115085569 0.0643886468454048 0.2882513386453564 0.1287772936908096 0.08938843098304017 0.06894539214334997 0.14357707221945484 0.11589956432172861
0.13471350916163552 0.08617860492029403 0.24268713311912643 0.10772325615036751 0.11950150402652762 0.09214167052802469 0.12010339155869335 0.09695093053533076
0.12524558926674842 0.07463239248883552 0.196269383504772 0.09329049061104441 0.1475742222865313 0.11235675303627736 0.13868258007253767 0.11194858873325328
0.10755764921581809 0.0653261277548847 0.25307365273976423 0.1306522555097694 0.10312887106375339 0.07700689903214634 0.14566751472507125 0.11758702995879246
0.11987766297631006 0.0756651956454076 0.20120271411943078 0.09458149455675952 0.14474915628520488 0.10982423880171238 0.1406017441470634 0.1134977934681114
0.10635664498092733 0.0653105129475884 0.2551805138343533 0.1306210258951768 0.10278548895209477 0.07655419404883151 0.14563269603536874 0.1175589233056591
0.10260187689262458 0.06491276822138611 0.27718962716916096 0.12982553644277223 0.09328473341251742 0.07059669040222163 0.14474578466082216 0.116842982798495
0.101177963244436 0.0644878369920239 0.2854985461844523 0.1289756739840478 0.09077675997360557 0.06920686159387539 0.14379825144191596 0.11607810658564302
0.11790359271009401 0.07535060865565234 0.2113528450285008 0.0941882608195654 0.14066544645803586 0.10749615755916989 0.14001717578550318 0.1130259129834785
0.10560608532978168 0.06509122168748672 0.2591132279026475 0.13018244337497345 0.10176064841963345 0.07593846499262016 0.14514370925538086 0.11716419903747612
0.11925438776121511 0.07555142754666201 0.20300553591271378 0.09443928443332751 0.14461398192362096 0.10941790185531192 0.14039033924715552 0.113327141319993
0.1218533416745966 0.07490903166599266 0.18356796951510568 0.09363628958249082 0.15748388237028033 0.11698930422364803 0.1391966334688968 0.11236354749898897
0.14125875053138476 0.08636539822450442 0.20426420945210824 0.10795674778063052 0.13981881167392396 0.10281129203319245 0.12036371730168807 0.09716107300256747
0.11049903877471112 0.06500042436978318 0.2557934180064942 0.13000084873956635 0.1016311599006754 0.07513310155441946 0.1449412447887404 0.11700076386560972
0.12045116567955845 0.07555295745490148 0.20192474762979792 0.09444119681862685 0.14468237385913343 0.10922494023928271 0.14039318213634677 0.11332943618235221
0.10756495060360238 0.06516234262201243 0.25517669728669085 0.13032468524402485 0.10284769761264045 0.07632911158709839 0.1453022983243083 0.11729221671962238
0.10381911600000258 0.06478948498224474 0.2769337677545608 0.12957896996448948 0.0933314331055781 0.07045527378706351 0.14447088143802034 0.11662107296804053
0.08174135322638154 0.11266771225081909 0.14231835313112332 0.14083464031352386 0.09669232388097822 0.16122142321699007 0.09552262560395532 0.16900156837622862
0.10304132590299574 0.06799959341088703 0.2351837173818932 0.13599918682177406 0.09619226879508645 0.08755569543453531 0.15162894411323166 0.12239926813959665
0.08213055236764054 0.11302714471013876 0.13289087018438214 0.14128393088767346 0.09746872498980304 0.1678306979756886 0.09582736181946548 0.16954071706520815
0.09070041919279112 0.1310595487548952 0.1268505220823587 0.163824435943619 0.08474352333393935 0.17204278005877682 0.08333677828436271 0.1474419923492571
0.10584400248727932 0.0683592333409944 0.2290635995968849 0.1367184666819888 0.09414679813960597 0.09039039225968694 0.15243088747976963 0.12304662001378994
0.10528908774762256 0.06556150402587842 0.26751799661866554 0.13112300805175683 0.09251541070791362 0.0737899169229813 0.1461923686786005 0.11801070724658114
0.10370215951662803 0.06454644483711804 0.2816020867383503 0.12909288967423607 0.0908852038130416 0.07005867652477718 0.14392893818903635 0.11618360070681247
0.12037091455942847 0.07513710519824855 0.2097798827256608 0.0939213814978107 0.14062007142832825 0.10784454504416613 0.13962044174898428 0.11270565779737285
0.0975845097130718 0.1282829198534683 0.14547840964750683 0.16035364981683536 0.09170445570862922 0.15070656595329435 0.08157120447204234 0.14431828483515183
0.0811614946039828 0.11290540920367637 0.11215134748744564 0.14113176150459544 0.0961586511413275 0.19140907097207988 0.09572415128137779 0.16935811380551452
0.07682945413999634 0.12373818375027856 0.10291380113242768 0.13825268625904924 0.09538939452857238 0.2032018694770268 0.0937713872017899 0.16590322351085904
0.07581091550568249 0.12457122380549905 0.10054158416279158 0.1377615569915731 0.09491163663263459 0.2076509410741689 0.09343827343776263 0.16531386838988774
0.10241615283013747 0.0770234924155319 0.2167069404308425 0.13617599332715558 0.09630059617152073 0.09699236065815504 0.15182607017221675 0.12255839399444002
0.13883037555505465 0.0938848514665506 0.21735164932536605 0.10849969310286739 0.12330275700381864 0.09951188893608755 0.12096906081767454 0.09764972379258063
0.11157540065799869 0.07064695757811708 0.25972027163238876 0.1281996281358671 0.09721631833778012 0.07432874010050414 0.14293301823506374 0.11537966532228038
0.08314002222594424 0.11982954140421692 0.13751075598975315 0.13925531304001523 0.09668272701983918 0.1620238349581156 0.0944514297140973 0.16710637564801828
0.10298470426716697 0.07580375032684415 0.2316604590087204 0.13461857089894252 0.09556901472176037 0.08811712657720375 0.15008966039031352 0.12115671380904829
0.1042537299818334 0.07029288632603908 0.2677243149283108 0.13011242087423905 0.09230374533106948 0.07314608437907136 0.14506563939262176 0.11710117878681514
0.1376697036272612 0.09197288498269374 0.2342884062399281 0.10693499433053745 0.12064458420543069 0.09302339326157351 0.11922453845509175 0.0962414948974837
0.1000468417920615 0.13879528114263678 0.1503011369865817 0.15768092830699915 0.08684255172061497 0.14420882191428963 0.08021160266051695 0.14191283547629924
0.08054103555643267 0.12725352129058046 0.11186752773971426 0.13872225654946474 0.09382403504181212 0.18723503760734894 0.09408987835528913 0.1664667078593577
0.10325720053478463 0.07698543408613703 0.2214127845237851 0.135793070393254 0.09576740204807284 0.09317120538278308 0.1513991396772548 0.1222137633539286
0.10470900577014737 0.07064368862836863 0.2638928945754835 0.13062501421646264 0.0926784918061423 0.07425124949261265 0.14563714271596653 0.11756251279481636
0.137954260721023 0.09209568239564526 0.2330097107457945 0.10704502513609868 0.12085594124544202 0.09335164254146933 0.11934721459203837 0.0963405226224888
0.08697965127184737 0.12060146792941377 0.13028764259404013 0.13699651058444798 0.10064335120068159 0.16717619132182346 0.0929193723964082 0.16439581270133757
0.10399288271558635 0.07590797589170724 0.22847750241018813 0.13467383212270212 0.09649965482853917 0.08909043059001144 0.15015127253083355 0.12120644891043189
0.10459264176377497 0.0703601043575547 0.26648354506097616 0.13022398697941134 0.09257868430110536 0.07336942198164736 0.1451900272740601 0.11720158828147019
0.1033332077505049 0.06897526527035527 0.2805329877546394 0.1283061392839258 0.09053068356509773 0.0697944208033874 0.14305177021655607 0.11547552535553322
0.10254185753871255 0.06851706271092614 0.28568871947058994 0.12760837246993292 0.08966464373423907 0.06885799656155546 0.1422738122911043 0.11484753522293965
0.10218121026957255 0.0683554598691814 0.2875809897648909 0.12735807521405315 0.08932769801303013 0.06857954964692604 0.14199474952969804 0.11462226769264784
0.08144735381956827 0.11948787639475479 0.14382066216625358 0.13916116466180684 0.09493822368912454 0.1597637491210984 0.09438757255322551 0.16699339759416817
0.10240373248190626 0.0756313101152456 0.23419878598651375 0.13434822281268322 0.09502105917512872 0.08769524644774292 0.14978824244936473 0.12091340053141492
0.10404514181253054 0.07021231378338516 0.26867374681805833 0.1299803748052549 0.09211088223219252 0.07307678534396038 0.14491841787988866 0.11698233732472942
0.10313036971303816 0.06890843554190645 0.28134387548251527 0.12819690678956003 0.0903655678755793 0.06974764434977974 0.1429299841370169 0.11537721611060404
0.11985221114127745 0.08011111248555042 0.20907273325802825 0.09325555739832238 0.13974430490396697 0.10742676242930192 0.1386306495055658 0.11190666887798684
0.14203372890203173 0.09235096979553867 0.2117662845639496 0.10620697035926727 0.1333179782485962 0.1003249487500035 0.11841284605727262 0.09558627332334053
0.11236938106718126 0.0704907165253976 0.25718334442827206 0.12807321402642452 0.09930331750685231 0.07452205788516596 0.14279207593692408 0.11526589262378208
0.12247618612646753 0.08034959717814473 0.20130361918843345 0.09338728185500043 0.14279087636162874 0.10880123430674184 0.13882646675758276 0.11206473822600051
0.08416762860558855 0.11930243657608278 0.12302396035617127 0.13717199702242155 0.10540634795084093 0.17328283508156395 0.09303839798042506 0.16460639642690586
0.10353743936712279 0.0759668139942704 0.22550205521372546 0.13493663186082525 0.09771446458152842 0.09045535168086506 0.1504442746269201 0.12144296867474273
0.10458384840947024 0.07042995845607614 0.26534952034617987 0.13034717108645302 0.09291698782630581 0.07373269153713952 0.14532736836056775 0.1173124539778077
0.13784832289970492 0.09202213961393428 0.2334679079592592 0.10697862121722738 0.12086616748992351 0.09326290254643275 0.11927317917801321 0.09628075909550464
0.1107994390525266 0.07010081731120833 0.2658246839783787 0.12741519840187723 0.09618319855531583 0.07294454651780632 0.14205843762119746 0.11467367856168952
0.10457870337186548 0.06880665338717441 0.2799475945990378 0.12799664278915554 0.09111600972876192 0.06965071289212434 0.14270670472164057 0.11519697851024
0.13731478710053607 0.0914757581789405 0.23824806193466122 0.10649391283117042 0.11990013342709484 0.09199005947971622 0.1187327654998273 0.09584452154805337
0.1276934629002797 0.08082511470700421 0.19329614738094741 0.09186151633643616 0.14765102115115816 0.11188060408300263 0.13655831383744838 0.11023381960372339
0.10984611651390933 0.07025952715923792 0.2503499145006449 0.12917171215358925 0.10305608167451316 0.07704528768863471 0.1440168193712405 0.11625454093823032
0.10489239967965934 0.06919076564071117 0.27417509860639466 0.12870834580974472 0.09300126233037523 0.07069441622691275 0.14350020047743178 0.11583751122877024
0.13758569896415032 0.09164050940431799 0.2363146198231305 0.10665116362813791 0.12057153670068183 0.09234233581094532 0.11890808840331196 0.0959860472653241
0.08689139004923543 0.12049932389829121 0.1310151455482004 0.13693336101311857 0.1005616509946712 0.16690255476749546 0.09287654051324563 0.16432003321574226
0.11725554862005445 0.09280774355537631 0.16143018636902465 0.09469183706084261 0.14512403628726073 0.13429466794398343 0.14076577569044663 0.11363020447301113
0.1083387068003218 0.07661267296032201 0.23754457625242628 0.13019690712696136 0.10342773951806121 0.08154234566817929 0.14515983525946288 0.11717721641426525
0.10468431644420013 0.07362966161566972 0.26889131782470704 0.1287200782999419 0.0931970629015565 0.07151621111553437 0.14351328132844268 0.1158480704699477
0.12001559272786658 0.08466127537473553 0.20474640890226775 0.09293657918225687 0.14034234471003007 0.10761743712066042 0.1381564669634744 0.11152389501870823
0.10745934118610234 0.07450857281026603 0.2544822227884954 0.1282522450876438 0.1009833883765146 0.07589552696244192 0.14299168220965658 0.11542702057887941
0.1381094444637675 0.09696449456587938 0.2286952047185939 0.10628270829494531 0.12251967151710991 0.09327675077078439 0.11849728820346889 0.09565443746545077
0.1274509458069147 0.08667338750070852 0.18962381574945916 0.09129927861738199 0.14793200527683106 0.11173892300200676 0.1357225097058395 0.10955913434085837
0.10952044188798209 0.07495883900680576 0.24819925931096073 0.12856561763566546 0.1028896818518843 0.07681603521991308 0.14334106921468967 0.11570905587209891
0.10454211067856685 0.07312256203555724 0.27281497566198526 0.12815033709403834 0.09271588067766075 0.0704407680656965 0.14287806240186066 0.1153353033846345
0.1368922411816588 0.09650845091000393 0.23513747620678993 0.1060218888432725 0.11996246442383658 0.09185128449650105 0.11820649397899188 0.09541969995894525
0.08613873326440442 0.12861720676997995 0.12995340951893752 0.13557453518694315 0.09967977552738888 0.16539199538121807 0.09195490212679622 0.16268944222433174
0.10317178913405031 0.082814431129429 0.22716074924786278 0.13352976177500986 0.0957493742253968 0.08852138941920158 0.14887571947154082 0.12017678559750888
0.10405692749275332 0.07481571912362628 0.26534881665589666 0.12955086421765896 0.09210907373325322 0.07308327535317055 0.1444395456277481 0.11659577779589306
0.10289494993266764 0.07283625447642136 0.2795719104908579 0.12769528868494207 0.09014567479983289 0.06955944441427553 0.1423707173845548 0.11492575981644788
0.10212635937088528 0.07222482079572198 0.28481795699655976 0.12700318996058424 0.0892972455346939 0.06862847742097467 0.14159907895605434 0.11430287096452581
0.10176947633339425 0.07201651507431327 0.2867520486780631 0.1267527288609467 0.08896266786386146 0.06834927369348369 0.14131983352108535 0.11407745597485204
0.10162221738388424 0.07194254149978374 0.2874659075644735 0.12666180348350617 0.08883580228429284 0.06825764613818891 0.1412184585107151 0.11399562313515556
0.1015645555181156 0.07191575629833007 0.2877296574521602 0.12662856547290288 0.0887884874543597 0.06822586826917795 0.14118140060934095 0.1139657089256126
0.10154255640205528 0.07190596018495096 0.2878271718801062 0.1266163524940311 0.08877095631794306 0.06821450142696998 0.1411677840493153 0.113954717244628
0.13557710445294682 0.09601007462516845 0.24023700220418004 0.1056642434373997 0.1185257909349739 0.09108021921027191 0.11780774604139939 0.09509781909365973
0.08588752916953579 0.1284864557350684 0.1310985151661616 0.1355365694715299 0.09935170422278744 0.16506619140143458 0.09192915146764637 0.16264388336583585
0.11697442100146545 0.09392935295147015 0.16145050258924504 0.09467246908612 0.14472365955215824 0.13390564802100985 0.14073698389518735 0.113606962903344
0.10827437747934508 0.07675335195990064 0.2375584397680687 0.13019972090396714 0.10334540700956366 0.08152598165474338 0.14516297241084097 0.11717974881357043
0.10466788634690916 0.0736451679195194 0.26889539567008647 0.12871673803562184 0.09317911040088588 0.0715410802119184 0.14350955718299926 0.11584506423205966
0.09352682405336801 0.14460894622456993 0.15956531766881646 0.1587387136978079 0.08202544308342773 0.1379202194542284 0.08074969348975446 0.1428648423280271
0.10395813216486965 0.08402701707048073 0.23902629319862584 0.1322699294343985 0.0911240053612682 0.08308058585030044 0.147471100429098 0.11904293649095865
0.08137422993113902 0.12824474578036657 0.1321686849926934 0.13849643899646782 0.09487122861606549 0.16471222974207617 0.09393671514543034 0.16619572679576136
0.10214870154062713 0.08285527553577984 0.22840203058242725 0.1337425532141754 0.09481594002724834 0.08855423516073202 0.1491129660462523 0.12036829789275787
0.1037993288938721 0.07480615468943595 0.26586065309024864 0.1295281146294962 0.09189651574766924 0.07311974824805413 0.1444141815346771 0.11657530316654659
0.13695561315607246 0.09699966608856177 0.23290627242601444 0.10628661982798977 0.11999645574838642 0.09269576563687638 0.11850164927090799 0.09565795784519078
0.11017817248734516 0.07511230599349057 0.26487401952790257 0.1265846654526806 0.09561936330060508 0.07257281896764957 0.14113245536291402 0.11392619890741253
0.08238387086505686 0.1261125607778254 0.13800304938379707 0.13806271929412978 0.0956962088605845 0.16042378762267576 0.093642540042975 0.16567526315295575
0.1021686306197809 0.0824123275149633 0.2306900983576432 0.1334374318593136 0.09479006976079818 0.08763497470828673 0.14877277850583168 0.1200936886733822
0.10371814647964674 0.07468799464142671 0.26671367068893553 0.12940970584277908 0.09181483125877675 0.07290475125596978 0.14428216457396412 0.11646873525850117
0.11985587150032027 0.08488613305728032 0.20415366380742675 0.09302979255920044 0.14001774228051075 0.1081260108153197 0.13829503490890097 0.11163575107104054
0.14144497653797358 0.09814373691235567 0.2091979006090623 0.10554618391403911 0.13287844300101462 0.10012107501965498 0.11767611848326451 0.09499156552263521
0.0868489507737351 0.12877968986014768 0.12391028012048204 0.13537715988791932 0.10235561637023058 0.16845468093713253 0.09182103018484962 0.16245259186550318
0.10349708282056558 0.08296003944386622 0.22463454887077883 0.13372228304296888 0.09646873360337113 0.08927689116172088 0.1490903663180563 0.120350054738672
0.10420953630229754 0.07488999949332933 0.2643738413742028 0.12965113259943864 0.09232765444017467 0.07331047906034473 0.1445513373907174 0.11668601933949477
0.10295867789827785 0.07286586415019924 0.27920201146510487 0.12773212670373482 0.09021629692433393 0.06965431979858515 0.14241178902640286 0.11495891403336135
0.08113664135364515 0.1257509651725334 0.14132231336380036 0.13819628711950163 0.09459447360146798 0.159430640973292 0.09373313387235763 0.16583554454340194
0.11582166292369685 0.09364508391554997 0.16503908764294922 0.09481852198526138 0.1433354367433097 0.13260387906763518 0.14095410133928407 0.11378222638231364
0.10790395485842838 0.07664906976640666 0.23903461458234576 0.13008438192247518 0.1029564762708602 0.08126118081539205 0.1450343780538641 0.11707594373022764
0.09430537475345702 0.14552111351340918 0.15193259022694627 0.15898689119539633 0.0839498258006937 0.14134006213049555 0.0808759403037451 0.1430882020758567
0.10437715685745583 0.08433024506412559 0.2359577571098232 0.13257654599486918 0.09173963456361853 0.08388681400253556 0.14781295501218997 0.11931889139538226
0.1040320957134599 0.07477488782922208 0.26867172608077994 0.12914603168957875 0.09100942748900412 0.07214621510701306 0.14398818757032136 0.11623142852062088
0.10277146672758837 0.07274371489886701 0.2808013771691436 0.12753313429742177 0.0898155490007277 0.06936500969502858 0.14218992734354335 0.1147798208676796
0.08109499954763391 0.12571016353880102 0.14167848078884634 0.13817536450365195 0.09449783130098029 0.15931378003496638 0.09371894288073784 0.1658104374043823
0.10137486421129104 0.08611936664254437 0.23149726925001604 0.13260288237083623 0.09409927002465054 0.08712143526091724 0.14784231810599202 0.11934259413375262
0.10323630053650187 0.0776509399431399 0.2665847924189294 0.12886667831676632 0.09140016960272623 0.07260437928994441 0.14367672940690215 0.1159800104850897
0.1024223448873573 0.0754092005495881 0.27966680658530163 0.12718463683303205 0.08974039240296472 0.06930906691400496 0.14180137867802228 0.11446617314972883
0.10177793152374276 0.0747203737224371 0.2845033203235762 0.1265570501246923 0.08899379603976025 0.06844451682051592 0.14110166633305243 0.11390134511222305
0.1014649112990556 0.07448988444712897 0.28629137898432117 0.12632929587934638 0.08869388107682505 0.06818654467583367 0.14084773734607725 0.11369636629141175
0.10133310338259378 0.07440908048374745 0.2869533108612285 0.12624639230801324 0.08857897024511562 0.06810208359121511 0.1407553060508744 0.1136217530772119
0.11848678185594763 0.08701590916726326 0.20999298216654205 0.09228621594180901 0.13810206220577761 0.10618293120705422 0.13718965832543548 0.1107434591301708
0.10666485936691761 0.07726687520211495 0.256079906592221 0.12752170394397716 0.10012213451394612 0.07539780347877961 0.1421771833524641 0.11476953354957946
0.10340372701427065 0.07548483247622281 0.2754558914890886 0.12738112883712185 0.0917106285676853 0.0699003230632009 0.14202045259900006 0.11464301595340967
0.08089540145222185 0.12990205404445385 0.14006069811057278 0.13749640169118338 0.09453377853157362 0.15885755516742395 0.09325842897315048 0.16499568202942005
0.10135138030856149 0.08680247218995274 0.23079421253402976 0.13262281889324054 0.09413018707984887 0.08707384614977738 0.14786454584067266 0.1193605370039165
0.10325369754523706 0.07777322681501606 0.26631613923480885 0.1288968906551526 0.09142688051718519 0.07261554973341204 0.14371041390955075 0.11600720158963737
0.1024354569648216 0.07543473014312503 0.27956661907671965 0.12719701457491106 0.08975397007312318 0.06931971711337416 0.1418151789365053 0.11447731311741995
0.10178414121450045 0.0747266656349068 0.28446592550206923 0.1265613406864988 0.08899942570691086 0.06845084464798959 0.1411064499892755 0.11390520661784892
0.13532281776043145 0.0993463578267036 0.23862255829121617 0.10530116642359862 0.11829011222531748 0.09094299542518318 0.1174029422663107 0.09477104978123875
0.08541244636100438 0.13393061601265976 0.13018675823471965 0.13460971128061075 0.09878756660484606 0.1642407481443165 0.0913004998251099 0.1615316535367329
0.1340512067628826 0.11445170486839841 0.18499182580075788 0.1084256373878107 0.12439446232277397 0.11521559498641465 0.12088649422193223 0.09758307364902961
0.11090500943802736 0.08195500016614943 0.24579296306541717 0.12810597418411399 0.09776861302414144 0.07734846228848817 0.1428286010679599 0.11529537676570258
0.10470653143130187 0.07644616057561325 0.2715382258188763 0.12781153465587916 0.09151327579515738 0.07045356756580369 0.14250032296707718 0.11503038119029123
0.10255020990732253 0.07506563328233953 0.28143521647014325 0.12688940063747692 0.08957869014915244 0.0688081766273059 0.1414722123525302 0.11420046057372922
0.08072763386772927 0.12976450497221909 0.1414087073540573 0.13745579238442457 0.09405389988061116 0.15841162541021345 0.0932308852694358 0.16494695086130948
0.10127131831964362 0.08674651807492202 0.23134352361016816 0.132568869660461 0.09399043698442627 0.08696295418377849 0.14780439647218563 0.11931198269441491
0.11958834000796148 0.09008275886244389 0.19299984434792836 0.09332056133982415 0.14116768365369317 0.1121288559498155 0.13872728223054456 0.11198467360778898
0.10750506897878638 0.07817689806539073 0.24945298036784502 0.1282705141873539 0.10131057977029473 0.07682844496924301 0.1430120508924677 0.11544346276861854
0.10382303388022072 0.07579426844528155 0.2729626908344387 0.12768597388230105 0.09215806550138211 0.07029825888756025 0.14236033207474458 0.11491737649407094
0.10230204153864034 0.07493175507146163 0.2819707618558856 0.12682702613362543 0.0896707673136436 0.06875065513093112 0.14140266943554952 0.11414432352026287
0.11883518466237755 0.08717903315593656 0.20845891788219312 0.09237028333804488 0.13855849996488112 0.10643911083465508 0.13731463015625775 0.11084434000565385
0.14052919085500862 0.10175456601469823 0.21010971279070892 0.10492797790723529 0.13193455419859587 0.09932195319678652 0.11698686492045485 0.09443518011651174
0.11134462444370745 0.07916112270587969 0.2552406632321327 0.1266916470012643 0.09840081153800856 0.07388691697198221 0.14125173180588724 0.11402248230113787
0.10444456229780412 0.07574401848893675 0.2750198944364962 0.127314622108563 0.09132322104587942 0.06962421916476827 0.1419463025598456 0.11458315989770673
0.1363564706036161 0.09972312349343276 0.23537328191852405 0.10549664346830474 0.11912478204406111 0.09135783476726814 0.11762088458331887 0.09494697912147426
0.10965320017716906 0.07833798210510558 0.2653120592873082 0.12588881243238875 0.09508505750134827 0.0720663261329118 0.1403566311746185 0.11329993118914987
0.12085072054252088 0.08781638635296628 0.2030269638786924 0.09239372378462382 0.14035211374442283 0.1073381472007695 0.1373494759544557 0.11087246854154857
0.10742010850832237 0.07753897660043578 0.2532989024956804 0.12776962995060295 0.10078511068263574 0.07574100245886889 0.14245360234791105 0.11499266695554267
0.12047748586107243 0.08785171976850047 0.19931112704878717 0.09260962036543342 0.14244593878532047 0.10850214301002009 0.1376704207223458 0.1111315444385201
0.14121949651227475 0.10202915494990689 0.20685679476700677 0.10507606253013502 0.1331834817456428 0.09991458499401554 0.11715196822389677 0.0945684562771215
0.08637299203229903 0.13446858861541894 0.12283024596976416 0.1344370150649904 0.10190057135051506 0.1674828021492913 0.09118336673973262 0.16132441807798847
0.10276236066911794 0.09002798940856818 0.22295566151871948 0.1325696479144158 0.09582694342916048 0.08873944976977736 0.14780526416726655 0.1193126831229742
0.09254005690148846 0.15626323929609173 0.14675318943968974 0.15764559650010582 0.08199489147353078 0.14272836001503156 0.08019362952396687 0.1418810368500952
0.13531167906265693 0.12188216625616932 0.19020190988164912 0.10751233121145269 0.11883074453970252 0.10963184496559161 0.11986822599247038 0.09676109809030742
0.1108215523423656 0.08493782841149747 0.2474835750628391 0.1274960980178979 0.09624799450957625 0.0761178287839397 0.1421486346557757 0.1147464882161081
0.1385872908648121 0.10370454183930979 0.22544260363037188 0.10566413673484214 0.12071997232087762 0.092976104472418 0.11780762707601057 0.09509772306135793
0.14522662712847753 0.10640503269143894 0.21485357758582718 0.10362160055992937 0.12576876711588098 0.095334602745454 0.11553035166905559 0.09325944050393645
0.08685701769905707 0.13831662205592904 0.12434987487768587 0.13386097206275224 0.09999532952810412 0.16519435798904153 0.09079265931212761 0.16063316647530265
0.11639907825488098 0.10263224178378742 0.15818004067590433 0.09373641967386025 0.1439449077375102 0.1332781246905517 0.13934548357487286 0.11248370360863232
0.0815932553168103 0.1372114478164426 0.1113699632426589 0.13422086194212937 0.10384767620669488 0.17965500261004713 0.09103675853466166 0.16106503433055522
0.08695075739455607 0.169744369943609 0.11630289348812493 0.15538015299923652 0.08235310120973811 0.17038537900059356 0.07904120826482902 0.13984213769931286
0.07584273071380664 0.1555545964958222 0.10128641215210124 0.13375140804763466 0.09003641277719832 0.19230840382831452 0.0907183463279609 0.16050168965716158
0.10098578900298431 0.09444470663952406 0.21422731827749855 0.13354760358499304 0.09396378253429313 0.09374234497601944 0.14889561175819374 0.12019284322649373
0.10357808760389411 0.08087979341940574 0.2597533687064387 0.12935955950713465 0.09175260122047917 0.07402673083424195 0.14422625515198442 0.11642360355642117
0.11945739919450189 0.09004776465998247 0.20150707085305056 0.09259848899790304 0.1395554988905531 0.10806171740964247 0.13765387319688274 0.11111818679748363
0.08248271320126419 0.1340893412725735 0.1216237418672042 0.13470803473117834 0.10333435988207032 0.17074497859410492 0.09136718877419055 0.16164964167741402
0.08723810207479389 0.16890972064528204 0.11906553861708491 0.1555802674831481 0.08235682619676947 0.16768429861535636 0.07914300563273187 0.1400222407348333
0.10295281746774279 0.09612913096431949 0.22116169961044743 0.13245754196512916 0.0916046364170381 0.08880211140677917 0.1476802743999276 0.11921178776861627
0.10376718398484638 0.08095738286045011 0.2623455949362792 0.1289928318250924 0.09102259350782842 0.07300348308867532 0.1438173811542448 0.11609354864258316
0.1025492519979829 0.07728104696599318 0.277871405991105 0.127121531976377 0.08966245895556045 0.06937390386207261 0.14173102147216957 0.11440937877873929
0.08055709197881022 0.13232617715809838 0.14037207514985167 0.13709643586285164 0.09386885842104023 0.15827649059129606 0.09298714780262982 0.16451572303542197
0.10102999883815189 0.08933016490095094 0.2304997973762042 0.1321902708575529 0.09377516123231056 0.08682107596244698 0.1473822870605851 0.11897124377179759
0.10303134026446553 0.07956773782924063 0.26595009658147556 0.12861606469366235 0.09121810052296751 0.07246488796424184 0.1433973139196504 0.11575445822429613
0.11918650205616214 0.08969053236932224 0.2034007488953902 0.09248334227482743 0.13923581317962225 0.10754035063558708 0.13748269985929573 0.11098001072979291
0.08243458819063794 0.13398471053591746 0.12205475122780374 0.13470334000808543 0.10326662666847705 0.17054797083215278 0.09136400452722317 0.1616440080097025
0.10187762247346678 0.08999110548063224 0.22270509085636322 0.13265013251524055 0.09617353084193239 0.08932240007777577 0.14789499849087268 0.11938511926371649
0.10347058788338122 0.07986985095728032 0.2629400577373316 0.12893449176472307 0.09193389689501696 0.07305773583334722 0.14375233634066886 0.11604104258825076
0.10245932086460609 0.07707985709302599 0.2780903315623936 0.1270915179006271 0.08983129245203912 0.06936775599917895 0.1416975580175648 0.11438236611056435
0.10170660025486311 0.07620729681649559 0.2837205634060546 0.12638268723914742 0.08893756278047418 0.06839360625990683 0.14090726472782555 0.11374441851523268
0.1013437920941815 0.07591341781478513 0.2858089619945988 0.12612196082552415 0.08858532296883591 0.06810020532527217 0.14061657423383064 0.11350976474297172
0.10119107064822301 0.07581015945182437 0.28658404243532387 0.12602638908470917 0.08845125572213017 0.06800331360650963 0.14051001887504141 0.11342375017623828
0.10113048379487385 0.07577298271957447 0.2868719373344115 0.12599121021735907 0.08840100584457625 0.06796949383034721 0.14047079706323462 0.11339208919562316
0.10110714469795476 0.07575940780734436 0.286978937831341 0.1259782084610251 0.08838228902840888 0.06795732348380072 0.14045630107520257 0.11338038761492257
0.10109829245391455 0.07575441067383408 0.28701872161547676 0.12597338992559098 0.08837533265331629 0.06795287297704969 0.14045092876778575 0.1133760509330319
0.10109496319148885 0.07575256264184357 0.28703351701763763 0.1259716011972869 0.08837274846485482 0.06795123194011607 0.1404489344692139 0.11337444107755822
0.1010937169639633 0.0757518774213754 0.28703902009254023 0.12597093656209438 0.08837178834837539 0.06795062425519235 0.14044819345057388 0.11337384290588495
0.1010932517062707 0.07575162298085772 0.28704106708869276 0.12597068947415063 0.0883714315256016 0.06795039873173504 0.14044791796595596 0.11337362052673554
0.10109307827231544 0.07575152842321359 0.2870418285489254 0.125970597588651 0.08837129887608847 0.06795031494053919 0.14044781552048102 0.11337353782978589
0.10109301367720852 0.07575149326683102 0.2870421118106519 0.12597056341331248 0.08837124955225001 0.06795028379023582 0.14044777741752898 0.11337350707198124
0.1182479482860591 0.088606115469522 0.20984487510918692 0.09209193943168922 0.1378231641465384 0.10597477699425725 0.1369008532447201 0.11051032731802707
0.10646638777079631 0.07892585751051369 0.25576908421967576 0.12724577360222483 0.09993930299717986 0.07526285604438022 0.14186954161322676 0.11452119624200235
0.10323268375653068 0.07697493222327959 0.2751279730447817 0.127140726701614 0.09155863601903529 0.06978597206493967 0.14175242215836664 0.1144266540314526
0.10196177786688021 0.07624841983049015 0.28258013885816485 0.1264813906903689 0.08936176266347495 0.06851594675928056 0.1410173117100083 0.11383325162133202
0.08043438335647285 0.1319908525661486 0.14143213098537902 0.13704539174081917 0.09378291280047303 0.15790733188969056 0.09295252657203386 0.16445447008898298
0.10096733109976047 0.08924207896033116 0.23092870070043156 0.13214483804244664 0.09372582629497628 0.08672923780160186 0.14733163286225018 0.11893035423820196
0.10300235643582811 0.07954135484219138 0.2661134909186267 0.12859644559153047 0.091194941305374 0.07243916978918646 0.14337544008488545 0.11573680103237742
0.10224743159635746 0.07694393624108398 0.2792830643164495 0.12695061535500818 0.08958646657528448 0.06919246990199408 0.14154046219431507 0.11425555381950735
0.10161865275782521 0.07615401885447536 0.28416540324586514 0.12632894658322294 0.08885232577070085 0.0683372529560433 0.14084734790696646 0.11369605192490063
0.11844357925311975 0.08872908336756336 0.2089636839550464 0.09214358754347313 0.13804302247121153 0.10612710672562797 0.13697763163178991 0.11057230505216775
0.10654064239117551 0.07896861454557008 0.2554230030851991 0.1272822986773782 0.10001210743660177 0.07530900070816403 0.1419102643462709 0.11455406880964038
0.10326111997826329 0.07699086678550272 0.2749969039040474 0.1271559701255053 0.09158382265359513 0.06980152600169494 0.1417694174384365 0.11444037311295477
0.09248529517426252 0.1515800315252426 0.1601531335419607 0.1571461471516724 0.08105590573081567 0.13620839262760315 0.0799395618119377 0.14143153243650516
0.13497564329213055 0.12052760527406596 0.1949593697961148 0.10724534897973326 0.11828702602647455 0.1079136318215704 0.11957056072815038 0.09652081408175993
0.1450072502898333 0.1109085317958388 0.20437451064819612 0.10432996323679049 0.12587609099135288 0.09928656293400767 0.11632012319086939 0.09389696691311142
0.1288441404943748 0.09455921672844748 0.181008391282401 0.09066676778398716 0.14844022249022798 0.1128989000098496 0.13478223986992718 0.10880012134078461
0.10968265795458805 0.08048577369855643 0.24395720521996858 0.1280459475280524 0.10287158985748758 0.0769537971400473 0.14276167582605245 0.11524135277524716
0.10433595237560948 0.07751477739696605 0.27059567887081803 0.12761420742392313 0.09248887128299041 0.07031740813880301 0.14228031782935907 0.11485278668153082
0.09274209924284817 0.1518161884696222 0.15905220394383981 0.1572224833084475 0.08125539747590674 0.13643299889873986 0.07997839368299288 0.14150023497760275
0.07745253530655638 0.15156215502714532 0.1115610752011949 0.1348022378926188 0.09049091171487425 0.18093731629408297 0.09143108309238493 0.16176268547114256
0.1142144380107723 0.10559717391375567 0.15432795293883025 0.09405685995797639 0.14129947438949045 0.13781402926028322 0.13982183957932012 0.11286823194957166
0.08113482898677897 0.13796308723969986 0.11041179476517343 0.13412928493577056 0.10319123714912336 0.18123997956583265 0.09097464543469656 0.16095514192292468
0.10190866154583542 0.09100246517539753 0.21787270967009628 0.13308446914776523 0.09648280774141461 0.0914936130635461 0.14837925142295616 0.11977602223298871
0.10364391347998884 0.08017282463230249 0.2610979666660331 0.12915640741631904 0.0921465444238073 0.07354182097553323 0.1439997557313288 0.11624076667468712
0.10256252652872941 0.0771800271239836 0.2774026455382826 0.12717764624038716 0.0899312891315657 0.06949239913179363 0.14179358468890926 0.11445988161634843
