0.125 0.125 0.125 0.125 0.125 0.125 0.125 0.125
0.125 0.125 0.125 0.125 0.125 0.125 0.125 0.125
0.1232638888888889 0.1232638888888889 0.1371527777777778 0.1232638888888889 0.1232638888888889 0.1232638888888889 0.1232638888888889 0.1232638888888889
0.12138310185185186 0.12138310185185186 0.13662229938271606 0.12138310185185186 0.12138310185185186 0.13507908950617284 0.12138310185185186 0.12138310185185186
0.11954049318415638 0.11954049318415638 0.13472074867112482 0.11954049318415638 0.1330275045010288 0.13454928090706447 0.11954049318415638 0.11954049318415638
0.11796374005217485 0.11796374005217485 0.1329327121267443 0.11796374005217485 0.14433492745942167 0.1329136601529598 0.11796374005217485 0.11796374005217485
0.125 0.125 0.125 0.125 0.125 0.125 0.125 0.125
0.11706893236792303 0.11706893236792303 0.13095782125681193 0.11706893236792303 0.14184875845178646 0.14184875845178646 0.11706893236792303 0.11706893236792303
0.1230298783548363 0.1230298783548363 0.1230298783548363 0.1230298783548363 0.1387908515161459 0.1230298783548363 0.1230298783548363 0.1230298783548363
0.1287646177115499 0.11509463122767921 0.1287646177115499 0.11509463122767921 0.1426083365284905 0.13948390313769296 0.11509463122767921 0.11509463122767921
0.12733782080632888 0.1130306410606011 0.13855675972178005 0.1130306410606011 0.14130111927888162 0.14068173595060499 0.1130306410606011 0.1130306410606011
0.12108357145514602 0.12108357145514602 0.12108357145514602 0.12108357145514602 0.13678369581946617 0.13671487544965769 0.12108357145514602 0.12108357145514602
0.1362253320233954 0.11222189328522285 0.1362253320233954 0.11222189328522285 0.13933770283333843 0.1393240599789794 0.11222189328522285 0.11222189328522285
0.1372348783794419 0.11022975809339158 0.1461450529105122 0.11022975809339158 0.13785187043847297 0.13784916589800653 0.11022975809339158 0.11022975809339158
0.13602937690843958 0.1088241255573778 0.14735471735981362 0.1088241255573778 0.1451682510907917 0.13615115241144374 0.1088241255573778 0.1088241255573778
0.11951176775713485 0.11951176775713485 0.11951176775713485 0.11951176775713485 0.14828971987656236 0.13463967358062862 0.11951176775713485 0.11951176775713485
0.13246760401931434 0.10877575745933929 0.14028458411703898 0.10877575745933929 0.1478717826156612 0.14427299941062843 0.10877575745933929 0.10877575745933929
0.11776070311008034 0.11776070311008034 0.11776070311008034 0.11776070311008034 0.14707459955749588 0.14636118178202195 0.11776070311008034 0.11776070311008034
0.13118213661514772 0.10783741867449756 0.14443011470511685 0.10783741867449756 0.14661308194328113 0.14642499203846432 0.10783741867449756 0.10783741867449756
0.11653986592657116 0.11653986592657116 0.11653986592657116 0.11653986592657116 0.1551938518176481 0.14556695262292502 0.11653986592657116 0.11653986592657116
0.12986285049867785 0.10676014962270029 0.1429734854526823 0.10676014962270029 0.15498473809238353 0.145138327465455 0.10676014962270029 0.10676014962270029
0.11538354636967711 0.11538354636967711 0.11538354636967711 0.11538354636967711 0.16354315531068614 0.14415556647125144 0.11538354636967711 0.11538354636967711
0.12895386740434522 0.1060803937085053 0.14573866687685458 0.1060803937085053 0.15689942596732362 0.1440864649174553 0.1060803937085053 0.1060803937085053
0.11415719655125241 0.11415719655125241 0.11415719655125241 0.11415719655125241 0.16291177129622494 0.1521450493962605 0.11415719655125241 0.11415719655125241
0.11207257017517759 0.12475670312531675 0.11207257017517759 0.11207257017517759 0.16269540758537843 0.15218503841341705 0.11207257017517759 0.11207257017517759
0.110375877508862 0.12423773341167499 0.12282838530610396 0.110375877508862 0.16093148254617476 0.1504988887005984 0.110375877508862 0.110375877508862
0.1090200660088469 0.12282425861014411 0.13336939421722308 0.1090200660088469 0.15902755294669446 0.14869853019055077 0.1090200660088469 0.1090200660088469
0.10782135649690197 0.12146849634247353 0.14298369408672493 0.10782135649690197 0.15723722063310616 0.14702516295008758 0.10782135649690197 0.10782135649690197
0.10700000430610294 0.12049650389971112 0.144697115782284 0.10700000430610294 0.16104372929372815 0.145762633799865 0.10700000430610294 0.10700000430610294
0.11723788184395816 0.11873749290991462 0.14349784111818073 0.10534899247661339 0.16070104577473251 0.14377876092337383 0.10534899247661339 0.10534899247661339
0.12731510061109244 0.11726708079859022 0.1419066904319972 0.10407402603082191 0.1593082961871135 0.14198075387874104 0.10407402603082191 0.10407402603082191
0.13654149019252182 0.11600501991371903 0.14038850779552012 0.10297534426943122 0.1577309149461286 0.14040803434381674 0.10297534426943122 0.10297534426943122
0.1444832952051157 0.11494414629316113 0.13906760003808435 0.10205469963608124 0.156268111416525 0.13907274813887013 0.10205469963608124 0.10205469963608124
0.1509759765767797 0.11408745238739865 0.13798052863251647 0.10131588057704742 0.15502651476229765 0.13798188590986513 0.10131588057704742 0.10131588057704742
0.152253419257813 0.11303811890905818 0.14323749444781722 0.10036173531045832 0.1536456225215733 0.13674013893236336 0.10036173531045832 0.10036173531045832
0.15557252823355489 0.11234523370270634 0.14429473958425457 0.09978544271281099 0.15259470591190916 0.13583646442914224 0.09978544271281099 0.09978544271281099
0.15608546881018762 0.11156503427266139 0.14867751841111188 0.09908223052791623 0.15153028505130187 0.13489500187098852 0.09908223052791623 0.09908223052791623
0.1557273215520539 0.11093225193491807 0.153012978817019 0.09853613701573347 0.15061834134137245 0.1341006953074361 0.09853613701573347 0.09853613701573347
0.1551919721571901 0.11045782191696206 0.1565662210529564 0.0981320161464156 0.14990077792413123 0.13348715850951354 0.0981320161464156 0.0981320161464156
0.15470286874246486 0.11011216111171311 0.1592741061727178 0.09783906978760622 0.14936119912151233 0.1330324554887732 0.09783906978760622 0.09783906978760622
0.1565518074920439 0.10970693422369726 0.1599698333753834 0.09747224965572913 0.14880892132064008 0.13254575462104795 0.09747224965572913 0.09747224965572913
0.15675864166121223 0.10916265101634409 0.1597435718499889 0.09697299165815551 0.15149798072199358 0.13191817977599476 0.09697299165815551 0.09697299165815551
0.15660219221062924 0.1088667376469574 0.16055328302863883 0.09673755420069693 0.15224783993323995 0.13151728457844403 0.09673755420069693 0.09673755420069693
0.15530679666114972 0.11708349581376153 0.15964110438946094 0.09550190521208801 0.15128694641580692 0.13017594108355685 0.09550190521208801 0.09550190521208801
0.15623091686609727 0.11850053546252648 0.15906486040419227 0.09529006615408037 0.1507230269310038 0.12961046187393904 0.09529006615408037 0.09529006615408037
0.15755670328095744 0.11863562119665036 0.15868883129240946 0.09514423991980159 0.15037057529101078 0.12931554917956717 0.09514423991980159 0.09514423991980159
0.15796641183890803 0.11854247246231973 0.15917880539700752 0.09502431197748695 0.1501215057512328 0.12911786861807112 0.09502431197748695 0.09502431197748695
0.15804085597237263 0.11843477704014778 0.15980158457642826 0.09493508223080814 0.1499410145814349 0.128976521137192 0.09493508223080814 0.09493508223080814
0.15800731026465623 0.118350142362409 0.16033959079039248 0.09487179694372096 0.14981159563131186 0.12887597012006746 0.09487179694372096 0.09487179694372096
0.15768946528824743 0.11802892065157122 0.1602555582710123 0.09456735309364342 0.15177898013454008 0.1285450163736986 0.09456735309364342 0.09456735309364342
0.15816853368108144 0.11781595153119419 0.1600718411055313 0.09441806251829778 0.15238101503550633 0.12830847109179352 0.09441806251829778 0.09441806251829778
0.15830244956254985 0.11771397162688015 0.16017116399358156 0.09435830131609713 0.1525511652502059 0.1281863456184912 0.09435830131609713 0.09435830131609713
0.1583234182175559 0.1176605846067948 0.16033665485493148 0.09432513065035539 0.1525829733371655 0.12812097703248615 0.09432513065035539 0.09432513065035539
0.15831097995875693 0.11762908580160124 0.16049025607641357 0.09430421521374464 0.15257420510718686 0.12808282741480734 0.09430421521374464 0.09430421521374464
0.15874834155388354 0.11755411059339206 0.1604849308405656 0.09423548428485184 0.15250212567445337 0.12800403848314995 0.09423548428485184 0.09423548428485184
0.15890351147836013 0.11751618955696219 0.16053127108594298 0.09421242622938215 0.15245154116747311 0.1279602080231152 0.09421242622938215 0.09421242622938215
0.15895522260980718 0.11749715042022663 0.1605870811861188 0.0942009045061478 0.15242070170094124 0.12793713056446265 0.0942009045061478 0.0942009045061478
0.15896942755739316 0.11748650841970587 0.160635718366358 0.09419403679760383 0.15240205669271675 0.12792417857101493 0.09419403679760383 0.09419403679760383
0.15897083036307091 0.11748001295220949 0.16067327518472743 0.09418965098548414 0.15239055052884978 0.12791637801468994 0.09418965098548414 0.09418965098548414
0.15896851970838796 0.11747584299173466 0.16070061802212426 0.09418676867744846 0.15238327412599753 0.12791143911941028 0.09418676867744846 0.09418676867744846
0.15896565967377813 0.11747309791828132 0.1607198961719614 0.09418485025115787 0.15237857691049222 0.12790821857201337 0.09418485025115787 0.09418485025115787
0.15896320990012017 0.11747126944965229 0.16073323876689027 0.09418356596207092 0.15237549879936843 0.12790608519775618 0.09418356596207092 0.09418356596207092
0.15926437956527223 0.1174273935430262 0.16069525013361813 0.09414005252852187 0.15233080986438463 0.12786200930813332 0.09414005252852187 0.09414005252852187
0.1593784209889269 0.11740935335059967 0.1606746470933931 0.09413071023477904 0.15230440129035572 0.1278410465723874 0.09413071023477904 0.09413071023477904
0.15962693424828367 0.11737423518175824 0.16063457346391052 0.09409916832858442 0.1522627742002896 0.12780397792000464 0.09409916832858442 0.09409916832858442
0.15952265362330786 0.11716081760089121 0.1604115231615814 0.09389271252464758 0.15363911893455168 0.1275877491057251 0.09389271252464758 0.09389271252464758
0.15944121535039624 0.11707994626303976 0.1602835952922859 0.0938541487910931 0.15414061925989309 0.12749217746110553 0.0938541487910931 0.0938541487910931
0.15939884340116037 0.11705502549490625 0.16022374607954212 0.09384525984445662 0.1543285140800697 0.12745809141095174 0.09384525984445662 0.09384525984445662
0.15951665431006956 0.11702825286274207 0.16017712826134894 0.09382342747069425 0.15438040977508546 0.12742727237867119 0.09382342747069425 0.09382342747069425
0.15956051607650978 0.11701825371579089 0.1601544864940737 0.09381873569309375 0.1543960813548559 0.12741445527948844 0.09381873569309375 0.09381873569309375
0.15957729289370126 0.11701497151625415 0.16014472159616808 0.09381743571053651 0.15440093074517705 0.1274097761170899 0.09381743571053651 0.09381743571053651
0.15958376937967206 0.1170138830947824 0.16014085313640045 0.0938169979477343 0.15440239583516663 0.12740810471077554 0.0938169979477343 0.0938169979477343
0.15944931318352754 0.11687654196994175 0.16000212565806815 0.09367987259005187 0.15536186272518246 0.12727053869312444 0.09367987259005187 0.09367987259005187
0.1593679813851118 0.11682339744324745 0.1599191657683679 0.09365395437685925 0.15571924055428782 0.12720835171840733 0.09365395437685925 0.09365395437685925
0.1594209286075032 0.11679365830236163 0.15986560391454605 0.09363475053300381 0.15584280506328177 0.1271727525132958 0.09363475053300381 0.09363475053300381
0.1594385308913714 0.1167835088341103 0.15983944419948357 0.09363049651066473 0.1558879136481975 0.12715911289484294 0.09363049651066473 0.09363049651066473
0.159444668183906 0.11678036798952636 0.1598276675626263 0.09362936768254569 0.15590480518352387 0.1271543880327804 0.09362936768254569 0.09362936768254569
0.15950912554015342 0.11677053683144809 0.15981358168854892 0.0936201591611278 0.1559023446371599 0.12714393381930633 0.0936201591611278 0.0936201591611278
0.15957576355415218 0.11676071417490322 0.1597998742123769 0.09361228541968199 0.15589348793560054 0.12713330386392127 0.09361228541968199 0.09361228541968199
0.1596016063347768 0.1167570522103872 0.15979260776856072 0.09361057068493286 0.15588823504993563 0.12712878658154111 0.09361057068493286 0.09361057068493286
0.15961182505675583 0.11675585795406887 0.15978921430290277 0.0936101023713652 0.1558856682686596 0.12712712730351744 0.0936101023713652 0.0936101023713652
0.15952257403557074 0.11666214433012198 0.15969433200155514 0.09351662549512928 0.15653786018247334 0.1270332129648909 0.09351662549512928 0.09351662549512928
0.15946764249599132 0.11662554404102499 0.15963706993187785 0.093498602864457 0.15678350476456118 0.1269904301731735 0.093498602864457 0.093498602864457
0.1594406285880312 0.11661399095716245 0.15960909507289317 0.09349430537098201 0.15687851611088766 0.12697485315807938 0.09349430537098201 0.09349430537098201
0.15945646962229154 0.11660651940180375 0.15959232780468482 0.09348912408289407 0.15691174587380463 0.12696556504873313 0.09348912408289407 0.09348912408289407
0.15946188127896646 0.11660389580048362 0.15958426669626558 0.09348798163231288 0.15692403750417938 0.1269619738231663 0.09348798163231288 0.09348798163231288
0.1594638178067846 0.11660307319750039 0.15958064286131876 0.09348767912840504 0.15692870424299374 0.12696072450618728 0.09348767912840504 0.09348767912840504
0.15946453075644523 0.1166028218518569 0.15957906534238903 0.09348759085443244 0.15693050263150463 0.12696030685450677 0.09348759085443244 0.09348759085443244
0.159483752388651 0.11660003839650467 0.15957567837260214 0.09348485722549084 0.15692849605249434 0.1269574631132754 0.09348485722549084 0.09348485722549084
0.15950390375520362 0.11659711005365539 0.15957189908009775 0.09348248067095793 0.1569253082810733 0.12695433681709611 0.09348248067095793 0.09348248067095793
0.15951173441629946 0.11659601815125303 0.1595698302642119 0.09348196927916771 0.1569235081416189 0.12695300118911357 0.09348196927916771 0.09348196927916771
0.1595234188587705 0.11659444008274648 0.1595676118377933 0.09348060766787421 0.15692141877252516 0.1269512874445417 0.09348060766787421 0.09348060766787421
0.15952796722505894 0.11659383789292264 0.1595664089493576 0.09348031831215547 0.1569202847296619 0.1269505462665325 0.09348031831215547 0.09348031831215547
0.1595297734833821 0.1165936416090941 0.15956583738565144 0.09348024140559981 0.15691974935388178 0.1269502739511911 0.09348024140559981 0.09348024140559981
0.15953626976649687 0.11659275520964331 0.15956475317994206 0.09347939391718206 0.15691868542451048 0.12694935466786103 0.09347939391718206 0.09347939391718206
0.1595426680426639 0.11659185077156084 0.15956357542872468 0.09347866519769343 0.15691752658117955 0.12694838358279084 0.09347866519769343 0.09347866519769343
0.15954516003101302 0.11659151393785717 0.1595629324882986 0.09347850765853691 0.15691690054650106 0.1269479700207194 0.09347850765853691 0.09347850765853691
0.15954614967007402 0.11659140487057423 0.1595626255121948 0.09347846536469867 0.15691660516025968 0.1269478186928014 0.09347846536469867 0.09347846536469867
0.1595491585078834 0.1165909974257 0.15956211255225955 0.09347807954117092 0.15691609991840533 0.126947392972239 0.09347807954117092 0.09347807954117092
0.15955032485268447 0.11659083698253625 0.15956182150798923 0.09347799986931214 0.15691581598809337 0.12694720106076016 0.09347799986931214 0.09347799986931214
0.15955078710814977 0.11659078442652432 0.15956168094212522 0.09347797911932972 0.1569156804511711 0.12694712971404043 0.09347797911932972 0.09347797911932972
0.15955272926821956 0.11659051687645272 0.159561365594298 0.0934777219878888 0.15691536852505739 0.12694685377230605 0.0934777219878888 0.0934777219878888
0.15955466265433776 0.11659024228231261 0.1595610134352901 0.09347750043250268 0.1569150208646288 0.12694655946592273 0.09347750043250268 0.09347750043250268
0.1595562105275437 0.11659002649795594 0.1595607062368507 0.09347733908330626 0.15691471896377227 0.1269463205239588 0.09347733908330626 0.09347733908330626
0.15955681576285316 0.11658994791150057 0.1595605436845131 0.09347730327364157 0.15691456110206173 0.1269462217181468 0.09347730327364157 0.09347730327364157
0.15955705664201028 0.11658992255621008 0.15956046691263695 0.09347729349722061 0.15691448750553455 0.1269461858919463 0.09347729349722061 0.09347729349722061
0.15955768818327334 0.11658983816977159 0.15956035575695846 0.09347721413717963 0.15691437839199496 0.12694609708646273 0.09347721413717963 0.09347721413717963
0.15955829303449687 0.1165897536466736 0.15956024192656834 0.09347714634273178 0.15691426648528164 0.12694600587878424 0.09347714634273178 0.09347714634273178
0.1595587708321255 0.11658968766091116 0.1595601455528535 0.09347709711271072 0.1569141720137748 0.12694593260220283 0.09347709711271072 0.09347709711271072
0.15949563137607006 0.1165263372422254 0.15949676830121026 0.09341375977495071 0.15735740781029345 0.1268825759453486 0.09341375977495071 0.09341375977495071
0.15945711166335377 0.11650140847643907 0.15945815009883643 0.09340138950802336 0.15752565930241766 0.1268535019348829 0.09340138950802336 0.09340138950802336
0.15943815737292247 0.11649346542764027 0.15943915502888392 0.0933983883030699 0.15759122178457893 0.12684283547676486 0.0933983883030699 0.0933983883030699
0.15942948068770216 0.11649106411492602 0.1594304614864441 0.09339756160929817 0.15761711227147887 0.12683919661155424 0.09339756160929817 0.09339756160929817
0.15942580968497905 0.11649032470269298 0.15942659761249756 0.09339729822995656 0.15762739945083154 0.12683797385912912 0.09339729822995656 0.09339729822995656
0.15942421399645398 0.11649010279813055 0.15942492210299383 0.09339722290544644 0.1576315162255267 0.1268375761605555 0.09339722290544644 0.09339722290544644
0.159423640774561 0.11649002143281034 0.1594241908031283 0.09339718553017798 0.15763315646540782 0.12683743393355856 0.09339718553017798 0.09339718553017798
0.15942346763938814 0.11648998547824332 0.15942386810508558 0.09339716570535879 0.15763380505007843 0.1268373766111283 0.09339716570535879 0.09339716570535879
0.1594233913400384 0.11648997375632936 0.1594237299079498 0.0933971611110282 0.15763406475864256 0.1268373569039552 0.0933971611110282 0.0933971611110282
0.15942335855159975 0.11648997024400957 0.1594236715142509 0.09339715992244432 0.15763416940315716 0.12683735051964948 0.09339715992244432 0.09339715992244432
0.15942334465699445 0.11648996923266466 0.1594236470353485 0.09339715960737678 0.15763421173147824 0.12683734852138384 0.09339715960737678 0.09339715960737678
0.1594233388221063 0.11648996895182694 0.15942363683056626 0.0933971595270267 0.15763422890022186 0.12683734791419854 0.0933971595270267 0.0933971595270267
0.15942333638718884 0.11648996887779216 0.15942363259502437 0.09339715950866477 0.15763423587824585 0.12683734773575453 0.09339715950866477 0.09339715950866477
0.15942338487138744 0.1164899617899885 0.15942362376771635 0.09339715243553764 0.1576342316487134 0.1268373406155813 0.09339715243553764 0.09339715243553764
0.15942340352337714 0.1164899589568493 0.15942361868995128 0.09339715100747482 0.1576342284970859 0.1268373373103117 0.09339715100747482 0.09339715100747482
0.1594234441785171 0.11648995327595808 0.1594236114677038 0.09339714588822114 0.15763422209352146 0.12683733131963615 0.09339714588822114 0.09339714588822114
0.1594234599491809 0.11648995108284427 0.15942360741378037 0.09339714482127931 0.1576342184170813 0.1268373286732753 0.09339714482127931 0.09339714482127931
0.1594234662026185 0.11648995036999321 0.15942360545952872 0.0933971445431881 0.1576342166408144 0.12683732769748102 0.0933971445431881 0.0933971445431881
0.15942346871002255 0.11648995014617855 0.15942360456954563 0.09339714446068802 0.15763421583447282 0.1268373273577165 0.09339714446068802 0.09339714446068802
0.15942346972240654 0.11648995007573518 0.15942360417614568 0.09339714443461339 0.15763421547980822 0.12683732724206417 0.09339714443461339 0.09339714443461339
0.15942347013316424 0.1164899500532425 0.1594236040055409 0.09339714442608528 0.15763421532675176 0.1268373272030448 0.09339714442608528 0.09339714442608528
0.15942347030041776 0.116489950045919 0.1594236039325927 0.0933971444232207 0.15763421526151555 0.1268373271898929 0.0933971444232207 0.0933971444232207
0.15942347036869453 0.11648995004347476 0.15942360390177407 0.09339714442222825 0.15763421523393892 0.12683732718543303 0.09339714442222825 0.09339714442222825
0.15942347039661245 0.1164899500426308 0.15942360388891047 0.09339714442186886 0.15763421522234186 0.12683732718389779 0.09339714442186886 0.09339714442186886
0.1593806214871641 0.11644710112145278 0.15938075496257217 0.09335429550085812 0.15793415766375427 0.1267944782624823 0.09335429550085812 0.09335429550085812
0.15935442565297644 0.11643015714709744 0.1593545591005489 0.09334584583702019 0.1580485889461366 0.1267747316421798 0.09334584583702019 0.09334584583702019
0.15934149935031455 0.11642472107930742 0.15934163277362842 0.09334376871913169 0.158093392237003 0.12676744840235155 0.09334376871913169 0.09334376871913169
0.1593066329132479 0.11639413052081565 0.1593067663201752 0.09331425579915528 0.1583136875646217 0.12673601528367368 0.09331425579915528 0.09331425579915528
0.1592862750300141 0.11638214858237707 0.1592864084131336 0.09330833809047058 0.15839834335121838 0.126721810351845 0.09330833809047058 0.09330833809047058
0.15927636582575447 0.11637829545257371 0.15927649918908238 0.09330686024347241 0.15843167137400765 0.12671658742816466 0.09330686024347241 0.09330686024347241
0.15832033923236455 0.12303763612215741 0.15832047258263565 0.09235493761513287 0.15749345142174143 0.12576328779570262 0.09235493761513287 0.09235493761513287
0.15788355167673532 0.1247525035931773 0.15788368455275245 0.09231409504395106 0.1570668636723114 0.12547111137317035 0.09231409504395106 0.09231409504395106
0.1577229156303594 0.1252248844536488 0.15772304809576262 0.09233435756579086 0.15691173643928097 0.12541434268357549 0.09233435756579086 0.09233435756579086
0.15766729493535886 0.12536033371290625 0.15766742715193557 0.09234526539345257 0.15685886435903093 0.12541028366041074 0.09234526539345257 0.09234526539345257
0.15764840538092287 0.1254001905377476 0.15764853746717788 0.09234941153213347 0.15684127236480266 0.1254133596529487 0.09234941153213347 0.09234941153213347
0.1576227091574179 0.12539282565453252 0.15762284118043488 0.09233153854742664 0.15697071072326577 0.12539629764206894 0.09233153854742664 0.09233153854742664
0.1576088642716348 0.12538768131265243 0.1576089962558658 0.09232833592921885 0.15702085368312368 0.1253885966890668 0.09232833592921885 0.09232833592921885
0.15760240395083674 0.12538559866013033 0.1576025359122189 0.09232760956302415 0.15704079279207328 0.12538583999566832 0.09232760956302415 0.09232760956302415
0.15759955169547737 0.125384847605489 0.15759965834216533 0.0923274075918625 0.15704880834858784 0.12538491123269305 0.0923274075918625 0.0923274075918625
0.1575852928866155 0.12537157206552324 0.15758538904809546 0.09231433006461927 0.15714316696531247 0.12537158884059552 0.09231433006461927 0.09231433006461927
0.15756810890002385 0.125356793418888 0.15756820071427366 0.09230305146400805 0.157240944733218 0.1253567978415725 0.09230305146400805 0.09230305146400805
0.15755869525022795 0.12535060030357745 0.15755878525837458 0.0923007546831239 0.15727905366884679 0.12535060146960153 0.0923007546831239 0.0923007546831239
0.15755422597184054 0.1253483799480121 0.1575542982139035 0.09230016711904383 0.15729421425368253 0.12534838025542994 0.09230016711904383 0.09230016711904383
0.15755220190880095 0.12534762148016673 0.15755226679191991 0.09229999403956603 0.1573003061391979 0.1253476215612163 0.09229999403956603 0.09229999403956603
0.15755130890236832 0.1253473667867111 0.15755137073727876 0.09229993931329616 0.15730276882567373 0.1253473668080795 0.09229993931329616 0.09229993931329616
0.1575450196109324 0.1253413801912981 0.15754508018320665 0.09229401986685179 0.1573450802170756 0.1253413801969318 0.09229401986685179 0.09229401986685179
0.15754128352628527 0.1253386590740256 0.1575413321299384 0.09229287709287283 0.15736143491562132 0.1253386590755109 0.09229287709287283 0.09229287709287283
0.157539457588164 0.12533766305001157 0.15753950123436786 0.09229259848116106 0.15736791963357022 0.12533766305040314 0.09229259848116106 0.09229259848116106
0.15753862784924574 0.12533731924071706 0.15753866174416445 0.09229251726983992 0.15737052011553268 0.1253373192408203 0.09229251726983992 0.09229251726983992
0.15753825885772726 0.12533720324757472 0.15753828871399678 0.09229249192072088 0.15737157017093667 0.12533720324760195 0.09229249192072088 0.09229249192072088
0.1575380978166643 0.12533716444587478 0.1575381260002609 0.09229248370017529 0.15737199619079237 0.12533716444588197 0.09229248370017529 0.09229248370017529
0.15753802841644046 0.12533715151205505 0.1575380559072714 0.09229248099627736 0.15737216966334414 0.12533715151205693 0.09229248099627736 0.09229248099627736
0.15753799878059888 0.12533714720886743 0.15753802598450903 0.09229248010304252 0.1573722405080292 0.12533714720886793 0.09229248010304252 0.09229248010304252
0.15753799074225433 0.1253371451319156 0.157538012649344 0.09229247916060987 0.15737226886274064 0.12533714513191574 0.09229247916060987 0.09229247916060987
0.15753798719078235 0.12533714436200213 0.15753800690415443 0.09229247893827691 0.1573722803662283 0.1253371443620022 0.09229247893827691 0.09229247893827691
0.15753798870494756 0.1253371436610258 0.1575380040267503 0.09229247844028536 0.15737228462539438 0.1253371436610258 0.09229247844028536 0.09229247844028536
0.15753798922865983 0.1253371433728257 0.15753800273166196 0.09229247833689504 0.1573722862833416 0.12533714337282573 0.09229247833689504 0.09229247833689504
0.1575379894187852 0.12533714327006895 0.15753800216851774 0.09229247831012112 0.15737228694219593 0.12533714327006895 0.09229247831012112 0.09229247831012112
0.15753798948955303 0.12533714323500353 0.15753800192731346 0.09229247830214717 0.1573722872066849 0.12533714323500353 0.09229247830214717 0.09229247830214717
0.1575379895163246 0.1253371432232212 0.15753800182487954 0.0922924782996097 0.15737228731352434 0.1253371432232212 0.0922924782996097 0.0922924782996097
0.15753799157661322 0.1253371429264242 0.15753800148876512 0.09229247800591905 0.15737228706401615 0.1253371429264242 0.09229247800591905 0.09229247800591905
0.15753799237309699 0.12533714279137492 0.15753800129276102 0.0922924779491192 0.15737228690403454 0.12533714279137492 0.0922924779491192 0.0922924779491192
0.15753799268905114 0.12533714274185426 0.15753800119766906 0.09229247793520375 0.15737228682396023 0.12533714274185426 0.09229247793520375 0.09229247793520375
0.15753799281587508 0.1253371427247676 0.15753800115425526 0.09229247793117303 0.15737228678681547 0.12533714272476756 0.09229247793117303 0.09229247793117303
0.15753799424610176 0.12533714252199474 0.15753800093800716 0.092292477732905 0.15737228657318666 0.12533714252199474 0.092292477732905 0.092292477732905
0.15753799480000144 0.12533714243009525 0.1575380008100072 0.09229247769446584 0.15737228644640333 0.12533714243009525 0.09229247769446584 0.09229247769446584
0.15753402301566707 0.12533317039213032 0.15753402874325909 0.09228850568072981 0.15740009041462388 0.12533317039213032 0.09228850568072981 0.09228850568072981
0.15753161316576175 0.12533135827304837 0.1575316187763084 0.09228774077447108 0.15741082918841967 0.12533135827304837 0.09228774077447108 0.09228774077447108
0.15753042868290998 0.1253306940888713 0.15753043424493188 0.09228755434865289 0.1574150858484569 0.1253306940888713 0.09228755434865289 0.09228755434865289
0.15752988439605212 0.12533046525463168 0.15752988993795275 0.09228750062406563 0.15741679328453495 0.12533046525463168 0.09228750062406563 0.09228750062406563
0.1575296421097831 0.12533038805747768 0.15752964764333924 0.09228748375819554 0.1574174828573357 0.12533038805747768 0.09228748375819554 0.09228748375819554
0.1575295362767356 0.12533036221632915 0.15752954180683082 0.09228747826978541 0.15741776267441912 0.12533036221632918 0.09228747826978541 0.09228747826978541
0.1575294906349717 0.1253303535931777 0.15752949616363135 0.09228747645955529 0.1574178766363757 0.1253303535931777 0.09228747645955529 0.09228747645955529
0.15752947205992654 0.1253303505875083 0.15752947652795618 0.0922874757273472 0.1574179230550591 0.1253303505875083 0.0922874757273472 0.0922874757273472
0.15752946476644017 0.1253303494815372 0.157529468082159 0.0922874754138095 0.15741794194689807 0.12533034948153718 0.0922874754138095 0.0922874754138095
0.1575294620761395 0.12533034904066714 0.15752946443498492 0.09228747526452456 0.15741794961396754 0.12533034904066712 0.09228747526452456 0.09228747526452456
0.15752946120485778 0.12533034884472793 0.1575294628447755 0.09228747518481907 0.1574179527064537 0.12533034884472793 0.09228747518481907 0.09228747518481907
0.15752946082441868 0.12533034877347798 0.15752946216658723 0.09228747516522776 0.1574179539663549 0.12533034877347798 0.09228747516522776 0.09228747516522776
0.15752946066119872 0.12533034874903487 0.15752946188005224 0.09228747515956942 0.15741795448197116 0.12533034874903487 0.09228747515956942 0.09228747515956942
0.1575294605918282 0.12533034874081875 0.15752946175960986 0.09228747515779764 0.15741795469353165 0.12533034874081875 0.09228747515779764 0.09228747515779764
0.1575294605625245 0.12533034873807924 0.15752946170915438 0.09228747515722428 0.15741795478048978 0.12533034873807922 0.09228747515722428 0.09228747515722428
0.15752946074009422 0.12533034871004167 0.1575294616609426 0.09228747512990898 0.1574179547891528 0.12533034871004167 0.09228747512990898 0.09228747512990898
0.15752946093607306 0.12533034867910517 0.1575294616174308 0.09228747510636445 0.15741795476919254 0.12533034867910517 0.09228747510636445 0.09228747510636445
0.1575294610983388 0.12533034865385254 0.15752946158231376 0.09228747508926816 0.15741795474383782 0.12533034865385254 0.09228747508926816 0.09228747508926816
0.15752946116193564 0.12533034864358808 0.1575294615641631 0.09228747508566144 0.1574179547297408 0.1253303486435881 0.09228747508566144 0.09228747508566144
0.15752946118732764 0.12533034863993478 0.15752946155569872 0.09228747508471433 0.15741795472296113 0.1253303486399348 0.09228747508471433 0.09228747508471433
0.15752946119755895 0.12533034863868667 0.1575294615519082 0.0922874750844294 0.15741795471987113 0.12533034863868667 0.0922874750844294 0.0922874750844294
0.157529461201705 0.12533034863826625 0.157529461550247 0.09228747508433803 0.15741795471850134 0.12533034863826628 0.09228747508433803 0.09228747508433803
0.15752946120339203 0.1253303486381253 0.1575294615495289 0.09228747508430793 0.15741795471790454 0.12533034863812534 0.09228747508430793 0.09228747508430793
0.15752946120408073 0.12533034863807818 0.1575294615492215 0.09228747508429794 0.1574179547176476 0.12533034863807818 0.09228747508429794 0.09228747508429794
0.15752946126215855 0.12533034862980585 0.15752946154083428 0.09228747507603804 0.1574179547092814 0.12533034862980585 0.09228747507603804 0.09228747507603804
0.15752946132349438 0.12533034862047646 0.15752946153021224 0.09228747506888964 0.1574179546986715 0.12533034862047646 0.09228747506888964 0.09228747506888964
0.15752946137358625 0.1253303486128191 0.15752946152061534 0.09228747506369196 0.15741795468908404 0.1253303486128191 0.09228747506369196 0.09228747506369196
0.15752946139323634 0.12533034860970446 0.1575294615155449 0.09228747506259609 0.15741795468402148 0.12533034860970443 0.09228747506259609 0.09228747506259609
0.15752946141867763 0.12533034860608264 0.1575294615106443 0.09228747505979547 0.15741795467912628 0.12533034860608264 0.09228747505979547 0.09228747505979547
0.15752946144047547 0.12533034860286593 0.15752946150635283 0.09228747505753364 0.15741795467483907 0.12533034860286593 0.09228747505753364 0.09228747505753364
0.1575294614490306 0.1253303486015453 0.15752946150410288 0.09228747505706107 0.15741795467259267 0.12533034860154527 0.09228747505706107 0.09228747505706107
0.15752946145245061 0.12533034860107392 0.1575294615030479 0.09228747505693786 0.15741795467154007 0.12533034860107392 0.09228747505693786 0.09228747505693786
0.1575294614617894 0.12533034859977565 0.15752946150143698 0.0922874750557639 0.15741795466993058 0.12533034859977565 0.0922874750557639 0.0922874750557639
0.1575267886786198 0.12532767581239607 0.1575267887137325 0.09228480226872657 0.15743666417667582 0.12532767581239604 0.09228480226872657 0.09228480226872657
0.15752516669965475 0.125326456115953 0.15752516673288894 0.09228428724259184 0.157443892607775 0.12532645611595297 0.09228428724259184 0.09228428724259184
0.15752436931467556 0.12532600891714005 0.1575243693471316 0.09228416161214431 0.1574467586674797 0.12532600891714005 0.09228416161214431 0.09228416161214431
0.1575240028331815 0.12532585477622674 0.15752400286531515 0.09228412537351074 0.1574479086285176 0.12532585477622674 0.09228412537351074 0.09228412537351074
0.15752383966413122 0.12532580274951552 0.1575238396961313 0.09228411398546976 0.157448373184297 0.12532580274951552 0.09228411398546976 0.09228411398546976
0.15752376837636242 0.12532578532276425 0.15752376840830717 0.09228411027536461 0.15744856174370805 0.12532578532276425 0.09228411027536461 0.09228411027536461
0.1575237376266448 0.12532577950290377 0.15752373765856661 0.09228410905000135 0.15744863855897703 0.12532577950290377 0.09228410905000135 0.09228410905000135
0.15752372449015847 0.12532577756113666 0.15752372451595226 0.0922841086426185 0.1574486699437605 0.12532577756113666 0.0922841086426185 0.0922841086426185
0.15752371891434644 0.12532577691395758 0.15752371893760225 0.09228410850737899 0.15744868279799912 0.12532577691395758 0.09228410850737899 0.09228410850737899
0.1575237165601755 0.12532577669842393 0.1575237165823802 0.09228410846247169 0.1574486880731811 0.12532577669842393 0.09228410846247169 0.09228410846247169
0.15752371557027792 0.1253257766266989 0.15752371559204728 0.09228410844757125 0.15744869024156363 0.1253257766266989 0.09228410844757125 0.09228410844757125
0.15752371515536706 0.1253257766028514 0.15752371517695613 0.09228410844263385 0.15744869113407245 0.1253257766028514 0.09228410844263385 0.09228410844263385
0.1575237149818957 0.12532577659493116 0.15752371500341011 0.09228410844100084 0.15744869150182947 0.12532577659493116 0.09228410844100084 0.09228410844100084
0.15752371491311368 0.1253257765917897 0.15752371493048148 0.09228410843994757 0.15744869165298278 0.1253257765917897 0.09228410843994757 0.09228410843994757
0.15752371488677297 0.12532577659033894 0.15752371489965494 0.09228410843932501 0.15744869171491924 0.12532577659033892 0.09228410843932501 0.09228410843932501
0.15752371487734415 0.12532577658957453 0.15752371488650607 0.0922841084389431 0.15744869174017156 0.12532577658957453 0.0922841084389431 0.0922841084389431
0.157523714874448 0.12532577658912922 0.15752371488081657 0.09228410843869932 0.15744869175037918 0.12532577658912922 0.09228410843869932 0.09228410843869932
0.15752371487319428 0.12532577658895755 0.15752371487840594 0.09228410843864505 0.1574486917545496 0.12532577658895755 0.09228410843864505 0.09228410843864505
0.15752371487339756 0.12532577658879224 0.1575237148772875 0.09228410843852501 0.15744869175615556 0.12532577658879224 0.09228410843852501 0.09228410843852501
0.1575237148739529 0.125325776588653 0.15752371487672864 0.09228410843842934 0.1574486917567246 0.125325776588653 0.09228410843842934 0.09228410843842934
0.1575237148741628 0.12532577658859617 0.1575237148764771 0.09228410843840926 0.15744869175694 0.12532577658859617 0.09228410843840926 0.09228410843840926
0.1575237148742445 0.125325776588576 0.15752371487636765 0.09228410843840401 0.1574486917570239 0.12532577658857597 0.09228410843840401 0.09228410843840401
0.15752371487427674 0.12532577658856905 0.15752371487632075 0.09228410843840244 0.15744869175705706 0.12532577658856905 0.09228410843840244 0.09228410843840244
0.15752371487428962 0.12532577658856675 0.15752371487630085 0.09228410843840193 0.1574486917570703 0.12532577658856675 0.09228410843840193 0.09228410843840193
0.15752371487429476 0.12532577658856597 0.15752371487629244 0.09228410843840178 0.15744869175707557 0.12532577658856597 0.09228410843840178 0.09228410843840178
0.15752371487429687 0.12532577658856572 0.1575237148762889 0.09228410843840171 0.15744869175707776 0.12532577658856572 0.09228410843840171 0.09228410843840171
0.15752371487463124 0.12532577658851796 0.15752371487623973 0.09228410843835404 0.1574486917570309 0.12532577658851796 0.09228410843835404 0.09228410843835404
0.157523714874985 0.12532577658846414 0.15752371487617817 0.09228410843831278 0.15744869175697035 0.12532577658846414 0.09228410843831278 0.09228410843831278
0.15752371487527395 0.1253257765884199 0.1575237148761226 0.09228410843828277 0.1574486917569152 0.1253257765884199 0.09228410843828277 0.09228410843828277
0.15752371487538736 0.12532577658840194 0.15752371487609332 0.09228410843827645 0.15744869175688608 0.12532577658840194 0.09228410843827645 0.09228410843827645
0.15752371487543262 0.12532577658839553 0.1575237148760795 0.09228410843827478 0.15744869175687237 0.12532577658839553 0.09228410843827478 0.09228410843827478
0.1575237148754509 0.12532577658839336 0.1575237148760733 0.09228410843827431 0.1574486917568662 0.12532577658839336 0.09228410843827431 0.09228410843827431
0.15752371487555983 0.1253257765883781 0.15752371487605604 0.09228410843825961 0.157448691756849 0.1253257765883781 0.09228410843825961 0.09228410843825961
0.1575237148756021 0.12532577658837124 0.15752371487604605 0.0922841084382568 0.157448691756839 0.12532577658837127 0.0922841084382568 0.0922841084382568
0.15752371487561892 0.12532577658836874 0.15752371487604122 0.09228410843825609 0.15744869175683418 0.12532577658836874 0.09228410843825609 0.09228410843825609
0.15752371487562566 0.12532577658836785 0.15752371487603903 0.09228410843825587 0.157448691756832 0.12532577658836785 0.09228410843825587 0.09228410843825587
0.1575237148756284 0.12532577658836758 0.15752371487603806 0.09228410843825581 0.15744869175683104 0.12532577658836758 0.09228410843825581 0.09228410843825581
0.15752371487569777 0.12532577658835772 0.15752371487602784 0.09228410843824603 0.1574486917568208 0.1253257765883577 0.09228410843824603 0.09228410843824603
0.15752371487577058 0.12532577658834668 0.15752371487601516 0.09228410843823757 0.15744869175680815 0.12532577658834668 0.09228410843823757 0.09228410843823757
0.157523714875799 0.12532577658834204 0.15752371487600816 0.09228410843823584 0.15744869175680115 0.125325776588342 0.09228410843823584 0.09228410843823584
0.15752371487581032 0.12532577658834038 0.15752371487600483 0.09228410843823541 0.15744869175679782 0.12532577658834035 0.09228410843823541 0.09228410843823541
0.15752371487581487 0.1253257765883398 0.1575237148760033 0.09228410843823528 0.1574486917567963 0.1253257765883398 0.09228410843823528 0.09228410843823528
0.15752371487584765 0.12532577658833519 0.15752371487599826 0.09228410843823082 0.15744869175679124 0.12532577658833519 0.09228410843823082 0.09228410843823082
0.15752371487586037 0.1253257765883331 0.15752371487599529 0.09228410843822996 0.1574486917567883 0.1253257765883331 0.09228410843822996 0.09228410843822996
0.15678599215103325 0.13048983566215744 0.1567859921511617 0.0915463857133976 0.15671096903195472 0.12458805386350019 0.0915463857133976 0.0915463857133976
0.15641873681134943 0.13203278172333272 0.15641873681145124 0.09148466367237948 0.15634391962726013 0.12433183400946804 0.09148466367237948 0.09148466367237948
0.15627216237908467 0.13251776038309046 0.15627216237915945 0.09149019074330414 0.15619753294617217 0.12426980968258083 0.09149019074330414 0.09149019074330414
