Action: 0
[0.12864630195068408, 0.10311592143696514, 0.2552845387129156, 0.10259064757988526, 0.10259064757988529, 0.1025906475798941, 0.10259064757988526, 0.10259064757988526]
[0.15622563771213224, 0.10287884847497028, 0.12362242296307581, 0.10287884847497028, 0.20575769694994056, 0.10287884847497028, 0.10287884847497028, 0.10287884847497028]
[0.2558653301246157, 0.10233905399970977, 0.1282173710212678, 0.1023223181604603, 0.10428897221255488, 0.10232231816047097, 0.1023223181604603, 0.1023223181604603]
[0.125, 0.125, 0.125, 0.125, 0.125, 0.125, 0.125, 0.125]
[0.10292919819061794, 0.20573816733189199, 0.15623462895767046, 0.10286908366594599, 0.12362167085603565, 0.10286908366594599, 0.10286908366594599, 0.10286908366594599]
[0.12851722135957178, 0.10266189494083536, 0.25543786312388467, 0.10266184803472628, 0.10273562843680317, 0.10266184803472628, 0.10266184803472628, 0.10266184803472628]
[0.125, 0.125, 0.125, 0.125, 0.125, 0.125, 0.125, 0.125]
[0.125, 0.125, 0.125, 0.125, 0.125, 0.125, 0.125, 0.125]

Action: 1
[0.10267485088217515, 0.10267485088218554, 0.10267485088217515, 0.10267485088217515, 0.12850135369726715, 0.25544954100967165, 0.10267485088217515, 0.10267485088217515]
[0.10273040972053009, 0.10273040972053009, 0.10273040972053009, 0.10273040972053009, 0.12792586783790103, 0.2556916738389184, 0.10273040972053009, 0.10273040972053009]
[0.10411264761041426, 0.10411264761041426, 0.10411264761041426, 0.10411264761041426, 0.21562099833572854, 0.1597031160017858, 0.10411264761041426, 0.10411264761041426]
[0.125, 0.125, 0.125, 0.125, 0.125, 0.125, 0.125, 0.125]
[0.10284246842382623, 0.10284246842382623, 0.10284246842382623, 0.10284246842382623, 0.22693256078747384, 0.15601262866956878, 0.10284246842382623, 0.10284246842382623]
[0.10275447390753518, 0.10275447390753518, 0.10275447390753518, 0.10275447390753518, 0.1552924805741685, 0.22818067598062033, 0.10275447390753518, 0.10275447390753518]
[0.125, 0.125, 0.125, 0.125, 0.125, 0.125, 0.125, 0.125]
[0.125, 0.125, 0.125, 0.125, 0.125, 0.125, 0.125, 0.125]

