0.125 0.125 0.125 0.125 0.125 0.125 0.125 0.125
0.06578947368421052 0.10964912280701754 0.05921052631578946 0.09868421052631579 0.13157894736842105 0.21929824561403508 0.11842105263157893 0.19736842105263158
0.07295173961840629 0.12906846240179573 0.09118967452300786 0.16133557800224466 0.08754208754208755 0.15488215488215487 0.10942760942760943 0.19360269360269358
0.08940755549825677 0.14901259249709461 0.10728906659790811 0.17881511099651354 0.07794504838309564 0.14810647120122536 0.09353405805971478 0.15589009676619128
0.07974644276709889 0.12288031623438964 0.08847382768876055 0.14745637948126758 0.09216023717579222 0.17437003769015605 0.11059228461095069 0.18432047435158444
0.06623294558495918 0.10277792197298244 0.055500077865410516 0.09250012977568421 0.12333350636757894 0.2636550031511954 0.11100015573082103 0.18500025955136842
0.07032213964507812 0.12441609321821512 0.08790267455634765 0.15552011652276893 0.08438656757409374 0.18534505918855637 0.10548320946761719 0.1866241398273227
0.10283400220164135 0.07596675254810063 0.19293143504279525 0.15193350509620127 0.08409831783916716 0.09158450099707172 0.16819663567833432 0.13245485059668827
0.0681544642156479 0.1035699478100859 0.06608005053159152 0.09321295302907733 0.1242839373721031 0.24641719734844686 0.11185554363489278 0.18642590605815465
0.08894860310531874 0.14807505818334085 0.0729645214236752 0.1290910763649638 0.10043351772435292 0.21802050585198166 0.08755742570841023 0.15490929163795658
0.1159648829679508 0.08645085119321602 0.1338697882283009 0.10806356399152002 0.14053205057757867 0.12479884037764845 0.1606437458739611 0.12967627678982402
0.11125359456883455 0.07547990243697118 0.1870099075304062 0.15095980487394237 0.09524314591766445 0.0758809035082675 0.1683089167773656 0.13586382438654812
0.10346023374749008 0.07370231176502283 0.2203620925168562 0.14740462353004566 0.08895781578638506 0.07442335016617335 0.16318297761567932 0.12850659487234747
0.09737474004140585 0.14750874966235208 0.10933589066846573 0.13275787469611688 0.12016433694996681 0.21363527714193478 0.09956840602208766 0.07965472481767012
0.0693667578109653 0.10560252817754463 0.057462989588606836 0.09206374251375686 0.13305989459823445 0.2542445455286967 0.10407205675468166 0.18412748502751372
0.07604521478564534 0.12053213121368615 0.0898554093228337 0.15066516401710772 0.09997910075315226 0.17993449792761593 0.10219028515942959 0.18079819682052925
0.13432123974095708 0.09849585574959313 0.17297847210960046 0.11819502689951178 0.11963781609151244 0.12248301766058488 0.13084675342558894 0.10304181832265129
0.09876093812569726 0.155794340932647 0.08187881607040091 0.12386380829824183 0.116092170596398 0.1909613816946999 0.08401197432402488 0.14863656995789018
0.10518629505179429 0.08372422113872736 0.19437287352566793 0.14522229557204883 0.1012727556456724 0.07760947097315495 0.16191202207809027 0.13070006601484396
0.08255819592308879 0.11666289211649931 0.11184972635679434 0.13999547053979916 0.09615626790741365 0.1727865060768066 0.10499660290484938 0.17499433817474894
0.1002605851242043 0.14169507279932586 0.09126074013220825 0.12752556551939326 0.11635664138365125 0.2507418815900363 0.09564417413954494 0.07651533931163595
0.07743763031055215 0.13312564161758025 0.09550512691183038 0.14579313907967625 0.09932049536160283 0.17498041853432258 0.09888578128882389 0.17495176689561148
0.10694002968668578 0.07210563631777409 0.2132165666575953 0.14421127263554817 0.08763764080258268 0.09051839905486667 0.15964780690626415 0.12572264793868304
0.08469826044138105 0.1142098801684989 0.12092430488511147 0.13705185620219867 0.0931859396842323 0.17582604621418013 0.102788892151649 0.17131482025274833
0.06782552713344005 0.10608651557480106 0.06519200410260724 0.08557056744908843 0.12487215033668828 0.276627419566292 0.1026846809389061 0.17114113489817687
0.06137368606426316 0.10737527356705394 0.05328293595236781 0.08453253418516792 0.14009625801375797 0.28871572694208075 0.09555851690497243 0.16906506837033583
0.09694319387389917 0.07827234006984682 0.19134072216418313 0.14092265963848605 0.10356247138284724 0.1050099703155791 0.15711824888052098 0.12683039367463744
0.09955516345682505 0.0740252663100895 0.24258401682805655 0.13714221124273526 0.09415645242844613 0.07620556857311243 0.1529033310422735 0.12342799011846174
0.11367897312780607 0.08378317412881857 0.19381949269391852 0.09732633933118917 0.14038643621936697 0.10953183704197476 0.14468214025949913 0.116791607197427
0.13789050035624478 0.09594910206359324 0.20414205698010082 0.11026718394945424 0.13015102383818808 0.09941998604859312 0.12293968120931689 0.09924046555450881
0.0860315316905441 0.12369069903037706 0.12108823780294982 0.1403707987429564 0.09923414434508444 0.16593160987957878 0.09520802001696174 0.16844495849154767
0.10588571323561652 0.07872991152863532 0.22566933767305955 0.13991119606658756 0.0852366563669294 0.08770587651063354 0.15488744538100044 0.12197386323753787
0.08256338991999103 0.12343808134859668 0.1265930825128871 0.14265943691167776 0.09245285567731971 0.16434151560411536 0.09676031373139883 0.17119132429401332
0.1045741046971196 0.0782347133655329 0.2319293443268568 0.13901700576755294 0.08418413755613553 0.08696884160391974 0.15389753996245173 0.12119431272043076
0.09798897005737492 0.14675281659285067 0.1061881382765742 0.11831212907800522 0.10978084397338649 0.19875605957964215 0.08024648754856004 0.14197455489360622
0.10659397900324448 0.07863979412908924 0.21475945620801784 0.13622441267105398 0.09526138646886255 0.09403894598850382 0.15188005412727956 0.12260197140394859
0.10547045905006745 0.07174161713349154 0.2583259622022331 0.13258276001821978 0.09010783792532337 0.07462699646977415 0.1478198831844928 0.11932448401639781
0.09403116127108795 0.13942734884173755 0.1564551687946415 0.16204365999474865 0.07971245584427757 0.14006000595655632 0.08243090530167649 0.14583929399527376
0.10532018800702173 0.078208746813725 0.2448635594763733 0.1368700838246265 0.08194628026888018 0.08194769531090602 0.1515208091180236 0.11932263718044361
0.09821169753744723 0.1459958831837801 0.11097823951611317 0.11762146397397877 0.10883303309968824 0.19743588948569318 0.07977803643452472 0.14114575676877453
0.12039028794206091 0.0882979500760707 0.15465583134981886 0.09559534445458376 0.14251459114987958 0.1417226815675104 0.14210890011457528 0.1147144133455005
0.1252258418502444 0.08271935024407745 0.16730108438639138 0.0945097602845944 0.14994348895817702 0.12639365560148555 0.14049510633351645 0.11341171234151329
0.11063073542383485 0.07184597416176307 0.23963712481845484 0.13203030365658405 0.09953295156268722 0.08029170151639471 0.14720393556935565 0.11882727329092566
0.10576345923795809 0.07021554757151278 0.2691863488000246 0.13053136224832876 0.08959026138265734 0.07170206697557244 0.14553272776045012 0.11747822602349589
0.10370104556468673 0.06942417494170695 0.28048459046802604 0.12924123419772604 0.08708409738531167 0.0696534154023483 0.1440943312622408 0.11631711077795344
0.10283554403293808 0.06907820701992466 0.2847620699672905 0.12868108653840638 0.08631502255234387 0.06904528358036738 0.14346980842416354 0.11581297788456575
0.10248479043747473 0.06893995301669487 0.28638797585042586 0.12846044708472415 0.08605000381176275 0.06883861552372714 0.1432238118989387 0.11561440237625173
0.08158884191203794 0.12035959111281413 0.14300124339117903 0.14018745108676983 0.09136100297292353 0.16019326574390777 0.09508366247624389 0.16822494130412377
0.11702321553535867 0.08680891901797166 0.16666134377833558 0.0963747185278088 0.14131871260990292 0.13289593627680768 0.14326749202044411 0.11564966223337056
0.12390254573065404 0.08211878698280523 0.17128676502083484 0.09391968469147077 0.15288575059181003 0.12356492602026492 0.13961791933239534 0.11270362162976491
0.12528361776885977 0.08138545419729884 0.17222870478568203 0.09348023575443429 0.15570437507138937 0.12077668054475098 0.13896464897226352 0.11217628290532114
0.11009642745051815 0.07124509566577918 0.2418826591454323 0.13102026806756872 0.10285651243372963 0.07890297471276625 0.14607782126339378 0.11791824126081185
0.12240018836269467 0.08118082784589141 0.19625486004280387 0.0943452973266722 0.14204251309551333 0.11031133543387231 0.1402506211005455 0.11321435679200663
0.10876588239506377 0.07080307084262373 0.2514356590386307 0.13024029482770158 0.09962656236499544 0.0767040558781532 0.1452082093079001 0.1172162653449314
0.12190910632391065 0.08103422148503964 0.1991938009328493 0.09420916056402139 0.14093175106342673 0.10962272229457548 0.14004824465935117 0.11305099267682565
0.0840315656363093 0.11994753383302324 0.12222265496598533 0.13789346471000416 0.10381126301549452 0.17309361890561042 0.09352774128156806 0.16547215765200501
0.10297708559317857 0.0821960200156809 0.22385067038892112 0.13447298535598265 0.09605902350112032 0.0894911849502261 0.14992734337450603 0.12102568682038438
0.10411909512622727 0.07509554687638258 0.2632294941770059 0.1302852531027764 0.09158110643150387 0.07317444206409188 0.14525833442951336 0.11725672779249875
0.10298647753770608 0.07320365040868446 0.2776970647752037 0.12838764770028643 0.08947424344949002 0.06955938718029105 0.14314264601808055 0.11554888293025779
0.08110900251510833 0.12625031633704062 0.14031842654930476 0.13878133380853228 0.09374971289132863 0.1591236591800508 0.09412994814839583 0.16653760057023873
0.10186001592112545 0.0826296489422313 0.2313148593685632 0.1339383986850304 0.0936134008731871 0.08676779826241314 0.14933131913092196 0.12054455881652737
0.10363427518618283 0.07497603041047488 0.26605673018662207 0.129977188446474 0.09089365266546875 0.07256778817531498 0.1449148653276359 0.11697946960182658
0.08126840742153064 0.12671102414846921 0.1377427363887495 0.1389155308142304 0.09409679194969485 0.16034590357407516 0.09422096872617365 0.16669863697707643
0.10198173500455458 0.0827548501109305 0.23030009171352384 0.1340537542656996 0.09376040993710968 0.08704084813430936 0.1494599319947427 0.12064837883912964
0.1376459454182655 0.09957643206035661 0.22041057185436608 0.10787025845947838 0.1207296961928853 0.09641657523808736 0.12026728816303038 0.09708323261353054
0.14600019730733543 0.100302969701642 0.21375691972250893 0.10536026398982716 0.1256119484438633 0.09667463160158928 0.11746883164238939 0.09482423759084445
0.11265371695111791 0.07614002793511394 0.2564173069359629 0.1277643910669765 0.09623577523748714 0.07335306852943362 0.14244776138362905 0.11498795196027888
0.10493725255641131 0.07332438248179993 0.27481548282794027 0.12833937303804693 0.09039752995671414 0.06959172003257513 0.14308882337227022 0.11550543573424221
0.10273351906557705 0.07266125381197942 0.2818511600600146 0.12777135776967055 0.08885561969259546 0.06867733887022975 0.14245552873722966 0.11499422199270348
0.08104583913550513 0.1260959590250901 0.14123198080839475 0.13872325716782788 0.09359662302048356 0.15874787520573505 0.09409055703557022 0.16646790860139343
0.07630851682817502 0.13566012098089572 0.10852656082339711 0.1374528968212827 0.09349009800982631 0.1903894090286227 0.09322892132226131 0.16494347618553923
0.1328303917235251 0.11049097254223728 0.1784244596424615 0.11034963913377119 0.12387927865220805 0.1216789704989444 0.12303161258645832 0.09931467522039406
0.1110726171760368 0.07844784919220041 0.2432698643526362 0.1296438620195429 0.09767589371810882 0.07866720648717193 0.14454323123671423 0.1166794758175886
0.139484117895805 0.09818190980845204 0.22408109462825382 0.10701888681716946 0.12147403761949946 0.09412488277831474 0.1193180723170531 0.09631699813545251
0.12777000567733476 0.08722407343487458 0.1876100801694173 0.09179409790854494 0.14699211095632245 0.11199862254696724 0.1364580918162847 0.11015291749025392
0.1438681725472356 0.09892946940150903 0.20253023252308683 0.10605145579021183 0.13407233676141403 0.1008625638470114 0.11823945891834066 0.09544631021119064
0.11247984431249862 0.07617975542138272 0.2519798369237354 0.12810179268467453 0.09874593608332634 0.0743972821500381 0.1428239390081371 0.11529161341620706
0.13954762326533585 0.09754473692681781 0.22684875749163322 0.1066935795923201 0.12143962583892502 0.09294607621387531 0.11895537903800465 0.09602422163308809
0.0864552248505989 0.12919884149632402 0.12755269166361669 0.13609836309682655 0.09944012322374651 0.16562652585223916 0.09231019410045628 0.16331803571619186
0.08852530871481296 0.16410281388777417 0.12102797990177792 0.15717643545886467 0.08173593806716077 0.16601776271451327 0.07995496934211811 0.1414587919129782
0.1418372154399975 0.10876941171061202 0.18768964854967365 0.11174434398391839 0.11171679374933789 0.11711885825965904 0.12370558226953926 0.09741814603726218
0.07536585298481306 0.11923377656839187 0.07190167771448684 0.08232354908452627 0.14082322463598357 0.252643417529803 0.09306140331294274 0.16464709816905254
0.0849220632294454 0.15872810325757583 0.10527855858103626 0.15416633321296788 0.08813205974047732 0.1915994386697947 0.07842374341703148 0.13874969989167107
0.10295664257968712 0.092095375863399 0.21555084806465735 0.1337641852133427 0.09320635902889086 0.0929017384470189 0.14913708411099552 0.12038776669200844
0.08066001047954158 0.1344345677846729 0.12574954030704766 0.13806001002942603 0.0945738602598922 0.16720929664936718 0.09364070245474115 0.16567201203531123
0.07554148433536562 0.1432404032231242 0.10425278046948055 0.1359643307831412 0.09341466380537897 0.19220985521691386 0.09221928522682624 0.16315719693976946
0.1010952436006185 0.08991503257055129 0.2157670041994125 0.13437916141154005 0.0946423000610122 0.09343727620824005 0.14982273667823942 0.12094124527038605
0.09239429054280682 0.1539731177063161 0.1446818498765824 0.15880562223601916 0.0818442758396823 0.14459205421394006 0.08078372957223584 0.14292506001241723
0.12126665207706666 0.08982095748982631 0.16391663372401938 0.09306186182887807 0.1334497516149715 0.13443957498092127 0.14771724099821915 0.11632732728609757
0.09761910706195757 0.15551074365809492 0.09286066583331067 0.11154797665698112 0.11994642811413739 0.2129988790415363 0.07565862764560458 0.13385757198837733
0.10532285501283997 0.09112052645684872 0.20837337153092483 0.13240878772380715 0.09950318594859814 0.0964774473163248 0.14762591705922976 0.11916790895142645
0.0809669943169386 0.1339821862851623 0.12402117546633577 0.13781119073905287 0.09585359166093285 0.1685194945782261 0.09347193806648803 0.1653734288868634
0.11537829662967196 0.09967106307576233 0.15854900089837493 0.09467292484743783 0.14310788390457957 0.13427565941225061 0.14073766141499716 0.11360750981692538
0.1221685354939369 0.09166301494702601 0.16700586964323175 0.09243193113036458 0.15526645883669438 0.12313959885224446 0.13740627374006437 0.11091831735643749
0.10864412815234566 0.07906252903897518 0.23816230793582374 0.1294896994332461 0.10466534898028133 0.07906390551174247 0.14437135145766392 0.11654072948992149
0.10435095113641411 0.07636048262950382 0.267575394860381 0.12860518619434974 0.09307019691561469 0.07090793548407671 0.14338518520474516 0.11574466757491478
0.11952698056396309 0.08780737108281556 0.20307237721485474 0.09291288730667058 0.13982830498541635 0.10723536667910497 0.13812124739916998 0.11149546476800468
0.08256705128802652 0.1314368406395055 0.12178297131948138 0.1355851468319819 0.10336907455051988 0.17059463958171886 0.0919620995903877 0.16270217619837823
0.10208783433628403 0.08747493149196746 0.22261815988969447 0.1334720531762295 0.09624881816173057 0.08916197639497482 0.14881137869051259 0.12012484785860655
0.1371938992288013 0.103585982048998 0.21699561832988995 0.10732240531400145 0.1218485038319369 0.09680695367338422 0.1196564727903867 0.09659016478260131
0.1103054347211158 0.07956226239559187 0.2572995943496827 0.1271677540141342 0.09606269193549187 0.07336872837639997 0.14178255559486302 0.11445097861272076
0.10407077454050247 0.0759414476336795 0.2746644220353093 0.12772163575011716 0.0907341150011851 0.06951804046807487 0.14240009239602613 0.11494947217510544
0.10223087650370591 0.07507866224937766 0.28131982358258634 0.1271986387671347 0.08927659652260315 0.06859963769454476 0.14181698978962629 0.11447877489042123
0.10161459304975007 0.0747962331049306 0.28379319269919306 0.12692879151495434 0.08880389844680282 0.06831124857961025 0.14151613024129983 0.1142359123634589
0.13522272869069457 0.0996113135884223 0.23729998176746434 0.10570522490955253 0.11820828133446178 0.09096432996627626 0.11785343732453094 0.09513470241859726
0.085206464391266 0.13419016407888365 0.12929181002932388 0.13503875479438374 0.09856440675608258 0.16407039094495687 0.09159150325184288 0.16204650575326046
0.10245682488158395 0.08769570590776887 0.22560248052396994 0.1331339012033718 0.09501822472657855 0.08783798719769413 0.1484343644759981 0.11982051108303461
0.10357439666601062 0.078170822016479 0.26327648075447435 0.12952046219621619 0.09167830874366119 0.07280546400391708 0.144405649642647 0.11656841597659458
0.10253672802482636 0.07573522397553567 0.2772048192756006 0.12777855486571096 0.0898527954163177 0.06942762610065081 0.14246355296221802 0.11500069937913987
0.10182519320018367 0.07500333287926528 0.2822963558073328 0.12712422542489582 0.0890605761570787 0.06854448918257314 0.14173402446626443 0.11441180288240625
0.0804795453078119 0.12993241186686236 0.14082637619175953 0.1378277474713375 0.09383134860148105 0.15822610574501822 0.09348316785012455 0.16539329696560495
0.08735117062302478 0.1643744825132745 0.12441304741374026 0.15725961527021212 0.08102991592712254 0.16404083195893565 0.07999728255049923 0.14153365374319093
0.10617821310696955 0.08017321148025135 0.23235025565497222 0.13703513897512037 0.08695596635626018 0.08613715105766966 0.1517035319545492 0.1194665314142075
0.08141498447312936 0.13163318630025303 0.12974979065611333 0.13839221026371268 0.09359327246568734 0.16527988265013077 0.09386602087451817 0.1660706523164552
0.10174672496057394 0.08743356648414614 0.2261573841642756 0.13344978920061965 0.09413581089359233 0.08818535799703618 0.1487865560191983 0.12010481028055768
0.10341660034829005 0.07813495936663463 0.2635271515658076 0.12953376962353264 0.09150844830183155 0.07287819170171093 0.14442048643101324 0.11658039266117938
0.08081649280070502 0.13086556062942306 0.13665687605418683 0.1380051123705706 0.09442954366147092 0.16001681211805013 0.09360346752090874 0.16560613484468467
0.1323847385410631 0.11668687190600308 0.18688257403538786 0.10857778623554251 0.12289501991051135 0.11379687292674229 0.12105612883276157 0.09772000761198825
0.14426748858190802 0.1103353874575274 0.20104812174609143 0.10495350287335796 0.12723374372404778 0.10068827967821185 0.11701532335283342 0.09445815258602216
0.11211831156116935 0.0825409463362517 0.2504935378670667 0.1271574420359416 0.09735399002779421 0.07412301583070012 0.1417710585087289 0.11444169783234742
0.08208843405186178 0.1338521418827716 0.13342031415339295 0.13737541402557849 0.09534407304731768 0.15989275823451277 0.09317636777387063 0.16485049683069417
0.13276844322098422 0.11736664652677951 0.18564236412625107 0.10856097324184708 0.12314748934138015 0.11377182402560333 0.12103738359949218 0.09770487591766236
0.11021107381747565 0.08433827484215797 0.24496634531085765 0.12818046555219342 0.09717679581959378 0.07685297227643628 0.14291165338431117 0.11536241899697408
0.10433546774908757 0.0782539943898567 0.26988724040742224 0.12803014700668158 0.09123473351525818 0.070287225201813 0.14274405942386736 0.11522713230601342
0.08078283007981783 0.13274713400589533 0.1378530142431627 0.13753856075640158 0.09413549240277481 0.1586096717868805 0.09328702381738543 0.1650462729076819
0.13231078461879475 0.11706300568583379 0.18725866467821728 0.10851678526497625 0.12276235275957856 0.11343518295122926 0.12098811730289141 0.09766510673847861
0.11005526697661662 0.08424773262159219 0.24560710104169461 0.1281205660903169 0.0970544332056677 0.07676152062839882 0.14284486995442797 0.11530850948128522
0.10427944759414692 0.07822291648615101 0.27012814888298925 0.12800268084708505 0.0911930043718984 0.0702579523497222 0.14271343670563064 0.11520241276237653
0.10230009537120784 0.07670393831581958 0.27945948897200823 0.1271639574221718 0.08941089748685982 0.06873573807382544 0.14177832267815274 0.11444756167995462
0.10156240972662993 0.07622650260262566 0.2829195639905228 0.12677337425238253 0.08879262984669348 0.068286631162166 0.14134285159183543 0.11409603682714427
0.08025394408338359 0.1320904977478946 0.14073924349615125 0.13743504735318965 0.09357124828758082 0.15777114748146143 0.09321681472651124 0.16492205682382755
0.10089472876999574 0.08926348464927117 0.23010747842169424 0.13256002326091357 0.09360977907008977 0.08646595149634394 0.1477945333968693 0.11930402093482222
0.10293483978726223 0.07965206289629162 0.26475666086298055 0.1290664245683496 0.09114619736381804 0.07238460083880237 0.1438994315709808 0.11615978211151463
0.10221136275813651 0.07711062131640432 0.2775509904472586 0.12746616444371936 0.08959180433012635 0.06923424775059187 0.14211526095441546 0.11471954799934743
0.10161163721774219 0.07634806583997936 0.28223153309538196 0.12686950863023494 0.08889051000528356 0.06841615319523282 0.1414500342489336 0.11418255776721148
0.10131971344970248 0.0760996499653136 0.2839431839938295 0.12665440749805165 0.08860984892321302 0.0681740168827708 0.14121021253887248 0.11398896674824649
0.08020616783288555 0.13204522797234794 0.140963653536353 0.13742323952753244 0.09352661305509292 0.157718404702336 0.09320880594041331 0.1649078874330389
0.13206961360849023 0.11684726034897111 0.18836152848120952 0.10846109628697517 0.12253589935181947 0.11318358701594279 0.1209260282483141 0.09761498665827763
0.10996377941308558 0.08418309541791652 0.246040641231468 0.12807671079362323 0.09697656038175849 0.07669419847648955 0.14279597457139784 0.1152690397142609
0.12100792587785943 0.09077657485377304 0.19609737284207476 0.09285290194967794 0.14110055758792436 0.1087091094119439 0.13803207513713317 0.11142348233961351
0.08261062455550013 0.13438736569396054 0.11994961671366776 0.13512140013425503 0.10341831606729424 0.1707194383222867 0.09164755835192952 0.16214568016110603
0.07542573550570378 0.14613548083813382 0.10242092255776156 0.13494912282643362 0.09486432162684971 0.19273475985807714 0.0915307093953202 0.16193894739172032
0.073831516774791 0.1487825934067727 0.0981456792472837 0.1343318253182662 0.09264557995953915 0.1999525942607777 0.09111202065065012 0.16119819038191943
0.10056063870404652 0.09327963588190256 0.21266475132222065 0.13405551885182507 0.09452354613093118 0.09480404276584448 0.14946189937658702 0.12064996696664254
0.07999373783510907 0.1369342602855787 0.12479242131440756 0.137549960787685 0.09470981202008874 0.1676650987993921 0.09329475601251679 0.165059952945222
0.11481688655930448 0.10259995165930459 0.15844493570304888 0.09434303837540477 0.14248573513277535 0.13385054350191006 0.1402472630177659 0.11321164605048571
0.10726230253698579 0.08275020524623049 0.2349021091234451 0.12988045585696617 0.10235079148892341 0.08115470976699476 0.1448070157091847 0.11689241027126956
0.10404396422798445 0.07827817904961253 0.2662047412886221 0.12855070255615964 0.09263266813860792 0.07126967242436336 0.14332444001410635 0.1156956323005437
0.10238257053012283 0.07681755201901636 0.27802433695093876 0.12734949425605738 0.08982393698665274 0.06900238202485769 0.14198518240190275 0.11461454483045164
0.10162847078764958 0.07628199968447785 0.2823936237952798 0.1268380436881524 0.08891886189099052 0.0683698076474711 0.14141495318664157 0.11415423931933719
0.13503160596782832 0.10140129799568762 0.23656651995050026 0.10549223296495432 0.11809670868922245 0.09085265756212302 0.11761596720122519 0.09494300966845888
0.08493958970050115 0.13711868600944385 0.1288329515942634 0.13453394061434676 0.098298815107883 0.16358618068922376 0.09124910754712215 0.1614407287372161
0.07587692304782383 0.1470042839295425 0.10442343265491665 0.13501499698829503 0.09385006468881285 0.19023691304302873 0.0915753892616262 0.16201799638595404
0.10086880858042098 0.09279665033387668 0.2152595015391469 0.13383557242385377 0.09461246618274952 0.09295831023517218 0.14921667552331158 0.12045201518146839
0.103426497423381 0.0806416267558355 0.2591781357221824 0.1297322609211833 0.09179551202557994 0.07382514290766236 0.14464178941511036 0.11675903482906498
0.10251061819768564 0.07742191999140269 0.2754961633253009 0.12772180310204373 0.0898907855463581 0.06960880806443429 0.1424002789809353 0.11494962279183935
0.1017468859714148 0.0764523383634629 0.2814771129701478 0.1269618693064556 0.08901160070652746 0.06853150079584969 0.1415530095103318 0.11426568237581002
0.10137424303385124 0.07613556542523146 0.2836656069244468 0.12668697550561953 0.08865621110889427 0.0682165966100368 0.14124652343686234 0.11401827795505756
0.09192203447168706 0.15132710723171017 0.16146329248458252 0.1574785151760934 0.08039052227579466 0.13557922872076578 0.0801086359808823 0.14173066365848405
0.10577212636599316 0.07819359845445249 0.2472113654913618 0.13515673999805342 0.0857103036130563 0.08050284618675504 0.14962406707151207 0.11782895281881577
0.09666783098726994 0.15838510112331478 0.11036512312007093 0.11458114018726492 0.11090689967685269 0.19388063290132046 0.07771590377918837 0.1374973682247179
0.07661123827740436 0.15070983083202844 0.09874895633873677 0.13215841098514683 0.09491171635857817 0.19863187527078616 0.08963787875514308 0.1585900931821762
0.10107160270669882 0.09350338349522265 0.21265681221099417 0.13380556160054954 0.09487525255673826 0.09447916629436086 0.14918321569494103 0.12042500544049457
0.10354716171764639 0.08081972196041261 0.25817333520470864 0.12982501066872318 0.09191581771627015 0.07413124466839373 0.14474519846199435 0.11684250960185086
0.08066035074773434 0.1335357919648193 0.1352212658387572 0.13763179570078987 0.09430834322656816 0.1601340362485432 0.09335026143184011 0.16515815484094784
0.10115718647452036 0.08966194495287841 0.22789679260172832 0.1327847158993582 0.09392102087648774 0.0870270459649769 0.14804504892062773 0.11950624430942236
0.10306700218734227 0.07977616937535814 0.26392411518767395 0.12916376336188812 0.09127541782328716 0.07253818797706392 0.14400795706168718 0.11624738702569931
0.13601623319576192 0.10261205528463237 0.23045731345595463 0.10598600327710349 0.11922464745494407 0.09214986013146946 0.11816648425074078 0.09538740294939314
0.10940497375459664 0.08062485629839015 0.2621356337254785 0.12625971587190934 0.09499786345878805 0.07217305177579623 0.1407701608303228 0.11363374428471841
0.10356514882057738 0.07717862125760287 0.27623705256479786 0.12724132921222692 0.09027504605584816 0.06912101934789264 0.14186458645004998 0.11451719629100422
0.10193267479398342 0.07637028204481922 0.28169930716497543 0.1268819369840316 0.08904350475475778 0.06841466003587639 0.1414638909359278 0.11419374328562845
0.10140461301686199 0.07611284054446112 0.28373922063189244 0.12667009563829382 0.08865286795004393 0.06818957249949649 0.14122770364448578 0.11400308607446444
0.10122170992336144 0.07602063054142338 0.28449262720956164 0.1265832644484798 0.0885172567746597 0.06810867975109938 0.14113089334778273 0.11392493800363183
0.10115641889469248 0.07598665292304356 0.2847698702613441 0.1265503158613693 0.08846849281491441 0.06807880683739946 0.14109415813200427 0.11389528427523236
0.10113278819560156 0.07597409266595823 0.2848717602419727 0.12653808429352081 0.08845072564207541 0.06806775225004554 0.1410805208466568 0.11388427586416873
0.0801672627209247 0.13199845608741634 0.1411654844691202 0.13740913962804535 0.09348678921505278 0.15768265779545984 0.09319924253032642 0.16489096755365443
0.08689227110508464 0.1684945340882626 0.12399101980221257 0.15641373287676671 0.08062029658224633 0.16324880010163403 0.07956698585470308 0.14077235958909004
0.1060181401767344 0.08041922370820878 0.2328027813043395 0.13694756913016892 0.08684918634130191 0.08596632233034086 0.15160658853645073 0.11939018847245496
0.09661751423712799 0.15900181277151507 0.10755810942763212 0.11451183962020522 0.11108615734423714 0.19614145913872288 0.07766889991631311 0.13741420754424627
0.07656969644737832 0.15082111279453 0.0980953758084493 0.1321002344186051 0.09490922988494857 0.19938564947723045 0.08959841986653216 0.15852028130232615
0.11377644109300979 0.10528990949718008 0.1494140787767012 0.09414890071337641 0.1424151843123166 0.14201814040730013 0.139958664344064 0.11297868085605167
0.09343744463189393 0.15924178454411678 0.12588115261118 0.15532818540629356 0.0893497516211179 0.15795154174348877 0.079014772576245 0.1397953668656642
0.10723764628229739 0.07959537567909225 0.23336583793519436 0.13662488771274464 0.08785952584752653 0.0849584831327402 0.15124936694288377 0.11910887646752097
0.08143925023599755 0.13342602162467854 0.12977937704210826 0.1380166883688206 0.09360010552982019 0.1645072120884423 0.0936113190675479 0.16562002604258472
0.13271608959073464 0.11739430271498008 0.18444125319413254 0.1086935211297624 0.12280366870368237 0.11494183104703744 0.12118516460288435 0.09782416901678616
0.11024437560601645 0.08437821138227523 0.24450763526587713 0.12823739792897124 0.09714857512885607 0.07709501781619613 0.1429751287357336 0.11541365813607411
0.10435833237983314 0.07827239319662878 0.26971655980607195 0.1280501429147377 0.09124503140436441 0.07034605830598206 0.142766353369118 0.11524512862326394
0.10233064243731943 0.07672194709301067 0.27930653510520365 0.12718079377147226 0.08943373772460757 0.06876653552288246 0.1417970939511788 0.11446271439432505
0.13532457091431516 0.10156344605876269 0.2355328181305738 0.1055655863732595 0.11830930645860732 0.09099749355119732 0.11769775077735051 0.09500902773593353
0.08499345491725754 0.137169150609745 0.12860330998311856 0.13453958334977006 0.0983470032494643 0.16364706307716337 0.09125293479375708 0.16144750001972405
0.07588568449014348 0.14701734183561052 0.10437240665688509 0.13501398706405532 0.09385985753740061 0.1902592336695054 0.09157470426953318 0.16201678447686638
0.10087215867103572 0.09280015233641238 0.21523808813090428 0.13383718692525065 0.09461624848135096 0.09296422165043634 0.14921847557188392 0.12045346823272558
0.10342786257858076 0.08064268944336518 0.2591698352042883 0.12973301671488915 0.09179729813960669 0.07382695080717978 0.14464263206868985 0.11675971504340024
0.10251111830409043 0.07742224052235135 0.27549295610660357 0.1277220228173501 0.08989177243032333 0.06960954533656101 0.14240052394710526 0.11494982053561509
0.13549940387478546 0.10181384196613764 0.2342808341448458 0.10567420418022536 0.11854016498639493 0.09126591555909722 0.11781885152631094 0.0951067837622028
0.109157811844904 0.0803920061672503 0.2635910872994085 0.12609791540691007 0.09474407902899765 0.07193921099980018 0.14058976538651016 0.11348812386621905
0.10346118005047722 0.07710276587591522 0.27677674908433425 0.12717673618621125 0.09018113917773066 0.06904979701132341 0.14179257004641763 0.11445906256759014
0.10189152987574301 0.07634397365482266 0.281897936234986 0.12685778459223948 0.0890088877896414 0.06839091889805506 0.14143696282149684 0.11417200613301555
0.0803146284802141 0.1321285006193278 0.1405126613629681 0.13744084757049768 0.09362110729729674 0.15783248879815226 0.09322074878694625 0.1649290170845972
0.100913616500466 0.08927444429878789 0.23001280905855384 0.13256537701162 0.09362583447730248 0.08649857691343867 0.14780050242937334 0.11930883931045799
0.13638078556353073 0.10553087702840282 0.2191946730891511 0.10687210128585603 0.1207624870471873 0.09591976742481896 0.11915441740378276 0.09618489115727041
0.10987753631718777 0.08141621209641253 0.257852693908587 0.1267467148379252 0.09565646012644102 0.07306521102508959 0.14131312833422408 0.1140720433541327
0.12075539396124096 0.09005440323278686 0.19966642215511538 0.09264247769439064 0.14041127656828317 0.10757978780623798 0.13771926534867623 0.11117097323326876
0.08256890537537748 0.13418046255421284 0.12075166133946251 0.13511498208560205 0.10327700382115028 0.17032580108080328 0.09164320524066923 0.16213797850272246
0.11525426200925963 0.10185291839909522 0.15678682704020536 0.09409336760182445 0.14492715596300004 0.1342973172205197 0.1398761106439062 0.11291204112218933
0.10739017231250729 0.08263923649993096 0.23418898234282134 0.12989986114138935 0.10289103773054026 0.0812521837923995 0.14482865115316096 0.11690987502725042
0.10409237233006764 0.07827397862095042 0.26592867298995015 0.12857499524179902 0.09276110861295662 0.07129985194094961 0.14335152454570727 0.11571749571761913
0.11932075012268237 0.08951599522912514 0.20239950308340882 0.09275197681094842 0.13960570483700793 0.10722165460383169 0.13788204313985764 0.1113023721731381
0.12233543404353837 0.0908823864944135 0.18036233949044678 0.09162418118608555 0.15323508905768596 0.11540605310849568 0.13620549919603167 0.10994901742330265
0.08270195464554524 0.1341683035380844 0.11626552651676897 0.13482616824786836 0.10583078777255209 0.1729685432657934 0.09144731411594549 0.161791401897442
0.10202340794189114 0.09013251093257124 0.21988070331429024 0.1332181968375291 0.09673110288426 0.0895893531183176 0.14852834781736451 0.11989637715377618
0.13695436732493735 0.10591049879059251 0.21572182525046799 0.10707605441407758 0.12181924923271464 0.09676774609317308 0.1193818099213671 0.09636844897266982
0.14482937215501696 0.10727292404601466 0.21084760424446508 0.10429720239925136 0.1262221552995689 0.09637966239450496 0.1162835973018519 0.09386748215932622
0.11189817698887794 0.08175373152205534 0.25424802016286263 0.1267285999318671 0.09684609016892749 0.07317670972090118 0.14129293156582795 0.11405573993868039
0.13853622740676097 0.10293664992977226 0.2267061698758652 0.10581710861510653 0.12060675117476741 0.09218351593743827 0.11797817930669338 0.09523539775359587
0.11007251844889332 0.08074483476751025 0.2606318221383963 0.12635597848077518 0.0953603855445219 0.07223659353177386 0.1408774864554314 0.11372038063269764
0.10375966358875147 0.07723169978844181 0.2756666189042963 0.12729795824336773 0.09038708517677033 0.06916108828561633 0.1419277235937249 0.11456816241903096
0.10199410523332254 0.07639263417061629 0.2814870050291854 0.12690563591565446 0.08908181467456913 0.06843341917645299 0.14149031347611027 0.114215072324089
0.08033478810341278 0.13214612142292845 0.1404227011131487 0.13744569818192495 0.09363904102799255 0.15785277356541172 0.09322403876687084 0.16493483781830992
0.07527743316542225 0.1459568220487263 0.10721288683004451 0.13545438222995754 0.0931208282411711 0.1885589817310191 0.09187340707771033 0.16254525867594902
0.10066995365169899 0.09255606566409424 0.2164533063108015 0.13376993199427809 0.09440291669146471 0.09261139554993791 0.14914349134287422 0.12039293879485027
0.08003072429541853 0.13675453544951788 0.12566485551051787 0.1375701115737264 0.0947052609706839 0.1668819548094843 0.09330842350217963 0.16508413388847165
0.10129656070839496 0.09047898117853606 0.22405029125150222 0.13316263925318012 0.09427188917179151 0.0884268578518292 0.1484664052569038 0.1198463753278621
0.1366653711028845 0.1059344500768892 0.21718884018499834 0.10702058886891784 0.1210888022733435 0.09646344753320671 0.11931996997773378 0.09631852998202604
0.11001044851937111 0.08153611558847927 0.2570829173520277 0.12683084162341413 0.09578320525904516 0.07320179077466399 0.14140692342192587 0.1141477574610727
0.10387171209193044 0.07746144142822108 0.2743662419924518 0.1274690716057244 0.09058436048368554 0.06940650572973621 0.14211850222309869 0.11472216444515197
0.13589058950686542 0.1018080223887079 0.23384183112316007 0.10565420422337447 0.11871152354584426 0.09120849234405448 0.11779655306695633 0.09508878380103701
0.10925715349965687 0.08039802325671831 0.26341396432662134 0.12610829943789334 0.09478783341717768 0.07193591376169947 0.14060134280612882 0.11349746949410401
0.12048799657231356 0.08977347212286234 0.20135156106525512 0.09254669675366951 0.14001344425616402 0.10719391257808604 0.137576880547246 0.11105603610440341
0.08252120154753267 0.1340976236330009 0.12112783160209625 0.13510993493301476 0.103192410574931 0.17017929383524016 0.09163978195456654 0.1621319219196177
0.10185729011931483 0.09000917224463835 0.22190125395791457 0.13306424947335174 0.0960535339237898 0.08899996776005804 0.14835670799491604 0.11975782452601658
0.11956320561421604 0.09247062680150454 0.1890693319604997 0.09350972706827552 0.14163717753275212 0.11252976874977298 0.1390084897910484 0.11221167248193063
0.1073244606563845 0.0802032083807046 0.24683364673990182 0.12857972222960992 0.10119161038285182 0.07678880681954221 0.14335679478435612 0.11572175000664894
0.12029042467733606 0.08998273304853839 0.19630868934047263 0.09284506542034388 0.1424095203221579 0.10872906307679446 0.13802042560994401 0.11141407850441265
0.12263816460694556 0.0910093776641398 0.17841544199666354 0.09166220744433656 0.15418198345470585 0.11583614811708065 0.13626202778292418 0.10999464893320386
0.10820031071543493 0.08005953691692896 0.24231549381118014 0.12868946912593354 0.10397533625805043 0.07746017657544174 0.14347915438369008 0.11582052221334019
0.1039681898019535 0.07760032532078455 0.26889551215794266 0.12815266565610528 0.09270720412259822 0.07045804527532895 0.142880658574792 0.11533739909049476
0.11922181154677519 0.08933202340623228 0.20328257750270287 0.09269035980384782 0.13950988248312127 0.10694446817235628 0.13779044532034693 0.11122843176461739
0.1067659267180967 0.07930083797129901 0.25231627313523114 0.12796567054727276 0.10030161370821707 0.07550840144403514 0.14267217298330262 0.1151691034925455
0.09313749585324231 0.15258084637382469 0.15360183711603778 0.15772542109005175 0.08263483157869995 0.13813245306128796 0.08023423594580895 0.14195287898104658
0.10626017161985354 0.07844874670005697 0.24452263252223969 0.1354529778964154 0.08619850359511165 0.0810777415644213 0.14995201460246227 0.11808721149943904
0.08126229463366569 0.13307834906440205 0.13227876158159085 0.13796995333866263 0.09323828760957245 0.1630287892403573 0.0935796205253538 0.16556394400639518
0.08711110752007133 0.1688382219521425 0.12174187834341815 0.15642797648748474 0.08057238749160442 0.16494901784899604 0.07957423151754658 0.14078517883873626
0.10612516048231066 0.08048825228955751 0.23203872369546807 0.13702292410905853 0.08689077508075654 0.08628827219053167 0.15169000959570172 0.11945588255661514
0.07167121018819422 0.11793869019943994 0.07966300081379404 0.08492703187618492 0.1373216100068262 0.24261992234663404 0.09600447081655686 0.16985406375236983
0.09986294096125131 0.0877562920672024 0.2035566267223727 0.13349254669703806 0.10403748663734244 0.10231658745061191 0.1488342274368469 0.12014329202733426
0.07978553845428066 0.13519466248754158 0.12266089559236264 0.13738079247072335 0.09662880726208281 0.1703123370053894 0.0931800157627515 0.164856950964868
0.11460180476558807 0.10338123872621907 0.15754223662717076 0.09417167678864102 0.142911330882051 0.13439317755427976 0.13999252250968128 0.11300601214636921
0.10715392595958678 0.08367382463618948 0.23438076384099774 0.12975086962934831 0.10239363366353434 0.08120866286792519 0.14466253673600474 0.11677578266641349
0.10396754168736637 0.07905050113303366 0.26589720143390194 0.1284444897324488 0.09259487325719803 0.07123933135484824 0.14320602064199886 0.11560004075920391
0.13605996271520002 0.10309150105876953 0.23090794648008756 0.10576063287127425 0.11937781535991938 0.09170235886367424 0.11791521306692816 0.09518456958414682
0.09756315099012236 0.15931188188231496 0.1462356444061135 0.15413838571134109 0.08473190370664047 0.14088495951879593 0.07840952664446482 0.13872454714020696
0.08208891396413139 0.1278685247544144 0.1107536593827693 0.131654047354383 0.09492753740501078 0.18939922243052507 0.09874053551578725 0.16456755919297872
