0.125 0.125 0.125 0.125 0.125 0.125 0.125 0.125
0.6378186339454999 0.16091706726459373 0.07029730756090115 0.016756101318272165 0.08185781247807594 0.021691964583517378 0.008523755887990621 0.002137356961148961
0.6903082030275053 0.06910075458865889 0.13012443103090246 0.012628241110496822 0.07496118835326981 0.007746389443888387 0.013757183274702321 0.0013736091705761498
0.6496937151163399 0.13238392644366354 0.08009279804775621 0.0159540183466231 0.0899978489536026 0.018824931560138182 0.010841433152534743 0.0022113283793417727
0.7114298346376983 0.06999628155771365 0.0845609396101257 0.008081319078073943 0.10250119255824157 0.010402497943361701 0.011862466855307436 0.0011654677594776593
0.6471785435784467 0.1340537773450335 0.07823911514887304 0.01585910355936617 0.09199820365134749 0.01955749968119471 0.010860974904456963 0.002252782131281589
0.7343819116551328 0.0724107976976767 0.08713920683414533 0.008343838451617746 0.07954115059295419 0.008091583098999412 0.009186988460303348 9.045232091703262E-4
0.5899468186780247 0.2244699165825643 0.036430195137529535 0.013502843841220831 0.09234911504553103 0.03584042177524611 0.0054229466826719785 0.0020377422572117115
0.6547392891166308 0.15091560360971826 0.05198090034201335 0.011573253342171545 0.09810285814221775 0.0233865671342986 0.007565373581519356 0.0017361547314305383
0.6404231930416702 0.1406862584435732 0.07490886226628919 0.01597919534009597 0.0937443373794431 0.021240846683763876 0.010676794184913472 0.002340512660251149
0.710756227284068 0.07048367767422072 0.08402477202510432 0.008085964689166674 0.10307011756206709 0.01055109650089924 0.011854550512670956 0.0011735937518030756
0.6920996114812991 0.06544846572164165 0.13381068410694935 0.012381906121516554 0.07383391025556303 0.0071664010331802435 0.013939079155387078 0.001319942124462926
0.6501222180584683 0.13200175947156173 0.08032948027466034 0.015951513561345762 0.08982620968835694 0.018715258513127633 0.010848341539272027 0.0022052188932071897
0.6428098117154251 0.13856563414569864 0.07642358867565206 0.016002572993098485 0.09258703299988845 0.020586034447504013 0.010718149655841475 0.0023071753668918718
0.6904985492405691 0.06833063162796417 0.1308044253073634 0.012564143227572943 0.07496241301597628 0.007656190275954677 0.013818419570267599 0.0013652277343319146
0.6926164448754744 0.06434977160939098 0.13666805936424775 0.01241379352662109 0.07193194078212416 0.0068600592502249995 0.013869944315626865 0.0012899862762897163
0.6503833255721867 0.13181074723269512 0.0804863435483839 0.015955459521953215 0.08966986972395144 0.01864466818889538 0.010848411299625485 0.0022011749123085904
0.6907560906488491 0.06792304464343385 0.1314190155309092 0.012553105144396642 0.07460430875459809 0.007566510101894213 0.013820812087592773 0.001357113088326067
0.6498328574977131 0.13225899471329786 0.08017103986510907 0.015953213875073962 0.08994156237690053 0.01878931480112444 0.010843683528234775 0.002209333342546078
0.7345641728308966 0.07226384944383728 0.08731776140841087 0.008343915657004939 0.0793680258355744 0.008053737945545886 0.009186119290379368 9.024175883505963E-4
0.6904391463232955 0.12411210833143037 0.04264554224908494 0.007467866829744929 0.10805089389408898 0.019810720386137008 0.006346960084649837 0.0011267619015684779
0.6419088465697379 0.1390647141667611 0.07533325433346257 0.015903029321504242 0.09381432155050272 0.020914356031124112 0.01073766361347732 0.0023238144134300046
0.6418436170923449 0.13934043671853646 0.07592660217834983 0.015998287718652863 0.09302046170145446 0.02084353220198953 0.010706527792586396 0.002320534596085502
0.6418850847566767 0.13932675475061007 0.07595570979893831 0.016001245290602793 0.09297584498500691 0.020830454209193244 0.010705100912068102 0.0023198052969038304
0.64189013277594 0.13932357344434793 0.07595843337334193 0.016001376801349432 0.0929726411392536 0.020829023232187792 0.010705087926831773 0.0023197313067474935
0.6904675313644592 0.06837820902750788 0.1307313719272939 0.012565273025238669 0.07500621939947152 0.007666927883655308 0.013818274966928803 0.0013661924054447759
0.7156321825519555 0.06649208332164691 0.08825205841135982 0.008016510874304631 0.09910205664464024 0.009451866859999896 0.011942457818520399 0.001110783517572542
0.714203954098953 0.06722051074036062 0.0866020511344795 0.007980604454451654 0.10112126958116067 0.009762713473284074 0.011979708422767129 0.0011291880945432826
0.6475302001743714 0.1337614791786041 0.07842219857719628 0.01585915289409233 0.09184792712090938 0.019465459304576244 0.010865710077705627 0.002247872672544762
0.7112393123617744 0.07010881138571855 0.08440990317205402 0.008080477424845535 0.10268773953150241 0.010442930039902954 0.011863140866824771 0.0011676852173775044
0.6471547098510027 0.13407049653739217 0.07822623008607296 0.015858735674600482 0.09201177230111052 0.01956398520678788 0.010860936332378415 0.002253134010654919
0.6424408501137393 0.13883865475339172 0.0762287524861413 0.015998010309723112 0.09277898327508019 0.020686549136971922 0.010715783010202864 0.0023124169147496526
0.6419505967093694 0.13927354896546723 0.07598879823887823 0.01600143278075564 0.09294768465935938 0.020813045702508953 0.010705981904503607 0.002318911039157615
0.6418973076836915 0.13931781193988307 0.07596206381753522 0.01600140567209375 0.09296948887599012 0.020827109714127934 0.010705179170625148 0.002319633126053332
0.6629099485010534 0.14388458845485372 0.07844637068480632 0.016525345898038165 0.07201225223858398 0.016133014311651473 0.008291726882400537 0.0017967530286122863
0.6432964830301606 0.13882007035357913 0.07664624581930271 0.01607224493537605 0.09178947687008551 0.020406059320308968 0.010671450093213759 0.0022979695779734633
0.6630401219136811 0.1437804162928453 0.07852327525929442 0.016528306576509836 0.0719412315197502 0.01610012865098643 0.008291467293333615 0.0017950524935990112
0.6910596294807397 0.06803341097056535 0.131749470263802 0.012603924828688934 0.0739460691587741 0.007499661477788408 0.013756406909492635 0.0013514269101488634
0.6498739114656912 0.13224276090286963 0.08019527661837848 0.015955363953425786 0.08990435806379068 0.018777102020886772 0.010842578414159455 0.0022086485607980184
0.6907383473561894 0.06795042976681404 0.13137636212013704 0.012553747489599337 0.07462995498298447 0.007572697885901282 0.01382078618114946 0.0013576742172251
0.6498282481087453 0.13226262258362953 0.08016840456970206 0.015953180548401835 0.08994395133815583 0.018790537247922998 0.010843653603131755 0.002209402000310829
0.6427766396673124 0.13859285986151806 0.07640675524631885 0.016002516643139793 0.0926011020165496 0.02059480443245511 0.010717692366340622 0.0023076297663657064
0.6904974290792094 0.06833234654718204 0.13080178634855524 0.012564183514896339 0.07496399894911114 0.007656578039257866 0.01381841494611653 0.0013652625756713547
0.6926163680082196 0.06434990282045167 0.13666782521543447 0.012413796045138 0.07193208299753646 0.006860089259211896 0.013869946461021193 0.0012899891929865441
0.7383910314959291 0.06827789763334072 0.09137747519248782 0.008264918359822935 0.07635278715504587 0.007243447674693472 0.009237286884980541 8.551556036995002E-4
0.6653796985140467 0.11921982029269794 0.068844900876882 0.012027358975627855 0.10359110785955608 0.018920731332550334 0.010208854080726916 0.0018075280679121755
0.6120877634545117 0.1315836450603482 0.05058418637426548 0.010579999850716407 0.14792861332624818 0.03277399724005213 0.011904593027107427 0.0025572016667504494
0.6891191980458384 0.06955897286940621 0.1273731282345718 0.012463118840058735 0.07797532978339906 0.008141991377131765 0.013960480698291408 0.0014077801513024918
0.7378821063077777 0.068719134945427 0.09081211552103058 0.008266518947137228 0.07686695162933362 0.007350430746052818 0.009241192305813157 8.61549597427934E-4
0.6653113746139933 0.11925576236585615 0.06879029419258863 0.012021391682540895 0.10366372039489756 0.018943212221757166 0.010206510923194799 0.0018077336051714051
0.6120751105032882 0.1315886755767782 0.050580561052897946 0.010579798452707194 0.14793619898161722 0.03277783268998663 0.011904493421635647 0.0025573293210889294
0.6379421922850522 0.14113384003190815 0.07369571167280349 0.015804535219206623 0.09624684905793052 0.02202679493334461 0.01076977501291047 0.002380301786843738
0.6903231189916984 0.06856026245067169 0.130391350391821 0.012564403108830715 0.07524993750671566 0.007716590317147324 0.013823725581290178 0.0013706116518249975
0.6926043296815991 0.0643693398590618 0.13663139510270095 0.0124140363607435 0.07195525626985852 0.006864753916999079 0.013870446200349983 0.0012904426086868875
0.7160273073458524 0.0662117541450867 0.0886080509487942 0.008014624529232203 0.09872317851626126 0.009365969030019345 0.01194340715957732 0.0011057083251764534
0.6477984765569123 0.13358135485115535 0.078572354163761 0.01586440355495557 0.09168260089475691 0.019391855686269756 0.010865151202162929 0.0022438030900263283
0.6425126010944793 0.1387826216813614 0.07626541486984026 0.01599849148476266 0.09274562026969807 0.02066728212145048 0.010716544720579617 0.0023114237578285243
0.6904882610085407 0.06834563476647715 0.13078013465371627 0.012564395754616316 0.07497778015713868 0.007659747690157685 0.013818498972678823 0.0013655469966744021
0.6926157362778121 0.06435095934887552 0.1366659050178684 0.012413813701229709 0.07193326996013884 0.006860335226360294 0.01386996736408819 0.0012900131036271021
0.6927778574608847 0.06406020903760389 0.1371722430501385 0.012406983829964415 0.07163629628114578 0.006796013840992779 0.013866667280616437 0.0012837292186534443
0.6927914025960026 0.06403688298068597 0.13721488905071172 0.012406570348289445 0.07161021661208992 0.006790637485852296 0.013866199136281314 0.001283201790086834
0.7160657833185013 0.06618609993930268 0.08864256696287848 0.008014573369688955 0.098684731002464 0.009357721306955086 0.011943304900304862 0.0011052191999043936
0.7142432995109931 0.06719685010681375 0.08663393352120763 0.007980695278925561 0.10108253326712568 0.009754460502520362 0.011979510806443782 0.00112871700597012
0.6922290971355324 0.06524067236381793 0.13414064302577736 0.01237658260752041 0.0736383005436058 0.007120237841406398 0.013938825260806292 0.0013156412215332577
0.6927189058723918 0.06415632642736828 0.13697534239240014 0.012407364586234303 0.07176532711828944 0.0068201162298614755 0.013870500418531466 0.0012861169549232602
0.6927861988933292 0.06404546036556792 0.13719847769619142 0.012406671187084948 0.07162064446848863 0.006792697523344563 0.013866445548488433 0.001283404317505048
0.7160646971734345 0.06618679980655526 0.08864159761488698 0.008014572897420991 0.09868583669036862 0.009357952425596746 0.011943310478944709 0.0011052329127923632
0.692310058770747 0.06513340947105786 0.1343575714028358 0.012376995059510187 0.07348392259777214 0.007091203648695621 0.013933970356702711 0.001312868692678687
0.69272501470652 0.06414659085800596 0.13699407233850938 0.012407269730897279 0.07175322757331974 0.006817738932004002 0.013870201413849766 0.0012858844468939157
0.6927867044984519 0.06404462176349934 0.13720005893170825 0.012406659965946318 0.07161964833300812 0.006792498146104807 0.01386642360514129 0.0012833847561400157
0.7384189975282374 0.06825295720858095 0.09140891791848982 0.008264772801030105 0.07632488487057766 0.007237550312073721 0.009237118231239107 8.548011297713768E-4
0.6653834504396643 0.11921780167147805 0.06884792377625638 0.012027687478388631 0.10358713913336905 0.0189194933774632 0.01020898706880528 0.0018075170545751706
0.6427924962438489 0.1381839482666943 0.07616734111524207 0.015930830689937756 0.09320920830313635 0.020650685191199038 0.010755195700529692 0.0023102944894118588
0.7109203012714107 0.0703520076148939 0.08415741122460901 0.008083777194578074 0.10294298712838738 0.010514078726736884 0.011857873806124705 0.0011715630332594191
0.6921059319210764 0.06543899778012978 0.13382690988110651 0.012381750418444174 0.07382357960514588 0.007164153184281175 0.013938945504340553 0.0013197317054756965
0.6927100062880085 0.06417160533141145 0.13694796581043636 0.01240765878769197 0.0717819397079954 0.006823607314085542 0.013870759357768546 0.0012864574026021324
0.6927854625341521 0.06404671241001252 0.13719616679274493 0.012406691657766231 0.07162207164758473 0.006792989011845178 0.013866473039156809 0.0012834329067376578
0.6504369153546854 0.1317688702351422 0.08051743230786729 0.015955895020505997 0.08964137670997689 0.018630440786673585 0.010848701416629462 0.0022003681685193953
0.6907579796864924 0.06792022649745438 0.1314235491984552 0.012553051310801616 0.07460148679849778 0.007565852828683934 0.013820800109243716 0.0013570535703710516
0.7156805847331121 0.06645894371446585 0.0882950335126831 0.008016370194312093 0.09905500557747565 0.009441421937166246 0.0119424708610033 0.00111016946978166
0.7142083200107406 0.06721791112065403 0.08660557924778099 0.00798061645084691 0.10111695376299135 0.009761799520568415 0.011979683937484964 0.0011291359489326038
0.7369323737814872 0.06945592085581101 0.0892499336864248 0.008234925640108429 0.07839644652145909 0.007580573195054263 0.009274417610658395 8.75408708996686E-4
0.6525057089835169 0.11706053523945854 0.04041022616878868 0.007066591584332157 0.14609543710385423 0.026724884785305134 0.00861039409493574 0.0015262220398085883
0.6395938204928437 0.13987778539543852 0.07420410659239424 0.015785066902643616 0.09577687852312347 0.0216101087264593 0.010792695970551613 0.0023595373965454567
0.6903724148290786 0.06848609511124144 0.1304982251342121 0.012562352346176326 0.07518711278185233 0.007700159489836841 0.013824477065553823 0.0013691632420484718
0.6926075270641273 0.06436384395276973 0.13664104084612952 0.012413921593605125 0.07194946201107197 0.006863510924237073 0.01387037148187731 0.0012903221261817914
0.6927771837259674 0.06406132305625672 0.13717013940230327 0.012406998409098965 0.0716376241224353 0.006796279257601799 0.013866696778443826 0.0012837552478928084
0.6504342815207844 0.13177091677753552 0.08051590233093224 0.015955872211726875 0.08964279002679738 0.018631140992394553 0.010848688246818571 0.0022004078930104656
0.690757886761356 0.06792036481164274 0.1314233261915082 0.012553053911404242 0.07460162592233982 0.007565885156867145 0.01382080074731656 0.001357056497565318
0.6498333224272078 0.13225863227835538 0.08017130612562062 0.015953217658706345 0.0899413176787176 0.018789191198015455 0.010843686235117868 0.0022093263982589234
0.6427772184984043 0.13859240569898004 0.07640705231570356 0.016002520266107496 0.0926008335929636 0.020594649350608864 0.010717698545925521 0.002307621731306406
0.6419879177852332 0.1392447072779879 0.07600788060999926 0.016001725528081583 0.09293003359524607 0.020802982965850817 0.010706357967131892 0.0023183942704693246
0.6904708369060693 0.06837318424029577 0.13073914912002468 0.012565159444796975 0.0750015120718336 0.0076657843384151745 0.013818284108655331 0.0013660897699091356
0.7156327296595916 0.06649171352256313 0.08825254275028316 0.008016509664392126 0.09910152121087637 0.009451749111359176 0.011942457481094798 0.001110776599839613
0.6922926532952178 0.06515819749629198 0.13431230523947832 0.01237722310647396 0.07351416178922746 0.007097391966865225 0.0139346134528186 0.001313453653626574
0.6927237324127872 0.06414869159887751 0.136990141493226 0.01240729806005475 0.07175570960263247 0.00681823902458281 0.013870254514153338 0.0012859332936860418
0.6927865984900333 0.06404479923123743 0.13719972702302544 0.012406662541717831 0.07161985588356948 0.006792540005169816 0.01386642796285778 0.0012833888623889709
0.7384189800755435 0.06825297240762648 0.09140889832456753 0.008264772859047097 0.07632490262456772 0.007237553984739811 0.009237118373278489 8.54801350629396E-4
0.558071924735212 0.21162037639671705 0.034646571742305475 0.01281001819669062 0.12457179829528464 0.04815280516132239 0.007366272576366393 0.002760232896101397
0.6324271165469811 0.14704732060282732 0.07116583898160941 0.01595466914179967 0.09701636162041792 0.023382183879399058 0.010560872696057079 0.0024456365309083183
0.6901469272472457 0.06886814498253555 0.12997572132705956 0.012576482179111885 0.07546151503876962 0.0077780878971271065 0.01381697017963795 0.0013761511485125505
0.6925923034990996 0.0643909556941731 0.13659451709518725 0.012414579758583882 0.07197663527190584 0.006869484661631675 0.013870621769984636 0.001290902249434005
0.692775932059104 0.06406348176227904 0.13716620687822886 0.012407037452485725 0.0716400235530597 0.0067967756282323565 0.013866738756943215 0.0012838039096669618
0.6927912409357503 0.06403715600118501 0.1372143811287595 0.012406574544505613 0.0716105323049631 0.006790701478873098 0.013866205535373212 0.0012832080705901863
0.7160657497404976 0.066186121811845 0.08864253694751265 0.008014573373745535 0.0986847649865254 0.009357728468471188 0.011943305046645338 0.001105219624757216
0.714243296464855 0.0671968518839059 0.08663393106555707 0.007980695267778342 0.10108253631049971 0.009754461137373448 0.011979510827794556 0.0011287170422358053
0.6475351699471286 0.13375798377040476 0.07842488875749694 0.01585922814356577 0.0918451031056851 0.019464108841331748 0.010865718236000342 0.002247799198386526
0.6424829621011099 0.13880481938165717 0.0762501159003508 0.015998174094814577 0.09276044511725745 0.020675331664712214 0.010716312693342186 0.0023118390467558063
0.6419552136558218 0.1392698564371599 0.07599113681180554 0.01600145321430562 0.09294563981376028 0.020811812973802604 0.01070603931266717 0.0023188477806771004
0.6904697224108107 0.06837484500701302 0.13073652774809963 0.012565192621290328 0.07500313218273957 0.00766616953786204 0.013818286181972563 0.0013661243102120052
0.6497587836412765 0.13231777312810902 0.08012877437791298 0.015952736347743794 0.08997942084054021 0.018808919955497258 0.010843158059105344 0.0022104336498150116
0.6907342376490813 0.06795616624035271 0.13136658241400248 0.012553807685816558 0.07463641800506968 0.007574118828790407 0.013820866919527879 0.0013578022573590392
0.6926327279955417 0.06432164319556816 0.1367178042234846 0.012413216665812453 0.07190202136665144 0.006853687683610189 0.01386953217769753 0.0012893666916340047
0.6927792557029006 0.06405782444204018 0.13717662956574614 0.012406943857534618 0.07163359476877197 0.006795460287354822 0.013866616433706536 0.0012836749419451073
0.7160632587469055 0.06618775722014231 0.0886403070408941 0.00801457467236096 0.09868727595478573 0.009358260641161659 0.011943314527394056 0.001105251196355874
0.7142430703949942 0.06719698414133264 0.08663374872072889 0.007980694468198941 0.10108276188662074 0.009754508280553098 0.011979512372377 0.0011287197351946116
0.6922290882897293 0.06524068425375064 0.1341406205790187 0.012376582647663574 0.07363831612284331 0.007120240935957211 0.013938825657933323 0.0013156415131040046
0.7382719421636154 0.06837523289745838 0.09123925470319398 0.008264543787224736 0.07648459996466545 0.007268605780581031 0.009239138367032789 8.566823362283035E-4
0.6528689770585175 0.11698917905784412 0.040523533447397155 0.007080045506273002 0.14576787437404407 0.02662727098050127 0.008617266566620171 0.0015258530088025966
0.6396264261197259 0.13985831935351742 0.07422090141248884 0.0157860189406056 0.09575592238440862 0.02160073317604728 0.010792606638229094 0.002359071974977169
0.6903735513544578 0.06848454937175409 0.13050087496783844 0.01256234050722834 0.07518533195814645 0.0076997692460403595 0.013824454080790177 0.001369128513744357
0.6926076049028433 0.06436371641250914 0.13664127651802785 0.012413919769850368 0.07194931393333756 0.006863480720982893 0.013870368550883583 0.0012903191915653782
0.7383896241197051 0.06827910766857327 0.09137589964634502 0.008264921703205074 0.07635423035878731 0.007243743442337232 0.009237299685807367 8.551733752397898E-4
0.6653795081526623 0.1192199193161243 0.06884474908730512 0.012027342346257939 0.10359131088101343 0.018920793901412585 0.010208847664993522 0.0018075286502306975
0.6427919698468656 0.13818430834948411 0.07616705353732527 0.015930819305298997 0.09320951945325485 0.02065083300999909 0.010755194451507898 0.002310302046263993
0.6904911796006532 0.06833038900141047 0.13078243996369587 0.012562369408798504 0.07498863087690247 0.007658964938826267 0.013820549431645407 0.001365476778068068
0.6926158211253862 0.06435046912195122 0.13666618677416556 0.012413760643930467 0.07193343823885591 0.006860294481632492 0.013870020300088187 0.0012900093139897948
0.6927778642429514 0.064060187789813 0.13717226676609157 0.012406982326316242 0.07163629069199613 0.006796010813257168 0.013866668445379147 0.0012837289241952893
0.6504344962511229 0.13177075231779686 0.08051602735998367 0.01595587435654675 0.0896426722610317 0.018631083706392534 0.010848689106038634 0.0022004046410867774
0.6428459378249493 0.13853795047635767 0.07644227067061432 0.016002882801344712 0.09256951960973289 0.02057629369805142 0.010718475135327515 0.002306669783622133
0.690499783811759 0.06832879529876643 0.13080733291712301 0.012564107066634904 0.07496061167603887 0.00765576347549331 0.013818416321269731 0.00136518943291458
0.7156375213591845 0.06648846305712919 0.08825678757546321 0.008016498137737057 0.09909684109224395 0.009450717057670244 0.011942455759013973 0.0011107159615578407
0.6922928451478748 0.06515792770025333 0.13431280216289757 0.012377220991764306 0.07351382684750336 0.007097323957544093 0.013934605964937601 0.0013134472272251154
0.6501751076442859 0.13196102587228198 0.08035996358183632 0.015952004311978758 0.08979771743870804 0.01870116426137743 0.010848593301252213 0.002204423588279338
0.6907485925687551 0.06793388164986353 0.13140094901019786 0.012553262169860758 0.07461592464578282 0.007569119644790616 0.013820920856777295 0.0013573494539720603
0.6926337233142015 0.06431993990680247 0.1367208427251634 0.012413183672075868 0.07190017838002215 0.006853298662023304 0.01386950448570885 0.0012893288540024614
0.6927793376012936 0.06405768515818826 0.13717688638986464 0.012406941568259909 0.07163343624013417 0.0067954278786566645 0.013866613399470503 0.001283671764132284
0.6504349627758487 0.13177039345235778 0.08051629882405698 0.015955878831024246 0.08964241804396621 0.018630959376797155 0.010848691111598334 0.0022003975843504905
0.6907579108343791 0.06792032914231788 0.13142338395021477 0.012553053261908356 0.07460158972945366 0.007565876784515976 0.013820800557579513 0.0013570557396310012
0.6498333286542898 0.13225862743350478 0.08017130969303456 0.015953217710526216 0.08994131439120658 0.018789189541711864 0.010843686270528403 0.002209326305198092
0.73456420171627 0.07226382431338788 0.08731778908861197 0.00834391547086458 0.07936800083693739 0.008053731951380776 0.009186119366240511 9.024172563070779E-4
0.6649122250174894 0.11952343191947998 0.06844808735710574 0.011986274908844146 0.10405603124997564 0.01907827701834641 0.010187167127431947 0.0018085054013268042
0.642727292368226 0.1382303021436268 0.0761317539631579 0.01592961142715816 0.09324606707599066 0.02066885485276364 0.010754895371104727 0.002311222797972118
0.6904889148716722 0.06833365814257784 0.1307770724637394 0.01256241817520878 0.07499206629358798 0.007659749670853807 0.013820573254057559 0.0013655471283024916
0.6926156646483549 0.06435073030069294 0.13666571102928815 0.012413764931449923 0.07193373287409062 0.006860355407876061 0.013870025571365715 0.0012900152368815342
0.7160295944912208 0.06621026598393458 0.08861009118994043 0.008014624337061875 0.09872086599057328 0.009365481287048786 0.011943397297794879 0.0011056794224255514
0.6923086454536918 0.0651353867088166 0.13435390458546123 0.012377008981834917 0.0734864056032854 0.007091704713539903 0.013934027860124897 0.0013129160932450928
0.6501794191045513 0.13195775357539713 0.0803624551243525 0.01595205004251301 0.08979534287409197 0.01870001139380018 0.010848609414666486 0.002204358470627273
0.7114650080709323 0.06997105722327443 0.08458885853204656 0.008081089549751282 0.10247132888091373 0.010394761124090988 0.011862852594233256 0.0011650440247572894
0.6921267955897871 0.06540924222431735 0.1338800176156146 0.01238142820688593 0.07378838700293176 0.007156796311237295 0.013938290839401712 0.0013190422098242455
0.650129539048982 0.1319961665098995 0.08033370175637616 0.015951586782360753 0.0898222209866566 0.01871330373040131 0.010848372573501937 0.002205108611821709
0.6907469877632125 0.06793626404018109 0.1313971039501691 0.012553306357397138 0.07461832812943345 0.0075696775457120054 0.013820932280976451 0.001357399932917992
0.7156787272556353 0.0664601693073526 0.08829339367709077 0.008016371927996362 0.09905684996514925 0.009441819579133115 0.011942475435683896 0.001110192851958571
0.6685125517109409 0.13789806843444635 0.08106435972070905 0.016372271743861296 0.07098567535270198 0.015019837617991041 0.008409911494498238 0.0017373239248510476
0.6438861561394645 0.13829369131820987 0.07693788707289917 0.0160674198086407 0.09158646118874864 0.020255443141802665 0.010682897220796995 0.002290044109437491
0.64210371607702 0.13917298817816695 0.0760684385632249 0.016004821426305587 0.09285723789474101 0.020769973115627158 0.01070609993908606 0.0023167248058282735
0.6419141456222448 0.13930519634870198 0.07597070241295302 0.01600158831896502 0.09296112376022657 0.020822526528064357 0.010705318238040558 0.0023193987708036955
0.7340965279831208 0.07269748478165096 0.08687116002045821 0.00834950079411734 0.07974432287318235 0.008151072486190252 0.009182124700276956 9.078063610033352E-4
0.6520619010636699 0.11725608715652126 0.04025175599663199 0.007050532817212111 0.14640584297857967 0.026854522027847043 0.00859334285185405 0.001526015107683721
0.6601473679047506 0.1444133640120757 0.0534034611364985 0.011363033088141699 0.09888572925399608 0.02231853780185365 0.007769455943148178 0.0016990508595355325
0.6409188617683197 0.14019302347068932 0.07513832961060311 0.015968878082662803 0.0936367846428984 0.021118333999640686 0.010691506133898698 0.002334282291287056
0.6417576123618157 0.13942684884975617 0.07588785941124827 0.016000265445179494 0.09303726074208629 0.02086471378351383 0.010703839800315154 0.0023215996060851935
0.6904629671784192 0.06838503647177241 0.13072056113259123 0.012565409756980788 0.07501289465904509 0.007668509975566456 0.013818286182356173 0.0013663346432686563
0.6926140022532463 0.06435393882568734 0.1366606188483986 0.012413873217499342 0.07193646222677798 0.006861012806974764 0.013870012863938004 0.0012900789574772865
0.6927777149502836 0.06406045180999177 0.13717179612292768 0.012406987871169391 0.07163657175691701 0.00679607024539713 0.01386667249439878 0.0012837347489148174
0.7160629393540774 0.06618796618628192 0.08864002134870695 0.008014574782947828 0.09868759844334006 0.009358328825727007 0.011943315817840167 0.0011052552410788059
0.6923099880179844 0.0651335082192602 0.13435738790937757 0.012376995726669312 0.07348404707036398 0.007091228722472063 0.013933973269044862 0.0013128710648275972
0.6705559715253735 0.13609293434277775 0.08288117698359164 0.01645198047449979 0.06945694373361323 0.014464467056563998 0.008391448993452769 0.0017050768901271506
0.6913132853965007 0.06760944031574787 0.13237045450245494 0.012589966967802914 0.07360251236997117 0.007410644421585229 0.013760484185413988 0.0013432118405232595
0.6926661111197472 0.06427721912142399 0.13681252646555125 0.012413621227190206 0.07183390674315657 0.006841362057858168 0.013867079292847242 0.0012881739722253836
0.6927818806135776 0.06405366709406608 0.13718472351007277 0.01240690903122315 0.0716283291807545 0.0067944363944037805 0.013866479548815128 0.001283574627086991
0.738418195282543 0.06825368124090686 0.09140801426107006 0.008264777723526327 0.07632567821575637 0.007237719691477761 0.00923712227117399 8.548113135456917E-4
0.6910609613159864 0.12381856240501177 0.042902834491255454 0.007495100852334129 0.10758475842014023 0.019649646973949896 0.006361773090768193 0.0011263624505539326
0.6628961555460913 0.14355345418361615 0.05427574940919438 0.011453701629729118 0.09683664291679714 0.021578264602404057 0.007733118158709705 0.0016729135534582229
0.6904900459182154 0.06880609340738292 0.12968696950016856 0.012558793588888329 0.07551045093756757 0.007756490926772069 0.013816878142658109 0.0013742775783469473
0.6925941687923596 0.0643922062361137 0.1365864194773892 0.01241443193310233 0.07198107709959603 0.006869805699283008 0.013870935075010957 0.0012909556871451553
0.738386884560017 0.06828153603472395 0.09137277257528274 0.008264933087377146 0.07635702241494897 0.007244322579305616 0.009237320380459525 8.552083678849496E-4
0.665379136127658 0.1192201170213252 0.06884444987326582 0.012027309734604134 0.103591706218023 0.018920916541738966 0.01020883471967035 0.0018075297637144263
0.7112760731612036 0.06976520145028743 0.0842819919712937 0.008043000565972052 0.10314025395545859 0.010426003948391816 0.01190107117975031 0.0011664037676425403
0.7367317915422534 0.06963201549408317 0.08904945120397412 0.008236377444376965 0.07857611293390572 0.00762209842338076 0.009274365273168479 8.777876848574156E-4
0.5575972412697703 0.2117444484113041 0.0345236651226328 0.012778576739027468 0.12488141648524868 0.048356575396177846 0.0073575951850682825 0.002760481390770698
0.598816939602551 0.13927038644845197 0.046984294969119114 0.010535955667342906 0.1531529928796724 0.03692278369404154 0.011624079887453141 0.0026925668513682606
0.731026310359538 0.07442576040788587 0.0839265590982808 0.008273369809794585 0.08335920651318321 0.008786461516942 0.009260745847895773 9.41586446479648E-4
0.6644368663343039 0.11971622397026886 0.06809964256482355 0.011945788121249142 0.10458456395809138 0.019230417431253123 0.010176245488978587 0.0018102521310314596
0.6637738155168527 0.14281037152305265 0.054817263485750126 0.011473665195717415 0.09634696273040011 0.021365221404659445 0.007747205869460814 0.0016654942741066861
0.6905210711325239 0.0687584629203741 0.12976376543576576 0.01255784177838739 0.07546333723188434 0.007745530742260023 0.013816712535428986 0.001373278223375518
0.6496820751388379 0.13237822620651243 0.08008103291757383 0.01595192063974757 0.0900228588724061 0.018829428475790957 0.010842838823457457 0.002211618925673844
0.6907314693835005 0.06796029836631877 0.1313598561079113 0.012553883013502614 0.07464062449464627 0.007575087257805298 0.013820891128137652 0.0013578902481778128
0.7156761225701309 0.06646193461761735 0.08829108409851316 0.008016378064047912 0.09905939765991854 0.009442380389506056 0.01194247677033864 0.001110225829927482
0.6922943922975419 0.06515574284734338 0.13431681315813282 0.012377202806549638 0.07351113165078749 0.0070967750715852035 0.013934546804788416 0.0013133953632711653
0.6927238602721794 0.06414848265818086 0.13699053317241372 0.012407295299957672 0.0717554618294585 0.006818189187278216 0.013870249154459523 0.001285928426072002
0.6504165028579405 0.13178427433489376 0.08050547869807162 0.0159556616737035 0.08965285439027684 0.01863590618916337 0.010848642738893216 0.002200679117057198
0.6907572559073315 0.06792129137101767 0.1314218123009638 0.012553069670994198 0.07460258287427717 0.007566104486898493 0.01382080703857075 0.0013570763499463365
0.6702392039700007 0.13641194509787755 0.08268874705809552 0.01645417876090203 0.06957430639938056 0.014534440263945613 0.008388148854830284 0.001709029594967712
0.6441322454445205 0.13810763133461565 0.07707083570483132 0.01607010478548004 0.09145919612396625 0.020188952169990095 0.010684528239978461 0.002286506196617613
0.6905450283502719 0.0682760720178685 0.13091005202092298 0.01256482666156159 0.07488333202490396 0.007640521795963294 0.013816322881666702 0.0013638442468410523
0.6926195896422042 0.06434484693562997 0.13667750025308428 0.012413749807742958 0.07192580146054008 0.006858848362549894 0.013869794856649778 0.0012898686815987115
0.692778172046184 0.06405968649189221 0.13717322515444988 0.012406976666015526 0.07163567878410194 0.006795889873733823 0.013866653919420855 0.0012837170642018166
0.6927914289485345 0.06403683879196884 0.13721497173724914 0.012406569705603583 0.07161016493198241 0.006790627067489085 0.013866198049579271 0.0012832007675931006
0.6927925451876086 0.06403494607413707 0.13721848226941671 0.012406539779645925 0.0716079896488217 0.006790184842371432 0.013866154834711458 0.0012831573632872512
0.692792639141423 0.06403478761933717 0.1372187775099461 0.012406537374957107 0.07160780591440254 0.006790147652496197 0.013866151074526982 0.0012831537129110277
0.6504391924490815 0.1317671306498925 0.08051875926105814 0.015955918312918416 0.08964012264533398 0.01862983293727106 0.010848710093749072 0.0022003336506952057
0.7114849509901463 0.06995811860913206 0.08460452754173255 0.008081072531983785 0.10245313935494263 0.010390460015619392 0.011862922025318159 0.0011648089311251213
0.7367528581727544 0.06962541032141208 0.08907128866306317 0.008237324188809377 0.07854454299789265 0.007617949714929971 0.009273087536257654 8.775384048807062E-4
0.6651161462809508 0.11933987754802367 0.06863635812398343 0.012003771116627584 0.10388686817394642 0.019006994250292224 0.010201517359347177 0.0018084671468287117
0.6638771582254245 0.14274845997571362 0.05485345373755357 0.01147520201548667 0.09629413244057397 0.02133948466161739 0.007747516814734153 0.0016645921288960775
0.6905242626507551 0.0687541192235819 0.1297708165695322 0.01255778536802409 0.07545868945541641 0.007744465097847486 0.013816677684081676 0.0013731839507609414
0.7155834202987023 0.06652512380477564 0.08820453896529251 0.008016490210857976 0.0991538708354397 0.009462447095545836 0.011942686463039986 0.0011114223263461879
0.6922905953261778 0.06516108365775886 0.13430688757960454 0.012377240744750946 0.07351783991156068 0.007098126673387165 0.013934702697579852 0.0013135234091803624
0.6705512714264573 0.13609722851564585 0.08287811469688813 0.0164519406774477 0.06945928168189609 0.014465578790826779 0.008391443513446362 0.0017051406973915108
0.6441684848383687 0.1380770461231697 0.07708935097528427 0.016070051900702965 0.09144448449355821 0.02017951048008773 0.010685064606126188 0.0022860065827021393
0.734230540182886 0.07259323813833297 0.08699659509452107 0.008349770959403114 0.07961866608166022 0.008123414890746888 0.009181473921025328 9.063007314243339E-4
0.5571281388901993 0.21201091952218956 0.03439713206971623 0.012750501359936009 0.12506626818624506 0.04854528404439138 0.007342446048577645 0.002759309878744847
0.6520813117419966 0.15170514769177765 0.0511510384170487 0.011473494459220138 0.10009498922987585 0.02413929040679097 0.007594934450229502 0.0017597936030607805
0.709835113749443 0.07125172794225686 0.08292334755908246 0.008080984101313268 0.10410408602495982 0.010780589356628782 0.011838353029445092 0.001185798236870579
0.692057010906614 0.06551201736072614 0.1336933713413901 0.012382504701411494 0.0739109159843849 0.007182088927845772 0.013940660419519513 0.0013214303581082487
0.6927062790756723 0.06417776499580528 0.13693646040430246 0.012407744872407183 0.0717891718264712 0.00682506740027298 0.013870911285359503 0.0012866001397091396
0.650411022573427 0.13178848261809553 0.080502291693423 0.015955608337788297 0.08965584578384343 0.018637367344032634 0.010848619639685171 0.002200762009704882
0.6428432417337496 0.13854003422533948 0.07644088085274632 0.016002861967023586 0.09257080564662801 0.020577018973636348 0.010718449202451233 0.0023067073984254847
0.6419951760169712 0.13923893264482903 0.07601156330641957 0.016001761413129298 0.0929267842600141 0.02080104230024247 0.010706445429665206 0.002318294628729298
0.690471082824002 0.06837281257151494 0.13073972763545852 0.01256515132403087 0.07500115975996488 0.0076656992880630055 0.013818284458322215 0.0013660821386434416
0.649759131004054 0.13231750124182437 0.08012897294733011 0.015952739041282273 0.0899792394070696 0.018808827686149953 0.010843160200251882 0.0022104284720377153
0.6907342498375616 0.06795614803377982 0.1313666116005662 0.012553807332682762 0.07463639987815995 0.007574114590950381 0.013820866852309356 0.001357801873989931
0.6498271985622062 0.1322634265629206 0.08016780186074596 0.015953170294294244 0.08994451872377092 0.018790817502743282 0.010843648742708621 0.0022094177506102285
0.7345638261178836 0.07226415166496494 0.08731742914536748 0.008343917946347187 0.07936832532688129 0.008053809900160443 0.009186118323820845 9.024215745739763E-4
0.6649121792106074 0.11952345765215705 0.06844805070290481 0.011986270961504245 0.10405607842083507 0.019078292144327245 0.010187165386906004 0.0018085055207580768
0.6638426620031661 0.14277155569951683 0.0548414002063497 0.011474873245424093 0.0963094629401481 0.021347885886661474 0.007747273842100972 0.001664886176632529
0.7105383679557465 0.07074853410339207 0.08345617323139215 0.00807612961556838 0.10352990097644668 0.010625741979824802 0.011847636574786014 0.0011775155628432738
0.6920834822972983 0.06547390228346088 0.1337603124484792 0.012382027310452692 0.07386701340992462 0.007172770816634737 0.013939931692836964 0.0013205597409127762
0.7158510851427634 0.06631863744727198 0.08844840810278566 0.008013894375208122 0.09891174928624051 0.009403090703635162 0.011945210425871437 0.0011079245162235797
0.6923014199251556 0.06514519539431683 0.13433518210408066 0.012377038890312251 0.07349937739917713 0.007094257696460531 0.013934370539624817 0.0013131580508722646
0.6927243789094707 0.06414761821903373 0.1369921274385171 0.012407281891841938 0.07175446879831186 0.006817986338700391 0.013870229787102199 0.0012859086170220221
0.6927866519934117 0.06404470928454467 0.13719989466604662 0.012406661192291923 0.07161975139624782 0.006792518863057652 0.01386642581595755 0.0012833867884423928
0.6504372916360801 0.1317685814423178 0.08051765134543827 0.015955898707525274 0.08964117096775023 0.018630340452767447 0.010848702975036593 0.002200362473084265
0.6907579929846245 0.06792020680040176 0.13142358110444863 0.012553050953061268 0.07460146679857493 0.0075658482038301455 0.013820800003362346 0.0013570531516963716
0.6926343795311286 0.06431884425942858 0.1367228414168887 0.012413165749428223 0.0718989400186155 0.006853042975927257 0.013869482071947513 0.0012893039766355672
0.6503889017806275 0.1318064183163943 0.08048957889721257 0.015955508150105588 0.08966687752235511 0.018643185321087823 0.01084843915290497 0.0022010908593120392
0.6907562873286364 0.0679227519845955 0.13141948742545198 0.01255309964980098 0.07460401429939503 0.007566441684568359 0.01382081073348632 0.0013571068940653112
0.6926342608530092 0.06431904432946409 0.1367224796679054 0.012413169261749126 0.07189916230708 0.0068530892705968155 0.013869485829973095 0.0012893084802225482
0.6927793817960761 0.0640576106613952 0.13717702478890087 0.01240694042169472 0.07163335019809204 0.006795410415051403 0.013866611667145064 0.001283670051644659
0.6927915306269532 0.06403666656669532 0.13721529138211752 0.01240656700052856 0.07160996671767376 0.00679058679686589 0.013866194093897664 0.0012831968152679767
0.7160658099136897 0.06618608261002633 0.08864259073772923 0.008014573366063345 0.09868470408978584 0.00935771563436414 0.011943304784961152 0.0011052188633801586
0.6923101034866443 0.0651333476303609 0.13435768717256416 0.012376994709050923 0.073483843540738 0.007091187828054526 0.013933968436965087 0.001312867195622012
0.6927250179935492 0.06414658552203999 0.13699408239800648 0.012407269664650254 0.07175322117682152 0.006817737652140472 0.013870201270917202 0.0012858843218749938
0.6927867047699445 0.06404462131027548 0.13720005978128977 0.012406659959516085 0.07161964780058404 0.006792498038955855 0.013866423593805192 0.001283384745629
0.6927921460128557 0.06403561233492248 0.13721722903091255 0.01240654902726655 0.07160877621778951 0.00679034264089212 0.013866171879487394 0.0012831728558735766
0.6927926055665476 0.06403484395711521 0.137218672090461 0.012406538196220718 0.07160787178300883 0.006790160931359619 0.013866152458941702 0.0012831550163453108
