0.125 0.125 0.125 0.125 0.125 0.125 0.125 0.125
0.053497942386831275 0.09465020576131689 0.0668724279835391 0.1183127572016461 0.10699588477366255 0.18930041152263377 0.1337448559670782 0.2366255144032922
0.07234217878893223 0.1279900086265724 0.09042772348616528 0.15998751078321552 0.09516628683997065 0.15358801035188688 0.10851326818339835 0.1919850129398586
0.07575757575757576 0.12626262626262624 0.09090909090909091 0.15151515151515152 0.0946969696969697 0.15782828282828282 0.11363636363636365 0.1893939393939394
0.07200728520644219 0.1273975045960131 0.09000910650805273 0.1592468807450164 0.09935503272557708 0.1528770055152157 0.10801092780966329 0.19109625689401966
0.09885962923767139 0.07785195802466623 0.19771925847534277 0.15570391604933245 0.09388178932381779 0.06787093776509363 0.17237063559388857 0.13574187553018727
0.06278546685353152 0.11108197981778654 0.054736048026155684 0.09684070035396775 0.1492383485527386 0.2221639596355731 0.10947209605231137 0.1936814007079355
0.07446346453294914 0.1241057742215819 0.09380453278136701 0.14892692906589827 0.10571322348942984 0.15513221777697736 0.1116951967994237 0.1861586613323728
0.1091326804884017 0.08594198588461635 0.14222753456048903 0.10313038306153961 0.15952793408965574 0.10742748235577043 0.1636990207326026 0.1289129788269245
0.06036523432633797 0.10680002996198257 0.05262610172039721 0.09310771842839506 0.16053906234895718 0.23509421291634552 0.10525220344079442 0.18621543685679012
0.10136641972511932 0.07558489535386889 0.2013519163148174 0.15116979070773778 0.1054922329782254 0.06589452415465494 0.1673511724562665 0.13178904830930988
0.07046231630814709 0.12466409808364483 0.08807789538518383 0.15583012260455606 0.10275376529379837 0.16552218073698205 0.10569347446222062 0.18699614712546722
0.07808538543831857 0.12213329943981371 0.10053007366289 0.14655995932777643 0.10690473917588124 0.15266662429976713 0.10991996949583234 0.18319994915972054
0.0780728913178065 0.12122338060252416 0.10169209581548601 0.145468056723029 0.11107823634194115 0.15152922575315522 0.10910104254227176 0.18183507090378626
0.058996763913327616 0.10437889000050271 0.05143307623213177 0.09099698102607928 0.14833216495942014 0.26100200935211626 0.10286615246426355 0.18199396205215856
0.09862678225685936 0.07347186675340826 0.20283012866131417 0.14694373350681653 0.10711151296645134 0.08023842912737573 0.16267275341413956 0.12810479331363492
0.07681936370822383 0.11671515494250817 0.12101139269142973 0.1400581859310098 0.10787669804254674 0.1574028328222621 0.10504363944825737 0.17507273241376226
0.074450313240204 0.11537646702027829 0.1048629817951348 0.13845176042433396 0.10676840097064698 0.18318655570073408 0.10383882031825048 0.17306470053041745
0.07316380435907195 0.11354337866775352 0.10053987989351591 0.1362520544013042 0.10508466682169228 0.19891210705405366 0.10218904080097817 0.17031506800163027
0.07229065387340392 0.11225689469621696 0.0987873330469161 0.13470827363546034 0.1037492716547226 0.2087910258223596 0.10103120522659526 0.1683853420443254
0.0669051594521373 0.11837066672301216 0.08363144931517164 0.14796333340376522 0.09998169401556409 0.2052339578276253 0.10035773917820598 0.17755600008451825
0.0718874021515781 0.112299960396392 0.09577496401933824 0.1347599524756704 0.10484336690301707 0.21091444910266327 0.1010699643567528 0.16844994059458798
0.06634110256389165 0.11737271992073138 0.08292637820486456 0.14671589990091424 0.09948495732839124 0.21158820835427228 0.09951165384583749 0.17605907988109706
0.06615744011116288 0.11704777865821128 0.08269680013895361 0.1463097233227641 0.09822732885912172 0.2147531007557251 0.09923616016674433 0.1755716679873169
0.10061249621848567 0.07096298095370994 0.21337739004050174 0.14192596190741988 0.09760911032429437 0.09466386080228135 0.1571178739878641 0.12373032576544299
0.079600967517813 0.11246995149868513 0.12420525971808948 0.13496394179842217 0.10495044969596369 0.17388154617418225 0.10122295634881662 0.1687049272480277
0.07917239486925665 0.14007423707637714 0.06902208783473655 0.12211600155376469 0.1197200000565736 0.24052957134308992 0.08282650540168386 0.1465392018645176
0.06492627073171943 0.11486955590996517 0.0811578384146493 0.14358694488745646 0.10166712140699817 0.2240985286866846 0.09738940609757916 0.17230433386494773
0.09128166190558051 0.07368519695992644 0.18256332381116103 0.14737039391985288 0.10320665468507464 0.10495242276049195 0.1643069914300449 0.1326333545278676
0.0675406978841952 0.11949508087203767 0.09932721773353433 0.1493688510900471 0.101805034667935 0.18190944961790143 0.10131104682629281 0.1792426213080565
0.10000533652652961 0.0703689476166536 0.22260908294721435 0.1407378952333072 0.0975120305607991 0.09026949644217921 0.15580263534171573 0.12269457533160115
0.06775929564045408 0.11988183074849566 0.10290066735185098 0.14985228843561957 0.10095614334600372 0.17718808489415133 0.10163894346068111 0.17982274612274346
0.09035670316983278 0.07293854352263611 0.19893101550282263 0.14587708704527222 0.10196415403523743 0.09600105267775494 0.162642065705699 0.13128937834074497
0.06676574277401079 0.1181240064463268 0.1119834822891982 0.1476550080579085 0.10073814392002141 0.17739899268202788 0.1001486141610162 0.17718600966949016
0.1337053049313118 0.0941610731156943 0.18527712736149737 0.11299328773883317 0.13030058489419008 0.11996743881390402 0.12508821434661221 0.09850696879795712
0.08618231934972945 0.10960828087152727 0.11840832052042662 0.1315299370458327 0.10980835918410951 0.1814029089367091 0.09864745278437453 0.16441242130729086
0.07902504622224996 0.11011603968115175 0.10412827015971347 0.13213924761738208 0.10658729726137388 0.20372560382336455 0.09910443571303656 0.1651740595217276
0.06544329288880642 0.09243527675597336 0.06368418753747358 0.08319174908037603 0.14224300168561796 0.2867888949945494 0.09983009889645122 0.16638349816075207
0.06255065971154626 0.11066655179735108 0.08716688108921744 0.13833318974668884 0.10394899979547008 0.23750790059638044 0.0938259895673194 0.16599982769602661
0.10085954439032059 0.06951363404919302 0.2173512555908935 0.13902726809838603 0.09816763186607472 0.09996850585277037 0.15390890078453803 0.12120325936782374
0.08186051354832435 0.11078740353716619 0.12704723390802097 0.13294488424459944 0.10486678722120868 0.17660340905148156 0.09970866318344958 0.16618110530574928
0.0653236698700327 0.11557264669313477 0.09970750102177582 0.14446580836641848 0.09985359922021145 0.2037322999836755 0.09798550480504906 0.17335897003970216
0.06498116858806478 0.11496668288657615 0.09534068579603293 0.14370835360822018 0.0983388063275026 0.212742525581642 0.09747175288209717 0.1724500243298642
0.07552109757646559 0.10970527195742509 0.09927493953803468 0.13164632634891013 0.104075934377244 0.2164837775041003 0.09873474476168259 0.16455790793613764
0.07785775537690275 0.1088687152700536 0.09955756360459526 0.1306424583240643 0.10477235243961981 0.2170162383366356 0.09798184374304825 0.1633030729050804
0.04989360231157786 0.08181809385741953 0.0679957773482792 0.10227261732177441 0.11823481814184339 0.25962733244659447 0.11561252392896236 0.20454523464354882
0.07296040816836741 0.1079022819316714 0.09208005656077399 0.12948273831800566 0.10699217704616806 0.23161686133900233 0.09711205373850426 0.16185342289750707
0.06858275791159049 0.11295863497317589 0.0928633755384172 0.14119829371646986 0.0984678424273762 0.22072186549594872 0.09576927747725783 0.16943795245976384
0.09408456539317418 0.07102853468032992 0.20481529759996034 0.14205706936065984 0.09983643585442471 0.1019437036235544 0.15838303106330281 0.12785136242459386
0.11939711604993376 0.07585504273072008 0.18074433665010645 0.09102605127686411 0.15317082907505955 0.1215382644436739 0.14448579567756206 0.11378256409608013
0.1244593333099816 0.07384335172946276 0.1700229323045878 0.0886120220753553 0.16748312876686314 0.12416020092534039 0.14065400329421476 0.11076502759419411
0.07238227022710621 0.11344806731521186 0.11127504516377332 0.14181008414401483 0.11191493852303415 0.1828132626694058 0.09618423098463616 0.1701721009728178
0.10445186946129006 0.06876211133794076 0.22782781226544008 0.13752422267588152 0.09921928378435209 0.09007682068261054 0.15224496771607557 0.11989291207640952
0.08517493709676367 0.11026128275978878 0.1298685260845836 0.13231353931174653 0.10527776173159083 0.17247687439203357 0.0992351544838099 0.16539192413968315
0.08096602705848027 0.10951572201805122 0.1071595876086191 0.13141886642166148 0.10593678626675933 0.20216527778310572 0.0985641498162461 0.1642735830270768
0.08197811340156956 0.13399939466215405 0.0819141463283148 0.11681998509008303 0.1168185793656273 0.2490513743743562 0.07923442466979543 0.1401839821080996
0.09395512236925414 0.06993546069353615 0.20554612795829894 0.1398709213870723 0.1028191124092286 0.10604378671612096 0.15594563921812388 0.12588382924836508
0.08320168748190906 0.11027297625247373 0.12475607503611653 0.13232757150296845 0.10623700919511415 0.1785495375254812 0.09924567862722634 0.16540946437871057
0.0795672206450355 0.12034496558140766 0.10477951737270134 0.1293641666627133 0.10484043632456833 0.20237536008814724 0.09702312499703498 0.16170520832839164
0.07853277033539013 0.12089064600508068 0.09994613353931514 0.12871074933163826 0.10402105564244249 0.21047714648285687 0.09653306199872869 0.16088843666454777
0.07821392447076525 0.1207399337111847 0.09873074013995176 0.12847566921450027 0.10366146975242403 0.21322692428217338 0.09635675191087521 0.16059458651812533
0.07810822490687848 0.12064491407280578 0.09840699708667304 0.12838833505477837 0.10351727208670518 0.21415758668260246 0.09629125129108378 0.16048541881847295
0.07806491340094752 0.12059417038572273 0.09830708840327253 0.12834179789096195 0.10355552259138044 0.21445291154579088 0.09625634841822148 0.16042724736370245
0.07804722130486463 0.12057196309536555 0.098273389959048 0.12832233988110814 0.10359789681480751 0.2145425091825899 0.09624175491083112 0.16040292485138516
0.07804016975067654 0.12056296318746071 0.09826140090329635 0.12831458576703098 0.10362364828548312 0.2145680605719904 0.09623593932527323 0.1603932322087887
0.11631276933919057 0.08490387725959607 0.14644956091038197 0.09036329665666105 0.1544685576790387 0.15111401311738304 0.14343380421692228 0.1129541208208263
0.07142320268569194 0.11276051754636497 0.10930213297413305 0.1409506469329562 0.10891780053881425 0.19190361464796524 0.09560130835452683 0.16914077631954744
0.10340512155624033 0.076101583449496 0.2255905159631457 0.1360670835859564 0.09833326674863069 0.091247988161358 0.150631854844852 0.11862258569032098
0.08429992616403732 0.11793858193113269 0.1286392177416151 0.13096042676779956 0.10461557609708834 0.1716254177627279 0.09822032007584967 0.16370053345974944
0.067886494866742 0.10316518421120768 0.06745929268077683 0.08257237843695017 0.14252276486327684 0.27216227394280595 0.0990868541243402 0.16514475687390034
0.07812609955885375 0.12907574768920924 0.07457083402697011 0.11252757490854139 0.12202698706473332 0.2723166160539102 0.0763230508075324 0.13503308989024965
0.06743371037540824 0.11033758713204445 0.09276605421088273 0.13792198391505558 0.09998754872578769 0.23249965020036917 0.09354708474238552 0.16550638069806667
0.0926259422849828 0.06994463205180204 0.21357307632654213 0.13988926410360408 0.09919336800478602 0.1029072895568418 0.1559660899781974 0.12590033769324369
0.10473247049748022 0.07049588369832861 0.26685760451067736 0.13129807150299375 0.092977900957861 0.0738207209907562 0.1453523624290366 0.11446498541286633
0.07178276605542135 0.11463300153411025 0.13813261795414228 0.1432912519176378 0.09754997250335809 0.16547203860741924 0.09718884912674565 0.17194950230116535
0.102708878590901 0.07567117782315268 0.23782882964064445 0.13509838213420647 0.0951935827212213 0.08616160984017446 0.14955946251731442 0.11777807673238512
0.0841886247088456 0.11788897130303523 0.1314773578097473 0.1309486890622146 0.10390645874076562 0.16969252025096254 0.09821151679666096 0.16368586132776825
0.11787954853609874 0.08465943175519963 0.15719465585912948 0.09035075752242244 0.15447525136443116 0.13908800723044848 0.14341390082924196 0.11293844690302805
0.07156366573856322 0.11279292934192695 0.11310867402016835 0.1409911616774087 0.10916089745897663 0.18756448982973625 0.09562878792032938 0.1691893940128904
0.10344398384174741 0.07598515505090583 0.22726450808174883 0.1358500928319659 0.09823522591650656 0.0903959828530238 0.15039163716033666 0.11843341426376515
0.08447140802012851 0.11788730229954039 0.1290743752022285 0.13091135292784856 0.10457019030530243 0.17126266538925455 0.09818351469588645 0.1636391911598107
0.09834228508175484 0.14910485434705797 0.09763655640637518 0.11934224026816129 0.12874503162208734 0.2457170079125454 0.08950668020112099 0.07160534416089678
0.08097378975644431 0.12990690078810013 0.08078019808256774 0.1132521699178309 0.11963783952601585 0.2627319827790282 0.07681451524861573 0.13590260390139705
0.10421529832372833 0.07759110738983067 0.14605893328070169 0.09698888423728834 0.15357872126246433 0.1609999038237193 0.1441804905975212 0.116386661084746
0.09315866126200804 0.06783778467415581 0.23369278438507837 0.13567556934831163 0.10788921422163153 0.08836983891445539 0.1512681347808788 0.12210801241348047
0.07087357978986113 0.11441812230096102 0.13182898990085073 0.14302265287620128 0.10058925572554316 0.17063354704780456 0.09700666890733652 0.1716271834514415
0.10281886563340685 0.07577320965282748 0.23522853980998018 0.1352991762075 0.09598629496904058 0.08715903594097495 0.14978174981050063 0.11795312797576925
0.08437244944617431 0.11787378155673267 0.13088886191118645 0.13091735098324767 0.10407021095967771 0.1700426431764858 0.09818801323743577 0.1636466887290596
0.07998602095796593 0.1212989922013017 0.1063057430718282 0.12945051365264748 0.1046233820723311 0.19943432073863057 0.09708788523948562 0.16181314206580935
0.07876075647673692 0.12101864791666171 0.1003810072895958 0.12872550312329054 0.1041828961711867 0.20948018277594732 0.09654412734246791 0.16090687890411315
0.07837311636705413 0.12072274161093056 0.09888352124485225 0.12843235183052285 0.10386558859866778 0.21285797668692655 0.09632426387289214 0.16054043978815358
0.078243607275278 0.12059399881449048 0.09848406016403279 0.12832550421896102 0.10371665118498224 0.21398516990433347 0.09624412816422077 0.16040688027370126
0.09575673230801522 0.14761101209426458 0.09034334953702963 0.11781830452106386 0.1269289136020225 0.26248697683416805 0.08836372839079791 0.07069098271263832
0.057383736966350005 0.09226017570148207 0.056753945257605576 0.08043194804744591 0.14132620998355938 0.320057016242857 0.09092307170580842 0.16086389609489182
0.07634619278459488 0.12734411518373437 0.1041324848079149 0.15918014397966798 0.09061197628480808 0.21814871022270393 0.08097424715487458 0.14326212958170115
0.10471499326298055 0.0770943078381558 0.22324638689846835 0.1358970605178155 0.09444549903286807 0.09568375967900809 0.15044363231927477 0.1184743604514289
0.10501373824893138 0.14631711606192976 0.11918530690405393 0.12173159215370065 0.1285581827842035 0.21485641443968498 0.0912986941152755 0.0730389552922204
0.06316903823906533 0.09364508185059751 0.06134595911122204 0.08163930212616193 0.1441337790490888 0.300500328620227 0.09228790675131349 0.16327860425232385
0.09511507318581483 0.06873338016690134 0.19934506580893852 0.13746676033380267 0.10788305019633143 0.1144714069490565 0.15326517905873221 0.12372008430042239
0.07517589090054744 0.11344816696767109 0.12402432755118782 0.14181020870958888 0.09991533907688087 0.17926950087002655 0.09618431547259072 0.17017225045150663
0.09460354931261183 0.14594755405392767 0.12654323337539258 0.15647906691448368 0.08732185339448187 0.17083650602223288 0.08185058884757608 0.13641764807929346
0.08185900997368077 0.12441362206377844 0.10529012125952623 0.12935997072548971 0.10074286980927327 0.19961446471727215 0.0970199780441173 0.16169996340686216
0.07918299468484598 0.12140717235506804 0.10018479287122435 0.12877017887485717 0.10332858612734463 0.2095859173369455 0.0965776341561429 0.16096272359357147
0.07851229766146509 0.12076825688678679 0.09884285033544157 0.1284341452911403 0.10367402310468138 0.21290013613820413 0.09632560896835525 0.1605426816139254
0.07237029355006114 0.1121694983593888 0.10063694529694424 0.140211872949236 0.09778461906460292 0.2134722963707672 0.0951002268699166 0.16825424753908316
0.10412279556598503 0.07623498493840722 0.22212631283656512 0.13636156471357505 0.09621993437140695 0.09509723718846784 0.15095785755837368 0.11887931282721928
0.08463836739043985 0.1178657322643062 0.12786744280909382 0.13085940725129075 0.10405621940294378 0.17299401637934414 0.09814455543846808 0.16357425906411344
0.08005590033592612 0.12122758588923764 0.10558809260968004 0.1293724655076221 0.10456342828666094 0.20044759635562895 0.09702934913071658 0.16171558188452761
0.058694511705090685 0.09009213363938323 0.07462003123371933 0.09583345964141234 0.12409021144057963 0.2500025814872955 0.11500015156969479 0.19166691928282467
0.06935486715655996 0.11089218228509437 0.09442293520791036 0.13861522785636796 0.1010791176997095 0.22528011138587536 0.09401728498084089 0.16633827342764157
0.07117912989464757 0.11194414211592851 0.09947616245916897 0.13993017764491064 0.09704167980177571 0.2176033309418235 0.09490916396785244 0.16791621317389274
0.10387022210760348 0.07624380937893187 0.2216434486656114 0.13640146039646023 0.09609740773175512 0.09582753432135155 0.15100202371932106 0.11891409367896534
0.08458291027979632 0.11785517359665615 0.12774629001606447 0.13084697263668882 0.10401704427442744 0.1732576639229892 0.09813522947751663 0.163558715795861
0.0983890398993028 0.14900628995472057 0.09731429294691613 0.11926411898525402 0.12851417395712053 0.2465055236265931 0.08944808923894051 0.07155847139115241
0.07321248086336109 0.10961538953253873 0.09852952527753848 0.1370192369156734 0.10128820496631458 0.22297729136817845 0.09293478677758718 0.16442308429880806
0.07157977938667681 0.11186273333981787 0.10032281499646115 0.13982841667477233 0.09704941478335467 0.2167225973254317 0.09484014348375863 0.1677941000097268
0.10393061161607238 0.0762104114039136 0.22197889614977967 0.13635043791502016 0.0960655854362611 0.09564890520266986 0.15094553973498362 0.11886961254129962
0.08459403396907524 0.11785019234379931 0.12782221057438872 0.1308451294693312 0.10400957909053588 0.1731885956142073 0.09813384710199839 0.16355641183666397
0.11827877264413054 0.08463566237205306 0.15600313031926813 0.09032317907111487 0.154487426968486 0.13999772927634774 0.14337012550970613 0.11290397383889357
0.07694403844135697 0.11179511680189408 0.11334469603170687 0.1397438960023676 0.10875176809582214 0.18694499300501424 0.09478281641899715 0.1676926752028411
0.10469354340283653 0.075815467713699 0.22715209666796574 0.1356511383817732 0.09804542311951747 0.09021097751429705 0.15017138640554462 0.1182599667943664
0.08477464719594129 0.11784506211123968 0.12904964428334342 0.13088212988371456 0.104515997602913 0.17116825915541894 0.09816159741278593 0.16360266235464319
0.0801051816091552 0.12126256022356974 0.10587928650368028 0.129412573835338 0.10470018102107088 0.1998150691365099 0.09705943037650351 0.1617657172941725
0.07883386937275316 0.12099540409596865 0.10027592938168253 0.1287026208198273 0.10418668552170866 0.20960024916840508 0.09652696561487048 0.1608782760247841
0.06158206569277663 0.09540463987148837 0.059876424795110024 0.08317327578540012 0.13875998656944216 0.3008350917836607 0.09402196393132187 0.16634655157080025
0.09503715196596509 0.0688755597788864 0.19926523160404255 0.1377511195577728 0.10687443690866098 0.11463827421005539 0.15358221837262132 0.12397600760199551
0.09712603089240715 0.06688376190439141 0.25677016242149714 0.13376752380878282 0.09662690042266092 0.07929404272659385 0.14914080639576233 0.12039077142790452
0.09563393692426668 0.06559793247648191 0.2783793393976352 0.13119586495296381 0.09278738355796923 0.07205566554665169 0.14627359868636414 0.11807627845766742
0.0946798673559018 0.06506090435379386 0.286307423740979 0.13012180870758772 0.09131709752634766 0.07032716435233993 0.1450761061262209 0.11710962783682893
0.07518775273933428 0.11338299548699128 0.14417392363363604 0.1417287443587391 0.09652575446753477 0.1627972746921328 0.09612906139114478 0.17007449323048693
0.10343192310303095 0.07533074128224204 0.24007402871428576 0.13461615036583005 0.09468838681147929 0.0854754880468334 0.1490256121266006 0.117357669549698
0.09492052250110203 0.13557980745658182 0.11154407235612136 0.11819778085958417 0.11625339105579167 0.20149815911281735 0.08016892962650056 0.141837337031501
0.10293603362834697 0.06815524016853428 0.2214379025101153 0.13631048033706855 0.10065351242355408 0.09585138547709353 0.15197601315192566 0.1226794323033617
0.10125502327624102 0.06606056179002875 0.2646904498264043 0.1321211235800575 0.0943178825669008 0.07534075473189358 0.1473051930064223 0.11890901122205176
0.09948370635206163 0.06504402397588126 0.28068128959815336 0.13008804795176251 0.09168615924525197 0.0708990643173678 0.14503846540293522 0.11707924315658627
0.11544025728606572 0.07569127509717474 0.20963884459025547 0.09461409387146844 0.1415053508619889 0.10892306042940006 0.14065020521788443 0.1135369126457621
0.12078272304152621 0.07488701233387575 0.18525006460550172 0.09360876541734467 0.1562222524744193 0.11776294667774964 0.13915571694876908 0.1123305185008136
0.0826162255000581 0.11103675291080863 0.11993086273643304 0.1387959411385108 0.1088931668157638 0.17803206580348382 0.09413985572872906 0.16655512936621292
0.10574531541245508 0.07552788833042229 0.22967048092353554 0.13521741068639878 0.0977873532927748 0.08847847412312711 0.1496912320175029 0.11788184521378355
0.08131678712824426 0.11315145150950053 0.13130466206386723 0.14143931438687565 0.0977394526815822 0.1693884025989288 0.09593275236675046 0.16972717726425077
0.10525391992883228 0.0755692939370906 0.2347077195054497 0.1350670070640908 0.09526692302407332 0.08685968340834697 0.1495247290249601 0.11775072410715608
0.09709847823874317 0.13524119547334532 0.11040027548232977 0.11790258066907028 0.11617751817643346 0.2017281482686069 0.07996870688858679 0.14148309680288432
0.1052517030044107 0.06798854789403473 0.22055112509660307 0.13597709578806946 0.10047492678979397 0.09577290095858972 0.15160431425923565 0.12237938620926252
0.10366588808504759 0.06587911727420961 0.26393839632272054 0.13175823454841923 0.09409715262650094 0.07517820123210808 0.14690059881741663 0.11858241109357728
0.08089320223187069 0.11290837026298302 0.1389883377732081 0.1411354628287288 0.09684789325531094 0.1641375165087209 0.09572666174470301 0.16936255539447453
0.11757559232163234 0.08447574513540719 0.15994885269842035 0.09060867680812734 0.15243583978466121 0.13787115072075518 0.14382329652083706 0.11326084601015916
0.07060689207806953 0.09560093376837196 0.06852348496181705 0.08334440379806787 0.15489305193746547 0.26612701287095214 0.09421541298912019 0.16668880759613575
0.10017439445049844 0.0683016564920349 0.20213868040198082 0.1366033129840698 0.1096309423683618 0.10790553191724196 0.15230249970014945 0.12294298168566282
0.13686567879113018 0.0878904842769931 0.2130196308150669 0.10986310534624139 0.1280284275877502 0.10296671464934679 0.1224891637218542 0.09887679481161724
0.11065450318003332 0.06489138052618253 0.2587270472681008 0.12978276105236505 0.09884070764532431 0.07560102208815403 0.14469809329271147 0.11680448494712856
0.0827859935324815 0.1126214991362746 0.13769911007365243 0.14077687392034324 0.09770548716222585 0.16399534255072545 0.09548344491988499 0.16893224870441187
0.1053473026823361 0.07534165282045462 0.2372191953421287 0.13471605640252124 0.09502830360784441 0.08576650980850899 0.1491362122160593 0.1174447671201467
0.08203270993575196 0.1130259618241698 0.1329642359711247 0.14128245228021222 0.09708512796197359 0.16824421035263 0.09582635893788309 0.16953894273625467
0.10535956582323006 0.0755119498611329 0.23536270360110445 0.1349777799881544 0.09507057616706968 0.08661853717534165 0.14942595098403738 0.11767293639992947
0.08203877208371055 0.11303973078884534 0.13254720288883068 0.14129966348605666 0.09709923745126342 0.1685777644926999 0.09583803262532539 0.169559596183268
0.10537568539021719 0.07552356281542205 0.23519442211140007 0.13499708356623863 0.09508671599062041 0.08668544412730153 0.14944732083848963 0.11768976516031061
0.08204184407140709 0.11304074835971063 0.13250944388087924 0.14130093544963832 0.09710309608805497 0.1686039142622935 0.09583889534845033 0.16956112253956596
0.10537770286857336 0.07552456244739203 0.2351790861258865 0.1349987629335985 0.09508867732560285 0.08669079910759311 0.14944917996719081 0.1176912292241628
0.08204222611144973 0.1130408492376041 0.1325060173616271 0.14130106154700514 0.09710356067587508 0.16860603033467256 0.09583898087536001 0.16956127385640615
0.09619744018383643 0.14591531011836417 0.1288134793014515 0.15649254361243073 0.08680478399591553 0.16748940759527778 0.08185763819727147 0.13642939699545245
0.08223038769300565 0.12448089599463198 0.1058487032601566 0.1294326605553605 0.10068298105501731 0.19845905033110675 0.0970744954165204 0.16179082569420064
0.11787556570431967 0.08529756302910374 0.14913973220561777 0.09046529413125096 0.15361207343848074 0.1469324488569237 0.14359570497023963 0.1130816176640637
0.12328791689305502 0.07523474256468886 0.165971893834184 0.09404342820586108 0.16075717434531653 0.12805085793219312 0.1398018723776681 0.1128521138470333
0.10913603302480984 0.06579965761850602 0.24034861044380648 0.13159931523701204 0.1070636464169573 0.08088993790074965 0.14672341564484773 0.11843938371331084
0.1214304007450602 0.0756492711247392 0.19646653747047932 0.09456158890592398 0.1463789217277282 0.11146722027881065 0.1405721530601497 0.11347390668710876
0.10837817420137347 0.06524055868421211 0.2524007477940003 0.13048111736842422 0.10316799076847279 0.07742169708296115 0.14547670846897445 0.1174330056315818
0.08277677564368005 0.11259783926565962 0.13624659016509066 0.14074729908207453 0.09861716421858975 0.16465418726205244 0.0954633854643636 0.16889675889848943
0.08001458053060957 0.12106345976400956 0.10775017610805356 0.12988349255558065 0.10366071022918873 0.19786059570139666 0.0974126194166855 0.1623543656944758
0.07704491942189853 0.11191286065224074 0.10269412739014294 0.13989107581530094 0.09772557059876356 0.20797951241639226 0.09488264272689977 0.16786929097836112
0.07837398581844096 0.12004271649729543 0.09963656317402453 0.12885726992550603 0.10266309204722844 0.21271183268649257 0.09664295244412953 0.16107158740688254
0.07651723552722765 0.11152763530181012 0.10059896800880189 0.13940954412726267 0.09721077453164524 0.21288835092508962 0.09455603862544772 0.16729145295271516
0.10294078377433911 0.06876996024344917 0.21788337288613802 0.13753992048689834 0.09732762919464981 0.0984056578065961 0.15334674716972096 0.1237859284382085
0.10474864135149643 0.06589968606637549 0.26285056975146753 0.13179937213275097 0.09348946254284252 0.07564636908161365 0.14694646415397758 0.1186194349194759
0.12074210860412976 0.07554837871168425 0.20367075802582424 0.09443547338960533 0.14190567681541402 0.10999036251111909 0.14038467387469686 0.11332256806752639
0.10800846443325941 0.06510844397435399 0.2552303726479504 0.13021688794870798 0.10203712860669081 0.07702139085059595 0.14518211238460424 0.11719519915383719
0.10431120628227147 0.06478497300006388 0.276222439093951 0.12956994600012775 0.09304705802699867 0.070990605805285 0.14446082039118718 0.11661295140011498
0.10288817102183723 0.06439766974728535 0.28413396386799733 0.1287953394945707 0.09068328362951608 0.06958857474973301 0.1435971919439467 0.11591580554511363
0.08178477351765505 0.11251335468466102 0.14340269453680465 0.1406416933558263 0.0958946876187373 0.16160100702667687 0.0953917572326474 0.1687700320269915
0.07987915702516679 0.12110056855172265 0.10936162929053349 0.12993154819398026 0.10308145902229192 0.1967825415283443 0.0974486611454852 0.1624144352424753
0.06677260315779845 0.10247007473214008 0.06418017499050782 0.08176435189351924 0.14069290747509927 0.2824739616916736 0.09811722227222307 0.1635287037870385
0.07276031221482782 0.1085299046871437 0.09064035966321578 0.13566238085892962 0.10299338853174049 0.23460431260476175 0.09201448440866532 0.16279485703071553
0.1021541046643741 0.06877224229723583 0.21339475630416851 0.13754448459447166 0.09866501156689692 0.1023275286287683 0.15335183580906017 0.12379003613502448
0.12104643336020611 0.07628162211238954 0.1886786277462149 0.0953520276404869 0.14471505971446844 0.11775660292940363 0.14174719332824623 0.1144224331685843
0.10884353066875872 0.06542701029501888 0.24943960392521417 0.13085402059003776 0.10309024852853266 0.07868449972892905 0.14589246773247494 0.11776861853103399
0.08303844915873557 0.11259161024219903 0.13556836602364503 0.1407395128027488 0.09859272710829227 0.16512381496530332 0.09545810433577745 0.16888741536329854
0.08006916602705151 0.12105230477370793 0.10759309493370611 0.1298718006045393 0.10364660111361385 0.1980234313383028 0.09740385045340448 0.16233975075567408
0.07717611997336854 0.11189009334704259 0.1026454031297153 0.13986261668380323 0.097708827967222 0.20801845886666145 0.09486334001162307 0.16783514002056388
0.14054593892623674 0.10168152151650961 0.1786027071408658 0.10914979399870987 0.12835652233394104 0.12567397663655439 0.12083330878164056 0.09515623066554194
0.06434147332560498 0.08141238260720318 0.08686344622709985 0.10176547825900396 0.12577306358287144 0.2212739631874216 0.11503923629278708 0.20353095651800793
0.10043977701752485 0.0688498206007465 0.2118130009990055 0.137699641201493 0.10362667814188561 0.1001165811109632 0.1535248238470377 0.12392967708134368
0.10456723629086291 0.06599959862268848 0.2604854650112555 0.13199919724537695 0.09493189542442039 0.07604807564232292 0.1471692542422337 0.11879927752083924
0.08235086002287817 0.11272960760592861 0.13813589796415063 0.14091200950741076 0.0969236491928177 0.16427846219724257 0.0955751021006786 0.1690944114088929
0.1053013608847317 0.07534487067093988 0.23741236252493086 0.1347090328178105 0.09485832184990073 0.0858069704376063 0.14912843681906574 0.11743864399501429
0.08255522573482796 0.11294424581297006 0.13297093807737756 0.1411803072662126 0.09700131218231384 0.16817452423497692 0.09575707797186593 0.1694163687194551
0.07997051695881192 0.12107221292624698 0.1069976707052166 0.1298571144520029 0.10326082768200459 0.19912742837171116 0.09739283583900218 0.16232139306500362
0.11713757798909466 0.07750203408449116 0.15563126191029975 0.09687754260561394 0.14821180064620126 0.14437175785369463 0.1440149737838679 0.11625305112673674
0.09473170742778973 0.057452406384489604 0.2054503808718318 0.11490481276897921 0.12146515532741925 0.09729604022820319 0.17081372166851236 0.13788577532277504
0.080581358490883 0.11284697633971501 0.12563396142648994 0.1410587204246438 0.1025938504504121 0.1723400579833078 0.09567461037497578 0.1692704645095725
0.1411521004794691 0.10141486471491208 0.1868600926077251 0.10878166715091639 0.1292613468996441 0.1172688513513399 0.12042577722852771 0.09483529956746559
0.08789400705550657 0.11106196705301044 0.12036932048298937 0.13882745881626304 0.10315520721426538 0.17793785586220162 0.09416123293624798 0.16659295057951565
0.08070796734187058 0.12046866189054509 0.1039488016100345 0.12940089345822472 0.10436087025053913 0.20231101853233655 0.09705067009366854 0.16175111682278087
0.07818192682711982 0.129752563429209 0.098878153485452 0.12708766190263093 0.10309150480665975 0.20883286574366647 0.09531574642697323 0.15885957737828868
0.0935881396211981 0.15845212559220628 0.11773734478377684 0.15299054626169728 0.08633879865417127 0.1774908472244802 0.08002582419842627 0.13337637366404378
0.09762745448525695 0.17657923328834674 0.09269487685601435 0.11525365296025329 0.12002283809930009 0.24222951281448657 0.08644023972018998 0.06915219177615198
0.09253894193856019 0.1284452618425385 0.07992927919985358 0.11197792058067459 0.11677186261270447 0.260012987343706 0.0759502417851532 0.1343735046968095
0.10636054910562585 0.06813897833656739 0.2070438291800493 0.13627795667313478 0.10109781668852547 0.10649095731649748 0.15193975169377863 0.1226501610058213
0.10064213744894307 0.14933378644627643 0.14745055431576776 0.1543170181079988 0.08672765778164551 0.14627638987180078 0.08071967101033785 0.1345327850172297
0.08174480672426959 0.14321229707578345 0.10837505616548139 0.12665496257430767 0.09899949005124625 0.18770346226029633 0.09499122193073076 0.15831870321788458
0.09508707144996374 0.17203354553853817 0.09089257582984077 0.1154506357538 0.1236417108673998 0.24703610229282763 0.08658797681535 0.06927038145228
0.06593990684555645 0.09201322730149962 0.05704353860855538 0.08021665969874325 0.14053867183092547 0.31313497404908874 0.09067970226814455 0.1604333193974865
0.10037165187475805 0.0682516948016406 0.19669414706691474 0.1365033896032812 0.10668697546461892 0.11644799795829441 0.1521910925875389 0.1228530506429531
0.10493828392108574 0.06622231718739757 0.2545531475256553 0.13244463437479514 0.09591730082653924 0.07905826182725327 0.14766588339995818 0.11920017093731565
0.10401446769479296 0.0649204787836788 0.2762164299196342 0.1298409575673576 0.09194374335656878 0.07144408280344101 0.14476297806390467 0.11685686181062187
0.10304510140437613 0.06439717489531674 0.28413092141236157 0.12879434979063348 0.09045894095300268 0.06966250823482413 0.14359608849791522 0.11591491481157011
0.12006556818025178 0.07517023657979528 0.21001582792300705 0.0939627957247441 0.14035744330178382 0.10799076664185173 0.13968200677887332 0.11275535486969292
0.08413051613242205 0.11100672670890654 0.12556761084202225 0.13875840838613318 0.10553519064976272 0.17437705848592927 0.09411439873146424 0.16651009006335982
0.10506815849689673 0.08420677478673774 0.23024626017241542 0.13333585100569056 0.09612656722977002 0.08716660906971561 0.1476082681056078 0.11624151113316614
0.08401117289668082 0.12907159672947138 0.12866464176231068 0.12906582887667614 0.10294345607401978 0.168111645907489 0.09679937165750713 0.16133228609584518
0.07870807632352778 0.1380849867381035 0.10421821169465045 0.12679144829740902 0.1027001163253281 0.19591426402616308 0.09509358622305678 0.15848931037176128
0.07724539341786667 0.13947024105437458 0.09824856351332828 0.12593827624814213 0.10199803498741031 0.20522293828259397 0.0944537071861066 0.15742284531017764
0.0768164220515891 0.1395271545180892 0.09674612400551555 0.1256514000721315 0.1016261543987177 0.20832994480969394 0.09423855005409863 0.1570642500901644
0.05734887796889939 0.10428513209461449 0.07205769351450604 0.09389738976124198 0.12141766384405002 0.2505215955807136 0.11267686771349038 0.18779477952248397
0.07238436117135048 0.11054572912101471 0.09377994855575822 0.1381821614012684 0.10033803174896153 0.2252276213696992 0.09372355295042552 0.16581859368152205
0.0760790605985537 0.1325301847734766 0.095934658548147 0.1260043589208919 0.10141300987140855 0.21603000944573839 0.09450326919066894 0.15750544865111488
0.09319914341839823 0.1676469050123774 0.08781946510286624 0.11464474717254008 0.12348100445876249 0.2584383261521265 0.08598356037940506 0.06878684830352405
0.07765271984647569 0.10876322836196542 0.0960516808490159 0.13595403545245677 0.0996975963804478 0.2265235942598065 0.09221230230688374 0.16314484254294812
0.1032843088689715 0.06865083630927923 0.21557423980124896 0.13730167261855847 0.09778532346565011 0.10075099500337538 0.1530811185762137 0.12357150535670264
0.08380826122850495 0.12534363084447178 0.1254947489920276 0.12941186538774566 0.10349061705574661 0.173627145716012 0.09705889904080925 0.16176483173468206
0.09579703001728362 0.17125047297420154 0.09457248953441885 0.1157054873163377 0.12522618447842376 0.24124592780227855 0.08677911548725327 0.06942329238980262
0.07841455588690378 0.10924666281688011 0.09791709772715056 0.13655832852110017 0.10045145046464794 0.2209197397089034 0.09262217064909402 0.16386999422532017
0.09284317078696257 0.16268827619554338 0.11652251805316453 0.1514503172228389 0.08513546816913452 0.1801064737538323 0.07922016593194649 0.13203360988657747
0.07937132245392137 0.14939952519848462 0.10041447031075176 0.12497689834549038 0.09746351685549354 0.19842047014487765 0.09373267375911778 0.15622112293186297
0.07691157823179871 0.1456269405528718 0.0968716265091311 0.12505531730803407 0.10023942126806545 0.20518448151403065 0.09379148798102556 0.1563191466350426
0.1147021215880977 0.10247520715470677 0.14415609357677187 0.08863514090935723 0.15130709125258937 0.14723971952565792 0.1406906998561226 0.11079392613669654
0.12364531942790895 0.07542952125500282 0.16463236814434093 0.09428690156875351 0.1603247806211152 0.128373015216078 0.14016381188429627 0.11314428188250422
0.14455525629892244 0.08638181878873 0.19675317881589968 0.1079772734859125 0.1404756323578426 0.10629069218406312 0.12038660193130842 0.09717954613732126
0.08857658793793634 0.11085317308787668 0.1225807475569909 0.13856646635984587 0.10552400989403542 0.17363504356569134 0.0939842119658085 0.16627975963181502
0.1060188928800081 0.08600911929083153 0.22857147976814085 0.13307208731348452 0.09601929820274525 0.08698128839006392 0.14731627085579074 0.11601156329893522
0.10385360207286391 0.16274343215340856 0.1187534272741958 0.11932859658092868 0.12695384446367658 0.20727349207067275 0.08949644743569651 0.0715971579485572
0.06830701454008255 0.09339824409730665 0.06154672891293811 0.0814241102386776 0.1436547876219987 0.2967762477548752 0.09204464635676599 0.1628482204773552
0.10094126597043517 0.06822849999504069 0.1987401192608029 0.13645699999008137 0.10726081171539519 0.11342163144643878 0.15213937163073252 0.12281129999107325
0.10508803833419961 0.0661682134256053 0.25530468051995564 0.1323364268512106 0.09596226739515845 0.07849234922143099 0.14754524008634973 0.11910278416608956
0.08250984898545391 0.11271460663552461 0.13693956580634303 0.14089325829440577 0.09712748944483252 0.16518093699351286 0.09556238388664044 0.16907190995328691
0.1042591531158317 0.08609263355972781 0.23485678742176092 0.132771633719655 0.0939767879837358 0.08530971842600331 0.14698365637666322 0.11574962939662231
0.08366943145146959 0.13164688222468476 0.12946748271215464 0.12867271644179235 0.10220495150027067 0.16699310278604326 0.09650453733134426 0.16084089555224043
0.07835811719677635 0.14188328549408927 0.10404878599989785 0.1262155840675423 0.10217233252259457 0.19489072658401493 0.09466168805065675 0.15776948008442787
0.07686088793997242 0.1437777495705954 0.09782610584839155 0.12529796233156273 0.10147674554912847 0.20416462409722383 0.09397347174867207 0.15662245291445345
0.07641818632318037 0.14399365586803747 0.09625960062400424 0.12499656632695398 0.1010969121804563 0.20724194602345966 0.0937474247452155 0.15624570790869247
0.07628365781775495 0.1439553212625464 0.09585197292469741 0.124900294704905 0.10094046729258857 0.20826769658769767 0.09367522102867877 0.15612536838113125
0.0762419681289122 0.14391344135122353 0.09574201583141394 0.12486950720910524 0.10088260818306803 0.20861144487806646 0.09365213040682893 0.15608688401138154
0.0927856432946419 0.17514489422614252 0.08737469894237333 0.11398418559850941 0.12276944490064474 0.25406248247970026 0.08548813919888207 0.06839051135910565
0.07630436810813739 0.1267031136573643 0.09427098151539533 0.13299013583826572 0.09792892776250221 0.22201230493515786 0.09020200517725849 0.15958816300591885
0.07629152358168005 0.13919677667328195 0.09544821275688674 0.12499904156459385 0.10025174592042159 0.21381461637394816 0.0937492811734454 0.1562488019557423
