Action: 0
[0.16532942135202, 0.09979709626688882, 0.2275576592681019, 0.0997970867690998, 0.10800349779254644, 0.09992106501314348, 0.0997970867690998, 0.0997970867690998]
[0.10102229463097395, 0.10102229463097395, 0.2665121809275802, 0.10102229463097395, 0.12735405128657606, 0.10102229463097395, 0.10102229463097395, 0.10102229463097395]
[0.20734898298446908, 0.10342891160778583, 0.17123202817471303, 0.10342890680116837, 0.10343222720902617, 0.10427112962050082, 0.10342890680116837, 0.10342890680116837]
[0.125, 0.125, 0.125, 0.125, 0.125, 0.125, 0.125, 0.125]
[0.2146509204810203, 0.09880530872814464, 0.15663565870102847, 0.09880530872812533, 0.13454505132177688, 0.0989471345836537, 0.09880530872812533, 0.09880530872812533]
[0.11504476462322835, 0.10098548198224938, 0.2719159047405057, 0.10098179887049791, 0.10804123460215868, 0.10106721744036418, 0.10098179887049791, 0.10098179887049791]
[0.125, 0.125, 0.125, 0.125, 0.125, 0.125, 0.125, 0.125]
[0.125, 0.125, 0.125, 0.125, 0.125, 0.125, 0.125, 0.125]

Action: 1
[0.10077754838052262, 0.10077754838052262, 0.10077754838052262, 0.10077754838052262, 0.13155567219883071, 0.2637790375180336, 0.10077754838052262, 0.10077754838052262]
[0.10102630089338539, 0.10102630089338539, 0.10102630089338539, 0.10102630089338539, 0.23573342861021465, 0.15810876602947305, 0.10102630089338539, 0.10102630089338539]
[0.10283236868944405, 0.10283236868944405, 0.10283236868944405, 0.10283236868944405, 0.10876968961491765, 0.2742360982484181, 0.10283236868944405, 0.10283236868944405]
[0.125, 0.125, 0.125, 0.125, 0.125, 0.125, 0.125, 0.125]
[0.10721988626108808, 0.09988176905640209, 0.09988176905640209, 0.09988176905640209, 0.12833616737765235, 0.26503510107924905, 0.09988176905640209, 0.09988176905640209]
[0.10189256890277996, 0.10189256890277996, 0.10189256890277996, 0.10189256890277996, 0.1165710969160586, 0.2720734896672616, 0.10189256890277996, 0.10189256890277996]
[0.125, 0.125, 0.125, 0.125, 0.125, 0.125, 0.125, 0.125]
[0.125, 0.125, 0.125, 0.125, 0.125, 0.125, 0.125, 0.125]

