0.125 0.125 0.125 0.125 0.125 0.125 0.125 0.125
0.07575757575757576 0.12626262626262627 0.09090909090909091 0.15151515151515152 0.0946969696969697 0.15782828282828282 0.11363636363636365 0.1893939393939394
0.06506121454980185 0.1084353575830031 0.05855509309482167 0.0975918218247028 0.14119196794261551 0.2168707151660062 0.11711018618964333 0.1951836436494056
0.06430745814307458 0.11377473363774733 0.056062912227295786 0.09918822932521562 0.12861491628614916 0.22754946727549466 0.11212582445459157 0.19837645865043124
0.09567579728864391 0.0772322701004716 0.19135159457728781 0.1544645402009432 0.08610821755977952 0.08393305897246617 0.17221643511955903 0.13901808618084885
0.09844729136359684 0.07752724194883254 0.19689458272719368 0.15505448389766507 0.0925215130374779 0.07272749560869043 0.1716516875057586 0.13517570391078493
0.07317288355742761 0.12195480592904603 0.10381959330943549 0.14634576711485522 0.0993037734004929 0.16271164245903233 0.10975932533614143 0.18293220889356904
0.06107443675307548 0.10179072792179246 0.060331641827359464 0.09161165512961322 0.13355177062842405 0.258482471324973 0.10993398615553585 0.18322331025922645
0.051008263089442875 0.09024538854286047 0.06730525037259673 0.11280673567857559 0.10201652617888575 0.22348370705687998 0.1275206577236072 0.22561347135715118
0.09444849169675587 0.07437818721119525 0.20111814322696409 0.1487563744223905 0.0904142606562805 0.09652007699819123 0.1646794214199846 0.12968504436823788
0.08866331274003621 0.14777218790006036 0.10695256038075583 0.13299496911005432 0.12044634229412159 0.22362741927639837 0.09974622683254075 0.07979698146603259
0.05899259179574174 0.10437150856169693 0.05660713162937809 0.09099054592558195 0.11798518359148348 0.28621306864212215 0.10285887800283176 0.1819810918511639
0.06618542953838691 0.11709729841406914 0.08724979569345284 0.1463716230175864 0.07942251544606428 0.2287492459617566 0.09927814430758036 0.1756459476211037
0.09256843937148715 0.07289764600504614 0.21300123126492815 0.14579529201009228 0.08697186609641223 0.10026055587756588 0.161401381468234 0.1271035879062343
0.06008973111027714 0.10014955185046191 0.07973185719034806 0.09013459666541572 0.13041434123263615 0.25104921262153074 0.10816151599849885 0.18026919333083144
0.056070685145695076 0.09920198141161438 0.052651278505886585 0.0864837786665356 0.11214137029139015 0.3227190771097232 0.09776427153608372 0.1729675573330712
0.09052564976630421 0.07307492210051063 0.190514368958806 0.14614984420102126 0.08147308478967379 0.1237811008234175 0.16294616957934757 0.1315348597809191
0.06892672130669988 0.11487786884449983 0.11791118648348882 0.13785344261339977 0.09305348593057132 0.19167040959454099 0.10339008196004984 0.1723168032667497
0.057402662145308356 0.09567110357551394 0.06535590720285632 0.08610399321796254 0.12536553344205967 0.294568022118819 0.10332479186155505 0.17220798643592508
0.06428116563957806 0.1137282161315612 0.0895254699451452 0.14216027016445149 0.07713739876749368 0.2461534066950614 0.09642174845936712 0.1705923241973418
0.09090178278760314 0.07158515394523748 0.21878895967345208 0.14317030789047497 0.08535608062827789 0.10688715872025804 0.15849541614248752 0.12481514021220892
0.06838838895902948 0.11398064826504913 0.12817259095395722 0.13677677791805895 0.0927456432605832 0.1863823948072041 0.10258258343854423 0.1709709723975737
0.06737673386563309 0.11229455644272182 0.10749229066310526 0.13475346773126617 0.09200147219343147 0.21657454364130976 0.10106510079844964 0.16844183466408272
0.0563165296608884 0.09386088276814732 0.06475585968414573 0.0844747944913326 0.1230029740947645 0.3072696169284571 0.10136975338959911 0.1689495889826652
0.05335805715699011 0.09440271650852096 0.05182080398774247 0.08229980413563368 0.10671611431398022 0.353768334429062 0.09303456119680328 0.16459960827126735
0.06191456049976155 0.10954114549957814 0.08465035014607765 0.13692643187447265 0.08243513402860782 0.26734881895249285 0.09287184074964233 0.1643117182493672
0.09404868258026827 0.07146363913421887 0.20366627832926823 0.14292727826843774 0.08629010854765434 0.11361621364404666 0.1593532490545119 0.12863455044159394
0.0683697417234461 0.11394956953907685 0.12488169050735409 0.1367394834468922 0.09278781845247548 0.18979272943697076 0.10255461258516918 0.17092435430861527
0.0715105036913795 0.11151889621665433 0.10631013421071983 0.1338226754599852 0.09144135492456976 0.21775108457672104 0.10036700659498889 0.16727834432498148
0.05882946005690503 0.09711650620577478 0.05945962761061338 0.08466567207682929 0.11985379097915674 0.3150345783084724 0.09570902060858964 0.16933134415365858
0.06593461571095728 0.10999390512407223 0.08852770872001012 0.1374923814050903 0.08380704006425153 0.25599778911910115 0.09325570217040907 0.16499085768610836
0.0935530160086738 0.07079215720275045 0.21115158398393863 0.1415843144055009 0.08562614568701973 0.11201095517864457 0.15785594456852112 0.1274258829649508
0.10902736328500416 0.0784677843909066 0.1851754431011754 0.09416134126908793 0.13529012227318732 0.13071382263540907 0.1494624464588697 0.11770167658635988
0.07206065420327189 0.11480899238880787 0.12039286673693327 0.14351124048600983 0.08854493577446251 0.19112976306287874 0.09733805876442407 0.17221348858321178
0.09520879870028956 0.06987615859643705 0.233319533448961 0.1397523171928741 0.08958865648644751 0.09570762218803354 0.15471155993675925 0.12183535345019791
0.07623259825462174 0.11519382427124007 0.13126371888055086 0.1439922803390501 0.08525535580309788 0.17760715677113664 0.09766432927344268 0.1727907364068601
0.12862418207640747 0.09402234401538415 0.19578850428293854 0.11282681281846096 0.11995359977801559 0.12551880044623034 0.12490391976646878 0.09836183681609417
0.09382601261542686 0.13431168187718942 0.10097481086497347 0.11709223548267797 0.11114237727302997 0.22272311784967247 0.07941908145781634 0.14051068257921354
0.13146669092618654 0.09060030907866405 0.17816398461003616 0.11325038634833007 0.12151425237532458 0.13681329969094264 0.12626572925701873 0.10192534771349705
0.10867170904992139 0.06677696145125328 0.24526248839918766 0.13355392290250656 0.09118588407617181 0.08544784618307284 0.14890265732563043 0.1201985306122559
0.08061338826583235 0.11338184992894647 0.1365628277880798 0.1417273124111831 0.08980481701281542 0.171708939542573 0.09612809015715028 0.1700727748934197
0.07590975311213875 0.11045099524754264 0.11012711141501721 0.13254119429705113 0.09626099568506993 0.20962756164907811 0.09940589572278836 0.16567649287131392
0.08946619488666842 0.13156105561723438 0.08521018622285635 0.11469425361502485 0.10493566765351818 0.2587069134756078 0.07779262419106033 0.1376331043380298
0.10538836225995843 0.0684164956577631 0.21144260168239262 0.1368329913155262 0.09115887838383883 0.11105240461699778 0.15255857389954935 0.12314969218397359
0.12175677969438499 0.07649440633084603 0.1931459424303576 0.09561800791355754 0.13285579832402378 0.12324486494204871 0.1421425908685124 0.11474160949626903
0.1100064287434272 0.0654500656141232 0.2570649570216369 0.1309001312282464 0.09116123414228272 0.08166318749187665 0.14594387765298514 0.11781011810542175
0.10534491732144756 0.06437804578492626 0.2853808813510764 0.12875609156985252 0.08399882616209756 0.07270732196089684 0.14355343343683555 0.11588048241286726
0.10310091777569125 0.06358686107633092 0.29753937311916084 0.12717372215266184 0.08207401694287136 0.07027954937195029 0.1417892096239379 0.11445634993739566
0.10203822997357362 0.06320429929931713 0.30282393478249814 0.12640859859863426 0.08135896405130863 0.0694620805959276 0.14093615395996983 0.11376773873877084
0.1366634932736498 0.08482603495613376 0.25669153705591513 0.10603254369516721 0.1090855902599279 0.09305313808983941 0.11821837334371628 0.09542928932565048
0.11136378162630113 0.06324691641618777 0.2850023646146386 0.12649383283237553 0.08520021881750951 0.07381725237402187 0.14103118376982765 0.113844449549138
0.12369371571229239 0.07454854255383521 0.21930596726755933 0.09318567819229401 0.12863827020165733 0.11027824286918378 0.13852676937242514 0.1118228138307528
0.10988644472190516 0.0643588766666152 0.27031507300833996 0.1287177533332304 0.08923329930194085 0.07813188580399694 0.14351068916406431 0.11584597799990734
0.09679780150149023 0.12840958333779934 0.16795164212082767 0.16051197917224916 0.07628090302787986 0.1439355636579765 0.08165174592675284 0.14446078125502423
0.10541425761267978 0.0676568322434106 0.25376152087905357 0.1353136644868212 0.08528549977129068 0.08480467729208212 0.14979778893127943 0.11796575878338256
0.08390423757609497 0.11213034504199416 0.14216373999165255 0.14016293130249272 0.08817873619441757 0.1701974606643182 0.09506703166603854 0.16819551756299125
0.095206465241917 0.13255826246941357 0.13533839150123642 0.15906991496329628 0.08046986010576203 0.17547496792341766 0.08320580167310884 0.13867633612184804
0.07011141802949092 0.09311180049988872 0.07038656178431184 0.08380062044989985 0.12818349807595922 0.28624411572077 0.1005607445398798 0.1676012408997997
0.11476307058802672 0.07617408005562411 0.1440411952971304 0.09521760006953014 0.14046712163103553 0.17352845455991545 0.14154735771530152 0.11426112008343615
0.08374549104304779 0.109026839371229 0.11239708955378257 0.13628354921403626 0.09944829998130002 0.2031226731824146 0.09243579859734635 0.16354025905684352
0.10525043315102019 0.06767418469093904 0.22624863783127683 0.13534836938187808 0.0934140992893162 0.09934741197566621 0.1509033312362133 0.12181353244369025
0.1061465107862543 0.06469713956247976 0.27422145895122313 0.12939427912495952 0.08843131302230468 0.07638948240547219 0.14426496493484292 0.11645485121246356
0.10440272114566292 0.06336513770783327 0.2934325061270175 0.12673027541566653 0.08589144733783256 0.07082586478665917 0.1412947996052282 0.11405724787409988
0.08322527573049651 0.11105354769455102 0.1517212951173077 0.13881693461818878 0.09117224812151498 0.16327628239160386 0.09415409478451064 0.1665803215418265
0.11911076980049859 0.07658039111910435 0.1743863328879776 0.09572548889888043 0.13862487160087275 0.1383991904419426 0.14230236857206702 0.11487058667865652
0.09898172286150454 0.1271023470935731 0.13973266928438374 0.1588779338669664 0.08665855286060312 0.1648361193681991 0.08082051418450029 0.14299014048026973
0.10893725828075691 0.06780853938325161 0.24333214992887475 0.13561707876650322 0.08697126413770963 0.08896975469511442 0.15013368101135072 0.1182302737964387
0.08465446315079893 0.11157953865054954 0.13927346042984676 0.13947442331318693 0.09164605096108214 0.17140271188020198 0.09460004363850939 0.16736930797582428
0.11988541746151472 0.07670527418670608 0.17004794742096377 0.0958815927333826 0.13896186518167117 0.14092556432906214 0.1425344274066404 0.11505791128005911
0.11142168530955637 0.0650967830122008 0.24872356213039631 0.1301935660244016 0.09733322117932179 0.08490086274271696 0.14515611017944477 0.11717420942196144
0.10700623410434791 0.0638785595641779 0.2828853166488544 0.1277571191283558 0.08811462211226971 0.07293708751172509 0.1424396537147489 0.11498140721552019
0.10464724080600317 0.06305412835116618 0.29672662278611184 0.12610825670233236 0.08546211026907652 0.06990291489404324 0.14060129515916756 0.11349743103209912
0.10352811469261997 0.06269053212284634 0.3022261236376007 0.12538106424569267 0.08455288312286502 0.06898779451914368 0.1397905298381081 0.11284295782112341
0.10303766946651916 0.06254359153088222 0.30439948500833314 0.12508718306176445 0.08421509927521738 0.06867563265223604 0.13946287424945975 0.112578464755588
0.08321317647625485 0.11082293748593007 0.15438636771630782 0.13852867185741258 0.09072402627118509 0.16213183653029126 0.09395857743372331 0.16623440622889507
0.07914906918036199 0.11132130301211726 0.11634169952727319 0.13915162876514658 0.09187377444732345 0.200799465821937 0.09438110472766464 0.16698195451817588
0.11810900392277077 0.07651847130181622 0.16139515268719748 0.09564808912727027 0.1421675502477013 0.1491967171474431 0.14218730861307638 0.11477770695272432
0.11098370703965116 0.06498682016906021 0.24437095280388368 0.12997364033812042 0.10132370274196327 0.08647399115140694 0.1449109094516059 0.11697627630430839
0.12439133318979385 0.0742391778110731 0.20426827279058235 0.09279897226384136 0.14141931767605584 0.11357225451504978 0.13795190503699403 0.11135876671660963
0.14598168873046016 0.08404450299334684 0.21614867121739628 0.10505562874168355 0.13366373577730095 0.1034265205976142 0.11712918607468298 0.09455006586751517
0.11530391010743418 0.06309467858488191 0.2663569975512942 0.12618935716976382 0.09888631874100698 0.07590660026475143 0.14069171612807996 0.11357042145278744
0.08550284868841247 0.11047890879024061 0.14466452196768403 0.13809863598780073 0.0970613853399789 0.16480843510966617 0.09366690093085615 0.16571836318536087
0.10463881529584618 0.06665310649738872 0.23984735307285945 0.13330621299477743 0.09605492547974954 0.09089751569975243 0.14862647926432646 0.11997559169529969
0.0834831950515298 0.11086930332381002 0.13800280035308393 0.13858662915476253 0.09731177411792137 0.17144445541255576 0.09399788760062154 0.166303954985715
0.13736353326825043 0.0879454849511308 0.19491368491094266 0.10993185618891349 0.12679364448532374 0.12154730984464313 0.12256581578077369 0.09893867057002213
0.11420569060525997 0.06381168921256586 0.2578800312702976 0.12762337842513172 0.09929955907010773 0.0800280680227149 0.14229054281130354 0.11486104058261853
0.08525913091444615 0.11046127401806533 0.1424734960658814 0.13807659252258167 0.0978791418578545 0.16650650388310456 0.09365194971096842 0.16569191102709796
0.13777673207821295 0.08780721143867878 0.19655106457458338 0.10975901429834849 0.12678269102528472 0.12016706374493577 0.12237310997144227 0.09878311286851363
0.13100235915948424 0.07312105603156523 0.18530843327105634 0.09140132003945652 0.15172288339703396 0.12188816292077403 0.13587420113328164 0.10968158404734783
0.11267622746644024 0.06378108981093075 0.2532655588109385 0.1275621796218615 0.10553237868480193 0.08015429323261944 0.14222231071273217 0.11480596165967535
0.10657591856346783 0.06321326882535457 0.2836946694130357 0.12642653765070913 0.09385153997326519 0.07149802702423128 0.1409561546642981 0.11378388388563822
0.10405889236086209 0.06259258623365536 0.29626549619205883 0.12518517246731073 0.09040315092045106 0.06925592148108074 0.13957212512400166 0.11266665522057966
0.10298095564636707 0.062291519676113905 0.3013276614534661 0.12458303935222781 0.08924960794057991 0.06854168887824877 0.1389007916359913 0.11212473541700503
0.08291272399672002 0.11018366988049443 0.1533233293482994 0.13772958735061805 0.09578478543014561 0.161373809491692 0.09341658968128877 0.16527550482074163
0.13665492055936554 0.08757787828237687 0.20071511838045583 0.1094723478529711 0.12636630770052815 0.11863481587876362 0.1220534982778648 0.09852511306767398
0.11374799559705111 0.06362391211033823 0.26024566686452044 0.12724782422067646 0.09945197989784194 0.07928775161119388 0.1418718278997691 0.11452304179860881
0.08512904659475423 0.11037252838427261 0.1430281874948459 0.13796566048034078 0.09826952997554726 0.16609954564629478 0.09357670884753548 0.16555879257640893
0.10454030575510291 0.06662962178085771 0.2390059446571354 0.13325924356171542 0.0969128802684876 0.09114457291951321 0.1485741118516439 0.11993331920554388
0.08342440404164836 0.1107767094674854 0.13774213598155538 0.13847088683435677 0.0980545889037359 0.17144682645625234 0.09391938411373763 0.1661650642012281
0.09159894113140399 0.12851228049990607 0.1299313812074141 0.1606403506248826 0.08532587035370444 0.17769781269372378 0.08171704792657072 0.1445763155623943
0.10680835300427595 0.06704687343507916 0.23349510502363416 0.13409374687015832 0.09455840106003083 0.09380862765948773 0.14950452076419143 0.1206843721831425
0.12332950254832575 0.07433570312907373 0.2004829123498879 0.09291962891134214 0.14352014960188053 0.1157772795185709 0.13813126924730862 0.11150355469361058
0.0860409010967362 0.10870549991321451 0.12678701626247535 0.13588187489151815 0.10789997618145443 0.17946312316270627 0.09216335862207319 0.16305824986982176
0.10443022749372954 0.0739173297331899 0.23014502662309647 0.13231736929483043 0.09899138461195013 0.09358903754466455 0.14752399233319152 0.11908563236534739
0.08279233005045801 0.11853977825874945 0.1347413951151093 0.13716951439812788 0.09792793716303087 0.1711889136232583 0.09303671411351283 0.16460341727775346
0.11754240970457323 0.08470889747476751 0.16611285774281848 0.09392335508308293 0.14623325524552827 0.13914782303348444 0.13962337561604565 0.1127080260996995
0.08401699250207657 0.11747053172401521 0.11705961378231042 0.13426342491402568 0.10755031127132428 0.18745738857642555 0.09106562733299134 0.1611161098968308
0.10426301279192592 0.07480472648051895 0.22584176143661147 0.13278726488059944 0.09931577279093852 0.09543103238237696 0.14804789084448922 0.11950853839253951
0.10541230977134375 0.06895924874285192 0.2723849240349282 0.12756803653090898 0.09368090266434435 0.07495450464856743 0.14222884072923733 0.11481123287781811
0.10383517234450981 0.06724590307264007 0.29121201712477685 0.12506340471659175 0.09075168409437377 0.06989839123307956 0.13943636316909558 0.11255706424493257
0.10270339619553039 0.0666075088352286 0.29873445597402465 0.12406234461944832 0.08944404373569122 0.06847188461581523 0.13832025586675806 0.1116561101575035
0.08229587304370915 0.11719367133397011 0.15195396029779976 0.13650325663494578 0.09550805735999603 0.1601564558239418 0.09258481754370237 0.16380390796193495
0.09004699653977295 0.14220789917932025 0.13231043929454722 0.15785716470222644 0.08371116657590262 0.17149363212770272 0.0803012533485239 0.1420714482320038
0.07906424198785693 0.12541594285829846 0.10913870586165991 0.13599567084493108 0.09336489661229795 0.20158519485665016 0.09224054196438805 0.1631948050139173
0.11676443518088837 0.08550302088067076 0.15709017958403776 0.09419004257312164 0.14515164098515962 0.14825280522654155 0.14001982448183453 0.11302805108774597
0.14384511603906594 0.09201516161196743 0.1969434452331272 0.10508955873677599 0.13808145863553986 0.11227764139330326 0.1171670154871219 0.09458060286309838
0.11487247022970286 0.06934622713434985 0.25704047503786875 0.12576664230334886 0.10200525049213167 0.07755853613167125 0.14022042059791284 0.113189978073014
0.1065279434446102 0.06745005025517967 0.2845168425661504 0.12537482473329695 0.0929309441549342 0.07057847933843926 0.1397835732474221 0.11283734225996724
0.10358036056131971 0.0667592113154081 0.2959640076660631 0.12432226985986873 0.09013907148198534 0.06873498312905225 0.13861005311242078 0.11189004287388186
0.1024447226743751 0.06643451830498696 0.3006065050779391 0.12379249980131694 0.08916138623967013 0.06812771904831189 0.13801939903221455 0.11141324982118524
0.1365620395329336 0.0887628379274652 0.2531164743511671 0.10340328111520929 0.11888921429598859 0.09091625799285927 0.11528694178068856 0.09306295300368836
0.14699664299235785 0.08985232063736871 0.23255982359957061 0.10215678052434367 0.12691546664251335 0.09568067648763116 0.11389718664430554 0.09194110247190929
0.15073019399606322 0.09006740108114629 0.22433414060954446 0.10227603855700053 0.12953110412394608 0.09698253648013413 0.11403015045086476 0.09204843470130046
0.10453731915770464 0.13581433748145322 0.1519226707064658 0.1541931426693054 0.08963737202754819 0.14668394828424028 0.07843738127090755 0.13877382840237484
0.1082423334556638 0.07513665976125275 0.2410227723327069 0.13105433976125933 0.0939154485273283 0.08656373171746046 0.1461158086591951 0.11794890578513338
0.10581129053858375 0.06856195793566809 0.2785729330874635 0.12677110103456313 0.09194826349300053 0.07290014585600432 0.14134031712360992 0.11409399093110682
0.13846385268100436 0.08953114098557345 0.2451118415875315 0.10410215864684733 0.12041543311585809 0.0926174921275974 0.11606613807342529 0.09369194278216258
0.1293372153987607 0.07879734254253001 0.20077213736176538 0.08952666936299111 0.14879024814497174 0.11225697696004973 0.133087406993342 0.10743200323558934
0.08648493523397999 0.11673047954924297 0.1259426103561836 0.13412931537429218 0.10841742702899335 0.17636538792820258 0.0909746660799547 0.1609551784491506
0.10455719584988213 0.07449711507122628 0.22972959485714423 0.13232835241368757 0.09923841507818738 0.09301757186647201 0.1475362376910815 0.11909551717231881
0.1053222334314985 0.06882165979993901 0.27395969675516685 0.12734593659032598 0.09356199297982756 0.07439592164183896 0.14198121587010973 0.1146113429312934
0.12130826113412273 0.07856229811769605 0.21327461656359462 0.09132876212676626 0.14141810795504675 0.10874710062787905 0.13576633892277493 0.1095945145521195
0.10884245038546943 0.06831494297175915 0.2647075484462533 0.12565297648690937 0.10256020965080395 0.07674050152547986 0.1400936916951064 0.11308767883821844
0.10477834920000945 0.06722330976829767 0.2877535787479438 0.12508083718346275 0.09286442979218475 0.07027094277425903 0.13945579906872635 0.11257275346511647
0.10303191212984976 0.066665773476572 0.2972862573220665 0.12417320103372544 0.09003985541126663 0.06860326720035648 0.1384438524958103 0.11175588093035291
0.08236464917123498 0.11720645247877887 0.1515940904720899 0.13651069125081894 0.09569806471815068 0.16022336225521458 0.09258986015272937 0.1638128295009827
0.11715963452545815 0.08440596765681965 0.17198654279506473 0.09369287746243267 0.14529951204757124 0.13574325740462548 0.13928075515310887 0.11243145295491921
0.10946518313435193 0.06986524131224327 0.24729593445695233 0.127797234132555 0.10505638754423234 0.08301812974959161 0.14248437895077398 0.1150175107192995
0.14041145168230343 0.09014443566127428 0.23321545333807722 0.10468796028153944 0.12502863176170698 0.09557363984214594 0.11671926317956713 0.0942191642533855
0.11270397560767076 0.06841742734622334 0.27261091728356773 0.12430548247003602 0.09790115028292824 0.07359477636099387 0.13859133642554763 0.11187493422303244
0.0842970511396958 0.11742404934839817 0.14538900428818638 0.13652526587874864 0.09759065144861018 0.16234391328932002 0.09259974555254256 0.16383031905449835
0.10350996802156813 0.07422701521643657 0.23871952892310885 0.13180401927686766 0.09625379697104183 0.08991040886893012 0.14695164537286584 0.11862361734918088
0.10474527622114631 0.06858995036292227 0.27771659016643435 0.12694478997051561 0.09261428631135045 0.07360482866883104 0.14153396732533605 0.11425031097346404
0.10346182504756204 0.06707505520820148 0.2933557773841612 0.12478421275728545 0.09037945461668183 0.06951279853486125 0.1391250849696899 0.1123057914815569
0.10252426351680638 0.06653412907420558 0.29958437706571533 0.12394322941987111 0.08933287817494376 0.06834476496215028 0.13818745130842344 0.11154890647788401
0.1020521031500657 0.06632797642595513 0.3020648393202174 0.12361768656721711 0.08888791917782614 0.06796906212626606 0.13782449532195698 0.11125591791049541
0.10184129344043481 0.066247739457981 0.30305370860555475 0.12349040896353897 0.08870601698116648 0.06783687419195432 0.1376825902921845 0.11114136806718507
0.11962339296478813 0.0778461294938747 0.2229655437464017 0.09070050080314049 0.13893331795222919 0.10625812780724794 0.13483238626854915 0.10884060096376859
0.08464870157572926 0.11679562874393158 0.131618270227427 0.13435115132707856 0.10619433315103612 0.17404540465611065 0.09112512872619244 0.1612213815924943
0.09041795230824898 0.14186093322107837 0.12634435241021671 0.157485687502852 0.08577144812082269 0.17627022317189414 0.08011228451232037 0.14173711875256678
0.07905421062237931 0.12523913834348668 0.10757477608920932 0.1358388956731983 0.09377352130917142 0.20337857565463466 0.09213420750008232 0.16300667480783793
0.11674945598766569 0.08547793819527487 0.156497430182787 0.09417502622577437 0.1453278976846303 0.14876471857999626 0.13999750167294223 0.11301003147092925
0.10996197617960812 0.07033985974580989 0.240586701692993 0.1285370283746164 0.10564913963049746 0.08593277451717345 0.14330919432214695 0.11568332553715475
0.08379810994723462 0.1178519906986907 0.1373205844893975 0.13680968167841492 0.09952380956467244 0.16773155194734973 0.09279265366014229 0.16417161801409785
0.11773033432224263 0.08456820258425332 0.16692307493703984 0.09382033324504142 0.14684891206966735 0.1380545162132859 0.1394702267344198 0.11258439989404971
0.10979200996608808 0.06999379985589946 0.24507236424523388 0.12801370296762904 0.10560102965176074 0.08358903509503168 0.14272572554749088 0.11521233267086615
0.08376755423840716 0.11779897560833442 0.13846286433987431 0.13678904384657195 0.09951643505996216 0.16673961846459326 0.09277865582637054 0.16414685261588632
0.10362098467889884 0.07443481652847203 0.23568200339572196 0.13213141048008833 0.09694321069970596 0.09095264265275574 0.14731666213227756 0.11891826943207949
0.10488951428574743 0.06868561398639235 0.27646842420771683 0.1270994396079799 0.09288239386547399 0.07387872826941651 0.141706390130091 0.11438949564718189
0.08283953146529861 0.11768286664437588 0.14643255327652416 0.13682190472685937 0.0965258223822136 0.16271009175688828 0.09280094407560897 0.16418628567223123
0.10312866487544119 0.07424587622023945 0.23924345852960568 0.13181071993417642 0.09601006166455232 0.08997245472951025 0.14695911610571608 0.11862964794075877
0.1390929649490216 0.09116713679048563 0.230921854272667 0.10545432959342461 0.1230347736054708 0.09784633638426875 0.11757370777057938 0.09490889663408214
0.14857558846662688 0.09058092620227327 0.22428541269800717 0.10276329419140892 0.12886170963970714 0.09787269990883918 0.11457340412086935 0.09248696477226802
0.1515022542433881 0.09029714228516462 0.22119464392329585 0.10246913262141018 0.1303864164390005 0.09768275520579482 0.11424543592267673 0.09222221935926916
0.11575676006598654 0.06852004796565855 0.2670974928799114 0.12444124652990698 0.09932894535962389 0.07411568210133877 0.1387427032206575 0.1119971218769163
0.1063366449024576 0.06710633497793228 0.28855512677692735 0.12482435904409953 0.09199603055732396 0.06966973551807365 0.13916984508349606 0.11234192313968958
0.12119184125954277 0.0781066210729952 0.21804316284147113 0.09093552696338698 0.14040144216582573 0.10701700489961906 0.13518176844109467 0.10912263235606437
0.0849747710730493 0.11685396986335987 0.13040154884891111 0.13438674330941047 0.1065738223342772 0.17439578322462118 0.09114926937507842 0.16126409197129254
0.10404054575595896 0.0744207558814907 0.23178166170960332 0.13218139137448703 0.09870709230542618 0.09253291363638082 0.14737238709961462 0.11896325223703832
0.1395856619433131 0.09131334076406847 0.22807963511689575 0.10560878543894624 0.12401539256859205 0.09860336276135243 0.11774591451178035 0.09504790689505162
0.11274674838496274 0.0686746535639586 0.2705608670549439 0.1246415016857596 0.09790334911896707 0.07432955589920587 0.13896597277501854 0.11217735151718364
0.10550521936304501 0.06707188221553045 0.2900638902098449 0.12474308461499305 0.09160838015050933 0.06965953713228541 0.1390792301602982 0.11226877615349372
0.120929546490828 0.07808978612610899 0.21856469640540924 0.09091845097569178 0.14024267652941952 0.10699631846322138 0.13515638383849105 0.10910214117083013
0.09798447557210194 0.1348243654118026 0.15060977286759514 0.15505570855058487 0.09219178949815661 0.15090758561980439 0.07887616478442797 0.13955013769552638
0.10665077652538336 0.07514492020282086 0.24056941635794055 0.13119954130715078 0.09463468239863676 0.08744337848470421 0.1462776975469278 0.1180795871764357
0.10543796855807065 0.06858216522537347 0.27841204970319355 0.126808558960624 0.09216691454876545 0.07308256002361127 0.14138207991580018 0.11412770306456159
0.13834465395090934 0.08953633453767143 0.24505450072325471 0.10410601418387028 0.12052560005242244 0.0926670470769094 0.11607043670947925 0.09369541276548325
0.08841330345687051 0.11808817818112635 0.13726933581183354 0.13416592519571882 0.10180686058762586 0.16825778944269226 0.09099949708927016 0.16099911023486255
0.09130329438480103 0.14208684440214314 0.12798953703106206 0.15754350930050312 0.08490860273858351 0.17423735556306805 0.08014169820938637 0.14178915837045278
0.10597343701723119 0.07644914874768323 0.23108301706138135 0.1326451350874574 0.09387491526272455 0.09270429851297378 0.14788942673183683 0.11938062157871164
0.12259547830285308 0.08000594647419937 0.19909745655612934 0.09235078522270099 0.14285750835226713 0.11498623792638485 0.13728564489822415 0.11082094226724118
0.1255927527626334 0.07873723097580285 0.18507762072488582 0.09039482439662866 0.1578524553781585 0.11949334872617205 0.1343779777597644 0.1084737892759544
0.1107849217461047 0.06883306506528025 0.2522496677038138 0.12656890735684778 0.10719354043581707 0.07934299480893578 0.14111488626203772 0.11391201662116301
0.10569992517289602 0.06755232347692945 0.2826008642574179 0.12563741833503186 0.09431646118299405 0.071042985556383 0.14007634551681908 0.11307367650152868
0.12113335909054185 0.0782407958762165 0.21604246003461167 0.09105721123939488 0.141367671542625 0.10752718843913138 0.1353626602902049 0.10926865348727384
0.10867937132478911 0.0682105737625747 0.2658521377147704 0.1254967928268803 0.10246374364347939 0.07643070861364294 0.13991955856967103 0.11294711354419228
0.13947946637585393 0.08950784875436715 0.23999213319616458 0.10409997783391721 0.12366237019743612 0.09350451696198021 0.11606370662975543 0.09368998005052548
0.11219951107207539 0.06819637384299014 0.27543371875118045 0.1239735464934957 0.0973655282579209 0.07303387715514478 0.1382212525830467 0.11157619184414613
0.09664640381069041 0.13474468632397402 0.16771563212856333 0.15669353239072745 0.08391253486572918 0.13955371267772565 0.07970931865093527 0.1410241791516547
0.13817163096012453 0.10708354372587477 0.20291381337740255 0.10626911727782266 0.12045850791489841 0.11097904596020466 0.11848213523363213 0.0956422055500404
0.14845784424922123 0.09958880458456798 0.21291130996479984 0.10270040976946077 0.12822651167581808 0.10118145828035298 0.11450329268326447 0.09243036879251468
0.15105805216520382 0.09770987757751096 0.2159870090863649 0.10191570535365854 0.1298129594362331 0.09816385574306008 0.11362840581967602 0.09172413481829268
0.11544095864145427 0.07399202902375498 0.2641779265041959 0.12384370749172242 0.09899421025592457 0.07401533955485037 0.13807649178554723 0.11145933674255018
0.10603112143974634 0.07112331459300886 0.28686125574620086 0.12431939772887861 0.09170601568197267 0.06946458595349682 0.13860685090070496 0.11188745795599077
0.08253450333613056 0.123504383019725 0.14841561238560366 0.1355884040643322 0.0956002888936108 0.15968641457976515 0.09196430884363402 0.16270608487719862
0.10236261631081059 0.08077685082748849 0.23901130591631517 0.13058731271078933 0.0951862106197245 0.08895201382447544 0.14559510835068604 0.1175285814397104
0.10406991348829728 0.07295270507281597 0.27725973395389786 0.12622038664906451 0.09202940290540294 0.07314319826449592 0.14072631168186747 0.11359834798415806
0.0821844927787989 0.12399746860271342 0.14600352489582571 0.13574933930058386 0.09573327989237852 0.1613592224520811 0.09207346491691774 0.1628992071607006
0.1164050990680847 0.0920106918765735 0.16912816722632387 0.09290142630520161 0.1445004097191999 0.13546828438765693 0.1381042098507176 0.11148171156624191
0.08321694938732263 0.1256591530028111 0.11708860200438062 0.13299338952505513 0.10654521487937804 0.18470041174529658 0.09020421202568955 0.15959206743006613
0.10344009445827332 0.08175460306215182 0.22469979957877445 0.13165936292670827 0.09861884429508828 0.09454350470727836 0.14679036433768816 0.11849342663403745
0.09440695698467964 0.14492846507527612 0.152655278081427 0.15649478049764998 0.0839744271207276 0.14708657536528916 0.07960821442706542 0.14084530244788498
0.10516207301550486 0.08323085637848292 0.2405982417445347 0.13017122491313862 0.09220585853506978 0.08634644148381074 0.14513120150763367 0.11715410242182477
0.12164739585627855 0.08504435154278868 0.2017734064581392 0.09158634235174172 0.14141129593362525 0.11248434780797131 0.13614924922736532 0.10990361082209006
0.10900500120196446 0.07327960672006442 0.25921077733038034 0.12549095269735067 0.10267766189850609 0.07748109546304247 0.13991304726107603 0.11294185742761559
0.1391888036081002 0.09472160759317184 0.23683275389840125 0.10363030326394594 0.12336379962821874 0.09345540453603227 0.11554005453457852 0.09326727293755133
0.1290681234902907 0.08456459308346971 0.19723150060259334 0.08892908877654522 0.14929678173216854 0.11199594246749776 0.13219906331558068 0.10671490653185427
0.11082019709295668 0.07311168965875388 0.25676236192912044 0.1252307107031084 0.10442854660544056 0.0773159575192823 0.13962289685854026 0.11270763963279756
0.10519211814393228 0.07125098603925129 0.28391938746565415 0.12475385142043104 0.09322366602932164 0.0702902902781531 0.13909123434486861 0.11227846627838793
0.1373519434226226 0.0939951925612247 0.24623497954709447 0.10317639096958972 0.12002257761771425 0.09132618780870043 0.11503397620042315 0.09285875187263073
0.12840503743913695 0.08437176271141077 0.20051515852089405 0.0888247172062201 0.14797310458681495 0.11127665092179766 0.1320439079662615 0.1065896606474641
0.08574343738593458 0.12412846133756314 0.12517688909186137 0.13292469121168382 0.10758066013555127 0.17477861473546058 0.09015761664792468 0.15950962945402059
0.11730681532334274 0.09190308927593406 0.16124759782488618 0.09271581979599368 0.14853735920553227 0.13920204151044752 0.13782829330867122 0.1112589837551924
0.14300763917421447 0.09829410304935289 0.19743908538720978 0.10404502228642316 0.1382658281906927 0.10930536655886626 0.11600243529545985 0.09364052005778085
0.14972597562228057 0.09785284057983934 0.21015283445133964 0.1023096371322314 0.1333110390852163 0.10050138935519379 0.1140676103548908 0.09207867341900824
0.11533098318485889 0.0741651566403964 0.26170085301420853 0.12411439739166083 0.10000361789268113 0.07460374340045965 0.13837829082323974 0.11170295765249474
0.08436115620354297 0.12410045531218541 0.14205447697715323 0.13554143345080996 0.09755375744373071 0.1618065499571432 0.09193245051446242 0.16264972014097195
0.0772710725443525 0.133149720273054 0.11068859898585803 0.13441145076595146 0.0958204802061007 0.19619890882950486 0.09116602747603665 0.16129374091914175
0.10230575531178875 0.08305165414659334 0.22222599596806597 0.13229003125247848 0.09647503298878046 0.09709698974894056 0.14749351245612155 0.11906102812723066
0.08182441169786732 0.12624406833304963 0.13203759712906019 0.1360437639747845 0.09680032825209871 0.17152415219093578 0.09227316165246252 0.16325251676974137
0.10277401925496536 0.08159467660639869 0.23181244624522357 0.13137580080473796 0.09602158977077169 0.09170903286059494 0.14647421373304365 0.11823822072426415
0.10445374529618126 0.0732576385752821 0.27429955325333494 0.12659390961836478 0.0924685200076406 0.07384935267487913 0.1411427619177888 0.1139345186565283
0.09436571267505396 0.14232650511033063 0.1666206024564978 0.1557445366130777 0.08245669486577091 0.13908929670258563 0.07922656862491345 0.14017008295176991
0.10462944249990193 0.08249185601995838 0.24665939601430903 0.12949032665783816 0.09139254720339646 0.0844230868462655 0.14437205076627627 0.11654129399205435
0.08232529202117754 0.12613641734284756 0.1382593705528019 0.13598881225542678 0.09562733920559503 0.1662403038641322 0.09223589005150687 0.16318657470651213
0.07683315418475037 0.13350238260533495 0.10969501466038609 0.13436555007361567 0.09531694771181667 0.1979133958432182 0.09113489483253934 0.1612386600883388
0.11520436551343194 0.0936788304638313 0.1562101116881215 0.09321087222410432 0.14483539414161548 0.1464431573071228 0.1385642219928476 0.11185304666892518
0.10915316686601118 0.07563440509572449 0.23968533949284232 0.1277380698478286 0.10518972609779201 0.08521661454820632 0.1424184151885492 0.11496426286304573
0.08314138730617314 0.12451324996375897 0.13646281131099627 0.13573454772498378 0.09882126528032838 0.16638184877378984 0.092063432369989 0.16288145726998052
0.11676246098251905 0.09214279318519372 0.16570080452544342 0.0929616498530789 0.14568975324031236 0.1369948221902555 0.13819373619950237 0.1115539798236947
0.12394555652848604 0.08534097145950037 0.17298091283172945 0.09030368379124666 0.15897660460789176 0.12584535910316963 0.1342424911284801 0.108364420549496
0.09795079043216917 0.1435756831922204 0.13654184402217434 0.15355110573179748 0.095410065413786 0.15666373617697266 0.0781107798722622 0.13819599515861772
0.1208106238455586 0.09458613095326714 0.1653229778709423 0.09258333090726889 0.14406832301181183 0.133897276645354 0.13763133967707436 0.11109999708872266
0.1440976237007806 0.09866722246178561 0.19902790949292626 0.10397894059215194 0.13680025124511772 0.10791824683648371 0.11592875913781718 0.09358104653293675
0.08877240465326171 0.1269237651465401 0.12469080914979588 0.1326218325171173 0.1047764428921084 0.1731163471742433 0.0899521994463926 0.15914619902054072
0.104590264231266 0.08167139865528603 0.22802417879684553 0.13126221130392368 0.09790948243776497 0.09205890448491837 0.14634756991646417 0.11813599017353134
0.08230424975129484 0.12597340408892393 0.13355289642041748 0.1360366165990213 0.09717137086413069 0.16944920849022393 0.09226831386716228 0.16324393991882555
0.10284041330669967 0.0815136687990152 0.23247255089129876 0.13129891546432754 0.09605387127880435 0.09126306402576169 0.14638849231619797 0.11816902391789477
0.08196067686054528 0.12594715639217854 0.13466487845558298 0.1360443796991836 0.0967337921783519 0.16912228150090844 0.09227357927422888 0.16325325563902032
0.07672604855274914 0.1334009945636474 0.10876635744255148 0.13430364322713778 0.09553143589117348 0.1990142426091602 0.09109290584101519 0.16116437187256533
0.101766118031012 0.0876940000601315 0.22048261249627468 0.13153119910476438 0.09606640664629587 0.09743411322654842 0.14664747124068506 0.11837807919428793
0.138030762853885 0.10210609914655305 0.222534006255051 0.10468247966690752 0.12249943992014299 0.09921982775398995 0.11671315270325362 0.09421423170021677
0.11183270698362974 0.07797773269090556 0.26698918417231465 0.12342428814513853 0.09706621315162006 0.07401914501170946 0.13760887051405743 0.11108185933062469
0.13934637932145622 0.09849176280075533 0.23908108631151562 0.10284590588204491 0.12096469091907396 0.09204334948043667 0.11466550999087693 0.09256131529384042
0.1114696032921077 0.07689488250671729 0.273845322324608 0.12254920684244636 0.09610061040010831 0.07221286830968025 0.13663322016613047 0.11029428615820172
0.13898484385614815 0.09808493297701465 0.24159057066776857 0.10263596977590349 0.12046182953470015 0.09143803349074908 0.11443144689940284 0.09237237279831312
0.11128098062030257 0.07676117346650001 0.2748990728282321 0.12243127616914755 0.09590118517106348 0.0720364269263227 0.13650173626619883 0.11018814855223279
0.1218859832036355 0.08603109498744667 0.21235798217915716 0.09004602554385203 0.14084884164687614 0.10691537694808681 0.13385946483832334 0.10805523065262244
0.10832414085524865 0.07590162775089365 0.2631285631824485 0.1243366339558369 0.10187572991503772 0.07590426577280351 0.13862606800747784 0.11190297056025321
0.10410221996980348 0.07388767643575025 0.2862064271446186 0.12400866714527628 0.09222986263753846 0.06969693674742644 0.13826040948883786 0.11160780043074867
0.09368326763337684 0.1466018917230624 0.1692688628575537 0.1544245049908183 0.08186629000571727 0.13661805401979715 0.078555074277938 0.13898205449173645
0.11878887082936807 0.10048409826220775 0.17652798173338108 0.09180618147037727 0.13833796446116858 0.12741143063651364 0.13647605484253097 0.11016741776445271
0.1240498679622683 0.09025419964426859 0.17638817022827014 0.08975407360391953 0.15579144655655056 0.12263189500911809 0.13342545867090128 0.10770488832470343
